  -0.00026566043
  -0.00029908626
   0.00022843037
   0.00032819062
  -0.00018749537
  -0.00035219288
   0.00014348713
   0.00037069582
  -9.7095388e-05
  -0.00038339323
   4.9048233e-05
   0.00039007303
  -9.5239551e-08
  -0.00039060961
  -4.8990273e-05
   0.00038498000
   9.7435374e-05
  -0.00037325487
  -0.00014447209
   0.00035560382
   0.00018935438
  -0.00033228932
  -0.00023136712
   0.00030366621
   0.00026984335
  -0.00027016581
  -0.00030415843
   0.00023231148
   0.00033376579
  -0.00019068457
  -0.00035818288
   0.00014593260
   0.00037700953
  -9.8754846e-05
  -0.00038993517
   4.9886842e-05
   0.00039673628
  -9.8883093e-08
  -0.00039729147
  -4.9827260e-05
   0.00039157366
   9.9102456e-05
  -0.00037965763
  -0.00014694883
   0.00036171293
   0.00019260594
  -0.00033800745
  -0.00023534895
   0.00030889616
   0.00027449032
  -0.00027482914
  -0.00030940775
   0.00023632474
   0.00033953218
  -0.00019398475
  -0.00036438023
   0.00014846294
   0.00038354250
  -0.00010047061
  -0.00039670229
   5.0755613e-05
   0.00040363024
  -1.0437497e-07
  -0.00040420602
  -5.0691102e-05
   0.00039839989
   0.00010082832
  -0.00038628558
  -0.00014951398
   0.00036803554
   0.00019597322
  -0.00034392287
  -0.00023946753
   0.00031431183
   0.00027930267
  -0.00027965334
  -0.00031483803
   0.00024048250
   0.00034550347
  -0.00019740124
  -0.00037079723
   0.00015108205
   0.00039030749
  -0.00010224443
  -0.00040370655
   5.1656435e-05
   0.00041076983
  -1.0825153e-07
  -0.00041136563
  -5.1588360e-05
   0.00040546518
   0.00010261524
  -0.00039314631
  -0.00015216815
   0.00037458195
   0.00019945680
  -0.00035005225
  -0.00024373431
   0.00031992037
   0.00028428615
  -0.00028465164
  -0.00032046522
   0.00024478591
   0.00035168654
  -0.00020094013
  -0.00037744352
   0.00015379413
   0.00039731177
  -0.00010408617
  -0.00041096521
   5.2588479e-05
   0.00041816519
  -1.1346128e-07
  -0.00041878269
  -5.2515240e-05
   0.00041278769
   0.00010446571
  -0.00040025824
  -0.00015492014
   0.00038136703
   0.00020307043
  -0.00035640048
  -0.00024815451
   0.00032573222
   0.00028944982
  -0.00028983198
  -0.00032629663
   0.00024924676
   0.00035809522
  -0.00020460769
  -0.00038433072
   0.00015660835
   0.00040457534
  -0.00010599292
  -0.00041848811
   5.3555713e-05
   0.00042583225
  -1.1892867e-07
  -0.00042647259
  -5.3476537e-05
   0.00042037992
   0.00010638623
  -0.00040762863
  -0.00015777020
   0.00038840324
   0.00020681530
  -0.00036298600
  -0.00025273874
   0.00033176077
   0.00029480657
  -0.00029520345
  -0.00033234390
   0.00025387370
   0.00036474177
  -0.00020841348
  -0.00039147718
   0.00015952489
   0.00041210860
  -0.00010797097
  -0.00042629243
   5.4557706e-05
   0.00043378469
  -1.2499345e-07
  -0.00043445026
  -5.4474084e-05
   0.00042825588
   0.00010837736
  -0.00041527752
  -0.00016072888
   0.00039570356
   0.00021070182
  -0.00036981883
  -0.00025749652
   0.00033801481
   0.00030036461
  -0.00030077652
  -0.00033861751
   0.00025867691
   0.00037164010
  -0.00021236282
  -0.00039889279
   0.00016255375
   0.00041992802
  -0.00011002509
  -0.00043439362
   5.5599424e-05
   0.00044204218
  -1.3012997e-07
  -0.00044273242
  -5.5510135e-05
   0.00043643307
   0.00011044537
  -0.00042321917
  -0.00016380248
   0.00040328133
   0.00021473600
  -0.00037691359
  -0.00026243556
   0.00034451050
   0.00030613603
  -0.00030656689
  -0.00034513678
   0.00026366267
   0.00037880474
  -0.00021646328
  -0.00040659540
   0.00016569680
   0.00042804716
  -0.00011215931
  -0.00044280779
   5.6681885e-05
   0.00045061952
  -1.3573180e-07
  -0.00045133591
  -5.6586219e-05
   0.00044492762
   0.00011259264
  -0.00043147062
  -0.00016699476
   0.00041115682
   0.00021892940
  -0.00038428489
  -0.00026756778
   0.00035126052
   0.00031213476
  -0.00031258136
  -0.00035190835
   0.00026884617
   0.00038625063
  -0.00022072573
  -0.00041459979
   0.00016896743
   0.00043649042
  -0.00011437552
  -0.00045155439
   5.7805035e-05
   0.00045953319
  -1.4350650e-07
  -0.00046027984
  -5.7703066e-05
   0.00045376025
   0.00011482424
  -0.00044005146
  -0.00017031435
   0.00041934609
   0.00022328929
  -0.00039195160
  -0.00027290631
   0.00035827851
   0.00031837060
  -0.00031883983
  -0.00035895337
   0.00027423695
   0.00039399537
  -0.00022516002
  -0.00042292778
   0.00017236693
   0.00044527087
  -0.00011668271
  -0.00046065315
   5.8976576e-05
   0.00046881088
  -1.4953920e-07
  -0.00046958710
  -5.8868435e-05
   0.00046294941
   0.00011714856
  -0.00044897708
  -0.00017376748
   0.00042786691
   0.00022782517
  -0.00039992996
  -0.00027846064
   0.00036558425
   0.00032486230
  -0.00032535243
  -0.00036628550
   0.00027984771
   0.00040205610
  -0.00022977583
  -0.00043159551
   0.00017590786
   0.00045441286
  -0.00011908484
  -0.00047012753
   6.0193180e-05
   0.00047846665
  -1.5812020e-07
  -0.00047927705
  -6.0078951e-05
   0.00047251898
   0.00011956638
  -0.00045827492
  -0.00017736370
   0.00043674265
   0.00023254980
  -0.00040824051
  -0.00028424615
   0.00037319481
   0.00033162503
  -0.00033213646
  -0.00037392320
   0.00028569384
   0.00041045484
  -0.00023458411
  -0.00044062570
   0.00017959751
   0.00046393802
  -0.00012158830
  -0.00047999896
   6.1464431e-05
   0.00048853301
  -1.6525024e-07
  -0.00048937686
  -6.1342324e-05
   0.00048249344
   0.00012208912
  -0.00046796481
  -0.00018111410
   0.00044599171
   0.00023747439
  -0.00041690211
  -0.00029027685
   0.00038112678
   0.00033867256
  -0.00033921063
  -0.00038188596
   0.00029178974
   0.00041921154
  -0.00023959897
  -0.00045004329
   0.00018344391
   0.00047387052
  -0.00012419922
  -0.00049029488
   6.2787123e-05
   0.00049902773
  -1.7500779e-07
  -0.00049991075
  -6.2659056e-05
   0.00049289675
   0.00012471854
  -0.00047807259
  -0.00018502253
   0.00045564453
   0.00024261197
  -0.00042594157
  -0.00029656976
   0.00038940540
   0.00034602918
  -0.00034659086
  -0.00039019441
   0.00029815221
   0.00042835051
  -0.00024483324
  -0.00045987255
   0.00018745951
   0.00048423945
  -0.00012692295
  -0.00050104034
   6.4170937e-05
   0.00050998711
  -1.8249162e-07
  -0.00051090698
  -6.4033130e-05
   0.00050375926
   0.00012746346
  -0.00048862933
  -0.00018910705
   0.00046572309
   0.00024797873
  -0.00043537913
  -0.00030314116
   0.00039805021
   0.00035371098
  -0.00035430068
  -0.00039887441
   0.00030479615
   0.00043789627
  -0.00025029987
  -0.00047013951
   0.00019165388
   0.00049506948
  -0.00012977174
  -0.00051226974
   6.5614781e-05
   0.00052143634
  -1.9205533e-07
  -0.00052239826
  -6.5468324e-05
   0.00051511278
   0.00013033462
  -0.00049965946
  -0.00019337378
   0.00047625732
   0.00025358632
  -0.00044524598
  -0.00031001034
   0.00040708887
   0.00036174318
  -0.00036236015
  -0.00040794891
   0.00031174271
   0.00044787666
  -0.00025601637
  -0.00048087481
   0.00019604147
   0.00050639677
  -0.00013274931
  -0.00052401206
   6.7126528e-05
   0.00053341219
  -2.0210894e-07
  -0.00053441893
  -6.6971370e-05
   0.00052698632
   0.00013333455
  -0.00051120073
  -0.00019783694
   0.00048728032
   0.00025945360
  -0.00045557135
  -0.00031719940
   0.00041654618
   0.00037014730
  -0.00037079551
  -0.00041744516
   0.00031901516
   0.00045832402
  -0.00026200028
  -0.00049211311
   0.00020063357
   0.00051825394
  -0.00013586734
  -0.00053630610
   6.8709116e-05
   0.00054595104
  -2.1295530e-07
  -0.00054700575
  -6.8543753e-05
   0.00053942313
   0.00013647886
  -0.00052328712
  -0.00020251308
   0.00049882304
   0.00026559800
  -0.00046638589
  -0.00032472829
   0.00042645429
   0.00037895174
  -0.00037963269
  -0.00042739456
   0.00032663347
   0.00046926857
  -0.00026827153
  -0.00050388884
   0.00020544722
   0.00053068119
  -0.00013913383
  -0.00054918958
   7.0368620e-05
   0.00055909299
  -2.2584961e-07
  -0.00056020090
  -7.0192640e-05
   0.00055245990
   0.00013977322
  -0.00053596038
  -0.00020741544
   0.00051092809
   0.00027204336
  -0.00047772461
  -0.00033262325
   0.00043684446
   0.00038818490
  -0.00038890073
  -0.00043782824
   0.00033462667
   0.00048075069
  -0.00027484928
  -0.00051624243
   0.00021049601
   0.00054371772
  -0.00014256199
  -0.00056270793
   7.2109418e-05
   0.00057288295
  -2.3871946e-07
  -0.00057404655
  -7.1921564e-05
   0.00056614281
   0.00014323115
  -0.00054926156
  -0.00021256066
   0.00052363343
   0.00027880602
  -0.00048963096
  -0.00034091236
   0.00044775387
   0.00039787935
  -0.00039863289
  -0.00044878482
   0.00034301923
   0.00049280641
  -0.00028175913
  -0.00052921632
   0.00021580057
   0.00055741049
  -0.00014616563
  -0.00057691020
   7.3939252e-05
   0.00058737195
  -2.5242187e-07
  -0.00058859501
  -7.3738444e-05
   0.00058052068
   0.00014686373
  -0.00056324128
  -0.00021796801
   0.00053698863
   0.00028591617
  -0.00050214417
  -0.00034962425
   0.00045922279
   0.00040807013
  -0.00040886662
  -0.00046030589
   0.00035184405
   0.00050548496
  -0.00028902384
  -0.00054286034
   0.00022137783
   0.00057181172
  -0.00014995345
  -0.00059184661
   7.5863375e-05
   0.00060261175
  -2.6673349e-07
  -0.00060389877
  -7.5648755e-05
   0.00059564858
   0.00015068714
  -0.00057794903
  -0.00022365682
   0.00055104204
   0.00029339713
  -0.00051531458
  -0.00035879362
   0.00047129424
   0.00041879686
  -0.00041963866
  -0.00047243343
   0.00036113420
   0.00051883162
  -0.00029667365
  -0.00055722561
   0.00022725218
   0.00058697696
  -0.00015394360
  -0.00060757763
   7.7890256e-05
   0.00061866331
  -2.8312123e-07
  -0.00062002115
  -7.7662263e-05
   0.00061158474
   0.00015471399
  -0.00059344589
  -0.00022964991
   0.00056585228
   0.00030128119
  -0.00052919490
  -0.00036845853
   0.00048401622
   0.00043010285
  -0.00043099290
  -0.00048521705
   0.00037092796
   0.00053290232
  -0.00030473863
  -0.00057237130
   0.00023344619
   0.00060296732
  -0.00015815233
  -0.00062416673
   8.0030346e-05
   0.00063559540
  -2.9917940e-07
  -0.00063702639
  -7.9784478e-05
   0.00062839791
   0.00015896180
  -0.00060979805
  -0.00023597527
   0.00058147824
   0.00030959932
  -0.00054384325
  -0.00037865672
   0.00049744595
   0.00044203705
  -0.00044297855
  -0.00049871118
   0.00038126891
   0.00054775784
  -0.00031325592
  -0.00058836570
   0.00023998658
   0.00061985488
  -0.00016259596
  -0.00064168770
   8.2288808e-05
   0.00065347795
  -3.1794715e-07
  -0.00065499181
  -8.2027398e-05
   0.00064616065
   0.00016344985
  -0.00062707569
  -0.00024265805
   0.00059799233
   0.00031839074
  -0.00055932479
  -0.00038943601
   0.00051164030
   0.00045465054
  -0.00045565090
  -0.00051297828
   0.00039220153
   0.00056346474
  -0.00032226129
  -0.00060527671
   0.00024690532
   0.00063771418
  -0.00016729857
  -0.00066022095
   8.4679591e-05
   0.00067239623
  -3.3935763e-07
  -0.00067400046
  -8.4399191e-05
   0.00066495770
   0.00016819811
  -0.00064536235
  -0.00024973087
   0.00061547234
   0.00032769592
  -0.00057571492
  -0.00040084797
   0.00052666959
   0.00046800773
  -0.00046906722
  -0.00052808460
   0.00040377985
   0.00058009862
  -0.00033180098
  -0.00062319035
   0.00025423376
   0.00065663326
  -0.00017228097
  -0.00067985700
   8.7213122e-05
   0.00069244370
  -3.6060657e-07
  -0.00069414434
  -8.6913147e-05
   0.00068488014
   0.00017323158
  -0.00066474503
  -0.00025722683
   0.00063400459
   0.00033756062
  -0.00059309399
  -0.00041294776
   0.00054260805
   0.00048217068
  -0.00048330082
  -0.00054410886
   0.00041606384
   0.00059774689
  -0.00034192078
  -0.00064219581
   0.00026201103
   0.00067671030
  -0.00017756742
  -0.00070069550
   8.9902557e-05
   0.00071372146
  -3.8539884e-07
  -0.00071552900
  -8.9579668e-05
   0.00070603445
   0.00017857520
  -0.00068532910
  -0.00026518681
   0.00065368879
   0.00034803919
  -0.00061155433
  -0.00042580099
   0.00055954125
   0.00049721855
  -0.00049842359
  -0.00056113497
   0.00042911806
   0.00061650085
  -0.00035267839
  -0.00066239625
   0.00027028034
   0.00069805339
  -0.00018319054
  -0.00072285278
   9.2764934e-05
   0.00073635110
  -4.1208678e-07
  -0.00073827537
  -9.2417510e-05
   0.00072853644
   0.00018425915
  -0.00070722952
  -0.00027365735
   0.00067463222
   0.00035918792
  -0.00063120103
  -0.00043947952
   0.00057756662
   0.00051323738
  -0.00051452267
  -0.00057926154
   0.00044301696
   0.00063646856
  -0.00036413663
  -0.00068391117
   0.00027908662
   0.00072078606
  -0.00018918108
  -0.00074645747
   9.5814004e-05
   0.00076046140
  -4.4099631e-07
  -0.00076251318
  -9.5438829e-05
   0.00075252078
   0.00019031661
  -0.00073057566
  -0.00028268557
   0.00069696356
   0.00037107471
  -0.00065215337
  -0.00045406786
   0.00059679091
   0.00053032206
  -0.00053169743
  -0.00059859918
   0.00045784695
   0.00065777560
  -0.00037636107
  -0.00070686813
   0.00028848732
   0.00074504953
  -0.00019557691
  -0.00077165646
   9.9069859e-05
   0.00078620414
  -4.7284162e-07
  -0.00078839719
  -9.8665623e-05
   0.00077813723
   0.00019678571
  -0.00075551587
  -0.00029232981
   0.00072082511
   0.00038377790
  -0.00067454175
  -0.00046965681
   0.00061733899
   0.00054858393
  -0.00055005648
  -0.00061927050
   0.00047370482
   0.00068055734
  -0.00038943759
  -0.00073142302
   0.00029854153
   0.00077100429
  -0.00020241750
  -0.00079861394
   0.00010255470
   0.00081374909
  -5.0959949e-07
  -0.00081610067
  -0.00010211814
   0.00080555944
   0.00020371050
  -0.00078221929
  -0.00030265733
   0.00074637508
   0.00039737894
  -0.00069852280
  -0.00048635436
   0.00063935125
   0.00056814601
  -0.00056973064
  -0.00064142130
   0.00049070052
   0.00070497414
  -0.00040345407
  -0.00075774297
   0.00030932316
   0.00079883149
  -0.00020975656
  -0.00082752457
   0.00010629455
   0.00084329634
  -5.4899274e-07
  -0.00084582156
  -0.00010582118
   0.00083498502
   0.00021114118
  -0.00081087757
  -0.00031373867
   0.00077380468
   0.00041197959
  -0.00072427237
  -0.00050428244
   0.00066299297
   0.00058915587
  -0.00059086505
  -0.00066521693
   0.00050896052
   0.00073120839
  -0.00041851707
  -0.00078602808
   0.00032091296
   0.00082874357
  -0.00021764692
  -0.00085860692
   0.00011031704
   0.00087506993
  -5.9282079e-07
  -0.00087778867
  -0.00010980255
   0.00086664173
   0.00021913361
  -0.00084171691
  -0.00032566297
   0.00080332753
   0.00042769392
  -0.00075199468
  -0.00052358506
   0.00068844966
   0.00061178093
  -0.00061362562
  -0.00069084489
   0.00052863247
   0.00075947100
  -0.00043474845
  -0.00081650772
   0.00033340380
   0.00086098282
  -0.00022615282
  -0.00089211415
   0.00011465572
   0.00090932987
  -6.4440672e-07
  -0.00091226926
  -0.00011409624
   0.00090079390
   0.00022775568
  -0.00087499547
  -0.00033853147
   0.00083519161
   0.00044465628
  -0.00078192096
  -0.00054442299
   0.00071593910
   0.00063621334
  -0.00063820907
  -0.00071852724
   0.00054988339
   0.00079000366
  -0.00045228916
  -0.00084944368
   0.00034690830
   0.00089583113
  -0.00023535293
  -0.00092834478
   0.00011934894
   0.00094638260
  -7.0019658e-07
  -0.00094956650
  -0.00011873772
   0.00093774801
   0.00023708378
  -0.00091101249
  -0.00035245719
   0.00086968736
   0.00046301725
  -0.00081432919
  -0.00056698719
   0.00074571620
   0.00066267671
  -0.00066484773
  -0.00074852169
   0.00057291671
   0.00082309659
  -0.00047130530
  -0.00088515132
   0.00036155047
   0.00093361860
  -0.00024533301
  -0.00096764202
   0.00012444400
   0.00098658433
  -7.6352334e-07
  -0.00099004524
  -0.00012377508
   0.00097786221
   0.00024720762
  -0.00095012242
  -0.00036757733
   0.00090715704
   0.00048296179
  -0.00084953897
  -0.00059150260
   0.00077807750
   0.00069143690
  -0.00069380711
  -0.00078112881
   0.00059796564
   0.00085908478
  -0.00049199064
  -0.00092399386
   0.00037748306
   0.00097473621
  -0.00025619505
   -0.0010104134
   0.00012999164
    0.0010303517
  -8.3570407e-07
   -0.0010341281
  -0.00012925752
    0.0010215637
   0.00025823623
  -0.00099274130
  -0.00038405481
   0.00094799966
   0.00050470264
  -0.00088793041
  -0.00061823466
   0.00081337429
   0.00072280892
  -0.00072540033
  -0.00081670474
   0.00062530268
   0.00089836125
  -0.00051457412
  -0.00096639833
   0.00039488664
    0.0010196414
  -0.00026806508
   -0.0010571406
   0.00013605868
    0.0010781840
  -9.1738707e-07
   -0.0010823185
  -0.00013524742
    0.0010693533
   0.00027029364
   -0.0010393628
  -0.00040207688
   0.00099269439
   0.00052849112
  -0.00092995937
  -0.00064749910
   0.00085202577
   0.00075716265
  -0.00076001007
  -0.00085567749
   0.00065525921
   0.00094140152
  -0.00053933230
   -0.0010128848
   0.00041397187
    0.0010688858
  -0.00028108669
   -0.0011083993
   0.00014271894
    0.0011306735
  -1.0119016e-06
   -0.0011352222
  -0.00014182211
    0.0011218334
   0.00028353370
   -0.0010905786
  -0.00042187491
    0.0010418117
   0.00055463535
  -0.00097616177
  -0.00067967083
   0.00089453301
   0.00079494447
  -0.00079808705
  -0.00089855544
   0.00068823087
   0.00098877466
  -0.00056659161
   -0.0010640696
   0.00043499327
    0.0011231257
  -0.00029543831
   -0.0011648812
   0.00015006507
    0.0011885349
  -1.1208560e-06
   -0.0011935616
  -0.00014906714
    0.0011797303
   0.00029813687
   -0.0011471039
  -0.00044372452
    0.0010960407
   0.00058349959
   -0.0010271944
  -0.00071520506
   0.00094150463
   0.00083669337
  -0.00084018200
  -0.00094595700
   0.00072469760
    0.0010411687
  -0.00059675267
   -0.0011207007
   0.00045826674
    0.0011831658
  -0.00031133602
   -0.0012274312
   0.00015820732
    0.0012526381
  -1.2482390e-06
   -0.0012582228
  -0.00015709250
    0.0012439290
   0.00031432607
   -0.0012098095
  -0.00046796031
    0.0011562275
   0.00061553466
   -0.0010838580
  -0.00075466137
   0.00099368264
   0.00088307170
  -0.00088696517
  -0.00099864078
   0.00076524280
    0.0010994256
  -0.00063030602
   -0.0011837012
   0.00048416897
    0.0012499887
  -0.00032903832
   -0.0012970774
   0.00016728333
    0.0013240488
  -1.3982405e-06
   -0.0013302907
  -0.00016603120
    0.0013155164
   0.00033237513
   -0.0012797653
  -0.00049499581
    0.0012234073
   0.00065128946
   -0.0011471405
  -0.00079872743
    0.0010519826
   0.00093489472
  -0.00093926272
   -0.0010575371
   0.00081059354
    0.0011645871
  -0.00066785779
   -0.0012542067
   0.00051317448
    0.0013248107
  -0.00034887551
   -0.0013751028
   0.00017746364
    0.0014040927
  -1.5779822e-06
   -0.0014111168
  -0.00017604823
    0.0013958476
   0.00035262403
   -0.0013583079
  -0.00052534766
    0.0012988747
   0.00069145536
   -0.0012182675
  -0.00084825487
    0.0011175516
   0.00099317824
  -0.00099811607
   -0.0011238167
   0.00086165865
    0.0012379601
  -0.00071016731
   -0.0013336431
   0.00054587726
    0.0014091603
  -0.00037125955
   -0.0014631176
   0.00018896419
    0.0014944405
  -1.7910249e-06
   -0.0015023993
  -0.00018735232
    0.0014866267
   0.00037549956
   -0.0014471226
  -0.00055966559
    0.0013842646
   0.00073690094
   -0.0012987993
  -0.00090433309
    0.0011918366
    0.0010592134
   -0.0010648356
   -0.0011989587
   0.00091959091
    0.0013212019
  -0.00075819736
   -0.0014238199
   0.00058303291
    0.0015049818
  -0.00039671265
   -0.0015631708
   0.00020205618
    0.0015972128
  -2.0509911e-06
   -0.0016063088
  -0.00020020819
    0.0015900336
   0.00040154714
   -0.0015483658
  -0.00059878066
    0.0014816737
   0.00078874329
   -0.0013907296
  -0.00096835064
    0.0012766996
    0.0011346544
   -0.0011411147
   -0.0012848705
   0.00098587283
    0.0014164434
  -0.00081319782
   -0.0015270793
   0.00062561348
    0.0016147853
  -0.00042591047
   -0.0016779093
   0.00021710019
    0.0017151666
  -2.3700418e-06
   -0.0017256598
  -0.00021495856
    0.0017089028
   0.00043148136
   -0.0016648375
  -0.00064377326
    0.0015938272
   0.00084842860
   -0.0014966680
   -0.0010421243
    0.0013745725
    0.0012216649
   -0.0012291657
   -0.0013840443
    0.0010624521
    0.0015264832
  -0.00087680115
   -0.0016464853
   0.00067490579
    0.0017418738
  -0.00045974812
   -0.0018108287
   0.00023456123
    0.0018519294
  -2.7695042e-06
   -0.0018641699
  -0.00023205428
    0.0018469813
   0.00046623682
   -0.0018002588
  -0.00069607731
    0.0017243514
   0.00091788868
   -0.0016200751
   -0.0011280645
    0.0014887002
    0.0013231322
   -0.0013319389
   -0.0014998084
    0.0011519298
    0.0016550619
  -0.00095119650
   -0.0017861494
   0.00073262736
    0.0018906738
  -0.00049942669
   -0.0019666187
   0.00025507628
    0.0020123927
  -3.2771332e-06
   -0.0020268549
  -0.00025210319
    0.0020093358
   0.00050708311
   -0.0019596616
  -0.00075763326
    0.0018781597
   0.00099973745
   -0.0017656596
   -0.0012294520
    0.0016234937
    0.0014429786
   -0.0014534685
   -0.0016367069
    0.0012578638
    0.0018072928
   -0.0010393882
   -0.0019517053
   0.00080114473
    0.0020672717
  -0.00054659919
   -0.0021517367
   0.00027952369
    0.0022033019
  -3.9366667e-06
   -0.0022206502
  -0.00027594523
    0.0022029815
   0.00055577172
   -0.0021500349
  -0.00083113054
    0.0020620954
    0.0010976115
   -0.0019399962
   -0.0013508677
    0.0017851260
    0.0015866993
   -0.0015994017
   -0.0018011081
    0.0013852547
    0.0019903670
   -0.0011456012
   -0.0021510847
   0.00088380048
    0.0022802588
  -0.00060361271
   -0.0023753288
   0.00030915074
    0.0024342290
  -4.8149476e-06
   -0.0024554222
  -0.00030476643
    0.0024379337
   0.00061480466
   -0.0023813766
  -0.00092042317
    0.0022859649
    0.0012167264
   -0.0021525309
   -0.0014988906
    0.0019825015
    0.0017622166
   -0.0017779092
   -0.0020022232
    0.0015413576
    0.0022147121
   -0.0012759943
   -0.0023958389
   0.00098547128
    0.0025421758
  -0.00067390142
   -0.0026507767
   0.00034580054
    0.0027192313
  -6.0207937e-06
   -0.0027457052
  -0.00034031087
    0.0027289838
   0.00068786847
   -0.0026685031
   -0.0010312077
    0.0025643678
    0.0013648471
   -0.0024173602
   -0.0016833458
    0.0022289477
    0.0019813955
   -0.0020012669
   -0.0022538992
    0.0017371071
    0.0024960555
   -0.0014398793
   -0.0027034387
    0.0011135737
    0.0028720682
  -0.00076271680
   -0.0029984873
   0.00039230563
    0.0030798203
  -7.7419744e-06
   -0.0031138260
  -0.00038523572
    0.0030989511
   0.00078063940
   -0.0030343636
   -0.0011723130
    0.0029199844
    0.0015540290
   -0.0027564969
   -0.0019195712
    0.0025453630
    0.0022628410
   -0.0022888071
   -0.0025779412
    0.0019898097
    0.0028592827
   -0.0016520648
   -0.0031016594
    0.0012799553
    0.0033003501
  -0.00087849154
   -0.0034511936
   0.00045325248
    0.0035506639
  -1.0315624e-05
   -0.0035959382
  -0.00044381936
    0.0035849630
   0.00090233261
   -0.0035164844
   -0.0013581551
    0.0033901106
    0.0018040929
   -0.0032063185
   -0.0022329177
    0.0029664763
    0.0026374793
   -0.0026728391
   -0.0030108063
    0.0023285482
    0.0033462268
   -0.0019375947
   -0.0036374665
    0.0015047851
    0.0038787510
   -0.0010356944
   -0.0040649059
   0.00053660518
    0.0041914566
  -1.4420437e-05
   -0.0042546954
  -0.00052340350
    0.0042517729
    0.0010689639
   -0.0041807555
   -0.0016140135
    0.0040406777
    0.0021500695
   -0.0038315809
   -0.0026685250
    0.0035545522
    0.0031607840
   -0.0032117239
   -0.0036183753
    0.0028062782
    0.0040330790
   -0.0023424350
   -0.0043970564
    0.0018254162
    0.0047029694
   -0.0012614049
   -0.0049441035
   0.00065748122
    0.0051144764
  -2.1555213e-05
   -0.0052089505
  -0.00063772331
    0.0052233288
    0.0013110628
   -0.0051544440
   -0.0019886435
    0.0050002262
    0.0026602223
   -0.0047597857
   -0.0033152826
    0.0044334423
    0.0039431534
   -0.0040227697
   -0.0045331508
    0.0035306195
    0.0050747298
   -0.0029611197
   -0.0055576291
    0.0023196569
    0.0059720083
   -0.0016128570
   -0.0063085974
   0.00084853956
    0.0065588415
  -3.5651865e-05
   -0.0067150315
  -0.00081580754
    0.0067704270
    0.0016948711
   -0.0067193826
   -0.0025897112
    0.0065574550
    0.0034877599
   -0.0062814911
   -0.0043758252
    0.0058897215
    0.0052402351
   -0.0053818211
   -0.0060669761
    0.0047589651
    0.0068418396
   -0.0040238708
   -0.0075505816
    0.0031808067
    0.0081790606
   -0.0022356122
   -0.0087134023
    0.0011956740
    0.0091401356
  -6.9906476e-05
   -0.0094463389
   -0.0011312946
    0.0096197661
    0.0023961030
   -0.0096489702
   -0.0037113345
    0.0095234011
    0.0050625201
   -0.0092334929
   -0.0064339915
    0.0087707244
    0.0078089668
   -0.0081276582
   -0.0091696434
    0.0072979356
     0.010497271
   -0.0062762481
    -0.011772222
    0.0050582606
     0.012974042
   -0.0036404640
    -0.014081458
    0.0020199780
     0.015072340
  -0.00019425595
    -0.015923604
   -0.0018393330
     0.016611001
    0.0040840706
    -0.017108767
   -0.0065446856
     0.017389063
    0.0092284566
    -0.017421115
    -0.012146799
     0.017169880
     0.015317569
    -0.016593991
    -0.018768527
     0.015642550
     0.022542711
    -0.014250005
    -0.026707129
     0.012327709
     0.031367486
   -0.0097494250
    -0.036694538
    0.0063252045
     0.042974665
   -0.0017510242
    -0.050715360
   -0.0044965067
     0.060891164
     0.013405902
    -0.075610876
    -0.027097853
      0.10038557
     0.051093113
     -0.15546803
     -0.10565181
      0.42326297
       1.0000000
       1.0000000
      0.42326297
     -0.10565182
     -0.15546803
     0.051093113
      0.10038557
    -0.027097853
    -0.075610876
     0.013405903
     0.060891165
   -0.0044965061
    -0.050715360
   -0.0017510258
     0.042974664
    0.0063252043
    -0.036694538
   -0.0097494248
     0.031367486
     0.012327709
    -0.026707128
    -0.014250004
     0.022542710
     0.015642550
    -0.018768526
    -0.016593990
     0.015317569
     0.017169880
    -0.012146800
    -0.017421116
    0.0092284566
     0.017389062
   -0.0065446856
    -0.017108766
    0.0040840719
     0.016611002
   -0.0018393334
    -0.015923605
  -0.00019425671
     0.015072339
    0.0020199778
    -0.014081457
   -0.0036404633
     0.012974043
    0.0050582603
    -0.011772223
   -0.0062762485
     0.010497272
    0.0072979361
   -0.0091696434
   -0.0081276585
    0.0078089666
    0.0087707246
   -0.0064339914
   -0.0092334929
    0.0050625201
    0.0095234010
   -0.0037113348
   -0.0096489704
    0.0023961033
    0.0096197668
   -0.0011312940
   -0.0094463387
  -6.9906609e-05
    0.0091401351
    0.0011956732
   -0.0087134029
   -0.0022356119
    0.0081790619
    0.0031808077
   -0.0075505818
   -0.0040238716
    0.0068418394
    0.0047589656
   -0.0060669761
   -0.0053818221
    0.0052402341
    0.0058897216
   -0.0043758243
   -0.0062814904
    0.0034877600
    0.0065574548
   -0.0025897112
   -0.0067193827
    0.0016948709
    0.0067704271
  -0.00081580741
   -0.0067150317
  -3.5652108e-05
    0.0065588417
   0.00084854004
   -0.0063085977
   -0.0016128584
    0.0059720070
    0.0023196570
   -0.0055576281
   -0.0029611188
    0.0050747306
    0.0035306204
   -0.0045331503
   -0.0040227704
    0.0039431519
    0.0044334416
   -0.0033152822
   -0.0047597851
    0.0026602223
    0.0050002263
   -0.0019886427
   -0.0051544433
    0.0013110624
    0.0052233277
  -0.00063772385
   -0.0052089504
  -2.1555225e-05
    0.0051144763
   0.00065748168
   -0.0049441026
   -0.0012614046
    0.0047029689
    0.0018254160
   -0.0043970559
   -0.0023424346
    0.0040330786
    0.0028062777
   -0.0036183751
   -0.0032117233
    0.0031607841
    0.0035545520
   -0.0026685248
   -0.0038315806
    0.0021500691
    0.0040406767
   -0.0016140141
   -0.0041807556
    0.0010689639
    0.0042517728
  -0.00052340296
   -0.0042546943
  -1.4419973e-05
    0.0041914558
   0.00053660428
   -0.0040649058
   -0.0010356943
    0.0038787501
    0.0015047841
   -0.0036374658
   -0.0019375926
    0.0033462278
    0.0023285471
   -0.0030108076
   -0.0026728389
    0.0026374802
    0.0029664760
   -0.0022329189
   -0.0032063189
    0.0018040939
    0.0033901114
   -0.0013581555
   -0.0035164853
   0.00090233229
    0.0035849633
  -0.00044381907
   -0.0035959379
  -1.0315199e-05
    0.0035506644
   0.00045325266
   -0.0034511934
  -0.00087849123
    0.0033003502
    0.0012799550
   -0.0031016598
   -0.0016520647
    0.0028592831
    0.0019898095
   -0.0025779421
   -0.0022888077
    0.0022628411
    0.0025453632
   -0.0019195715
   -0.0027564975
    0.0015540289
    0.0029199848
   -0.0011723127
   -0.0030343636
   0.00078063914
    0.0030989509
  -0.00038523563
   -0.0031138255
  -7.7414809e-06
    0.0030798203
   0.00039230520
   -0.0029984874
  -0.00076271612
    0.0028720692
    0.0011135739
   -0.0027034392
   -0.0014398799
    0.0024960554
    0.0017371073
   -0.0022538990
   -0.0020012668
    0.0019813957
    0.0022289476
   -0.0016833463
   -0.0024173608
    0.0013648470
    0.0025643679
   -0.0010312079
   -0.0026685035
   0.00068786855
    0.0027289847
  -0.00034030994
   -0.0027457051
  -6.0214665e-06
    0.0027192306
   0.00034580018
   -0.0026507772
  -0.00067390210
    0.0025421757
   0.00098547211
   -0.0023958377
   -0.0012759938
    0.0022147119
    0.0015413575
   -0.0020022228
   -0.0017779089
    0.0017622163
    0.0019825008
   -0.0014988910
   -0.0021525308
    0.0012167267
    0.0022859654
  -0.00092042268
   -0.0023813765
   0.00061480395
    0.0024379328
  -0.00030476667
   -0.0024554217
  -4.8146614e-06
    0.0024342286
   0.00030915038
   -0.0023753284
  -0.00060361216
    0.0022802585
   0.00088379970
   -0.0021510847
   -0.0011456000
    0.0019903681
    0.0013852545
   -0.0018011093
   -0.0015994026
    0.0015866993
    0.0017851265
   -0.0013508675
   -0.0019399964
    0.0010976110
    0.0020620952
  -0.00083113023
   -0.0021500343
   0.00055577210
    0.0022029815
  -0.00027594490
   -0.0022206494
  -3.9361434e-06
    0.0022033012
   0.00027952241
   -0.0021517373
  -0.00054659871
    0.0020672721
   0.00080114431
   -0.0019517055
   -0.0010393875
    0.0018072936
    0.0012578633
   -0.0016367081
   -0.0014534688
    0.0014429794
    0.0016234941
   -0.0012294529
   -0.0017656606
   0.00099973777
    0.0018781610
  -0.00075763239
   -0.0019596617
   0.00050708262
    0.0020093356
  -0.00025210306
   -0.0020268546
  -3.2768332e-06
    0.0020123929
   0.00025507611
   -0.0019666190
  -0.00049942675
    0.0018906741
   0.00073262758
   -0.0017861495
  -0.00095119674
    0.0016550617
    0.0011519296
   -0.0014998089
   -0.0013319395
    0.0013231320
    0.0014887004
   -0.0011280639
   -0.0016200743
   0.00091788926
    0.0017243512
  -0.00069607822
   -0.0018002595
   0.00046623717
    0.0018469824
  -0.00023205363
   -0.0018641700
  -2.7696809e-06
    0.0018519296
   0.00023456121
   -0.0018108295
  -0.00045974945
    0.0017418732
   0.00067490653
   -0.0016464839
  -0.00087680040
    0.0015264826
    0.0010624509
   -0.0013840449
   -0.0012291650
    0.0012216661
    0.0013745731
   -0.0010421244
   -0.0014966682
   0.00084842854
    0.0015938270
  -0.00064377377
   -0.0016648376
   0.00043148211
    0.0017089038
  -0.00021495834
   -0.0017256604
  -2.3707255e-06
    0.0017151659
   0.00021709929
   -0.0016779101
  -0.00042591026
    0.0016147863
   0.00062561421
   -0.0015270793
  -0.00081319788
    0.0014164438
   0.00098587317
   -0.0012848710
   -0.0011411156
    0.0011346542
    0.0012766999
  -0.00096835089
   -0.0013907304
   0.00078874309
    0.0014816745
  -0.00059877984
   -0.0015483659
   0.00040154684
    0.0015900340
  -0.00020020742
   -0.0016063087
  -2.0514417e-06
    0.0015972127
   0.00020205663
   -0.0015631706
  -0.00039671313
    0.0015049811
   0.00058303256
   -0.0014238202
  -0.00075819776
    0.0013212017
   0.00091959128
   -0.0011989581
   -0.0010648355
    0.0010592132
    0.0011918366
  -0.00090433262
   -0.0012987990
   0.00073690070
    0.0013842642
  -0.00055966566
   -0.0014471222
   0.00037550012
    0.0014866272
  -0.00018735208
   -0.0015023994
  -1.7914582e-06
    0.0014944397
   0.00018896334
   -0.0014631180
  -0.00037125915
    0.0014091614
   0.00054587850
   -0.0013336424
  -0.00071016747
    0.0012379596
   0.00086165854
   -0.0011238167
  -0.00099811656
   0.00099317697
    0.0011175503
  -0.00084825509
   -0.0012182665
   0.00069145649
    0.0012988751
  -0.00052534785
   -0.0013583082
   0.00035262388
    0.0013958472
  -0.00017604885
   -0.0014111168
  -1.5770938e-06
    0.0014040937
   0.00017746362
   -0.0013751034
  -0.00034887556
    0.0013248116
   0.00051317516
   -0.0012542069
  -0.00066785836
    0.0011645871
   0.00081059368
   -0.0010575377
  -0.00093926383
   0.00093489465
    0.0010519840
  -0.00079872601
   -0.0011471407
   0.00065128800
    0.0012234062
  -0.00049499584
   -0.0012797648
   0.00033237540
    0.0013155165
  -0.00016603100
   -0.0013302907
  -1.3985476e-06
    0.0013240486
   0.00016728369
   -0.0012970765
  -0.00032903763
    0.0012499886
   0.00048416821
   -0.0011837022
  -0.00063030685
    0.0010994252
   0.00076524310
  -0.00099863995
  -0.00088696434
   0.00088307195
   0.00099368223
  -0.00075466207
   -0.0010838586
   0.00061553446
    0.0011562276
  -0.00046795984
   -0.0012098087
   0.00031432690
    0.0012439296
  -0.00015709241
   -0.0012582235
  -1.2494012e-06
    0.0012526371
   0.00015820738
   -0.0012274300
  -0.00031133477
    0.0011831658
   0.00045826539
   -0.0011207020
  -0.00059675275
    0.0010411694
   0.00072469777
  -0.00094595746
  -0.00084018202
   0.00083669429
   0.00094150554
  -0.00071520518
   -0.0010271952
   0.00058349920
    0.0010960409
  -0.00044372456
   -0.0011471044
   0.00029813678
    0.0011797309
  -0.00014906648
   -0.0011935616
  -1.1214212e-06
    0.0011885344
   0.00015006477
   -0.0011648811
  -0.00029543767
    0.0011231268
   0.00043499381
   -0.0010640702
  -0.00056659262
   0.00098877452
   0.00068823143
  -0.00089855555
  -0.00079808817
   0.00079494372
   0.00089453371
  -0.00067966955
  -0.00097616137
   0.00055463482
    0.0010418113
  -0.00042187465
   -0.0010905785
   0.00028353322
    0.0011218331
  -0.00014182176
   -0.0011352216
  -1.0118378e-06
    0.0011306732
   0.00014271877
   -0.0011083991
  -0.00028108659
    0.0010688857
   0.00041397169
   -0.0010128850
  -0.00053933228
   0.00094140200
   0.00065526004
  -0.00085567715
  -0.00076001090
   0.00075716126
   0.00085202523
  -0.00064749833
  -0.00092995835
   0.00052849124
   0.00099269376
  -0.00040207739
   -0.0010393630
   0.00027029358
    0.0010693533
  -0.00013524698
   -0.0010823177
  -9.1691887e-07
    0.0010781838
   0.00013605857
   -0.0010571401
  -0.00026806448
    0.0010196411
   0.00039488558
  -0.00096639919
  -0.00051457420
   0.00089836149
   0.00062530265
  -0.00081670486
  -0.00072540008
   0.00072280931
   0.00081337417
  -0.00061823525
  -0.00088793070
   0.00050470307
   0.00094800033
  -0.00038405454
  -0.00099274141
   0.00025823608
    0.0010215635
  -0.00012925773
   -0.0010341279
  -8.3465021e-07
    0.0010303528
   0.00012999161
   -0.0010104148
  -0.00025619640
   0.00097473622
   0.00037748386
  -0.00092399386
  -0.00049199178
   0.00085908383
   0.00059796601
  -0.00078112756
  -0.00069380617
   0.00069143710
   0.00077807734
  -0.00059150288
  -0.00084953950
   0.00048296114
   0.00090715685
  -0.00036757679
  -0.00095012172
   0.00024720771
   0.00097786166
  -0.00012377556
  -0.00099004513
  -7.6301272e-07
   0.00098658472
   0.00012444414
  -0.00096764191
  -0.00024533299
   0.00093361815
   0.00036154959
  -0.00088515173
  -0.00047130444
   0.00082309819
   0.00057291755
  -0.00074852236
  -0.00066484902
   0.00066267611
   0.00074571643
  -0.00056698691
  -0.00081432915
   0.00046301744
   0.00086968780
  -0.00035245711
  -0.00091101309
   0.00023708302
   0.00093774766
  -0.00011873780
  -0.00094956663
  -7.0014567e-07
   0.00094638322
   0.00011934979
  -0.00092834452
  -0.00023535344
   0.00089583044
   0.00034690805
  -0.00084944336
  -0.00045228842
   0.00079000445
   0.00054988351
  -0.00071852816
  -0.00063821016
   0.00063621344
   0.00071594038
  -0.00054442219
  -0.00078192173
   0.00044465501
   0.00083519156
  -0.00033853037
  -0.00087499485
   0.00022775505
   0.00090079309
  -0.00011409598
  -0.00091226820
  -6.4383972e-07
   0.00090932923
   0.00011465422
  -0.00089211557
  -0.00022615326
   0.00086098372
   0.00033340536
  -0.00081650680
  -0.00043474879
   0.00075947015
   0.00052863221
  -0.00069084443
  -0.00061362506
   0.00061178137
   0.00068845022
  -0.00052358457
  -0.00075199498
   0.00042769263
   0.00080332606
  -0.00032566372
  -0.00084171684
   0.00021913406
   0.00086664217
  -0.00010980233
  -0.00087778881
  -5.9313005e-07
   0.00087506994
   0.00011031752
  -0.00085860649
  -0.00021764696
   0.00082874345
   0.00032091334
  -0.00078602746
  -0.00041851703
   0.00073120775
   0.00050896016
  -0.00066521624
  -0.00059086379
   0.00058915649
   0.00066299231
  -0.00050428385
  -0.00072427351
   0.00041197931
   0.00077380501
  -0.00031373851
  -0.00081087791
   0.00021114083
   0.00083498534
  -0.00010582034
  -0.00084582111
  -5.4939307e-07
   0.00084329572
   0.00010629451
  -0.00082752409
  -0.00020975618
   0.00079883173
   0.00030932374
  -0.00075774215
  -0.00040345395
   0.00070497296
   0.00049069881
  -0.00064142209
  -0.00056973002
   0.00056814707
   0.00063935158
  -0.00048635483
  -0.00069852316
   0.00039737925
   0.00074637558
  -0.00030265736
  -0.00078221973
   0.00020371040
   0.00080555990
  -0.00010211779
  -0.00081610085
  -5.0979940e-07
   0.00081374945
   0.00010255514
  -0.00079861429
  -0.00020241842
   0.00077100388
   0.00029854191
  -0.00073142279
  -0.00038943805
   0.00068055694
   0.00047370517
  -0.00061927001
  -0.00055005671
   0.00054858346
   0.00061733928
  -0.00046965612
  -0.00067454198
   0.00038377673
   0.00072082462
  -0.00029232870
  -0.00075551435
   0.00019678613
   0.00077813662
  -9.8666300e-05
  -0.00078839774
  -4.7352897e-07
   0.00078620382
   9.9070706e-05
  -0.00077165487
  -0.00019557593
   0.00074504941
   0.00028848680
  -0.00070686858
  -0.00037636175
   0.00065777482
   0.00045784699
  -0.00059859819
  -0.00053169677
   0.00053032141
   0.00059678984
  -0.00045406791
  -0.00065215255
   0.00037107514
   0.00069696325
  -0.00028268580
  -0.00073057545
   0.00019031667
   0.00075252043
  -9.5438976e-05
  -0.00076251282
  -4.4074090e-07
   0.00076046119
   9.5813991e-05
  -0.00074645675
  -0.00018918032
   0.00072078591
   0.00027908579
  -0.00068391178
  -0.00036413680
   0.00063646846
   0.00044301709
  -0.00057926072
  -0.00051452169
   0.00051323727
   0.00057756534
  -0.00043948045
  -0.00063120055
   0.00035918893
   0.00067463232
  -0.00027365804
  -0.00070722974
   0.00018425982
   0.00072853709
  -9.2417611e-05
  -0.00073827580
  -4.1220827e-07
   0.00073635113
   9.2764625e-05
  -0.00072285332
  -0.00018319074
   0.00069805369
   0.00027028070
  -0.00066239627
  -0.00035267872
   0.00061650068
   0.00042911838
  -0.00056113428
  -0.00049842301
   0.00049721862
   0.00055954094
  -0.00042580123
  -0.00061155438
   0.00034803903
   0.00065368835
  -0.00026518718
  -0.00068532907
   0.00017857535
   0.00070603418
  -8.9580238e-05
  -0.00071552910
  -3.8468942e-07
   0.00071372222
   8.9902412e-05
  -0.00070069649
  -0.00017756821
   0.00067671048
   0.00026201185
  -0.00064219525
  -0.00034192092
   0.00059774642
   0.00041606369
  -0.00054410848
  -0.00048330027
   0.00048217089
   0.00054260786
  -0.00041294794
  -0.00059309379
   0.00033756106
   0.00063400479
  -0.00025722709
  -0.00066474544
   0.00017323142
   0.00068488026
  -8.6913011e-05
  -0.00069414431
  -3.6053232e-07
   0.00069244391
   8.7213337e-05
  -0.00067985689
  -0.00017228085
   0.00065663343
   0.00025423383
  -0.00062319051
  -0.00033180113
   0.00058009876
   0.00040378001
  -0.00052808494
  -0.00046906800
   0.00046800734
   0.00052667001
  -0.00040084748
  -0.00057571538
   0.00032769474
   0.00061547184
  -0.00024972989
  -0.00064536075
   0.00016819892
   0.00066495736
  -8.4399823e-05
  -0.00067400057
  -3.3897788e-07
   0.00067239652
   8.4679356e-05
  -0.00066022164
  -0.00016729922
   0.00063771406
   0.00024690564
  -0.00060527672
  -0.00032226218
   0.00056346360
   0.00039220142
  -0.00051297702
  -0.00045564941
   0.00045465093
   0.00051163962
  -0.00038943667
  -0.00055932478
   0.00031839101
   0.00059799224
  -0.00024265854
  -0.00062707616
   0.00016344972
   0.00064616084
  -8.2027137e-05
  -0.00065499173
  -3.1809497e-07
   0.00065347778
   8.2288749e-05
  -0.00064168779
  -0.00016259612
   0.00061985506
   0.00023998743
  -0.00058836470
  -0.00031325578
   0.00054775695
   0.00038126807
  -0.00049871111
  -0.00044297811
   0.00044203683
   0.00049744519
  -0.00037865697
  -0.00054384267
   0.00030959980
   0.00058147795
  -0.00023597569
  -0.00060979769
   0.00015896267
   0.00062839823
  -7.9785031e-05
  -0.00063702704
  -2.9923341e-07
   0.00063559573
   8.0030498e-05
  -0.00062416681
  -0.00015815226
   0.00060296769
   0.00023344655
  -0.00057237127
  -0.00030473897
   0.00053290186
   0.00037092768
  -0.00048521702
  -0.00043099264
   0.00043010319
   0.00048401652
  -0.00036845831
  -0.00052919483
   0.00030128103
   0.00056585188
  -0.00022965043
  -0.00059344644
   0.00015471354
   0.00061158470
  -7.7661622e-05
  -0.00062001997
  -2.8208830e-07
   0.00061866353
   7.7889650e-05
  -0.00060757841
  -0.00015394390
   0.00058697725
   0.00022725256
  -0.00055722570
  -0.00029667428
   0.00051883107
   0.00036113444
  -0.00047243241
  -0.00041963772
   0.00041879688
   0.00047129336
  -0.00035879459
  -0.00051531486
   0.00029339770
   0.00055104300
  -0.00022365627
  -0.00057794949
   0.00015068582
   0.00059564740
  -7.5648823e-05
  -0.00060389782
  -2.6575953e-07
   0.00060261201
   7.5863133e-05
  -0.00059184679
  -0.00014995336
   0.00057181198
   0.00022137811
  -0.00054286030
  -0.00028902449
   0.00050548365
   0.00035184293
  -0.00046030590
  -0.00040886560
   0.00040807129
   0.00045922343
  -0.00034962409
  -0.00050214434
   0.00028591575
   0.00053698828
  -0.00021796790
  -0.00056324086
   0.00014686385
   0.00058052045
  -7.3738333e-05
  -0.00058859433
  -2.5204384e-07
   0.00058737134
   7.3938357e-05
  -0.00057691027
  -0.00014616509
   0.00055741054
   0.00021580005
  -0.00052921633
  -0.00028175834
   0.00049280677
   0.00034301830
  -0.00044878605
  -0.00039863311
   0.00039787987
   0.00044775398
  -0.00034091258
  -0.00048963041
   0.00027880741
   0.00052363433
  -0.00021256107
  -0.00054926245
   0.00014323083
   0.00056614294
  -7.1921549e-05
  -0.00057404642
  -2.3808538e-07
   0.00057288343
   7.2108765e-05
  -0.00056270935
  -0.00014256270
   0.00054371829
   0.00021049679
  -0.00051624252
  -0.00027484998
   0.00048075029
   0.00033462680
  -0.00043782796
  -0.00038890038
   0.00038818548
   0.00043684495
  -0.00033262345
  -0.00047772542
   0.00027204278
   0.00051092825
  -0.00020741496
  -0.00053596025
   0.00013977307
   0.00055246008
  -7.0191940e-05
  -0.00056020024
  -2.2587686e-07
   0.00055909228
   7.0367850e-05
  -0.00054918990
  -0.00013913383
   0.00053068108
   0.00020544691
  -0.00050388891
  -0.00026827109
   0.00046926918
   0.00032663371
  -0.00042739473
  -0.00037963285
   0.00037895180
   0.00042645439
  -0.00032472816
  -0.00046638540
   0.00026559887
   0.00049882363
  -0.00020251333
  -0.00052328792
   0.00013647823
   0.00053942286
  -6.8544007e-05
  -0.00054700606
  -2.1293775e-07
   0.00054595146
   6.8709412e-05
  -0.00053630628
  -0.00013586760
   0.00051825408
   0.00020063392
  -0.00049211318
  -0.00026200088
   0.00045832344
   0.00031901504
  -0.00041744493
  -0.00037079516
   0.00037014773
   0.00041654659
  -0.00031719931
  -0.00045557173
   0.00025945309
   0.00048728014
  -0.00019783671
  -0.00051120039
   0.00013333473
   0.00052698622
  -6.6971778e-05
  -0.00053441949
  -2.0242719e-07
   0.00053341243
   6.7127164e-05
  -0.00052401154
  -0.00013274916
   0.00050639669
   0.00019604133
  -0.00048087508
  -0.00025601672
   0.00044787662
   0.00031174325
  -0.00040794807
  -0.00036235966
   0.00036174299
   0.00040708824
  -0.00031001100
  -0.00044524638
   0.00025358629
   0.00047625764
  -0.00019337337
  -0.00049965937
   0.00013033425
   0.00051511226
  -6.5468647e-05
  -0.00052239831
  -1.9193782e-07
   0.00052143664
   6.5615335e-05
  -0.00051226913
  -0.00012977143
   0.00049506934
   0.00019165349
  -0.00047013985
  -0.00025030005
   0.00043789624
   0.00030479627
  -0.00039887413
  -0.00035430029
   0.00035371140
   0.00039805049
  -0.00030314132
  -0.00043537986
   0.00024797785
   0.00046572287
  -0.00018910630
  -0.00048862831
   0.00012746372
   0.00050375857
  -6.4034068e-05
  -0.00051090746
  -1.8249474e-07
   0.00050998729
   6.4171178e-05
  -0.00050104010
  -0.00012692290
   0.00048423930
   0.00018745961
  -0.00045987192
  -0.00024483253
   0.00042835050
   0.00029815148
  -0.00039019504
  -0.00034659087
   0.00034602947
   0.00038940552
  -0.00029656966
  -0.00042594121
   0.00024261223
   0.00045564418
  -0.00018502325
  -0.00047807288
   0.00012471890
   0.00049289717
  -6.2659007e-05
  -0.00049991075
  -1.7468373e-07
   0.00049902804
   6.2786942e-05
  -0.00049029534
  -0.00012419930
   0.00047387102
   0.00018344458
  -0.00045004283
  -0.00023959886
   0.00041921120
   0.00029178904
  -0.00038188636
  -0.00033921010
   0.00033867345
   0.00038112658
  -0.00029027852
  -0.00041690365
   0.00023747484
   0.00044599383
  -0.00018111256
  -0.00046796527
   0.00012208760
   0.00048249270
  -6.1341886e-05
  -0.00048937646
  -1.6593457e-07
   0.00048853175
   6.1463951e-05
  -0.00047999811
  -0.00012158704
   0.00046393836
   0.00017959669
  -0.00044062653
  -0.00023458379
   0.00041045606
   0.00028569467
  -0.00037392354
  -0.00033213738
   0.00033162456
   0.00037319500
  -0.00028424591
  -0.00040824070
   0.00023254939
   0.00043674253
  -0.00017736334
  -0.00045827442
   0.00011956638
   0.00047251817
  -6.0080004e-05
  -0.00047927723
  -1.5707251e-07
   0.00047846791
   6.0193366e-05
  -0.00047012839
  -0.00011908562
   0.00045441272
   0.00017590780
  -0.00043159583
  -0.00022977577
   0.00040205702
   0.00027984865
  -0.00036628563
  -0.00032535328
   0.00032486207
   0.00036558495
  -0.00027846010
  -0.00039993027
   0.00022782472
   0.00042786717
  -0.00017376690
  -0.00044897711
   0.00011714789
   0.00046294884
  -5.8868558e-05
  -0.00046958709
  -1.4956072e-07
   0.00046881097
   5.8976755e-05
  -0.00046065310
  -0.00011668265
   0.00044527127
   0.00017236750
  -0.00042292761
  -0.00022516028
   0.00039399536
   0.00027423753
  -0.00035895274
  -0.00031883970
   0.00031837033
   0.00035827809
  -0.00027290711
  -0.00039195293
   0.00022328819
   0.00041934611
  -0.00017031342
  -0.00044005077
   0.00011482408
   0.00045375970
  -5.7703336e-05
  -0.00046027971
  -1.4315591e-07
   0.00045953357
   5.7805207e-05
  -0.00045155459
  -0.00011437574
   0.00043649070
   0.00016896803
  -0.00041459966
  -0.00022072621
   0.00038625038
   0.00026884664
  -0.00035190796
  -0.00031258190
   0.00031213378
   0.00035126022
  -0.00026756735
  -0.00038428463
   0.00021892933
   0.00041115717
  -0.00016699394
  -0.00043147040
   0.00011259180
   0.00044492681
  -5.6585894e-05
  -0.00045133502
  -1.3566670e-07
   0.00045061862
   5.6681223e-05
  -0.00044280737
  -0.00011215823
   0.00042804802
   0.00016569700
  -0.00040659583
  -0.00021646399
   0.00037880430
   0.00026366274
  -0.00034513667
  -0.00030656734
   0.00030613528
   0.00034451035
  -0.00026243490
  -0.00037691279
   0.00021473652
   0.00040328177
  -0.00016380229
  -0.00042321991
   0.00011044384
   0.00043643217
  -5.5509647e-05
  -0.00044273176
  -1.3063498e-07
   0.00044204140
   5.5600214e-05
  -0.00043439161
  -0.00011002430
   0.00041992670
   0.00016255242
  -0.00039889220
  -0.00021236146
   0.00037163991
   0.00025867524
  -0.00033861847
  -0.00030077576
   0.00030036576
   0.00033801499
  -0.00025749695
  -0.00036981901
   0.00021070182
   0.00039570328
  -0.00016072921
  -0.00041527741
   0.00010837767
   0.00042825585
  -5.4474309e-05
  -0.00043445004
  -1.2415978e-07
   0.00043378566
   5.4558369e-05
  -0.00042629229
  -0.00010797156
   0.00041210739
   0.00015952382
  -0.00039147732
  -0.00020841283
   0.00036474242
   0.00025387404
  -0.00033234348
  -0.00029520298
   0.00029480639
   0.00033175970
  -0.00025273981
  -0.00036298616
   0.00020681577
   0.00038840349
  -0.00015777030
  -0.00040762861
   0.00010638641
   0.00042037979
  -5.3476952e-05
  -0.00042647264
  -1.1831541e-07
   0.00042583299
   5.3555962e-05
  -0.00041848836
  -0.00010599343
   0.00040457461
   0.00015660761
  -0.00038433091
  -0.00020460707
   0.00035809605
   0.00024924707
  -0.00032629663
  -0.00028983158
   0.00028945059
   0.00032573240
  -0.00024815545
  -0.00035640170
   0.00020307024
   0.00038136819
  -0.00015491856
  -0.00040025736
   0.00010446557
   0.00041278697
  -5.2515920e-05
  -0.00041878300
  -1.1338036e-07
   0.00041816549
   5.2588816e-05
  -0.00041096499
  -0.00010408618
   0.00039731151
   0.00015379375
  -0.00037744388
  -0.00020094049
   0.00035168606
   0.00024478539
  -0.00032046548
  -0.00028465156
   0.00028428627
   0.00031992034
  -0.00024373417
  -0.00035005157
   0.00019945775
   0.00037458245
  -0.00015216840
  -0.00039314685
   0.00010261487
   0.00040546491
  -5.1588725e-05
  -0.00041136585
  -1.0792205e-07
   0.00041077047
   5.1656603e-05
  -0.00040370721
  -0.00010224532
   0.00039030725
   0.00015108258
  -0.00037079667
  -0.00019740135
   0.00034550281
   0.00024048204
  -0.00031483778
  -0.00027965262
   0.00027930317
   0.00031431165
  -0.00023946815
  -0.00034392328
   0.00019597349
   0.00036803641
  -0.00014951301
  -0.00038628506
   0.00010082815
   0.00039839921
  -5.0691822e-05
  -0.00040420637
  -1.0426640e-07
   0.00040363063
   5.0756101e-05
  -0.00039670181
  -0.00010047033
   0.00038354227
   0.00014846213
  -0.00036438122
  -0.00019398529
   0.00033953246
   0.00023632569
  -0.00030940663
  -0.00027482841
   0.00027449030
   0.00030889551
  -0.00023534960
  -0.00033800752
   0.00019260630
   0.00036171303
  -0.00014694932
  -0.00037965814
   9.9102694e-05
   0.00039157452
  -4.9826725e-05
  -0.00039729185
  -9.9728459e-08
   0.00039673584
   4.9887018e-05
  -0.00038993487
  -9.8754817e-05
   0.00037700946
   0.00014593275
  -0.00035818255
  -0.00019068438
   0.00033376570
   0.00023231123
  -0.00030415877
  -0.00027016628
   0.00026984286
   0.00030366604
  -0.00023136680
  -0.00033228883
   0.00018935463
   0.00035560385
  -0.00014447198
  -0.00037325470
   9.7435156e-05
   0.00038497926
  -4.8990870e-05
  -0.00039060932
  -9.4362326e-08
   0.00039007334
   4.9047397e-05
  -0.00038339444
  -9.7095737e-05
   0.00037069657
   0.00014348815
  -0.00035219231
  -0.00018749519
   0.00032819072
   0.00022843029
  -0.00029908669
  -0.00026566090
   3.8960892e-08
