  -0.00065819904
   -0.0012936704
   -0.0018841313
   -0.0024085907
   -0.0028483691
   -0.0031877639
   -0.0034146095
   -0.0035207139
   -0.0035021539
   -0.0033594201
   -0.0030974056
   -0.0027252381
   -0.0022559621
   -0.0017060822
   -0.0010949822
  -0.00044424222
   0.00022312343
   0.00088348006
    0.0015134095
    0.0020905407
    0.0025943437
    0.0030068602
    0.0033133436
    0.0035027858
    0.0035683127
    0.0035074334
    0.0033221344
    0.0030188154
    0.0026080681
    0.0021043070
    0.0015252631
   0.00089136026
   0.00022499481
  -0.00045025572
   -0.0011104666
   -0.0017322137
   -0.0022934043
   -0.0027740619
   -0.0031570376
   -0.0034286216
   -0.0035790339
   -0.0036027764
   -0.0034988336
   -0.0032707150
   -0.0029263363
   -0.0024777456
   -0.0019407016
   -0.0013341202
  -0.00067940819
   2.9185208e-07
   0.00068091970
    0.0013383490
    0.0019492426
    0.0024918803
    0.0029469318
    0.0032981447
    0.0035329249
    0.0036427881
    0.0036236666
    0.0034760591
    0.0032050196
    0.0028199846
    0.0023344447
    0.0017654721
    0.0011331201
   0.00045971674
  -0.00023092358
  -0.00091434220
   -0.0015663023
   -0.0021636484
   -0.0026851286
   -0.0031121504
   -0.0034294439
   -0.0036256074
   -0.0036935170
   -0.0036305854
   -0.0034388595
   -0.0031249549
   -0.0026998274
   -0.0021783910
   -0.0015789945
  -0.00092277649
  -0.00023291930
   0.00046616943
    0.0011497204
    0.0017934799
    0.0023745708
    0.0028723049
    0.0032689195
    0.0035502114
    0.0037060453
    0.0037307189
    0.0036231710
    0.0033870261
    0.0030304727
    0.0025659789
    0.0020098571
    0.0013816910
   0.00070364625
  -3.1188436e-07
  -0.00070526523
   -0.0013862247
   -0.0020190161
   -0.0025811381
   -0.0030525621
   -0.0034164462
   -0.0036597364
   -0.0037736348
   -0.0037539178
   -0.0036010922
   -0.0033203840
   -0.0029215602
   -0.0024185888
   -0.0018291499
   -0.0011740145
  -0.00047631210
   0.00023928509
   0.00094743498
    0.0016230228
    0.0022420516
    0.0027824948
    0.0032250796
    0.0035539740
    0.0037573537
    0.0038278261
    0.0037626996
    0.0035640856
    0.0032388304
    0.0027982798
    0.0022578831
    0.0016366518
   0.00095649061
   0.00024142531
  -0.00048324584
   -0.0011918470
   -0.0018592345
   -0.0024616886
   -0.0029777567
   -0.0033890171
   -0.0036807363
   -0.0038423970
   -0.0038680765
   -0.0037566643
   -0.0035119078
   -0.0031422871
   -0.0026607210
   -0.0020841160
   -0.0014327725
  -0.00072967051
   3.4123817e-07
   0.00073142318
    0.0014376595
    0.0020939769
    0.0026770340
    0.0031660524
    0.0035435559
    0.0037959958
    0.0039142366
    0.0038938864
    0.0037354599
    0.0034443674
    0.0030307300
    0.0025090284
    0.0018975956
    0.0012179732
   0.00049415216
  -0.00024827359
  -0.00098301224
   -0.0016840050
   -0.0023263502
   -0.0028871879
   -0.0033465130
   -0.0036878890
   -0.0038990359
   -0.0039722719
   -0.0039047923
   -0.0036987767
   -0.0033613192
   -0.0029041841
   -0.0023433961
   -0.0016986787
  -0.00099276069
  -0.00025057483
   0.00050162254
    0.0012371802
    0.0019299964
    0.0025554448
    0.0030912497
    0.0035182794
    0.0038212290
    0.0039891690
    0.0040159395
    0.0039003753
    0.0036463555
    0.0032626734
    0.0027627322
    0.0021640774
    0.0014877805
   0.00075769798
  -3.7021072e-07
  -0.00075959245
   -0.0014930548
   -0.0021747152
   -0.0027803277
   -0.0032883049
   -0.0036804873
   -0.0039427923
   -0.0040657198
   -0.0040446959
   -0.0038802429
   -0.0035779685
   -0.0031483749
   -0.0026064943
   -0.0019713627
   -0.0012653517
  -0.00051338032
   0.00025796416
    0.0010213663
    0.0017497497
    0.0024172369
    0.0030000690
    0.0034774511
    0.0038322938
    0.0040518252
    0.0041280504
    0.0040580422
    0.0038440527
    0.0034934422
    0.0030184256
    0.0024356474
    0.0017655987
    0.0010318966
   0.00026045204
  -0.00052144517
   -0.0012860915
   -0.0020063511
   -0.0026566189
   -0.0032137305
   -0.0036577873
   -0.0039728671
   -0.0041475946
   -0.0041755524
   -0.0040555158
   -0.0037915049
   -0.0033926501
   -0.0028728769
   -0.0022504197
   -0.0015471822
  -0.00078796677
   3.9982313e-07
   0.00079001463
    0.0015528857
    0.0022619244
    0.0028919070
    0.0034203721
    0.0038284208
    0.0041013931
    0.0042293940
    0.0042076519
    0.0040366963
    0.0037223472
    0.0032755176
    0.0027118349
    0.0020510941
    0.0013165635
   0.00053416461
  -0.00026844173
   -0.0010628335
   -0.0018208339
   -0.0025155103
   -0.0031221313
   -0.0036190470
   -0.0039884615
   -0.0042170699
   -0.0042965377
   -0.0042238037
   -0.0040011979
   -0.0036363671
   -0.0031420130
   -0.0025354497
   -0.0018379979
   -0.0010742352
  -0.00027113076
   0.00054290745
    0.0013390370
    0.0020890031
    0.0027661406
    0.0033463226
    0.0038088196
    0.0041370402
    0.0043191255
    0.0043483784
    0.0042235084
    0.0039486872
    0.0035334094
    0.0029921648
    0.0023439332
    0.0016115188
   0.00082074825
  -4.4000707e-07
  -0.00082298251
   -0.0016177193
   -0.0023564276
   -0.0030128238
   -0.0035634984
   -0.0039887509
   -0.0042732942
   -0.0044068043
   -0.0043842942
   -0.0042062998
   -0.0038788703
   -0.0034133629
   -0.0028260491
   -0.0021375462
   -0.0013720937
  -0.00055669997
   0.00027981029
    0.0011078151
    0.0018979440
    0.0026221194
    0.0032545545
    0.0037726711
    0.0041579057
    0.0043963741
    0.0044793719
    0.0044036919
    0.0041717466
    0.0037914931
    0.0032761597
    0.0026437865
    0.0019165937
    0.0011202012
   0.00028272614
  -0.00056620980
   -0.0013965277
   -0.0021787570
   -0.0028850815
   -0.0034903283
   -0.0039728645
   -0.0043153705
   -0.0045054613
   -0.0045361343
   -0.0044060265
   -0.0041194727
   -0.0036863619
   -0.0031217960
   -0.0024455636
   -0.0016814467
  -0.00085638407
   4.7762336e-07
   0.00085881385
    0.0016881950
    0.0024591649
    0.0031442871
    0.0037191206
    0.0041630921
    0.0044602316
    0.0045997470
    0.0045764157
    0.0043907793
    0.0040491347
    0.0035633208
    0.0029503089
    0.0022316094
    0.0014325180
   0.00058122482
  -0.00029217941
   -0.0011567669
   -0.0019818680
   -0.0027381584
   -0.0033987019
   -0.0039399089
   -0.0043423790
   -0.0045915961
   -0.0046784519
   -0.0045995780
   -0.0043574759
   -0.0039604387
   -0.0034222672
   -0.0027617907
   -0.0020022083
   -0.0011702742
  -0.00029535573
   0.00059160326
    0.0014591766
    0.0022765691
    0.0030147093
    0.0036472834
    0.0041516730
    0.0045097637
    0.0047085953
    0.0047408308
    0.0046050263
    0.0043056932
    0.0038531488
    0.0032631610
    0.0025563993
    0.0017577109
   0.00089524722
  -5.2809938e-07
  -0.00089791492
   -0.0017650983
   -0.0025712762
   -0.0032877534
   -0.0038889625
   -0.0043533762
   -0.0046642781
   -0.0048103635
   -0.0047861510
   -0.0045921866
   -0.0042350361
   -0.0037270627
   -0.0030860002
   -0.0023343333
   -0.0014985097
  -0.00060800968
   0.00030569372
    0.0012102466
    0.0020735595
    0.0028649461
    0.0035562132
    0.0041226650
    0.0045439853
    0.0048049660
    0.0048960552
    0.0048137070
    0.0045605182
    0.0041451473
    0.0035820195
    0.0028908255
    0.0020958334
    0.0012250368
   0.00030916975
  -0.00061937852
   -0.0015277082
   -0.0023835745
   -0.0031565324
   -0.0038190188
   -0.0043473358
   -0.0047224975
   -0.0049309129
   -0.0049648769
   -0.0048228554
   -0.0045095508
   -0.0040357477
   -0.0034179413
   -0.0026777642
   -0.0018412284
  -0.00093781227
   5.7878753e-07
   0.00094073840
    0.0018493342
    0.0026940893
    0.0034449288
    0.0040750500
    0.0045618791
    0.0048878797
    0.0050411840
    0.0050160246
    0.0048129504
    0.0044388198
    0.0039065692
    0.0032347661
    0.0024469621
    0.0015708671
   0.00063737466
  -0.00032052635
   -0.0012689180
   -0.0021741538
   -0.0030040520
   -0.0037290398
   -0.0043232063
   -0.0047652289
   -0.0050391379
   -0.0051348931
   -0.0050487513
   -0.0047834116
   -0.0043479320
   -0.0037574206
   -0.0030325123
   -0.0021986474
   -0.0012851795
  -0.00032434237
   0.00064988745
    0.0016029916
    0.0025011327
    0.0033123556
    0.0040077237
    0.0045623511
    0.0049562929
    0.0051752622
    0.0052111476
    0.0050623131
    0.0047336693
    0.0042365118
    0.0035881337
    0.0028112243
    0.0019330758
   0.00098462399
  -6.4039964e-07
  -0.00098785456
   -0.0019420167
   -0.0028292269
   -0.0036178911
   -0.0042798459
   -0.0047913641
   -0.0051340050
   -0.0052952783
   -0.0052690996
   -0.0050560188
   -0.0046632136
   -0.0041042492
   -0.0033986095
   -0.0025710187
   -0.0016505753
  -0.00066972915
   0.00033686233
    0.0013335582
    0.0022849959
    0.0031573455
    0.0039195122
    0.0045442448
    0.0050091090
    0.0052972935
    0.0053982172
    0.0053079169
    0.0050292019
    0.0045715678
    0.0039508739
    0.0031887941
    0.0023120599
    0.0013515237
   0.00034107276
  -0.00068356543
   -0.0016860865
   -0.0026308950
   -0.0034843681
   -0.0042160516
   -0.0047997466
   -0.0052144469
   -0.0054450947
   -0.0054831273
   -0.0053267937
   -0.0049812310
   -0.0044582970
   -0.0037761636
   -0.0029586856
   -0.0020345671
   -0.0010363536
   7.1328234e-07
    0.0010399405
    0.0020444808
    0.0029786392
    0.0038091411
    0.0045063170
    0.0050451619
    0.0054062325
    0.0055763476
    0.0055490690
    0.0053249445
    0.0049115025
    0.0043230007
    0.0035799346
    0.0027083241
    0.0017388027
   0.00070554115
  -0.00035495631
   -0.0014051415
   -0.0024077514
   -0.0033271298
   -0.0041304952
   -0.0047891093
   -0.0052793044
   -0.0055833340
   -0.0056900144
   -0.0055951357
   -0.0053016258
   -0.0048194624
   -0.0041653345
   -0.0033620648
   -0.0024378143
   -0.0014250951
  -0.00035962734
   0.00072092078
    0.0017782639
    0.0027748558
    0.0036752224
    0.0044472240
    0.0050632022
    0.0055009704
    0.0057446126
    0.0057850612
    0.0056204341
    0.0052561170
    0.0047045881
    0.0039849921
    0.0031224755
    0.0021473084
    0.0010938227
  -7.9629242e-07
   -0.0010978222
   -0.0021583570
   -0.0031447101
   -0.0040217374
   -0.0047580930
   -0.0053273491
   -0.0057089445
   -0.0058889261
   -0.0058604590
   -0.0056240846
   -0.0051877178
   -0.0045663834
   -0.0037816989
   -0.0028611230
   -0.0018369953
  -0.00074540027
   0.00037510341
    0.0014848446
    0.0025444440
    0.0035162108
    0.0043654833
    0.0050618645
    0.0055803100
    0.0059020278
    0.0060151594
    0.0059152157
    0.0056052531
    0.0050957826
    0.0044044140
    0.0035552479
    0.0025780358
    0.0015071384
   0.00038031778
  -0.00076259373
   -0.0018811013
   -0.0029354819
   -0.0038881944
   -0.0047052162
   -0.0053572573
   -0.0058208103
   -0.0060789971
   -0.0061221828
   -0.0059483345
   -0.0055631108
   -0.0049796791
   -0.0042182666
   -0.0033054592
   -0.0022732738
   -0.0011580360
   8.9827216e-07
    0.0011625308
    0.0022856711
    0.0033303968
    0.0042594715
    0.0050396726
    0.0056429776
    0.0060475712
    0.0062386328
    0.0062088789
    0.0059588392
    0.0054968567
    0.0048388099
    0.0040075684
    0.0030321980
    0.0019469455
   0.00079003614
  -0.00039767200
   -0.0015741305
   -0.0026975889
   -0.0037280756
   -0.0046288198
   -0.0053675632
   -0.0059177142
   -0.0062593051
   -0.0063797158
   -0.0062741394
   -0.0059457714
   -0.0054057159
   -0.0046726109
   -0.0037719860
   -0.0027353739
   -0.0015992066
  -0.00040353575
   0.00080937866
    0.0019965617
    0.0031158454
    0.0041273663
    0.0049949843
    0.0056875735
    0.0061801386
    0.0064547159
    0.0065010278
    0.0063168666
    0.0059081921
    0.0052889412
    0.0044805531
    0.0035112278
    0.0024149428
    0.0012302631
  -1.0156181e-06
   -0.0012353403
   -0.0024289411
   -0.0035393824
   -0.0045270717
   -0.0053566698
   -0.0059983555
   -0.0064288963
   -0.0066324895
   -0.0066013406
   -0.0063359606
   -0.0058451683
   -0.0051457990
   -0.0042621280
   -0.0032250279
   -0.0020708916
  -0.00084035484
   0.00042313309
    0.0016748436
    0.0028703512
    0.0039671100
    0.0049259670
    0.0057125594
    0.0062985453
    0.0066626243
    0.0067913110
    0.0066794332
    0.0063303370
    0.0057557901
    0.0049755860
    0.0040168634
    0.0029131626
    0.0017032526
   0.00042977027
  -0.00086228190
   -0.0021271253
   -0.0033198266
   -0.0043978934
   -0.0053227874
   -0.0060613016
   -0.0065867517
   -0.0068799395
   -0.0069298536
   -0.0067340811
   -0.0062989166
   -0.0056391609
   -0.0047776198
   -0.0037443157
   -0.0025754425
   -0.0013120984
   1.1583681e-06
    0.0013178808
    0.0025913747
    0.0037763544
    0.0048305521
    0.0057162251
    0.0064015061
    0.0068615495
    0.0070794310
    0.0070467691
    0.0067640457
    0.0062406127
    0.0054943843
    0.0045512251
    0.0034440541
    0.0022116968
   0.00089752428
  -0.00045207259
   -0.0017893200
   -0.0030667515
   -0.0042388925
   -0.0052638779
   -0.0061049469
   -0.0067317609
   -0.0071214963
   -0.0072596757
   -0.0071407031
   -0.0067680878
   -0.0061543446
   -0.0053205752
   -0.0042957433
   -0.0031156697
   -0.0018217807
  -0.00045965471
   0.00092258245
    0.0022759574
    0.0035523833
    0.0047063679
    0.0056966342
    0.0064875955
    0.0070506344
    0.0073651364
    0.0074192441
    0.0072103019
    0.0067449769
    0.0060390481
    0.0051168730
    0.0040105484
    0.0027587933
    0.0014055957
  -1.3334732e-06
   -0.0014122408
   -0.0027770898
   -0.0040473338
   -0.0051776428
   -0.0061275195
   -0.0068627497
   -0.0073566340
   -0.0075909559
   -0.0075566526
   -0.0072541631
   -0.0066934394
   -0.0058936219
   -0.0048823870
   -0.0036949903
   -0.0023730384
  -0.00096303183
   0.00048526950
    0.0019206019
    0.0032920113
    0.0045506612
    0.0056515712
    0.0065552231
    0.0072289789
    0.0076482582
    0.0077974343
    0.0076704144
    0.0072708842
    0.0066122061
    0.0057169742
    0.0046162405
    0.0033484385
    0.0019580426
   0.00049400876
  -0.00099194842
   -0.0024471814
   -0.0038199743
   -0.0050613792
   -0.0061269614
   -0.0069783880
   -0.0075848064
   -0.0079239612
   -0.0079830091
   -0.0077590033
   -0.0072590281
   -0.0064999781
   -0.0055079891
   -0.0043175392
   -0.0029702515
   -0.0015134400
   1.5510343e-06
    0.0015211557
    0.0029914795
    0.0043602096
    0.0055784750
    0.0066025907
    0.0073956228
    0.0079287197
    0.0081821599
    0.0081460807
    0.0078208579
    0.0072171247
    0.0063554272
    0.0052655257
    0.0039853690
    0.0025597737
    0.0010388567
  -0.00052372618
   -0.0020726713
   -0.0035529840
   -0.0049119297
   -0.0061009116
   -0.0070772074
   -0.0078055032
   -0.0082591693
   -0.0084212328
   -0.0082850103
   -0.0078543777
   -0.0071436669
   -0.0061771909
   -0.0049884133
   -0.0036187917
   -0.0021163322
  -0.00053390850
    0.0010725977
    0.0026462691
    0.0041311682
    0.0054743240
    0.0066276210
    0.0075495214
    0.0082065594
    0.0085745554
    0.0086395033
    0.0083981013
    0.0078579036
    0.0070370890
    0.0059638504
    0.0046754286
    0.0032168213
    0.0016392126
  -1.8217512e-06
   -0.0016482706
   -0.0032417373
   -0.0047255093
   -0.0060465752
   -0.0071575180
   -0.0080182147
   -0.0085972849
   -0.0088732326
   -0.0088352424
   -0.0084835987
   -0.0078297138
   -0.0068957604
   -0.0057139219
   -0.0043252851
   -0.0027784127
   -0.0011276473
   0.00056879746
    0.0022508873
    0.0038588912
    0.0053355006
    0.0066278707
    0.0076895099
    0.0084819511
    0.0089761436
    0.0091535165
    0.0090066733
    0.0085396935
    0.0077680279
    0.0067179902
    0.0054258614
    0.0039366385
    0.0023024683
   0.00058082362
   -0.0011675170
   -0.0028806133
   -0.0044975558
   -0.0059606305
   -0.0072173769
   -0.0082224676
   -0.0089393415
   -0.0093415317
   -0.0094136405
   -0.0091519251
   -0.0085644722
   -0.0076709536
   -0.0065019702
   -0.0050980058
   -0.0035080271
   -0.0017877775
   2.1761176e-06
    0.0017985733
    0.0035376949
    0.0051576211
    0.0066004343
    0.0078142886
    0.0087552705
    0.0093889859
    0.0096918150
    0.0096517902
    0.0092690628
    0.0085559435
    0.0075365098
    0.0062457964
    0.0047285925
    0.0030378902
    0.0012330348
  -0.00062235602
   -0.0024626332
   -0.0042224371
   -0.0058390170
   -0.0072544665
   -0.0084177967
   -0.0092867698
   -0.0098294315
    -0.010025283
   -0.0098660520
   -0.0093560323
   -0.0085119798
   -0.0073625658
   -0.0059474055
   -0.0043156950
   -0.0025245030
  -0.00063677653
    0.0012808686
    0.0031604972
    0.0049352588
    0.0065417639
    0.0079223453
    0.0090271264
    0.0098158208
     0.010259199
     0.010340168
     0.010054426
    0.0094106659
    0.0084303168
    0.0071468349
    0.0056045648
    0.0038572090
    0.0019659606
  -2.6377214e-06
   -0.0019790327
   -0.0038931157
   -0.0056767075
   -0.0072659846
   -0.0086037605
   -0.0096415414
    -0.010341281
    -0.010676774
    -0.010634631
    -0.010214807
   -0.0094306604
   -0.0083085273
   -0.0068868459
   -0.0052148406
   -0.0033508201
   -0.0013601466
   0.00068705394
    0.0027183593
    0.0046616109
    0.0064474746
    0.0080119118
    0.0092984734
     0.010260334
     0.010861993
     0.011080581
     0.010906726
     0.010344940
    0.0094135210
    0.0081439578
    0.0065798729
    0.0047755244
    0.0027939270
   0.00070465433
   -0.0014186017
   -0.0035006271
   -0.0054673472
   -0.0072484600
   -0.0087799455
    -0.010006365
    -0.010882863
    -0.011376807
    -0.011468996
    -0.011154402
    -0.010442409
   -0.0093565436
   -0.0079337019
   -0.0062229006
   -0.0042835907
   -0.0021835949
   3.2616840e-06
    0.0021997436
    0.0043279298
    0.0063119752
    0.0080808100
    0.0095706827
     0.010727454
     0.011508563
     0.011884584
     0.011840336
     0.011375480
     0.010504604
    0.0092567679
    0.0076745428
    0.0058125596
    0.0037356279
    0.0015164826
  -0.00076675944
   -0.0030333462
   -0.0052027430
   -0.0071974904
   -0.0089459664
    -0.010384955
    -0.011461927
    -0.012136954
    -0.012384186
    -0.012192830
    -0.011567608
    -0.010528660
   -0.0091109040
   -0.0073628679
   -0.0053450300
   -0.0031277325
  -0.00078873223
    0.0015895220
    0.0039227921
    0.0061280306
    0.0081263324
    0.0098457545
     0.011223902
     0.012210186
     0.012767680
     0.012874494
     0.012524623
     0.011728241
     0.010511418
    0.0089152737
    0.0069945939
    0.0048159529
    0.0024554113
  -4.1355230e-06
   -0.0024758643
   -0.0048720841
   -0.0071073435
   -0.0091014732
    -0.010782457
    -0.012089026
    -0.012972892
    -0.013400520
    -0.013354397
    -0.012833734
    -0.011854580
    -0.010449339
   -0.0086657017
   -0.0065650382
   -0.0042202861
   -0.0017134252
   0.00086738452
    0.0034308982
    0.0058860074
    0.0081449729
     0.010126555
     0.011758932
     0.012982294
     0.013751031
     0.014035427
     0.013822798
     0.013118032
     0.011943510
     0.010338407
    0.0083573907
    0.0060687672
    0.0035521299
   0.00089559774
   -0.0018072652
   -0.0044607393
   -0.0069703335
   -0.0092461446
    -0.011206072
    -0.012778773
    -0.013906255
    -0.014546005
    -0.014672585
    -0.014278629
    -0.013375206
    -0.011991530
    -0.010174026
   -0.0079847790
   -0.0054994219
   -0.0028045260
   5.4061444e-06
    0.0028312493
    0.0055727454
    0.0081320545
     0.010417240
     0.012345563
     0.013846473
     0.014864181
     0.015359724
     0.015312446
     0.014720837
     0.013602700
     0.011994632
    0.0099508400
    0.0075413150
    0.0048494490
    0.0019691532
  -0.00099841061
   -0.0039483755
   -0.0067758678
   -0.0093797280
    -0.011666122
    -0.013551914
    -0.014967683
    -0.015860267
    -0.016194750
    -0.015955813
    -0.015148396
    -0.013797652
    -0.011948173
   -0.0096625374
   -0.0070191935
   -0.0041097809
   -0.0010359598
    0.0020941321
    0.0051696757
    0.0080810850
     0.010723903
     0.013002540
     0.014833721
     0.016149523
     0.016899876
     0.017054463
     0.016603918
     0.015560295
     0.013956782
     0.011846660
    0.0093015442
    0.0064089650
    0.0032693672
  -7.3685414e-06
   -0.0033057608
   -0.0065087875
   -0.0095020270
    -0.012177735
    -0.014438713
    -0.016201825
    -0.017401047
    -0.017989921
    -0.017943341
    -0.017258585
    -0.015955571
    -0.014076303
    -0.011683532
   -0.0088586792
   -0.0056990730
   -0.0023146087
    0.0011760619
    0.0046496787
    0.0079827132
     0.011055749
     0.013757749
     0.015990051
     0.017669961
     0.018733799
     0.019139294
     0.018867243
     0.017922358
     0.016333270
     0.014151695
     0.011450762
    0.0083225830
    0.0048751214
    0.0012284817
   -0.0024892612
   -0.0061465456
   -0.0096129642
    -0.012763899
    -0.015484985
    -0.017676247
    -0.019255754
    -0.020162667
    -0.020359555
    -0.019833907
    -0.018598767
    -0.016692472
    -0.014177486
    -0.011138378
   -0.0076789931
   -0.0039189205
   1.0621673e-05
    0.0039713496
    0.0078227625
     0.011427109
     0.014654294
     0.017386558
     0.019522753
     0.020982065
     0.021707049
     0.021665859
     0.020853585
     0.019292657
     0.017032271
     0.014146873
     0.010733726
    0.0069096546
    0.0028070677
   -0.0014306068
   -0.0056539146
   -0.0097126244
    -0.013461049
    -0.016763254
    -0.019497960
    -0.021562975
    -0.022878986
    -0.023392572
    -0.023078329
    -0.021940018
    -0.020010693
    -0.017351791
    -0.014051210
    -0.010220426
   -0.0059907622
   -0.0015089035
    0.0030681585
    0.0075785999
     0.011861459
     0.015762351
     0.019139006
     0.021866425
     0.023841481
     0.024986774
     0.025253627
     0.024624087
     0.023111852
     0.020762094
     0.017650161
     0.013879201
    0.0095767757
    0.0048905765
  -1.6610251e-05
   -0.0049725265
   -0.0098014550
    -0.014330415
    -0.018395321
    -0.021846892
    -0.024556094
    -0.026418922
    -0.027360343
    -0.027337258
    -0.026340362
    -0.024394822
    -0.021559756
    -0.017926488
    -0.013615656
   -0.0087732509
   -0.0035657090
    0.0018257616
    0.0072114464
     0.012399754
     0.017203987
     0.021449012
     0.024977595
     0.027656170
     0.029379842
     0.030076427
     0.029709375
     0.028279480
     0.025825273
     0.022422094
     0.018179852
     0.013239531
    0.0077685610
    0.0019551998
   -0.0039978914
   -0.0098806540
    -0.015482984
    -0.020602174
    -0.025050184
    -0.028660480
    -0.031294198
    -0.032845402
    -0.033245252
    -0.032464901
    -0.030517024
    -0.027455894
    -0.023375997
    -0.018409197
    -0.012720555
   -0.0065029177
   2.9547463e-05
    0.0066486507
     0.013120072
     0.019211572
     0.024701241
     0.029385492
     0.033086516
     0.035658928
     0.036995359
     0.037030786
     0.035745425
     0.033166070
     0.029365808
     0.024462095
     0.018613244
     0.012013418
    0.0048862867
   -0.0025224452
   -0.0099534008
    -0.017142496
    -0.023830204
    -0.029770801
    -0.034741260
    -0.038549484
    -0.041041574
    -0.042107869
    -0.041687512
    -0.039771380
    -0.036403235
    -0.031679032
    -0.025744379
    -0.018790213
    -0.011046804
   -0.0027762878
    0.0057360532
     0.014191467
     0.022288042
     0.029731307
     0.036244745
     0.041579865
     0.045525461
     0.047915726
     0.048636910
     0.047632286
     0.044905185
     0.040519996
     0.034601040
     0.027329317
     0.018937211
    0.0097013026
  -6.6517315e-05
    -0.010029326
    -0.019836531
    -0.029135925
    -0.037586041
    -0.044868374
    -0.050699050
    -0.054839515
    -0.057105869
    -0.057376481
    -0.055597596
    -0.051786689
    -0.046033412
    -0.038498052
    -0.029407484
    -0.019048737
   -0.0077603103
    0.0040784833
     0.016059840
     0.027761053
     0.038758938
     0.048644607
     0.057038104
     0.063602383
     0.068056146
     0.070185073
     0.069851007
     0.066998756
     0.061660199
     0.053955509
     0.044091363
     0.032356145
     0.019112202
    0.0047853756
    -0.010147939
    -0.025175814
    -0.039767441
    -0.053390904
    -0.065531489
    -0.075709952
    -0.083500115
    -0.088545184
    -0.090572226
    -0.089404245
    -0.084969414
    -0.077307055
    -0.066570089
    -0.053023762
    -0.037040588
    -0.019091557
   0.00026621926
     0.020405127
     0.040645526
     0.060276579
     0.078578835
     0.094847898
      0.10841846
      0.11868798
      0.12513914
      0.12736055
      0.12506474
      0.11810300
      0.10647648
     0.090342930
     0.070019026
     0.045977826
     0.018841446
    -0.010631033
    -0.041560166
    -0.072966899
     -0.10379697
     -0.13294835
     -0.15930097
     -0.18174792
     -0.19922736
     -0.21075399
     -0.21544951
     -0.21257080
     -0.20153529
     -0.18194250
     -0.15359120
     -0.11649154
    -0.070871785
    -0.017179246
     0.043924592
      0.11157480
      0.18471939
      0.26214091
      0.34248287
      0.42428024
      0.50599327
      0.58604377
      0.66285290
      0.73487945
      0.80065756
      0.85883293
      0.90819648
      0.94771455
      0.97655486
      0.99410743
       1.0000000
      0.99410743
      0.97655486
      0.94771455
      0.90819648
      0.85883293
      0.80065756
      0.73487945
      0.66285290
      0.58604377
      0.50599327
      0.42428024
      0.34248287
      0.26214091
      0.18471939
      0.11157480
     0.043924592
    -0.017179246
    -0.070871785
     -0.11649154
     -0.15359120
     -0.18194250
     -0.20153529
     -0.21257080
     -0.21544951
     -0.21075399
     -0.19922736
     -0.18174792
     -0.15930097
     -0.13294835
     -0.10379697
    -0.072966898
    -0.041560166
    -0.010631033
     0.018841446
     0.045977827
     0.070019026
     0.090342931
      0.10647648
      0.11810300
      0.12506474
      0.12736055
      0.12513914
      0.11868798
      0.10841847
     0.094847898
     0.078578835
     0.060276580
     0.040645527
     0.020405128
   0.00026621949
    -0.019091557
    -0.037040588
    -0.053023762
    -0.066570089
    -0.077307056
    -0.084969415
    -0.089404246
    -0.090572227
    -0.088545185
    -0.083500116
    -0.075709953
    -0.065531489
    -0.053390904
    -0.039767442
    -0.025175815
    -0.010147940
    0.0047853751
     0.019112201
     0.032356144
     0.044091363
     0.053955509
     0.061660199
     0.066998756
     0.069851007
     0.070185074
     0.068056147
     0.063602383
     0.057038105
     0.048644608
     0.038758939
     0.027761054
     0.016059841
    0.0040784841
   -0.0077603096
    -0.019048736
    -0.029407483
    -0.038498051
    -0.046033412
    -0.051786688
    -0.055597596
    -0.057376481
    -0.057105869
    -0.054839515
    -0.050699051
    -0.044868375
    -0.037586041
    -0.029135925
    -0.019836532
    -0.010029327
  -6.6518154e-05
    0.0097013018
     0.018937211
     0.027329316
     0.034601040
     0.040519996
     0.044905184
     0.047632286
     0.048636910
     0.047915725
     0.045525461
     0.041579865
     0.036244745
     0.029731307
     0.022288043
     0.014191468
    0.0057360538
   -0.0027762872
    -0.011046803
    -0.018790212
    -0.025744379
    -0.031679032
    -0.036403235
    -0.039771379
    -0.041687511
    -0.042107869
    -0.041041574
    -0.038549484
    -0.034741260
    -0.029770801
    -0.023830204
    -0.017142496
   -0.0099534012
   -0.0025224456
    0.0048862863
     0.012013417
     0.018613244
     0.024462094
     0.029365807
     0.033166069
     0.035745424
     0.037030786
     0.036995359
     0.035658928
     0.033086516
     0.029385492
     0.024701241
     0.019211572
     0.013120072
    0.0066486509
   2.9547655e-05
   -0.0065029175
    -0.012720555
    -0.018409197
    -0.023375997
    -0.027455894
    -0.030517023
    -0.032464901
    -0.033245252
    -0.032845402
    -0.031294198
    -0.028660480
    -0.025050184
    -0.020602174
    -0.015482984
   -0.0098806544
   -0.0039978919
    0.0019551992
    0.0077685603
     0.013239530
     0.018179851
     0.022422093
     0.025825272
     0.028279480
     0.029709375
     0.030076426
     0.029379842
     0.027656169
     0.024977594
     0.021449012
     0.017203987
     0.012399754
    0.0072114465
    0.0018257618
   -0.0035657087
   -0.0087732504
    -0.013615656
    -0.017926487
    -0.021559756
    -0.024394822
    -0.026340361
    -0.027337258
    -0.027360342
    -0.026418921
    -0.024556093
    -0.021846891
    -0.018395320
    -0.014330414
   -0.0098014545
   -0.0049725261
  -1.6609933e-05
    0.0048905767
    0.0095767758
     0.013879201
     0.017650161
     0.020762094
     0.023111852
     0.024624087
     0.025253627
     0.024986773
     0.023841480
     0.021866425
     0.019139005
     0.015762350
     0.011861458
    0.0075785994
    0.0030681580
   -0.0015089039
   -0.0059907625
    -0.010220427
    -0.014051210
    -0.017351791
    -0.020010693
    -0.021940018
    -0.023078329
    -0.023392572
    -0.022878986
    -0.021562975
    -0.019497959
    -0.016763253
    -0.013461049
   -0.0097126239
   -0.0056539141
   -0.0014306063
    0.0028070681
    0.0069096549
     0.010733726
     0.014146873
     0.017032271
     0.019292657
     0.020853585
     0.021665858
     0.021707049
     0.020982065
     0.019522752
     0.017386558
     0.014654293
     0.011427108
    0.0078227621
    0.0039713493
   1.0621348e-05
   -0.0039189208
   -0.0076789933
    -0.011138379
    -0.014177486
    -0.016692472
    -0.018598767
    -0.019833907
    -0.020359555
    -0.020162667
    -0.019255754
    -0.017676246
    -0.015484984
    -0.012763898
   -0.0096129639
   -0.0061465454
   -0.0024892610
    0.0012284819
    0.0048751216
    0.0083225831
     0.011450762
     0.014151695
     0.016333270
     0.017922357
     0.018867243
     0.019139293
     0.018733798
     0.017669961
     0.015990051
     0.013757748
     0.011055749
    0.0079827125
    0.0046496779
    0.0011760612
   -0.0023146094
   -0.0056990736
   -0.0088586797
    -0.011683532
    -0.014076303
    -0.015955571
    -0.017258585
    -0.017943341
    -0.017989921
    -0.017401046
    -0.016201824
    -0.014438712
    -0.012177734
   -0.0095020259
   -0.0065087863
   -0.0033057596
  -7.3672403e-06
    0.0032693685
    0.0064089663
    0.0093015455
     0.011846661
     0.013956783
     0.015560296
     0.016603919
     0.017054464
     0.016899877
     0.016149523
     0.014833721
     0.013002540
     0.010723903
    0.0080810847
    0.0051696753
    0.0020941315
   -0.0010359606
   -0.0041097817
   -0.0070191944
   -0.0096625384
    -0.011948174
    -0.013797653
    -0.015148397
    -0.015955814
    -0.016194751
    -0.015860268
    -0.014967683
    -0.013551914
    -0.011666122
   -0.0093797282
   -0.0067758679
   -0.0039483754
  -0.00099841040
    0.0019691535
    0.0048494495
    0.0075413155
    0.0099508406
     0.011994633
     0.013602700
     0.014720837
     0.015312446
     0.015359725
     0.014864182
     0.013846473
     0.012345563
     0.010417240
    0.0081320544
    0.0055727452
    0.0028312489
   5.4056435e-06
   -0.0028045267
   -0.0054994226
   -0.0079847798
    -0.010174026
    -0.011991531
    -0.013375207
    -0.014278630
    -0.014672586
    -0.014546006
    -0.013906256
    -0.012778774
    -0.011206073
   -0.0092461452
   -0.0069703341
   -0.0044607397
   -0.0018072655
   0.00089559765
    0.0035521300
    0.0060687674
    0.0083573910
     0.010338407
     0.011943510
     0.013118032
     0.013822799
     0.014035428
     0.013751032
     0.012982295
     0.011758933
     0.010126556
    0.0081449738
    0.0058860082
    0.0034308989
   0.00086738517
   -0.0017134246
   -0.0042202856
   -0.0065650378
   -0.0086657014
    -0.010449338
    -0.011854580
    -0.012833734
    -0.013354397
    -0.013400520
    -0.012972892
    -0.012089027
    -0.010782457
   -0.0091014733
   -0.0071073437
   -0.0048720842
   -0.0024758644
  -4.1356206e-06
    0.0024554113
    0.0048159529
    0.0069945939
    0.0089152737
     0.010511418
     0.011728241
     0.012524623
     0.012874494
     0.012767680
     0.012210186
     0.011223901
    0.0098457544
    0.0081263323
    0.0061280303
    0.0039227918
    0.0015895216
  -0.00078873266
   -0.0031277330
   -0.0053450306
   -0.0073628685
   -0.0091109046
    -0.010528660
    -0.011567608
    -0.012192831
    -0.012384187
    -0.012136955
    -0.011461927
    -0.010384955
   -0.0089459667
   -0.0071974906
   -0.0052027431
   -0.0030333462
  -0.00076675929
    0.0015164829
    0.0037356282
    0.0058125601
    0.0076745433
    0.0092567686
     0.010504604
     0.011375481
     0.011840336
     0.011884585
     0.011508564
     0.010727455
    0.0095706833
    0.0080808105
    0.0063119756
    0.0043279301
    0.0021997438
   3.2617619e-06
   -0.0021835949
   -0.0042835909
   -0.0062229008
   -0.0079337022
   -0.0093565441
    -0.010442410
    -0.011154403
    -0.011468997
    -0.011376807
    -0.010882863
    -0.010006365
   -0.0087799460
   -0.0072484604
   -0.0054673476
   -0.0035006273
   -0.0014186019
   0.00070465431
    0.0027939271
    0.0047755246
    0.0065798732
    0.0081439582
    0.0094135214
     0.010344941
     0.010906726
     0.011080581
     0.010861993
     0.010260334
    0.0092984739
    0.0080119122
    0.0064474749
    0.0046616111
    0.0027183594
   0.00068705399
   -0.0013601466
   -0.0033508203
   -0.0052148409
   -0.0068868463
   -0.0083085277
   -0.0094306609
    -0.010214808
    -0.010634631
    -0.010676775
    -0.010341282
   -0.0096415418
   -0.0086037608
   -0.0072659848
   -0.0056767076
   -0.0038931156
   -0.0019790325
  -2.6373628e-06
    0.0019659611
    0.0038572097
    0.0056045656
    0.0071468359
    0.0084303179
    0.0094106671
     0.010054427
     0.010340169
     0.010259200
    0.0098158220
    0.0090271276
    0.0079223463
    0.0065417648
    0.0049352596
    0.0031604977
    0.0012808689
  -0.00063677646
   -0.0025245031
   -0.0043156955
   -0.0059474062
   -0.0073625667
   -0.0085119809
   -0.0093560337
   -0.0098660536
    -0.010025285
   -0.0098294333
   -0.0092867716
   -0.0084177986
   -0.0072544684
   -0.0058390188
   -0.0042224388
   -0.0024626348
  -0.00062235738
    0.0012330337
    0.0030378893
    0.0047285919
    0.0062457960
    0.0075365098
    0.0085559438
    0.0092690634
    0.0096517909
    0.0096918161
    0.0093889871
    0.0087552719
    0.0078142902
    0.0066004360
    0.0051576227
    0.0035376966
    0.0017985750
   2.1776751e-06
   -0.0017877760
   -0.0035080259
   -0.0050980047
   -0.0065019693
   -0.0076709530
   -0.0085644718
   -0.0091519250
   -0.0094136406
   -0.0093415320
   -0.0089393420
   -0.0082224683
   -0.0072173777
   -0.0059606314
   -0.0044975568
   -0.0028806144
   -0.0011675182
   0.00058082253
    0.0023024673
    0.0039366376
    0.0054258606
    0.0067179895
    0.0077680275
    0.0085396932
    0.0090066732
    0.0091535166
    0.0089761439
    0.0084819516
    0.0076895105
    0.0066278715
    0.0053355015
    0.0038588921
    0.0022508883
   0.00056879839
   -0.0011276464
   -0.0027784119
   -0.0043252844
   -0.0057139214
   -0.0068957600
   -0.0078297136
   -0.0084835987
   -0.0088352426
   -0.0088732331
   -0.0085972855
   -0.0080182155
   -0.0071575189
   -0.0060465764
   -0.0047255105
   -0.0032417386
   -0.0016482720
  -1.8231142e-06
    0.0016392112
    0.0032168201
    0.0046754275
    0.0059638494
    0.0070370881
    0.0078579030
    0.0083981009
    0.0086395032
    0.0085745555
    0.0082065597
    0.0075495219
    0.0066276218
    0.0054743250
    0.0041311693
    0.0026462704
    0.0010725991
  -0.00053390698
   -0.0021163306
   -0.0036187901
   -0.0049884118
   -0.0061771894
   -0.0071436656
   -0.0078543765
   -0.0082850092
   -0.0084212319
   -0.0082591686
   -0.0078055027
   -0.0070772072
   -0.0061009116
   -0.0049119299
   -0.0035529844
   -0.0020726719
  -0.00052372692
    0.0010388558
    0.0025597728
    0.0039853680
    0.0052655247
    0.0063554262
    0.0072171238
    0.0078208569
    0.0081460799
    0.0081821592
    0.0079287191
    0.0073956224
    0.0066025905
    0.0055784749
    0.0043602097
    0.0029914797
    0.0015211561
   1.5515168e-06
   -0.0015134394
   -0.0029702508
   -0.0043175385
   -0.0055079884
   -0.0064999774
   -0.0072590274
   -0.0077590026
   -0.0079830085
   -0.0079239607
   -0.0075848061
   -0.0069783877
   -0.0061269612
   -0.0050613792
   -0.0038199744
   -0.0024471817
  -0.00099194878
   0.00049400831
    0.0019580421
    0.0033484379
    0.0046162398
    0.0057169736
    0.0066122054
    0.0072708836
    0.0076704138
    0.0077974338
    0.0076482578
    0.0072289786
    0.0065552229
    0.0056515711
    0.0045506612
    0.0032920114
    0.0019206021
   0.00048526976
  -0.00096303151
   -0.0023730380
   -0.0036949899
   -0.0048823866
   -0.0058936216
   -0.0066934390
   -0.0072541628
   -0.0075566524
   -0.0075909557
   -0.0073566339
   -0.0068627497
   -0.0061275196
   -0.0051776431
   -0.0040473342
   -0.0027770903
   -0.0014122414
  -1.3341096e-06
    0.0014055950
    0.0027587926
    0.0040105476
    0.0051168723
    0.0060390474
    0.0067449763
    0.0072103014
    0.0074192437
    0.0073651362
    0.0070506343
    0.0064875955
    0.0056966343
    0.0047063682
    0.0035523837
    0.0022759580
   0.00092258317
  -0.00045965389
   -0.0018217798
   -0.0031156687
   -0.0042957423
   -0.0053205742
   -0.0061543437
   -0.0067680869
   -0.0071407023
   -0.0072596750
   -0.0071214958
   -0.0067317605
   -0.0061049467
   -0.0052638779
   -0.0042388927
   -0.0030667519
   -0.0017893205
  -0.00045207325
   0.00089752349
    0.0022116959
    0.0034440531
    0.0045512240
    0.0054943833
    0.0062406117
    0.0067640447
    0.0070467682
    0.0070794302
    0.0068615489
    0.0064015056
    0.0057162248
    0.0048305520
    0.0037763545
    0.0025913750
    0.0013178812
   1.1590513e-06
   -0.0013120976
   -0.0025754414
   -0.0037443145
   -0.0047776185
   -0.0056391595
   -0.0062989151
   -0.0067340797
   -0.0069298521
   -0.0068799381
   -0.0065867504
   -0.0060613004
   -0.0053227863
   -0.0043978924
   -0.0033198258
   -0.0021271248
  -0.00086228158
   0.00042977037
    0.0017032525
    0.0029131623
    0.0040168629
    0.0049755853
    0.0057557893
    0.0063303362
    0.0066794323
    0.0067913100
    0.0066626234
    0.0062985443
    0.0057125585
    0.0049259661
    0.0039671092
    0.0028703505
    0.0016748431
   0.00042313273
  -0.00084035505
   -0.0020708916
   -0.0032250278
   -0.0042621278
   -0.0051457987
   -0.0058451678
   -0.0063359601
   -0.0066013401
   -0.0066324889
   -0.0064288957
   -0.0059983549
   -0.0053566693
   -0.0045270712
   -0.0035393821
   -0.0024289408
   -0.0012353402
  -1.0156777e-06
    0.0012302629
    0.0024149425
    0.0035112273
    0.0044805524
    0.0052889404
    0.0059081912
    0.0063168656
    0.0065010268
    0.0064547149
    0.0061801376
    0.0056875725
    0.0049949833
    0.0041273654
    0.0031158447
    0.0019965610
   0.00080937813
  -0.00040353612
   -0.0015992068
   -0.0027353739
   -0.0037719859
   -0.0046726106
   -0.0054057154
   -0.0059457708
   -0.0062741387
   -0.0063797150
   -0.0062593042
   -0.0059177133
   -0.0053675622
   -0.0046288189
   -0.0037280747
   -0.0026975880
   -0.0015741298
  -0.00039767136
   0.00079003665
    0.0019469459
    0.0030321983
    0.0040075684
    0.0048388098
    0.0054968564
    0.0059588388
    0.0062088784
    0.0062386322
    0.0060475705
    0.0056429769
    0.0050396718
    0.0042594707
    0.0033303959
    0.0022856704
    0.0011625301
   8.9761866e-07
   -0.0011580365
   -0.0022732743
   -0.0033054595
   -0.0042182668
   -0.0049796792
   -0.0055631107
   -0.0059483344
   -0.0061221825
   -0.0060789967
   -0.0058208098
   -0.0053572568
   -0.0047052156
   -0.0038881938
   -0.0029354813
   -0.0018811008
  -0.00076259327
   0.00038031817
    0.0015071387
    0.0025780359
    0.0035552479
    0.0044044139
    0.0050957824
    0.0056052527
    0.0059152152
    0.0060151588
    0.0059020271
    0.0055803091
    0.0050618636
    0.0043654823
    0.0035162098
    0.0025444430
    0.0014848436
   0.00037510238
  -0.00074540124
   -0.0018369962
   -0.0028611238
   -0.0037816996
   -0.0045663839
   -0.0051877182
   -0.0056240848
   -0.0058604591
   -0.0058889261
   -0.0057089443
   -0.0053273488
   -0.0047580925
   -0.0040217368
   -0.0031447095
   -0.0021583563
   -0.0010978214
  -7.9550883e-07
    0.0010938235
    0.0021473092
    0.0031224762
    0.0039849928
    0.0047045887
    0.0052561175
    0.0056204346
    0.0057850616
    0.0057446129
    0.0055009706
    0.0050632024
    0.0044472241
    0.0036752224
    0.0027748557
    0.0017782638
   0.00072092067
  -0.00035962745
   -0.0014250952
   -0.0024378144
   -0.0033620648
   -0.0041653344
   -0.0048194623
   -0.0053016255
   -0.0055951353
   -0.0056900140
   -0.0055833335
   -0.0052793038
   -0.0047891086
   -0.0041304945
   -0.0033271290
   -0.0024077505
   -0.0014051406
  -0.00035495540
   0.00070554206
    0.0017388036
    0.0027083250
    0.0035799354
    0.0043230014
    0.0049115031
    0.0053249450
    0.0055490695
    0.0055763479
    0.0054062328
    0.0050451621
    0.0045063170
    0.0038091411
    0.0029786391
    0.0020444806
    0.0010399402
   7.1295708e-07
   -0.0010363540
   -0.0020345674
   -0.0029586860
   -0.0037761640
   -0.0044582974
   -0.0049812313
   -0.0053267940
   -0.0054831276
   -0.0054450949
   -0.0052144470
   -0.0047997467
   -0.0042160517
   -0.0034843681
   -0.0026308950
   -0.0016860865
  -0.00068356540
   0.00034107279
    0.0013515237
    0.0023120599
    0.0031887941
    0.0039508739
    0.0045715676
    0.0050292017
    0.0053079167
    0.0053982169
    0.0052972932
    0.0050091085
    0.0045442442
    0.0039195117
    0.0031573449
    0.0022849953
    0.0013335575
   0.00033686163
  -0.00066972985
   -0.0016505760
   -0.0025710194
   -0.0033986101
   -0.0041042498
   -0.0046632141
   -0.0050560192
   -0.0052691000
   -0.0052952786
   -0.0051340052
   -0.0047913643
   -0.0042798459
   -0.0036178910
   -0.0028292268
   -0.0019420165
  -0.00098785428
  -6.4006138e-07
   0.00098462438
    0.0019330762
    0.0028112248
    0.0035881341
    0.0042365122
    0.0047336698
    0.0050623136
    0.0052111480
    0.0051752626
    0.0049562933
    0.0045623514
    0.0040077240
    0.0033123559
    0.0025011330
    0.0016029918
   0.00064988769
  -0.00032434215
   -0.0012851793
   -0.0021986472
   -0.0030325121
   -0.0037574204
   -0.0043479318
   -0.0047834114
   -0.0050487511
   -0.0051348929
   -0.0050391378
   -0.0047652288
   -0.0043232061
   -0.0037290396
   -0.0030040519
   -0.0021741537
   -0.0012689179
  -0.00032052627
   0.00063737471
    0.0015708671
    0.0024469621
    0.0032347661
    0.0039065690
    0.0044388196
    0.0048129502
    0.0050160243
    0.0050411838
    0.0048878794
    0.0045618788
    0.0040750497
    0.0034449285
    0.0026940890
    0.0018493339
   0.00094073811
   5.7853927e-07
  -0.00093781247
   -0.0018412286
   -0.0026777642
   -0.0034179413
   -0.0040357476
   -0.0045095507
   -0.0048228551
   -0.0049648766
   -0.0049309125
   -0.0047224971
   -0.0043473353
   -0.0038190183
   -0.0031565318
   -0.0023835740
   -0.0015277076
  -0.00061937793
   0.00030917032
    0.0012250374
    0.0020958339
    0.0028908259
    0.0035820199
    0.0041451476
    0.0045605184
    0.0048137072
    0.0048960553
    0.0048049660
    0.0045439853
    0.0041226648
    0.0035562130
    0.0028649459
    0.0020735592
    0.0012102463
   0.00030569342
  -0.00060800998
   -0.0014985100
   -0.0023343336
   -0.0030860004
   -0.0037270629
   -0.0042350361
   -0.0045921867
   -0.0047861510
   -0.0048103635
   -0.0046642779
   -0.0043533760
   -0.0038889622
   -0.0032877531
   -0.0025712760
   -0.0017650981
  -0.00089791471
  -5.2794356e-07
   0.00089524731
    0.0017577109
    0.0025563992
    0.0032631608
    0.0038531484
    0.0043056927
    0.0046050257
    0.0047408300
    0.0047085944
    0.0045097626
    0.0041516718
    0.0036472821
    0.0030147079
    0.0022765677
    0.0014591751
   0.00059160174
  -0.00029535726
   -0.0011702757
   -0.0020022097
   -0.0027617921
   -0.0034222685
   -0.0039604398
   -0.0043574769
   -0.0045995788
   -0.0046784525
   -0.0045915965
   -0.0043423791
   -0.0039399088
   -0.0033987016
   -0.0027381579
   -0.0019818672
   -0.0011567660
  -0.00029217829
   0.00058122609
    0.0014325194
    0.0022316110
    0.0029503105
    0.0035633225
    0.0040491363
    0.0043907810
    0.0045764174
    0.0045997486
    0.0044602331
    0.0041630934
    0.0037191219
    0.0031442882
    0.0024591659
    0.0016881958
   0.00085881455
   4.7817726e-07
  -0.00085638366
   -0.0016814464
   -0.0024455635
   -0.0031217960
   -0.0036863620
   -0.0041194729
   -0.0044060267
   -0.0045361346
   -0.0045054617
   -0.0043153708
   -0.0039728648
   -0.0034903287
   -0.0028850819
   -0.0021787574
   -0.0013965280
  -0.00056621016
   0.00028272580
    0.0011202009
    0.0019165934
    0.0026437862
    0.0032761594
    0.0037914928
    0.0041717463
    0.0044036915
    0.0044793716
    0.0043963737
    0.0041579053
    0.0037726707
    0.0032545541
    0.0026221190
    0.0018979436
    0.0011078147
   0.00027980992
  -0.00055670032
   -0.0013720940
   -0.0021375464
   -0.0028260493
   -0.0034133630
   -0.0038788703
   -0.0042062998
   -0.0043842941
   -0.0044068041
   -0.0042732939
   -0.0039887504
   -0.0035634978
   -0.0030128232
   -0.0023564269
   -0.0016177185
  -0.00082298169
  -4.3916343e-07
   0.00082074909
    0.0016115196
    0.0023439340
    0.0029921655
    0.0035334100
    0.0039486877
    0.0042235087
    0.0043483786
    0.0043191256
    0.0041370400
    0.0038088193
    0.0033463221
    0.0027661399
    0.0020890022
    0.0013390361
   0.00054290633
  -0.00027113199
   -0.0010742365
   -0.0018379992
   -0.0025354511
   -0.0031420144
   -0.0036363685
   -0.0040011991
   -0.0042238048
   -0.0042965386
   -0.0042170707
   -0.0039884621
   -0.0036190474
   -0.0031221315
   -0.0025155102
   -0.0018208336
   -0.0010628330
  -0.00026844094
   0.00053416560
    0.0013165646
    0.0020510955
    0.0027118363
    0.0032755191
    0.0037223487
    0.0040366979
    0.0042076535
    0.0042293955
    0.0041013944
    0.0038284220
    0.0034203730
    0.0028919078
    0.0022619249
    0.0015528860
   0.00079001459
   3.9948985e-07
  -0.00078796739
   -0.0015471831
   -0.0022504209
   -0.0028728783
   -0.0033926517
   -0.0037915067
   -0.0040555177
   -0.0041755544
   -0.0041475967
   -0.0039728692
   -0.0036577895
   -0.0032137326
   -0.0026566209
   -0.0020063529
   -0.0012860931
  -0.00052144661
   0.00026045083
    0.0010318957
    0.0017655981
    0.0024356470
    0.0030184255
    0.0034934424
    0.0038440532
    0.0040580429
    0.0041280513
    0.0040518263
    0.0038322950
    0.0034774525
    0.0030000706
    0.0024172385
    0.0017497513
    0.0010213680
   0.00025796580
  -0.00051337874
   -0.0012653502
   -0.0019713613
   -0.0026064930
   -0.0031483738
   -0.0035779676
   -0.0038802422
   -0.0040446953
   -0.0040657194
   -0.0039427921
   -0.0036804873
   -0.0032883050
   -0.0027803280
   -0.0021747156
   -0.0014930554
  -0.00075959306
  -3.7090236e-07
   0.00075769723
    0.0014877797
    0.0021640766
    0.0027627314
    0.0032626725
    0.0036463547
    0.0039003745
    0.0040159387
    0.0039891684
    0.0038212284
    0.0035182788
    0.0030912492
    0.0025554444
    0.0019299961
    0.0012371799
   0.00050162230
  -0.00025057501
  -0.00099276083
   -0.0016986788
   -0.0023433961
   -0.0029041841
   -0.0033613192
   -0.0036987767
   -0.0039047922
   -0.0039722718
   -0.0038990358
   -0.0036878889
   -0.0033465129
   -0.0028871877
   -0.0023263500
   -0.0016840048
  -0.00098301197
  -0.00024827330
   0.00049415247
    0.0012179735
    0.0018975960
    0.0025090288
    0.0030307304
    0.0034443678
    0.0037354604
    0.0038938868
    0.0039142370
    0.0037959962
    0.0035435563
    0.0031660528
    0.0026770344
    0.0020939772
    0.0014376598
   0.00073142341
   3.4142263e-07
  -0.00072967037
   -0.0014327724
   -0.0020841160
   -0.0026607210
   -0.0031422871
   -0.0035119079
   -0.0037566644
   -0.0038680767
   -0.0038423971
   -0.0036807365
   -0.0033890173
   -0.0029777569
   -0.0024616888
   -0.0018592347
   -0.0011918472
  -0.00048324597
   0.00024142521
   0.00095649055
    0.0016366518
    0.0022578831
    0.0027982798
    0.0032388305
    0.0035640857
    0.0037626998
    0.0038278262
    0.0037573538
    0.0035539742
    0.0032250797
    0.0027824950
    0.0022420517
    0.0016230228
   0.00094743498
   0.00023928503
  -0.00047631224
   -0.0011740147
   -0.0018291502
   -0.0024185892
   -0.0029215606
   -0.0033203845
   -0.0036010928
   -0.0037539185
   -0.0037736356
   -0.0036597372
   -0.0034164471
   -0.0030525630
   -0.0025811390
   -0.0020190171
   -0.0013862257
  -0.00070526613
  -3.1274597e-07
   0.00070364544
    0.0013816903
    0.0020098564
    0.0025659783
    0.0030304722
    0.0033870258
    0.0036231707
    0.0037307188
    0.0037060454
    0.0035502116
    0.0032689198
    0.0028723053
    0.0023745713
    0.0017934806
    0.0011497211
   0.00046617024
  -0.00023291842
  -0.00092277556
   -0.0015789935
   -0.0021783900
   -0.0026998264
   -0.0031249539
   -0.0034388585
   -0.0036305844
   -0.0036935161
   -0.0036256065
   -0.0034294431
   -0.0031121496
   -0.0026851278
   -0.0021636478
   -0.0015663018
  -0.00091434172
  -0.00023092318
   0.00045971705
    0.0011331203
    0.0017654723
    0.0023344448
    0.0028199846
    0.0032050195
    0.0034760590
    0.0036236665
    0.0036427879
    0.0035329246
    0.0032981444
    0.0029469315
    0.0024918800
    0.0019492422
    0.0013383487
   0.00068091938
   2.9154387e-07
  -0.00067940848
   -0.0013341205
   -0.0019407019
   -0.0024777458
   -0.0029263365
   -0.0032707151
   -0.0034988338
   -0.0036027765
   -0.0035790339
   -0.0034286216
   -0.0031570375
   -0.0027740618
   -0.0022934042
   -0.0017322136
   -0.0011104665
  -0.00045025553
   0.00022499502
   0.00089136050
    0.0015252633
    0.0021043073
    0.0026080684
    0.0030188157
    0.0033221347
    0.0035074337
    0.0035683130
    0.0035027862
    0.0033133440
    0.0030068606
    0.0025943441
    0.0020905411
    0.0015134099
   0.00088348042
   0.00022312377
  -0.00044424189
   -0.0010949819
   -0.0017060819
   -0.0022559618
   -0.0027252378
   -0.0030974054
   -0.0033594199
   -0.0035021537
   -0.0035207137
   -0.0034146093
   -0.0031877637
   -0.0028483690
   -0.0024085906
   -0.0018841312
   -0.0012936704
  -0.00065819900
  -0.00022190824
  -0.00022190825
