   0.00066507440
    0.0013248634
    0.0019737664
    0.0026060059
    0.0032159446
    0.0037981357
    0.0043473715
    0.0048587301
    0.0053276193
    0.0057498177
    0.0061215131
    0.0064393365
    0.0067003928
    0.0069022873
    0.0070431472
    0.0071216393
    0.0071369824
    0.0070889550
    0.0069778981
    0.0068047130
    0.0065708536
    0.0062783149
    0.0059296155
    0.0055277762
    0.0050762939
    0.0045791107
    0.0040405804
    0.0034654294
    0.0028587162
    0.0022257860
    0.0015722244
   0.00090380768
   0.00022645194
  -0.00045383928
   -0.0011310282
   -0.0017990963
   -0.0024520978
   -0.0030842128
   -0.0036897986
   -0.0042634407
   -0.0048000005
   -0.0052946620
   -0.0057429744
   -0.0061408926
   -0.0064848133
   -0.0067716077
   -0.0069986502
   -0.0071638421
   -0.0072656311
   -0.0073030257
   -0.0072756050
   -0.0071835230
   -0.0070275081
   -0.0068088576
   -0.0065294267
   -0.0061916130
   -0.0057983357
   -0.0053530108
   -0.0048595211
   -0.0043221826
   -0.0037457066
   -0.0031351585
   -0.0024959133
   -0.0018336085
   -0.0011540940
  -0.00046338087
   0.00023241220
   0.00092711271
    0.0016145493
    0.0022886064
    0.0029432789
    0.0035727253
    0.0041713198
    0.0047337030
    0.0052548293
    0.0057300125
    0.0061549679
    0.0065258505
    0.0068392904
    0.0070924230
    0.0072829152
    0.0074089867
    0.0074694271
    0.0074636068
    0.0073914839
    0.0072536052
    0.0070511023
    0.0067856822
    0.0064596129
    0.0060757044
    0.0056372843
    0.0051481690
    0.0046126305
    0.0040353589
    0.0034214220
    0.0027762202
    0.0021054391
    0.0014149998
   0.00071100623
  -3.0845377e-07
  -0.00071263726
   -0.0014196552
   -0.0021150753
   -0.0027927046
   -0.0034464994
   -0.0040706189
   -0.0046594773
   -0.0052077942
   -0.0057106414
   -0.0061634876
   -0.0065622388
   -0.0069032756
   -0.0071834860
   -0.0074002936
   -0.0075516812
   -0.0076362098
   -0.0076530320
   -0.0076019005
   -0.0074831710
   -0.0072978001
   -0.0070473375
   -0.0067339133
   -0.0063602197
   -0.0059294881
   -0.0054454610
   -0.0049123599
   -0.0043348480
   -0.0037179898
   -0.0030672064
   -0.0023882283
   -0.0016870447
  -0.00096985066
  -0.00024299256
   0.00048708816
    0.0012139120
    0.0019310189
    0.0026320256
    0.0033106825
    0.0039609292
    0.0045769488
    0.0051532197
    0.0056845653
    0.0061662001
    0.0065937733
    0.0069634076
    0.0072717345
    0.0075159250
    0.0076937154
    0.0078034285
    0.0078439889
    0.0078149341
    0.0077164187
    0.0075492146
    0.0073147049
    0.0070148724
    0.0066522828
    0.0062300630
    0.0057518743
    0.0052218803
    0.0046447108
    0.0040254217
    0.0033694502
    0.0026825675
    0.0019708281
    0.0012405161
   0.00049809005
  -0.00024987434
  -0.00099674223
   -0.0017358786
   -0.0024607070
   -0.0031647684
   -0.0038417782
   -0.0044856827
   -0.0050907131
   -0.0056514371
   -0.0061628076
   -0.0066202083
   -0.0070194950
   -0.0073570334
   -0.0076297322
   -0.0078350710
   -0.0079711239
   -0.0080365774
   -0.0080307429
   -0.0079535637
   -0.0078056169
   -0.0075881087
   -0.0073028650
   -0.0069523158
   -0.0065394750
   -0.0060679142
   -0.0055417319
   -0.0049655179
   -0.0043443135
   -0.0036835669
   -0.0029890863
   -0.0022669879
   -0.0015236429
  -0.00076562074
   3.6851860e-07
   0.00076753387
    0.0015290634
    0.0022781846
    0.0030082250
    0.0037126709
    0.0043852263
    0.0050198682
    0.0056109014
    0.0061530087
    0.0066412997
    0.0070713538
    0.0074392612
    0.0077416574
    0.0079757550
    0.0081393684
    0.0082309348
    0.0082495285
    0.0081948706
    0.0080673323
    0.0078679325
    0.0075983299
    0.0072608093
    0.0068582621
    0.0063941617
    0.0058725337
    0.0052979209
    0.0046753436
    0.0040102561
    0.0033084986
    0.0025762464
    0.0018199552
    0.0010463042
   0.00026213765
  -0.00052559633
   -0.0013099068
   -0.0020838223
   -0.0028404524
   -0.0035730496
   -0.0042750689
   -0.0049402265
   -0.0055625562
   -0.0061364622
   -0.0066567704
   -0.0071187740
   -0.0075182767
   -0.0078516305
   -0.0081157691
   -0.0083082360
   -0.0084272069
   -0.0084715079
   -0.0084406258
   -0.0083347145
   -0.0081545944
   -0.0079017463
   -0.0075782991
   -0.0071870123
   -0.0067312520
   -0.0062149626
   -0.0056426322
   -0.0050192538
   -0.0043502819
   -0.0036415846
   -0.0028993924
   -0.0021302431
   -0.0013409247
  -0.00053841519
   0.00027017892
    0.0010776856
    0.0018769309
    0.0026608024
    0.0034223129
    0.0041546622
    0.0048512980
    0.0055059747
    0.0061128089
    0.0066663325
    0.0071615420
    0.0075939437
    0.0079595939
    0.0082551357
    0.0084778290
    0.0086255764
    0.0086969423
    0.0086911674
    0.0086081760
    0.0084485781
    0.0082136650
    0.0079053989
    0.0075263969
    0.0070799082
    0.0065697872
    0.0060004594
    0.0053768834
    0.0047045082
    0.0039892247
    0.0032373150
    0.0024553966
    0.0016503648
   0.00082933134
  -4.3782423e-07
  -0.00083158721
   -0.0016567368
   -0.0024685474
   -0.0032597863
   -0.0040233911
   -0.0047525332
   -0.0054406784
   -0.0060816458
   -0.0066696631
   -0.0071994185
   -0.0076661086
   -0.0080654821
   -0.0083938785
   -0.0086482610
   -0.0088262455
   -0.0089261220
   -0.0089468715
   -0.0088881757
   -0.0087504216
   -0.0085346988
   -0.0082427912
   -0.0078771621
   -0.0074409341
   -0.0069378617
   -0.0063722997
   -0.0057491649
   -0.0050738941
   -0.0043523963
   -0.0035910011
   -0.0027964030
   -0.0019756032
   -0.0011358473
  -0.00028456169
   0.00057071202
    0.0014223840
    0.0022628832
    0.0030847251
    0.0038805776
    0.0046433272
    0.0053661417
    0.0060425322
    0.0066664105
    0.0072321445
    0.0077346087
    0.0081692306
    0.0085320320
    0.0088196662
    0.0090294476
    0.0091593779
    0.0092081640
    0.0091752316
    0.0090607308
    0.0088655364
    0.0085912415
    0.0082401443
    0.0078152292
    0.0073201413
    0.0067591554
    0.0061371387
    0.0054595092
    0.0047321884
    0.0039615490
    0.0031543602
    0.0023177273
    0.0014590297
   0.00058585575
  -0.00029406422
   -0.0011729264
   -0.0020429224
   -0.0028963091
   -0.0037254769
   -0.0045230179
   -0.0052817919
   -0.0059949904
   -0.0066561974
   -0.0072594475
   -0.0077992791
   -0.0082707842
   -0.0086696529
   -0.0089922126
   -0.0092354619
   -0.0093970983
   -0.0094755400
   -0.0094699413
   -0.0093802011
   -0.0092069657
   -0.0089516238
   -0.0086162959
   -0.0082038165
   -0.0077177106
   -0.0071621632
   -0.0065419837
   -0.0058625642
   -0.0051298323
   -0.0043502003
   -0.0035305082
   -0.0026779643
   -0.0018000817
  -0.00090461229
   5.2196361e-07
   0.00090729876
    0.0018076666
    0.0026936164
    0.0035572523
    0.0043908622
    0.0051869869
    0.0059384860
    0.0066386028
    0.0072810241
    0.0078599380
    0.0083700855
    0.0088068089
    0.0091660940
    0.0094446067
    0.0096397245
    0.0097495604
    0.0097729812
    0.0097096193
    0.0095598771
    0.0093249247
    0.0090066913
    0.0086078492
    0.0081317914
    0.0075826033
    0.0069650269
    0.0062844207
    0.0055467128
    0.0047583496
    0.0039262392
    0.0030576913
    0.0021603526
    0.0012421400
   0.00031117060
  -0.00062431007
   -0.0015560009
   -0.0024756189
   -0.0033749728
   -0.0042460356
   -0.0050810168
   -0.0058724313
   -0.0066131672
   -0.0072965489
   -0.0079163976
   -0.0084670872
   -0.0089435950
   -0.0093415476
   -0.0096572610
   -0.0098877746
    -0.010030879
    -0.010085136
    -0.010049894
   -0.0099252968
   -0.0097122796
   -0.0094125656
   -0.0090286514
   -0.0085637860
   -0.0080219435
   -0.0074077892
   -0.0067266397
   -0.0059844167
   -0.0051875957
   -0.0043431496
   -0.0034584875
   -0.0025413902
   -0.0015999413
  -0.00064245651
   0.00032259007
    0.0012866408
    0.0022411301
    0.0031775611
    0.0040875804
    0.0049630532
    0.0057961355
    0.0065793447
    0.0073056262
    0.0079684176
    0.0085617072
    0.0090800891
    0.0095188119
    0.0098738223
     0.010141803
     0.010320201
     0.010407258
     0.010402020
     0.010304350
     0.010114936
    0.0098352784
    0.0094676829
    0.0090152411
    0.0084818041
    0.0078719499
    0.0071909443
    0.0064446953
    0.0056397022
    0.0047829989
    0.0038820924
    0.0029448973
    0.0019796663
   0.00099491754
  -6.4053587e-07
  -0.00099818604
   -0.0019888618
   -0.0029638538
   -0.0039144699
   -0.0048322167
   -0.0057088757
   -0.0065365770
   -0.0073078693
   -0.0080157875
   -0.0086539152
   -0.0092164428
   -0.0096982204
    -0.010094805
    -0.010402501
    -0.010618394
    -0.010740380
    -0.010767186
    -0.010698378
    -0.010534373
    -0.010276434
   -0.0099266607
   -0.0094879721
   -0.0089640832
   -0.0083594733
   -0.0076793477
   -0.0069295930
   -0.0061167264
   -0.0052478387
   -0.0043305332
   -0.0033728585
   -0.0023832385
   -0.0013703981
  -0.00034328666
   0.00068900154
    0.0017173072
    0.0027324875
    0.0037254972
    0.0046874692
    0.0056097935
    0.0064841944
    0.0073028047
    0.0080582359
    0.0087436456
    0.0093527987
    0.0098801243
     0.010320767
     0.010670630
     0.010926415
     0.011085652
     0.011146724
     0.011108881
     0.010972250
     0.010737838
     0.010407519
    0.0099840256
    0.0094709219
    0.0088725760
    0.0081941225
    0.0074414179
    0.0066209909
    0.0057399854
    0.0048060985
    0.0038275134
    0.0028128276
    0.0017709778
   0.00071116080
  -0.00035724711
   -0.0014247734
   -0.0024819330
   -0.0035193125
   -0.0045276540
   -0.0054979375
   -0.0064214616
   -0.0072899213
   -0.0080954829
   -0.0088308541
   -0.0094893505
    -0.010064956
    -0.010552376
    -0.010947091
    -0.011245391
    -0.011444418
    -0.011542187
    -0.011537607
    -0.011430497
    -0.011221583
    -0.010912499
    -0.010505771
    -0.010004797
   -0.0094138207
   -0.0087378946
   -0.0079828359
   -0.0071551778
   -0.0062621126
   -0.0053114292
   -0.0043114456
   -0.0032709361
   -0.0021990541
   -0.0011052522
   8.0171795e-07
    0.0011093091
    0.0022104282
    0.0032943605
    0.0043514387
    0.0053722122
    0.0063475318
    0.0072686315
    0.0081272071
    0.0089154912
    0.0096263232
     0.010253214
     0.010790406
     0.011232925
     0.011576626
     0.011818232
     0.011955367
     0.011986575
     0.011911339
     0.011730087
     0.011444187
     0.011055941
     0.010568566
    0.0099861649
    0.0093136948
    0.0085569240
    0.0077223826
    0.0068173063
    0.0058495736
    0.0048276380
    0.0037604532
    0.0026573959
    0.0015281824
   0.00038278416
  -0.00076866090
   -0.0019159377
   -0.0030488445
   -0.0041572837
   -0.0052313514
   -0.0062614262
   -0.0072382549
   -0.0081530359
   -0.0089974978
   -0.0097639746
    -0.010445475
    -0.011035747
    -0.011529331
    -0.011921618
    -0.012208884
    -0.012388331
    -0.012458111
    -0.012417345
    -0.012266136
    -0.012005566
    -0.011637692
    -0.011165527
    -0.010593021
   -0.0099250192
   -0.0091672312
   -0.0083261752
   -0.0074091248
   -0.0064240459
   -0.0053795275
   -0.0042847071
   -0.0031491905
   -0.0019829682
  -0.00079632699
   0.00040024003
    0.0015961266
    0.0027807069
    0.0039434302
    0.0050739141
    0.0061620378
    0.0071980320
    0.0081725670
    0.0090768362
    0.0099026357
     0.010642438
     0.011289463
     0.011837736
     0.012282145
     0.012618488
     0.012843514
     0.012954952
     0.012951532
     0.012833004
     0.012600138
     0.012254722
     0.011799546
     0.011238386
     0.010575964
    0.0098179144
    0.0089707364
    0.0080417350
    0.0070389608
    0.0059711391
    0.0048475948
    0.0036781710
    0.0024731423
    0.0012431257
  -1.0139562e-06
   -0.0012482588
   -0.0024875360
   -0.0037078158
   -0.0048982094
   -0.0060480661
   -0.0071470683
   -0.0081853243
   -0.0091534568
    -0.010042687
    -0.010844917
    -0.011552797
    -0.012159800
    -0.012660278
    -0.013049511
    -0.013323761
    -0.013480296
    -0.013517426
    -0.013434516
    -0.013231994
    -0.012911355
    -0.012475143
    -0.011926936
    -0.011271318
    -0.010513836
   -0.0096609564
   -0.0087200111
   -0.0076991315
   -0.0066071804
   -0.0054536747
   -0.0042487028
   -0.0030028361
   -0.0017270367
  -0.00043256136
   0.00086913831
    0.0021665165
    0.0034480356
    0.0047022686
    0.0059180011
    0.0070843309
    0.0081907661
    0.0092273191
     0.010184596
     0.011053884
     0.011827226
     0.012497499
     0.013058473
     0.013504875
     0.013832434
     0.014037924
     0.014119194
     0.014075191
     0.013905970
     0.013612700
     0.013197655
     0.012664194
     0.012016740
     0.011260737
     0.010402611
    0.0094497096
    0.0084102429
    0.0072932119
    0.0061083308
    0.0048659426
    0.0035769292
    0.0022526158
   0.00090467235
  -0.00045498991
   -0.0018143230
   -0.0031612491
   -0.0044837674
   -0.0057700611
   -0.0070086026
   -0.0081882567
   -0.0092983808
    -0.010328920
    -0.011270499
    -0.012114506
    -0.012853173
    -0.013479644
    -0.013988043
    -0.014373525
    -0.014632321
    -0.014761780
    -0.014760391
    -0.014627801
    -0.014364819
    -0.013973417
    -0.013456712
    -0.012818943
    -0.012065434
    -0.011202555
    -0.010237663
   -0.0091790427
   -0.0080358338
   -0.0068179537
   -0.0055360109
   -0.0042012129
   -0.0028252686
   -0.0014202854
   1.3366307e-06
    0.0014270144
    0.0028440928
    0.0042399568
    0.0056021436
    0.0069184537
    0.0081770599
    0.0093666134
     0.010476346
     0.011496167
     0.012416754
     0.013229642
     0.013927295
     0.014503179
     0.014951822
     0.015268868
     0.015451115
     0.015496549
     0.015404365
     0.015174980
     0.014810027
     0.014312351
     0.013685981
     0.012936103
     0.012069015
     0.011092073
     0.010013632
    0.0088429714
    0.0075902192
    0.0062662610
    0.0048826478
    0.0034514945
    0.0019853747
   0.00049720986
  -0.00099984386
   -0.0024925120
   -0.0039675190
   -0.0054117064
   -0.0068121494
   -0.0081562731
   -0.0094319643
    -0.010627681
    -0.011732557
    -0.012736498
    -0.013630277
    -0.014405617
    -0.015055266
    -0.015573069
    -0.015954020
    -0.016194315
    -0.016291385
    -0.016243928
    -0.016051919
    -0.015716618
    -0.015240560
    -0.014627540
    -0.013882579
    -0.013011887
    -0.012022807
    -0.010923758
   -0.0097241638
   -0.0084343668
   -0.0070655450
   -0.0056296125
   -0.0041391169
   -0.0026071297
   -0.0010471321
   0.00052710361
    0.0021016350
    0.0036624732
    0.0051957063
    0.0066876237
    0.0081248379
    0.0094944046
     0.010783939
     0.011981727
     0.013076834
     0.014059198
     0.014919729
     0.015650389
     0.016244268
     0.016695648
     0.017000055
     0.017154311
     0.017156557
     0.017006279
     0.016704317
     0.016252858
     0.015655426
     0.014916852
     0.014043236
     0.013041897
     0.011921312
     0.010691046
    0.0093616686
    0.0079446637
    0.0064523324
    0.0048976849
    0.0032943278
    0.0016563456
  -1.8229607e-06
   -0.0016655118
   -0.0033199568
   -0.0049504267
   -0.0065423537
   -0.0080814636
   -0.0095539030
    -0.010946364
    -0.012246204
    -0.013441560
    -0.014521458
    -0.015475909
    -0.016296008
    -0.016974009
    -0.017503404
    -0.017878982
    -0.018096878
    -0.018154616
    -0.018051133
    -0.017786795
    -0.017363395
    -0.016784147
    -0.016053659
    -0.015177899
    -0.014164142
    -0.013020919
    -0.011757936
    -0.010385997
   -0.0089169133
   -0.0073633976
   -0.0057389579
   -0.0040577792
   -0.0023346001
  -0.00058458403
    0.0011768139
    0.0029339830
    0.0046712947
    0.0063732415
    0.0080245748
    0.0096104414
     0.011116516
     0.012529132
     0.013835401
     0.015023336
     0.016081955
     0.017001387
     0.017772959
     0.018389282
     0.018844318
     0.019133437
     0.019253468
     0.019202729
     0.018981049
     0.018589772
     0.018031754
     0.017311344
     0.016434345
     0.015407974
     0.014240800
     0.012942675
     0.011524649
    0.0099988773
    0.0083785172
    0.0066776151
    0.0049109845
    0.0030940777
    0.0012428511
  -0.00062637432
   -0.0024970568
   -0.0043525792
   -0.0061763969
   -0.0079521839
   -0.0096639792
    -0.011296330
    -0.012834429
    -0.014264250
    -0.015572676
    -0.016747617
    -0.017778121
    -0.018654477
    -0.019368307
    -0.019912640
    -0.020281987
    -0.020472389
    -0.020481462
    -0.020308422
    -0.019954097
    -0.019420931
    -0.018712963
    -0.017835801
    -0.016796576
    -0.015603886
    -0.014267726
    -0.012799403
    -0.011211443
   -0.0095174830
   -0.0077321549
   -0.0058709600
   -0.0039501349
   -0.0019865098
   2.6375122e-06
    0.0019997340
    0.0039870654
    0.0059469334
    0.0078618120
    0.0097145041
     0.011488295
     0.013167104
     0.014735628
     0.016179478
     0.017485318
     0.018640980
     0.019635579
     0.020459617
     0.021105071
     0.021565469
     0.021835956
     0.021913343
     0.021796143
     0.021484587
     0.020980637
     0.020287966
     0.019411942
     0.018359581
     0.017139495
     0.015761818
     0.014238129
     0.012581351
     0.010805642
    0.0089262778
    0.0069595164
    0.0049224627
    0.0028329177
   0.00070922474
   -0.0014298916
   -0.0035654893
   -0.0056785763
   -0.0077502785
   -0.0097620079
    -0.011695628
    -0.013533618
    -0.015259229
    -0.016856637
    -0.018311086
    -0.019609027
    -0.020738238
    -0.021687943
    -0.022448911
    -0.023013546
    -0.023375961
    -0.023532038
    -0.023479471
    -0.023217797
    -0.022748407
    -0.022074542
    -0.021201271
    -0.020135457
    -0.018885704
    -0.017462283
    -0.015877059
    -0.014143381
    -0.012275981
    -0.010290841
   -0.0082050646
   -0.0060367237
   -0.0038047073
   -0.0015285561
   0.00077170760
    0.0030757552
    0.0053631303
    0.0076134300
    0.0098064854
     0.011922542
     0.013942435
     0.015847767
     0.017621067
     0.019245956
     0.020707293
     0.021991321
     0.023085787
     0.023980064
     0.024665251
     0.025134261
     0.025381890
     0.025404875
     0.025201930
     0.024773768
     0.024123105
     0.023254644
     0.022175043
     0.020892867
     0.019418519
     0.017764160
     0.015943606
     0.013972218
     0.011866769
    0.0096453052
    0.0073269908
    0.0049319452
    0.0024810682
  -4.1407021e-06
   -0.0025017701
   -0.0049896887
   -0.0074457403
   -0.0098479400
    -0.012174670
    -0.014404872
    -0.016518239
    -0.018495397
    -0.020318080
    -0.021969301
    -0.023433508
    -0.024696728
    -0.025746697
    -0.026572983
    -0.027167083
    -0.027522510
    -0.027634862
    -0.027501868
    -0.027123425
    -0.026501605
    -0.025640650
    -0.024546948
    -0.023228982
    -0.021697274
    -0.019964295
    -0.018044368
    -0.015953553
    -0.013709510
    -0.011331353
   -0.0088394909
   -0.0062554490
   -0.0036016879
  -0.00090140848
    0.0018216497
    0.0045434154
    0.0072396972
    0.0098863970
     0.012459724
     0.014936407
     0.017293903
     0.019510602
     0.021566023
     0.023440998
     0.025117856
     0.026580584
     0.027814975
     0.028808771
     0.029551775
     0.030035959
     0.030255544
     0.030207065
     0.029889414
     0.029303863
     0.028454070
     0.027346055
     0.025988165
     0.024391008
     0.022567380
     0.020532156
     0.018302177
     0.015896109
     0.013334289
     0.010638557
    0.0078320679
    0.0049390969
    0.0019848308
   -0.0010048495
   -0.0040035943
   -0.0069848147
   -0.0099219171
    -0.012788538
    -0.015558780
    -0.018207440
    -0.020710241
    -0.023044052
    -0.025187094
    -0.027119149
    -0.028821742
    -0.030278319
    -0.031474404
    -0.032397740
    -0.033038411
    -0.033388943
    -0.033444390
    -0.033202387
    -0.032663194
    -0.031829704
    -0.030707439
    -0.029304516
    -0.027631589
    -0.025701777
    -0.023530559
    -0.021135653
    -0.018536878
    -0.015755984
    -0.012816481
   -0.0097434375
   -0.0065632716
   -0.0033035241
   7.3759395e-06
    0.0033403573
    0.0066659590
    0.0099545881
     0.013176781
     0.016303463
     0.019306210
     0.022157504
     0.024830979
     0.027301667
     0.029546223
     0.031543147
     0.033272983
     0.034718506
     0.035864892
     0.036699861
     0.037213808
     0.037399902
     0.037254168
     0.036775544
     0.035965908
     0.034830082
     0.033375812
     0.031613722
     0.029557235
     0.027222481
     0.024628169
     0.021795445
     0.018747719
     0.015510476
     0.012111069
    0.0085784864
    0.0049431116
    0.0012364643
   -0.0025090697
   -0.0062605176
   -0.0099846061
    -0.013648053
    -0.017217859
    -0.020661606
    -0.023947742
    -0.027045866
    -0.029927012
    -0.032563906
    -0.034931228
    -0.037005842
    -0.038767027
    -0.040196668
    -0.041279444
    -0.042002981
    -0.042357986
    -0.042338351
    -0.041941237
    -0.041167119
    -0.040019811
    -0.038506460
    -0.036637510
    -0.034426634
    -0.031890643
    -0.029049361
    -0.025925477
    -0.022544365
    -0.018933889
    -0.015124172
    -0.011147353
   -0.0070373195
   -0.0028294238
    0.0014398150
    0.0057330237
     0.010012296
     0.014239523
     0.018376723
     0.022386384
     0.026231790
     0.029877355
     0.033288948
     0.036434201
     0.039282811
     0.041806829
     0.043980920
     0.045782614
     0.047192525
     0.048194554
     0.048776057
     0.048927988
     0.048645012
     0.047925584
     0.046772000
     0.045190410
     0.043190802
     0.040786948
     0.037996318
     0.034839964
     0.031342367
     0.027531254
     0.023437390
     0.019094328
     0.014538154
    0.0098071811
    0.0049416467
  -1.6628524e-05
   -0.0050245898
    -0.010038314
    -0.015013385
    -0.019905280
    -0.024669758
    -0.029263251
    -0.033643248
    -0.037768688
    -0.041600322
    -0.045101088
    -0.048236447
    -0.050974719
    -0.053287387
    -0.055149380
    -0.056539328
    -0.057439792
    -0.057837451
    -0.057723269
    -0.057092618
    -0.055945365
    -0.054285923
    -0.052123261
    -0.049470877
    -0.046346730
    -0.042773130
    -0.038776595
    -0.034387666
    -0.029640684
    -0.024573534
    -0.019227357
    -0.013646226
   -0.0078767970
   -0.0019679307
    0.0040297054
     0.010064059
     0.016082129
     0.022030417
     0.027855386
     0.033503926
     0.038923820
     0.044064212
     0.048876065
     0.053312605
     0.057329764
     0.060886586
     0.063945631
     0.066473339
     0.068440371
     0.069821919
     0.070597976
     0.070753574
     0.070278980
     0.069169845
     0.067427315
     0.065058092
     0.062074453
     0.058494214
     0.054340654
     0.049642388
     0.044433190
     0.038751776
     0.032641533
     0.026150216
     0.019329593
     0.012235059
    0.0049252064
   -0.0025386293
    -0.010092861
    -0.017672162
    -0.025210003
    -0.032639205
    -0.039892507
    -0.046903143
    -0.053605417
    -0.059935289
    -0.065830943
    -0.071233350
    -0.076086822
    -0.080339532
    -0.083944022
    -0.086857676
    -0.089043157
    -0.090468817
    -0.091109051
    -0.090944616
    -0.089962901
    -0.088158141
    -0.085531579
    -0.082091578
    -0.077853665
    -0.072840527
    -0.067081939
    -0.060614637
    -0.053482129
    -0.045734450
    -0.037427853
    -0.028624453
    -0.019391809
   -0.0098024541
   6.6614622e-05
     0.010134501
     0.020317013
     0.030527297
     0.040676516
     0.050674549
     0.060430709
     0.069854488
     0.078856310
     0.087348281
     0.095244957
      0.10246409
      0.10892736
      0.11456112
      0.11929707
      0.12307294
      0.12583313
      0.12752926
      0.12812079
      0.12757544
      0.12586970
      0.12298915
      0.11892881
      0.11369341
      0.10729753
     0.099765719
     0.091132562
     0.081442610
     0.070750271
     0.059119626
     0.046624152
     0.033346386
     0.019377507
    0.0048168494
    -0.010228656
    -0.025645100
    -0.041312281
    -0.057104444
    -0.072891077
    -0.088537752
     -0.10390701
     -0.11885928
     -0.13325383
     -0.14694974
     -0.15980692
     -0.17168705
     -0.18245466
     -0.19197806
     -0.20013038
     -0.20679052
     -0.21184408
     -0.21518431
     -0.21671293
     -0.21634100
     -0.21398965
     -0.20959083
     -0.20308795
     -0.19443642
     -0.18360421
     -0.17057225
     -0.15533475
     -0.13789950
     -0.11828799
    -0.096535547
    -0.072691263
    -0.046817919
    -0.018991782
     0.010697692
     0.042148233
     0.075245236
      0.10986231
      0.14586192
      0.18309612
      0.22140733
      0.26062921
      0.30058757
      0.34110141
      0.38198391
      0.42304354
      0.46408517
      0.50491127
      0.54532302
      0.58512159
      0.62410926
      0.66209071
      0.69887413
      0.73427248
      0.76810459
      0.80019629
      0.83038153
      0.85850338
      0.88441501
      0.90798064
      0.92907636
      0.94759095
      0.96342653
      0.97649922
      0.98673965
      0.99409341
      0.99852139
       1.0000000
      0.99852139
      0.99409341
      0.98673965
      0.97649922
      0.96342653
      0.94759095
      0.92907636
      0.90798064
      0.88441501
      0.85850338
      0.83038153
      0.80019629
      0.76810459
      0.73427248
      0.69887413
      0.66209071
      0.62410926
      0.58512159
      0.54532302
      0.50491127
      0.46408517
      0.42304354
      0.38198391
      0.34110141
      0.30058757
      0.26062921
      0.22140733
      0.18309612
      0.14586192
      0.10986231
     0.075245236
     0.042148233
     0.010697691
    -0.018991782
    -0.046817919
    -0.072691263
    -0.096535547
     -0.11828799
     -0.13789950
     -0.15533475
     -0.17057225
     -0.18360421
     -0.19443642
     -0.20308795
     -0.20959083
     -0.21398965
     -0.21634100
     -0.21671293
     -0.21518431
     -0.21184408
     -0.20679052
     -0.20013038
     -0.19197806
     -0.18245466
     -0.17168705
     -0.15980692
     -0.14694974
     -0.13325383
     -0.11885928
     -0.10390701
    -0.088537752
    -0.072891077
    -0.057104444
    -0.041312281
    -0.025645100
    -0.010228656
    0.0048168496
     0.019377508
     0.033346386
     0.046624152
     0.059119626
     0.070750272
     0.081442610
     0.091132562
     0.099765719
      0.10729753
      0.11369341
      0.11892881
      0.12298915
      0.12586970
      0.12757544
      0.12812079
      0.12752926
      0.12583313
      0.12307294
      0.11929707
      0.11456112
      0.10892736
      0.10246409
     0.095244957
     0.087348281
     0.078856310
     0.069854488
     0.060430708
     0.050674549
     0.040676516
     0.030527297
     0.020317012
     0.010134501
   6.6614464e-05
   -0.0098024542
    -0.019391809
    -0.028624453
    -0.037427853
    -0.045734450
    -0.053482129
    -0.060614637
    -0.067081940
    -0.072840528
    -0.077853665
    -0.082091578
    -0.085531579
    -0.088158141
    -0.089962901
    -0.090944616
    -0.091109051
    -0.090468817
    -0.089043157
    -0.086857676
    -0.083944022
    -0.080339532
    -0.076086822
    -0.071233350
    -0.065830943
    -0.059935289
    -0.053605418
    -0.046903143
    -0.039892507
    -0.032639205
    -0.025210003
    -0.017672162
    -0.010092861
   -0.0025386294
    0.0049252064
     0.012235059
     0.019329593
     0.026150215
     0.032641533
     0.038751775
     0.044433190
     0.049642388
     0.054340654
     0.058494214
     0.062074453
     0.065058092
     0.067427315
     0.069169845
     0.070278980
     0.070753574
     0.070597975
     0.069821919
     0.068440371
     0.066473339
     0.063945631
     0.060886586
     0.057329763
     0.053312605
     0.048876064
     0.044064212
     0.038923819
     0.033503925
     0.027855386
     0.022030417
     0.016082129
     0.010064059
    0.0040297051
   -0.0019679310
   -0.0078767973
    -0.013646227
    -0.019227358
    -0.024573535
    -0.029640684
    -0.034387667
    -0.038776596
    -0.042773130
    -0.046346730
    -0.049470877
    -0.052123261
    -0.054285923
    -0.055945365
    -0.057092618
    -0.057723269
    -0.057837451
    -0.057439792
    -0.056539328
    -0.055149380
    -0.053287387
    -0.050974719
    -0.048236447
    -0.045101088
    -0.041600322
    -0.037768687
    -0.033643248
    -0.029263250
    -0.024669758
    -0.019905280
    -0.015013385
    -0.010038313
   -0.0050245895
  -1.6628222e-05
    0.0049416471
    0.0098071814
     0.014538154
     0.019094329
     0.023437390
     0.027531255
     0.031342367
     0.034839964
     0.037996318
     0.040786948
     0.043190803
     0.045190411
     0.046772000
     0.047925584
     0.048645012
     0.048927988
     0.048776057
     0.048194554
     0.047192525
     0.045782614
     0.043980921
     0.041806829
     0.039282812
     0.036434201
     0.033288948
     0.029877355
     0.026231790
     0.022386384
     0.018376723
     0.014239523
     0.010012296
    0.0057330237
    0.0014398150
   -0.0028294239
   -0.0070373196
    -0.011147353
    -0.015124172
    -0.018933889
    -0.022544365
    -0.025925477
    -0.029049361
    -0.031890643
    -0.034426634
    -0.036637510
    -0.038506460
    -0.040019811
    -0.041167119
    -0.041941238
    -0.042338352
    -0.042357986
    -0.042002981
    -0.041279444
    -0.040196668
    -0.038767027
    -0.037005843
    -0.034931228
    -0.032563907
    -0.029927012
    -0.027045867
    -0.023947742
    -0.020661607
    -0.017217860
    -0.013648053
   -0.0099846063
   -0.0062605178
   -0.0025090699
    0.0012364642
    0.0049431115
    0.0085784863
     0.012111069
     0.015510476
     0.018747719
     0.021795445
     0.024628169
     0.027222481
     0.029557235
     0.031613722
     0.033375813
     0.034830082
     0.035965908
     0.036775544
     0.037254168
     0.037399902
     0.037213808
     0.036699862
     0.035864893
     0.034718507
     0.033272983
     0.031543147
     0.029546224
     0.027301667
     0.024830980
     0.022157504
     0.019306211
     0.016303463
     0.013176781
    0.0099545885
    0.0066659594
    0.0033403578
   7.3763896e-06
   -0.0033035237
   -0.0065632712
   -0.0097434371
    -0.012816480
    -0.015755983
    -0.018536877
    -0.021135653
    -0.023530558
    -0.025701777
    -0.027631589
    -0.029304515
    -0.030707439
    -0.031829704
    -0.032663194
    -0.033202387
    -0.033444390
    -0.033388943
    -0.033038411
    -0.032397740
    -0.031474404
    -0.030278319
    -0.028821742
    -0.027119149
    -0.025187094
    -0.023044052
    -0.020710242
    -0.018207440
    -0.015558780
    -0.012788538
   -0.0099219174
   -0.0069848150
   -0.0040035946
   -0.0010048499
    0.0019848305
    0.0049390965
    0.0078320675
     0.010638557
     0.013334289
     0.015896108
     0.018302176
     0.020532155
     0.022567379
     0.024391008
     0.025988164
     0.027346055
     0.028454070
     0.029303863
     0.029889413
     0.030207065
     0.030255544
     0.030035959
     0.029551775
     0.028808770
     0.027814975
     0.026580584
     0.025117856
     0.023440998
     0.021566022
     0.019510602
     0.017293903
     0.014936407
     0.012459724
    0.0098863968
    0.0072396970
    0.0045434152
    0.0018216495
  -0.00090140860
   -0.0036016880
   -0.0062554490
   -0.0088394909
    -0.011331353
    -0.013709510
    -0.015953553
    -0.018044368
    -0.019964295
    -0.021697274
    -0.023228982
    -0.024546947
    -0.025640650
    -0.026501604
    -0.027123425
    -0.027501868
    -0.027634862
    -0.027522510
    -0.027167083
    -0.026572983
    -0.025746696
    -0.024696727
    -0.023433508
    -0.021969301
    -0.020318079
    -0.018495396
    -0.016518239
    -0.014404872
    -0.012174669
   -0.0098479396
   -0.0074457399
   -0.0049896883
   -0.0025017697
  -4.1403373e-06
    0.0024810685
    0.0049319455
    0.0073269911
    0.0096453055
     0.011866769
     0.013972218
     0.015943606
     0.017764160
     0.019418519
     0.020892867
     0.022175043
     0.023254644
     0.024123105
     0.024773768
     0.025201930
     0.025404875
     0.025381890
     0.025134261
     0.024665251
     0.023980063
     0.023085786
     0.021991321
     0.020707293
     0.019245955
     0.017621066
     0.015847766
     0.013942435
     0.011922541
    0.0098064849
    0.0076134295
    0.0053631299
    0.0030757547
   0.00077170711
   -0.0015285566
   -0.0038047078
   -0.0060367241
   -0.0082050651
    -0.010290842
    -0.012275981
    -0.014143382
    -0.015877059
    -0.017462284
    -0.018885704
    -0.020135458
    -0.021201271
    -0.022074542
    -0.022748407
    -0.023217797
    -0.023479471
    -0.023532038
    -0.023375961
    -0.023013546
    -0.022448911
    -0.021687943
    -0.020738238
    -0.019609027
    -0.018311086
    -0.016856636
    -0.015259229
    -0.013533618
    -0.011695628
   -0.0097620075
   -0.0077502781
   -0.0056785758
   -0.0035654888
   -0.0014298911
   0.00070922526
    0.0028329183
    0.0049224632
    0.0069595170
    0.0089262783
     0.010805643
     0.012581352
     0.014238130
     0.015761818
     0.017139495
     0.018359582
     0.019411943
     0.020287967
     0.020980637
     0.021484588
     0.021796143
     0.021913344
     0.021835956
     0.021565469
     0.021105071
     0.020459617
     0.019635579
     0.018640980
     0.017485318
     0.016179478
     0.014735628
     0.013167104
     0.011488295
    0.0097145041
    0.0078618119
    0.0059469333
    0.0039870653
    0.0019997338
   2.6373314e-06
   -0.0019865100
   -0.0039501351
   -0.0058709603
   -0.0077321552
   -0.0095174833
    -0.011211443
    -0.012799403
    -0.014267726
    -0.015603886
    -0.016796576
    -0.017835801
    -0.018712964
    -0.019420932
    -0.019954098
    -0.020308422
    -0.020481463
    -0.020472390
    -0.020281987
    -0.019912640
    -0.019368307
    -0.018654478
    -0.017778121
    -0.016747617
    -0.015572677
    -0.014264250
    -0.012834429
    -0.011296330
   -0.0096639793
   -0.0079521839
   -0.0061763969
   -0.0043525792
   -0.0024970567
  -0.00062637427
    0.0012428512
    0.0030940778
    0.0049109846
    0.0066776153
    0.0083785174
    0.0099988774
     0.011524649
     0.012942676
     0.014240801
     0.015407974
     0.016434345
     0.017311344
     0.018031755
     0.018589772
     0.018981049
     0.019202729
     0.019253468
     0.019133437
     0.018844318
     0.018389283
     0.017772960
     0.017001387
     0.016081955
     0.015023336
     0.013835401
     0.012529132
     0.011116516
    0.0096104414
    0.0080245748
    0.0063732414
    0.0046712946
    0.0029339829
    0.0011768139
  -0.00058458412
   -0.0023346002
   -0.0040577793
   -0.0057389580
   -0.0073633977
   -0.0089169135
    -0.010385997
    -0.011757936
    -0.013020919
    -0.014164143
    -0.015177899
    -0.016053660
    -0.016784147
    -0.017363395
    -0.017786795
    -0.018051133
    -0.018154616
    -0.018096878
    -0.017878982
    -0.017503404
    -0.016974009
    -0.016296008
    -0.015475910
    -0.014521458
    -0.013441561
    -0.012246204
    -0.010946364
   -0.0095539031
   -0.0080814637
   -0.0065423538
   -0.0049504267
   -0.0033199568
   -0.0016655118
  -1.8229390e-06
    0.0016563456
    0.0032943278
    0.0048976849
    0.0064523325
    0.0079446639
    0.0093616687
     0.010691046
     0.011921312
     0.013041897
     0.014043236
     0.014916852
     0.015655427
     0.016252858
     0.016704317
     0.017006280
     0.017156557
     0.017154311
     0.017000056
     0.016695648
     0.016244269
     0.015650390
     0.014919729
     0.014059198
     0.013076834
     0.011981728
     0.010783939
    0.0094944048
    0.0081248381
    0.0066876239
    0.0051957066
    0.0036624734
    0.0021016353
   0.00052710383
   -0.0010471319
   -0.0026071295
   -0.0041391167
   -0.0056296123
   -0.0070655448
   -0.0084343667
   -0.0097241636
    -0.010923758
    -0.012022806
    -0.013011887
    -0.013882579
    -0.014627540
    -0.015240560
    -0.015716618
    -0.016051919
    -0.016243928
    -0.016291385
    -0.016194315
    -0.015954020
    -0.015573069
    -0.015055266
    -0.014405617
    -0.013630277
    -0.012736498
    -0.011732557
    -0.010627681
   -0.0094319644
   -0.0081562732
   -0.0068121495
   -0.0054117064
   -0.0039675191
   -0.0024925121
  -0.00099984396
   0.00049720976
    0.0019853746
    0.0034514944
    0.0048826477
    0.0062662609
    0.0075902190
    0.0088429712
     0.010013631
     0.011092073
     0.012069015
     0.012936103
     0.013685981
     0.014312350
     0.014810027
     0.015174980
     0.015404365
     0.015496548
     0.015451114
     0.015268868
     0.014951822
     0.014503178
     0.013927295
     0.013229642
     0.012416754
     0.011496166
     0.010476345
    0.0093666131
    0.0081770596
    0.0069184534
    0.0056021434
    0.0042399566
    0.0028440926
    0.0014270142
   1.3363904e-06
   -0.0014202856
   -0.0028252688
   -0.0042012131
   -0.0055360111
   -0.0068179539
   -0.0080358340
   -0.0091790429
    -0.010237663
    -0.011202555
    -0.012065434
    -0.012818943
    -0.013456712
    -0.013973417
    -0.014364819
    -0.014627801
    -0.014760391
    -0.014761780
    -0.014632321
    -0.014373524
    -0.013988043
    -0.013479644
    -0.012853173
    -0.012114506
    -0.011270499
    -0.010328920
   -0.0092983805
   -0.0081882565
   -0.0070086023
   -0.0057700608
   -0.0044837671
   -0.0031612488
   -0.0018143227
  -0.00045498957
   0.00090467270
    0.0022526162
    0.0035769295
    0.0048659430
    0.0061083312
    0.0072932123
    0.0084102433
    0.0094497100
     0.010402611
     0.011260738
     0.012016740
     0.012664194
     0.013197655
     0.013612701
     0.013905970
     0.014075191
     0.014119195
     0.014037925
     0.013832434
     0.013504875
     0.013058473
     0.012497499
     0.011827227
     0.011053884
     0.010184597
    0.0092273194
    0.0081907664
    0.0070843312
    0.0059180014
    0.0047022689
    0.0034480358
    0.0021665167
   0.00086913851
  -0.00043256118
   -0.0017270366
   -0.0030028359
   -0.0042487027
   -0.0054536746
   -0.0066071803
   -0.0076991314
   -0.0087200110
   -0.0096609564
    -0.010513836
    -0.011271318
    -0.011926936
    -0.012475143
    -0.012911355
    -0.013231995
    -0.013434516
    -0.013517426
    -0.013480296
    -0.013323761
    -0.013049512
    -0.012660278
    -0.012159801
    -0.011552797
    -0.010844917
    -0.010042688
   -0.0091534570
   -0.0081853246
   -0.0071470686
   -0.0060480664
   -0.0048982098
   -0.0037078162
   -0.0024875364
   -0.0012482592
  -1.0143185e-06
    0.0012431253
    0.0024731420
    0.0036781706
    0.0048475945
    0.0059711387
    0.0070389604
    0.0080417346
    0.0089707360
    0.0098179140
     0.010575963
     0.011238385
     0.011799546
     0.012254721
     0.012600138
     0.012833004
     0.012951532
     0.012954952
     0.012843514
     0.012618488
     0.012282144
     0.011837735
     0.011289463
     0.010642438
    0.0099026355
    0.0090768360
    0.0081725669
    0.0071980319
    0.0061620376
    0.0050739140
    0.0039434301
    0.0027807069
    0.0015961265
   0.00040024001
  -0.00079632698
   -0.0019829681
   -0.0031491905
   -0.0042847070
   -0.0053795275
   -0.0064240458
   -0.0074091247
   -0.0083261751
   -0.0091672311
   -0.0099250191
    -0.010593020
    -0.011165527
    -0.011637692
    -0.012005566
    -0.012266136
    -0.012417345
    -0.012458110
    -0.012388331
    -0.012208884
    -0.011921618
    -0.011529331
    -0.011035747
    -0.010445475
   -0.0097639746
   -0.0089974978
   -0.0081530359
   -0.0072382550
   -0.0062614263
   -0.0052313516
   -0.0041572839
   -0.0030488447
   -0.0019159380
  -0.00076866122
   0.00038278381
    0.0015281820
    0.0026573954
    0.0037604528
    0.0048276375
    0.0058495731
    0.0068173057
    0.0077223820
    0.0085569234
    0.0093136942
    0.0099861642
     0.010568565
     0.011055941
     0.011444186
     0.011730086
     0.011911338
     0.011986574
     0.011955366
     0.011818231
     0.011576625
     0.011232924
     0.010790406
     0.010253214
    0.0096263226
    0.0089154906
    0.0081272065
    0.0072686310
    0.0063475314
    0.0053722118
    0.0043514383
    0.0032943602
    0.0022104279
    0.0011093090
   8.0162636e-07
   -0.0011052522
   -0.0021990541
   -0.0032709360
   -0.0043114454
   -0.0053114289
   -0.0062621122
   -0.0071551774
   -0.0079828354
   -0.0087378940
   -0.0094138200
    -0.010004796
    -0.010505770
    -0.010912498
    -0.011221582
    -0.011430496
    -0.011537606
    -0.011542185
    -0.011444417
    -0.011245390
    -0.010947090
    -0.010552375
    -0.010064954
   -0.0094893491
   -0.0088308527
   -0.0080954815
   -0.0072899199
   -0.0064214602
   -0.0054979361
   -0.0045276526
   -0.0035193111
   -0.0024819317
   -0.0014247721
  -0.00035724588
   0.00071116198
    0.0017709789
    0.0028128287
    0.0038275144
    0.0048060995
    0.0057399863
    0.0066209917
    0.0074414186
    0.0081941231
    0.0088725766
    0.0094709223
    0.0099840259
     0.010407519
     0.010737838
     0.010972250
     0.011108880
     0.011146724
     0.011085652
     0.010926414
     0.010670629
     0.010320766
    0.0098801237
    0.0093527981
    0.0087436449
    0.0080582352
    0.0073028039
    0.0064841936
    0.0056097926
    0.0046874682
    0.0037254962
    0.0027324865
    0.0017173062
   0.00068900050
  -0.00034328771
   -0.0013703992
   -0.0023832395
   -0.0033728595
   -0.0043305342
   -0.0052478397
   -0.0061167273
   -0.0069295939
   -0.0076793486
   -0.0083594741
   -0.0089640840
   -0.0094879728
   -0.0099266614
    -0.010276435
    -0.010534373
    -0.010698378
    -0.010767186
    -0.010740381
    -0.010618394
    -0.010402501
    -0.010094805
   -0.0096982205
   -0.0092164428
   -0.0086539151
   -0.0080157873
   -0.0073078691
   -0.0065365767
   -0.0057088754
   -0.0048322163
   -0.0039144695
   -0.0029638534
   -0.0019888613
  -0.00099818554
  -6.4001194e-07
   0.00099491808
    0.0019796669
    0.0029448979
    0.0038820929
    0.0047829995
    0.0056397028
    0.0064446959
    0.0071909448
    0.0078719504
    0.0084818046
    0.0090152415
    0.0094676833
    0.0098352788
     0.010114937
     0.010304351
     0.010402020
     0.010407258
     0.010320202
     0.010141803
    0.0098738224
    0.0095188120
    0.0090800892
    0.0085617072
    0.0079684175
    0.0073056261
    0.0065793445
    0.0057961354
    0.0049630531
    0.0040875802
    0.0031775609
    0.0022411299
    0.0012866405
   0.00032258981
  -0.00064245677
   -0.0015999415
   -0.0025413904
   -0.0034584878
   -0.0043431498
   -0.0051875959
   -0.0059844169
   -0.0067266399
   -0.0074077893
   -0.0080219436
   -0.0085637861
   -0.0090286514
   -0.0094125656
   -0.0097122795
   -0.0099252967
    -0.010049894
    -0.010085135
    -0.010030878
   -0.0098877742
   -0.0096572606
   -0.0093415472
   -0.0089435945
   -0.0084670866
   -0.0079163970
   -0.0072965483
   -0.0066131666
   -0.0058724307
   -0.0050810161
   -0.0042460349
   -0.0033749720
   -0.0024756182
   -0.0015560002
  -0.00062430931
   0.00031117136
    0.0012421407
    0.0021603533
    0.0030576920
    0.0039262399
    0.0047583503
    0.0055467134
    0.0062844212
    0.0069650274
    0.0075826037
    0.0081317918
    0.0086078495
    0.0090066916
    0.0093249249
    0.0095598772
    0.0097096194
    0.0097729811
    0.0097495602
    0.0096397243
    0.0094446064
    0.0091660936
    0.0088068084
    0.0083700849
    0.0078599373
    0.0072810234
    0.0066386019
    0.0059384851
    0.0051869859
    0.0043908612
    0.0035572512
    0.0026936153
    0.0018076655
   0.00090729754
   5.2070551e-07
  -0.00090461357
   -0.0018000830
   -0.0026779656
   -0.0035305095
   -0.0043502016
   -0.0051298336
   -0.0058625654
   -0.0065419850
   -0.0071621644
   -0.0077177118
   -0.0082038176
   -0.0086162970
   -0.0089516249
   -0.0092069667
   -0.0093802020
   -0.0094699421
   -0.0094755407
   -0.0093970989
   -0.0092354624
   -0.0089922131
   -0.0086696532
   -0.0082707845
   -0.0077992792
   -0.0072594475
   -0.0066561974
   -0.0059949902
   -0.0052817916
   -0.0045230175
   -0.0037254765
   -0.0028963086
   -0.0020429218
   -0.0011729257
  -0.00029406344
   0.00058585660
    0.0014590306
    0.0023177283
    0.0031543613
    0.0039615501
    0.0047321895
    0.0054595104
    0.0061371399
    0.0067591566
    0.0073201426
    0.0078152304
    0.0082401455
    0.0085912427
    0.0088655376
    0.0090607319
    0.0091752327
    0.0092081652
    0.0091593790
    0.0090294486
    0.0088196671
    0.0085320329
    0.0081692314
    0.0077346095
    0.0072321452
    0.0066664111
    0.0060425327
    0.0053661422
    0.0046433276
    0.0038805780
    0.0030847253
    0.0022628834
    0.0014223841
   0.00057071204
  -0.00028456175
   -0.0011358474
   -0.0019756034
   -0.0027964033
   -0.0035910014
   -0.0043523967
   -0.0050738946
   -0.0057491654
   -0.0063723002
   -0.0069378623
   -0.0074409347
   -0.0078771627
   -0.0082427918
   -0.0085346994
   -0.0087504223
   -0.0088881763
   -0.0089468721
   -0.0089261226
   -0.0088262461
   -0.0086482616
   -0.0083938790
   -0.0080654827
   -0.0076661091
   -0.0071994189
   -0.0066696635
   -0.0060816461
   -0.0054406787
   -0.0047525334
   -0.0040233913
   -0.0032597865
   -0.0024685475
   -0.0016567368
  -0.00083158722
  -4.3778288e-07
   0.00082933142
    0.0016503649
    0.0024553968
    0.0032373152
    0.0039892249
    0.0047045085
    0.0053768837
    0.0060004597
    0.0065697875
    0.0070799086
    0.0075263972
    0.0079053993
    0.0082136653
    0.0084485785
    0.0086081764
    0.0086911677
    0.0086969426
    0.0086255767
    0.0084778293
    0.0082551359
    0.0079595941
    0.0075939438
    0.0071615421
    0.0066663325
    0.0061128089
    0.0055059746
    0.0048512979
    0.0041546620
    0.0034223127
    0.0026608022
    0.0018769306
    0.0010776853
   0.00027017852
  -0.00053841565
   -0.0013409252
   -0.0021302436
   -0.0028993930
   -0.0036415853
   -0.0043502826
   -0.0050192545
   -0.0056426329
   -0.0062149634
   -0.0067312528
   -0.0071870131
   -0.0075782999
   -0.0079017471
   -0.0081545952
   -0.0083347153
   -0.0084406266
   -0.0084715087
   -0.0084272077
   -0.0083082367
   -0.0081157699
   -0.0078516312
   -0.0075182774
   -0.0071187746
   -0.0066567710
   -0.0061364628
   -0.0055625567
   -0.0049402270
   -0.0042750693
   -0.0035730500
   -0.0028404527
   -0.0020838225
   -0.0013099070
  -0.00052559648
   0.00026213755
    0.0010463042
    0.0018199552
    0.0025762465
    0.0033084987
    0.0040102562
    0.0046753438
    0.0052979211
    0.0058725340
    0.0063941620
    0.0068582624
    0.0072608096
    0.0075983303
    0.0078679329
    0.0080673327
    0.0081948710
    0.0082495289
    0.0082309352
    0.0081393688
    0.0079757554
    0.0077416578
    0.0074392615
    0.0070713542
    0.0066413000
    0.0061530090
    0.0056109016
    0.0050198684
    0.0043852265
    0.0037126711
    0.0030082251
    0.0022781847
    0.0015290634
   0.00076753388
   3.6849763e-07
  -0.00076562080
   -0.0015236430
   -0.0022669880
   -0.0029890864
   -0.0036835671
   -0.0043443137
   -0.0049655182
   -0.0055417322
   -0.0060679145
   -0.0065394753
   -0.0069523161
   -0.0073028653
   -0.0075881091
   -0.0078056173
   -0.0079535641
   -0.0080307432
   -0.0080365777
   -0.0079711242
   -0.0078350713
   -0.0076297324
   -0.0073570336
   -0.0070194952
   -0.0066202084
   -0.0061628078
   -0.0056514372
   -0.0050907132
   -0.0044856827
   -0.0038417782
   -0.0031647683
   -0.0024607069
   -0.0017358784
  -0.00099674206
  -0.00024987413
   0.00049809031
    0.0012405164
    0.0019708285
    0.0026825679
    0.0033694506
    0.0040254221
    0.0046447113
    0.0052218808
    0.0057518748
    0.0062300636
    0.0066522833
    0.0070148729
    0.0073147055
    0.0075492152
    0.0077164192
    0.0078149346
    0.0078439895
    0.0078034290
    0.0076937159
    0.0075159255
    0.0072717350
    0.0069634080
    0.0065937737
    0.0061662005
    0.0056845656
    0.0051532199
    0.0045769490
    0.0039609293
    0.0033106826
    0.0026320256
    0.0019310189
    0.0012139119
   0.00048708803
  -0.00024299275
  -0.00096985090
   -0.0016870450
   -0.0023882286
   -0.0030672068
   -0.0037179902
   -0.0043348485
   -0.0049123605
   -0.0054454616
   -0.0059294887
   -0.0063602204
   -0.0067339140
   -0.0070473383
   -0.0072978009
   -0.0074831718
   -0.0076019013
   -0.0076530328
   -0.0076362106
   -0.0075516820
   -0.0074002944
   -0.0071834868
   -0.0069032764
   -0.0065622396
   -0.0061634883
   -0.0057106421
   -0.0052077949
   -0.0046594780
   -0.0040706195
   -0.0034465000
   -0.0027927051
   -0.0021150757
   -0.0014196556
  -0.00071263764
  -3.0877192e-07
   0.00071100597
    0.0014149996
    0.0021054390
    0.0027762201
    0.0034214220
    0.0040353590
    0.0046126306
    0.0051481692
    0.0056372846
    0.0060757047
    0.0064596132
    0.0067856825
    0.0070511028
    0.0072536057
    0.0073914844
    0.0074636073
    0.0074694276
    0.0074089873
    0.0072829158
    0.0070924237
    0.0068392911
    0.0065258512
    0.0061549686
    0.0057300132
    0.0052548300
    0.0047337037
    0.0041713205
    0.0035727260
    0.0029432796
    0.0022886071
    0.0016145499
   0.00092711335
   0.00023241282
  -0.00046338027
   -0.0011540935
   -0.0018336080
   -0.0024959128
   -0.0031351580
   -0.0037457061
   -0.0043221822
   -0.0048595207
   -0.0053530104
   -0.0057983354
   -0.0061916126
   -0.0065294264
   -0.0068088573
   -0.0070275078
   -0.0071835227
   -0.0072756048
   -0.0073030255
   -0.0072656309
   -0.0071638419
   -0.0069986500
   -0.0067716075
   -0.0064848131
   -0.0061408925
   -0.0057429743
   -0.0052946619
   -0.0048000004
   -0.0042634405
   -0.0036897985
   -0.0030842126
   -0.0024520976
   -0.0017990961
   -0.0011310280
  -0.00045383910
   0.00022645213
   0.00090380789
    0.0015722246
    0.0022257862
    0.0028587164
    0.0034654297
    0.0040405806
    0.0045791110
    0.0050762941
    0.0055277765
    0.0059296158
    0.0062783152
    0.0065708539
    0.0068047133
    0.0069778984
    0.0070889553
    0.0071369827
    0.0071216396
    0.0070431475
    0.0069022876
    0.0067003931
    0.0064393367
    0.0061215133
    0.0057498179
    0.0053276195
    0.0048587303
    0.0043473717
    0.0037981358
    0.0032159447
    0.0026060060
    0.0019737665
    0.0013248634
   0.00066507444
   0.00022223029
   0.00022223028
