  -0.00065110422
   -0.0012618648
   -0.0017941009
   -0.0022142432
   -0.0024957254
   -0.0026206640
   -0.0025809936
   -0.0023789880
   -0.0020271307
   -0.0015473435
  -0.00096962132
  -0.00033015688
   0.00033092647
   0.00097209214
    0.0015530000
    0.0020370440
    0.0023936595
    0.0026002521
    0.0026436298
    0.0025208447
    0.0022393924
    0.0018167546
    0.0012793137
   0.00066070606
  -2.8317417e-07
  -0.00066215150
   -0.0012832848
   -0.0018245737
   -0.0022518759
   -0.0025381694
   -0.0026652615
   -0.0026249444
   -0.0024195248
   -0.0020616934
   -0.0015737412
  -0.00098617085
  -0.00033579002
   0.00033659394
   0.00098873447
    0.0015796000
    0.0020719553
    0.0024347081
    0.0026448722
    0.0026890236
    0.0025641583
    0.0022778949
    0.0018480103
    0.0013013362
   0.00067208450
  -2.9387102e-07
  -0.00067358185
   -0.0013054469
   -0.0018561026
   -0.0022908135
   -0.0025820861
   -0.0027114078
   -0.0026704229
   -0.0024614723
   -0.0020974609
   -0.0016010612
   -0.0010033011
  -0.00034162466
   0.00034245308
    0.0010059509
    0.0016071218
    0.0021080792
    0.0024771848
    0.0026910465
    0.0027360004
    0.0026089839
    0.0023177427
    0.0018803591
    0.0013241298
   0.00068386208
  -3.0407114e-07
  -0.00068541200
   -0.0013283856
   -0.0018887373
   -0.0023311178
   -0.0026275454
   -0.0027591760
   -0.0027175006
   -0.0025048952
   -0.0021344863
   -0.0016293414
   -0.0010210320
  -0.00034766077
   0.00034852457
    0.0010237822
    0.0016356240
    0.0021454892
    0.0025211738
    0.0027388653
    0.0027846511
    0.0026554076
    0.0023590122
    0.0019138632
    0.0013477385
   0.00069606184
  -3.1300595e-07
  -0.00069766354
   -0.0013521434
   -0.0019225390
   -0.0023728649
   -0.0026746334
   -0.0028086570
   -0.0027662678
   -0.0025498777
   -0.0021728430
   -0.0016586395
   -0.0010394020
  -0.00035391562
   0.00035481320
    0.0010422545
    0.0016651525
    0.0021842474
    0.0025667494
    0.0027884098
    0.0028350583
    0.0027035080
    0.0024017723
    0.0019485768
    0.0013721978
   0.00070869815
  -3.2917908e-07
  -0.00071036789
   -0.0013767733
   -0.0019575794
   -0.0024161411
   -0.0027234462
   -0.0028599511
   -0.0028168228
   -0.0025965105
   -0.0022126078
   -0.0016890144
   -0.0010584484
  -0.00036040214
   0.00036133116
    0.0010614046
    0.0016957664
    0.0022244321
    0.0026140040
    0.0028397815
    0.0028873263
    0.0027533859
    0.0024461144
    0.0019845765
    0.0013975653
   0.00072180592
  -3.4199446e-07
  -0.00072353905
   -0.0014023127
   -0.0019939163
   -0.0024610206
   -0.0027740695
   -0.0029131493
   -0.0028692560
   -0.0026448768
   -0.0022538516
   -0.0017205192
   -0.0010782028
  -0.00036712809
   0.00036809559
    0.0010812738
    0.0017275291
    0.0022661249
    0.0026630329
    0.0028930829
    0.0029415590
    0.0028051399
    0.0024921255
    0.0020219323
    0.0014238892
   0.00073540839
  -3.5488082e-07
  -0.00073720720
   -0.0014288169
   -0.0020316270
   -0.0025075983
   -0.0028266096
   -0.0029683635
   -0.0029236775
   -0.0026950785
   -0.0022966615
   -0.0017532209
   -0.0010987078
  -0.00037410911
   0.00037511881
    0.0011019017
    0.0017605048
    0.0023094107
    0.0027139361
    0.0029484235
    0.0029978676
    0.0028588760
    0.0025398997
    0.0020607200
    0.0014512220
   0.00074953132
  -3.7099682e-07
  -0.00075140459
   -0.0014563455
   -0.0020707953
   -0.0025559772
   -0.0028811828
   -0.0030257158
   -0.0029802083
   -0.0027472280
   -0.0023411345
   -0.0017871952
   -0.0011200132
  -0.00038136613
   0.00038241003
    0.0011233270
    0.0017947594
    0.0023543782
    0.0027668197
    0.0030059193
    0.0030563717
    0.0029147096
    0.0025895406
    0.0021010250
    0.0014796256
   0.00076420907
  -3.8544982e-07
  -0.00076615599
   -0.0014849513
   -0.0021114984
   -0.0026062535
   -0.0029378982
   -0.0030853208
   -0.0030389608
   -0.0028014275
   -0.0023873557
   -0.0018225041
   -0.0011421533
  -0.00038890246
   0.00038999773
    0.0011456089
    0.0018303795
    0.0024011370
    0.0028218096
    0.0030657057
    0.0031172070
    0.0029727686
    0.0026411606
    0.0021429369
    0.0015091610
   0.00077946971
  -4.0526835e-07
  -0.00078150363
   -0.0015147097
   -0.0021538405
   -0.0026585549
   -0.0029968990
   -0.0031473293
   -0.0031000842
   -0.0028578163
   -0.0024354460
   -0.0018592428
   -0.0011651921
  -0.00039674755
   0.00039788876
    0.0011687899
    0.0018674406
    0.0024497904
    0.0028790306
    0.0031279206
    0.0031805165
    0.0030331918
    0.0026948856
    0.0021865609
    0.0015399060
   0.00079535933
  -4.1905048e-07
  -0.00079747128
   -0.0015456778
   -0.0021979086
   -0.0027129918
   -0.0030583122
   -0.0032118763
   -0.0031637126
   -0.0029165185
   -0.0024855114
   -0.0018974922
   -0.0011891796
  -0.00040491696
   0.00040610329
    0.0011929249
    0.0019060291
    0.0025004509
    0.0029386141
    0.0031927062
    0.0032464436
    0.0030961146
    0.0027508338
    0.0022319900
    0.0015719219
   0.00081190254
  -4.4101418e-07
  -0.00081411197
   -0.0015779450
   -0.0022438233
   -0.0027697096
   -0.0031222992
   -0.0032791295
   -0.0032300101
   -0.0029776845
   -0.0025376790
   -0.0019373482
   -0.0012141745
  -0.00041342794
   0.00041466687
    0.0012180811
    0.0019462501
    0.0025532556
    0.0030007211
    0.0032602378
    0.0033151675
    0.0031617094
    0.0028091604
    0.0022793530
    0.0016053034
   0.00082915440
  -4.5892949e-07
  -0.00083145673
   -0.0016115834
   -0.0022916931
   -0.0028288458
   -0.0031890179
   -0.0033492569
   -0.0032991438
   -0.0030414697
   -0.0025920828
   -0.0019789145
   -0.0012402431
  -0.00042230545
   0.00042359787
    0.0012443192
    0.0019882029
    0.0026083362
    0.0030655075
    0.0033306852
    0.0033868612
    0.0032301411
    0.0028700115
    0.0023287673
    0.0016401312
   0.00084715340
  -4.7967132e-07
  -0.00084955805
   -0.0016466883
   -0.0023416507
   -0.0028905630
   -0.0032586505
   -0.0034224495
   -0.0033713016
   -0.0031080472
   -0.0026488699
   -0.0020223027
   -0.0012674549
  -0.00043157155
   0.00043292327
    0.0012717140
    0.0020320058
    0.0026658475
    0.0031331552
    0.0034042467
    0.0034617271
    0.0033016036
    0.0029335606
    0.0023803753
    0.0016765078
   0.00086595547
  -4.9727961e-07
  -0.00086846031
   -0.0016833518
   -0.0023938300
   -0.0029550282
   -0.0033313872
   -0.0034989080
   -0.0034466823
   -0.0031776010
   -0.0027081980
   -0.0020676340
   -0.0012958862
  -0.00044125295
   0.00044266795
    0.0013003406
    0.0020777796
    0.0027259484
    0.0032038509
    0.0034811250
    0.0035399706
    0.0033762917
    0.0029999791
    0.0024343131
    0.0017145247
   0.00088560087
  -5.2640842e-07
  -0.00088823326
   -0.0017216953
   -0.0024483977
   -0.0030224440
   -0.0034074539
   -0.0035788690
   -0.0035255183
   -0.0032503456
   -0.0027702500
   -0.0021150487
   -0.0013256258
  -0.00045138130
   0.00045285968
    0.0013302847
    0.0021256631
    0.0027888222
    0.0032778118
    0.0035615575
    0.0036218350
    0.0034544397
    0.0030694774
    0.0024907550
    0.0017543089
   0.00090616147
  -5.5451572e-07
  -0.00090892427
   -0.0017618230
   -0.0025055078
   -0.0030930041
   -0.0034870719
   -0.0036625663
   -0.0036080412
   -0.0033264946
   -0.0028352078
   -0.0021646843
   -0.0013567574
  -0.00046198016
   0.00046353742
    0.0013616463
    0.0021758117
    0.0028546711
    0.0033552745
    0.0036458011
    0.0037075817
    0.0035362971
    0.0031422779
    0.0025498816
    0.0017959881
   0.00092770389
  -5.8093119e-07
  -0.00093059913
   -0.0018038634
   -0.0025653441
   -0.0031669366
   -0.0035704995
   -0.0037502729
   -0.0036945214
   -0.0034062995
   -0.0029032877
   -0.0022167088
   -0.0013893902
  -0.00047309289
   0.00047472643
    0.0013945178
    0.0022283790
    0.0029237001
    0.0034364825
    0.0037341222
    0.0037974826
    0.0036221243
    0.0032186121
    0.0026118805
    0.0018396932
   0.00095029309
  -6.1133268e-07
  -0.00095333465
   -0.0018479605
   -0.0026281093
   -0.0032444907
   -0.0036580173
   -0.0038422832
   -0.0037852489
   -0.0034900272
   -0.0029747171
   -0.0022712948
   -0.0014236305
  -0.00048475230
   0.00048647024
    0.0014290171
    0.0022835508
    0.0029961521
    0.0035217210
    0.0038268309
    0.0038918542
    0.0037122237
    0.0032987501
    0.0026769725
    0.0018855817
   0.00097401319
  -6.4054567e-07
  -0.00097720522
   -0.0018942639
   -0.0026940190
   -0.0033259347
   -0.0037499295
   -0.0039389181
   -0.0038805409
   -0.0035779712
   -0.0030497466
   -0.0023286341
   -0.0014595985
  -0.00049699873
   0.00049881157
    0.0014652678
    0.0023415247
    0.0030722863
    0.0036112950
    0.0039242592
    0.0039910340
    0.0038069176
    0.0033829777
    0.0027453882
    0.0019338139
   0.00099894310
  -6.7714078e-07
   -0.0010023075
   -0.0019429532
   -0.0027633259
   -0.0034115793
   -0.0038465861
   -0.0040405459
   -0.0039807614
   -0.0036704685
   -0.0031286652
   -0.0023889494
   -0.0014974366
  -0.00050988505
   0.00051179087
    0.0015034018
    0.0024025157
    0.0031523882
    0.0037055429
    0.0040267771
    0.0040954010
    0.0039065697
    0.0034716206
    0.0028173949
    0.0019845811
    0.0010251861
  -7.1289586e-07
   -0.0010287291
   -0.0019942071
   -0.0028362882
   -0.0035017466
   -0.0039483526
   -0.0041475521
   -0.0040862915
   -0.0037678712
   -0.0032117730
   -0.0024524692
   -0.0015372862
  -0.00052345538
   0.00052546510
    0.0015435746
    0.0024667694
    0.0032367786
    0.0038048414
    0.0041347940
    0.0042053717
    0.0040115776
    0.0035650323
    0.0028932788
    0.0020380842
    0.0010528437
  -7.5261437e-07
   -0.0010565821
   -0.0020482384
   -0.0029132076
   -0.0035968085
   -0.0040556486
   -0.0042603783
   -0.0041975665
   -0.0038705811
   -0.0032994129
   -0.0025194550
   -0.0015793102
  -0.00053776305
   0.00053989499
    0.0015859581
    0.0025345592
    0.0033258163
    0.0039096126
    0.0042487697
    0.0043214147
    0.0041223894
    0.0036636120
    0.0029733650
    0.0020945528
    0.0010820351
  -7.9645641e-07
   -0.0010859868
   -0.0021052813
   -0.0029944181
   -0.0036971789
   -0.0041689428
   -0.0043795184
   -0.0043150757
   -0.0039790519
   -0.0033919742
   -0.0025902070
   -0.0016237005
  -0.00055287879
   0.00055513610
    0.0016307316
    0.0026061771
    0.0034198883
    0.0040203148
    0.0043692049
    0.0044440418
    0.0042394955
    0.0037677972
    0.0030580098
    0.0021542384
    0.0011128900
  -8.4553914e-07
   -0.0011170765
   -0.0021655943
   -0.0030802883
   -0.0038033144
   -0.0042887513
   -0.0045055168
   -0.0044393570
   -0.0040937814
   -0.0034898828
   -0.0026650520
   -0.0016706627
  -0.00056887331
   0.00057125830
    0.0016781022
    0.0026819560
    0.0035194333
    0.0041374657
    0.0044966643
    0.0045738295
    0.0043634480
    0.0038780807
    0.0031476152
    0.0022174263
    0.0011455581
  -8.9650243e-07
   -0.0011499954
   -0.0022294607
   -0.0031712240
   -0.0039157181
   -0.0044156436
   -0.0046389733
   -0.0045710028
   -0.0042153162
   -0.0035936044
   -0.0027443436
   -0.0017204153
  -0.00058581394
   0.00058835147
    0.0017283134
    0.0027622792
    0.0036249519
    0.0042616530
    0.0046317869
    0.0047114287
    0.0044948687
    0.0039950159
    0.0032426304
    0.0022844323
    0.0011802007
  -9.5425850e-07
   -0.0011849160
   -0.0022972118
   -0.0032676957
   -0.0040349719
   -0.0045502776
   -0.0047805814
   -0.0047106989
   -0.0043442918
   -0.0037036837
   -0.0028285015
   -0.0017732249
  -0.00060379681
   0.00060649732
    0.0017816207
    0.0028475615
    0.0037369933
    0.0043935265
    0.0047752829
    0.0048575651
    0.0046344533
    0.0041192241
    0.0033435627
    0.0023556163
    0.0012170060
  -1.0155647e-06
   -0.0012220221
   -0.0023692082
   -0.0033702199
   -0.0041617170
   -0.0046933797
   -0.0049311073
   -0.0048592035
   -0.0044814103
   -0.0038207218
   -0.0029179863
   -0.0018293818
  -0.00062292144
   0.00062579517
    0.0018383181
    0.0029382746
    0.0038561786
    0.0045338194
    0.0049279518
    0.0050130550
    0.0047829833
    0.0042514020
    0.0034509790
    0.0024313785
    0.0012561804
  -1.0829257e-06
   -0.0012615269
   -0.0024458629
   -0.0034793853
   -0.0042966821
   -0.0048457742
   -0.0050914201
   -0.0050173757
   -0.0046274665
   -0.0039453984
   -0.0030133186
   -0.0018892128
  -0.00064329856
   0.00064635964
    0.0018987405
    0.0030349548
    0.0039832140
    0.0046833642
    0.0050907017
    0.0051788254
    0.0049413460
    0.0043923411
    0.0035655238
    0.0025121741
    0.0012979594
  -1.1577585e-06
   -0.0013036710
   -0.0025276428
   -0.0035958575
   -0.0044406916
   -0.0050083935
   -0.0052625019
   -0.0051861861
   -0.0047833573
   -0.0040784789
   -0.0031150826
   -0.0019530814
  -0.00066504516
   0.00066833059
    0.0019632789
    0.0031382229
    0.0041189133
    0.0048431194
    0.0052645768
    0.0053559414
    0.0051105611
    0.0045429511
    0.0036879387
    0.0025985281
    0.0013426162
  -1.2382726e-06
   -0.0013487270
   -0.0026150802
   -0.0037203980
   -0.0045946906
   -0.0051823086
   -0.0054454838
   -0.0053667547
   -0.0049501217
   -0.0042208552
   -0.0032239652
   -0.0020214248
  -0.00068831908
   0.00069184194
    0.0020323531
    0.0032487601
    0.0042641785
    0.0050141522
    0.0054507434
    0.0055455952
    0.0052917707
    0.0047042506
    0.0038190524
    0.0026910246
    0.0013904500
  -1.3327946e-06
   -0.0013970139
   -0.0027087885
   -0.0038538794
   -0.0047597588
   -0.0053687407
   -0.0056416528
   -0.0055603542
   -0.0051289372
   -0.0043735343
   -0.0033407375
   -0.0020947266
  -0.00071328254
   0.00071706677
    0.0021064645
    0.0033673683
    0.0044200649
    0.0051977077
    0.0056505600
    0.0057491745
    0.0054863048
    0.0048774275
    0.0039598344
    0.0027903513
    0.0014418202
  -1.4358863e-06
   -0.0014488843
   -0.0028094600
   -0.0039972931
   -0.0049371270
   -0.0055690847
   -0.0058524813
   -0.0057684420
   -0.0053211537
   -0.0045376714
   -0.0034662846
   -0.0021735426
  -0.00074012275
   0.00074420273
    0.0021861875
    0.0034949673
    0.0045877835
    0.0053952151
    0.0058655864
    0.0059682725
    0.0056956898
    0.0050638442
    0.0041113950
    0.0028972932
    0.0014971335
  -1.5498023e-06
   -0.0015047541
   -0.0029179024
   -0.0041517927
   -0.0051282260
   -0.0057849611
   -0.0060796798
   -0.0059927113
   -0.0055283401
   -0.0047146110
   -0.0036016389
   -0.0022585242
  -0.00076906485
   0.00077347013
    0.0022721793
    0.0036326140
    0.0047687290
    0.0056083224
    0.0060976225
    0.0062047288
    0.0059216889
    0.0052650748
    0.0042750175
    0.0030127576
    0.0015568592
  -1.6781426e-06
   -0.0015651053
   -0.0030350520
   -0.0043187146
   -0.0053347128
   -0.0060182469
   -0.0063252288
   -0.0062351223
   -0.0057523117
   -0.0049059066
   -0.0037479904
   -0.0023504180
  -0.00080035899
   0.00080513753
    0.0023652167
    0.0037815515
    0.0049645380
    0.0058389616
    0.0063487773
    0.0064606988
    0.0061663686
    0.0054829653
    0.0044522079
    0.0031378119
    0.0016215530
  -1.8183988e-06
   -0.0016304955
   -0.0031619978
   -0.0044996172
   -0.0055585222
   -0.0062711357
   -0.0065914451
   -0.0064979700
   -0.0059951964
   -0.0051133822
   -0.0039067403
   -0.0024501086
  -0.00083431048
   0.00083950523
    0.0024661942
    0.0039432190
    0.0051771100
    0.0060893777
    0.0066215035
    0.0067386898
    0.0064321319
    0.0057196609
    0.0046447141
    0.0032736898
    0.0016918492
  -1.9838575e-06
   -0.0017015938
   -0.0033000317
   -0.0046963418
   -0.0058019363
   -0.0065462118
   -0.0068810561
   -0.0067839542
   -0.0062594954
   -0.0053391795
   -0.0040795303
   -0.0025586267
  -0.00087126593
   0.00087694228
    0.0025761831
    0.0041193319
    0.0054087049
    0.0063622400
    0.0069187166
    0.0070416827
    0.0067218380
    0.0059777165
    0.0048546210
    0.0034218686
    0.0017685159
  -2.1739359e-06
   -0.0017791776
   -0.0034506698
   -0.0049110579
   -0.0060676490
   -0.0068465305
   -0.0071972900
   -0.0070962741
   -0.0065481757
   -0.0055858426
   -0.0042683144
   -0.0026772047
  -0.00091164772
   0.00091787413
    0.0026964414
    0.0043119129
    0.0056619930
    0.0066607061
    0.0072438686
    0.0073732093
    0.0070388759
    0.0062601618
    0.0050844021
    0.0035841009
    0.0018524635
  -2.3901597e-06
   -0.0018641730
   -0.0036157183
   -0.0051463494
   -0.0063588700
   -0.0071757328
   -0.0075439949
   -0.0074387446
   -0.0068647771
   -0.0058564078
   -0.0044754265
   -0.0028073158
  -0.00095596307
   0.00096280575
    0.0028284691
    0.0045233761
    0.0059401627
    0.0069885481
    0.0076010846
    0.0077374916
    0.0073872984
    0.0065706209
    0.0053370169
    0.0037624838
    0.0019447811
  -2.6351845e-06
   -0.0019576910
   -0.0037973419
   -0.0054053136
   -0.0066794468
   -0.0075381836
   -0.0079257840
   -0.0078159377
   -0.0072135399
   -0.0061545094
   -0.0047036545
   -0.0029507116
   -0.0010047994
    0.0010123695
    0.0029740974
    0.0047566551
    0.0062470815
    0.0073503374
    0.0079953616
    0.0081396425
    0.0077720124
    0.0069134808
    0.0056160463
    0.0039595530
    0.0020467823
  -2.9206858e-06
   -0.0020610883
   -0.0039981782
   -0.0056917221
   -0.0070340641
   -0.0079391989
   -0.0083482778
   -0.0082334278
   -0.0075996383
   -0.0064845878
   -0.0049564120
   -0.0031095464
   -0.0010588954
    0.0010673116
    0.0031355341
    0.0050153023
    0.0065874428
    0.0077516289
    0.0084327777
    0.0085858862
    0.0081989957
    0.0072940897
    0.0059258592
    0.0041784048
    0.0021600727
  -3.2577008e-06
   -0.0021760192
   -0.0042214473
   -0.0060101829
   -0.0074284487
   -0.0083852799
   -0.0088183529
   -0.0086980369
   -0.0080294066
   -0.0068520792
   -0.0052378774
   -0.0032864544
   -0.0011191477
    0.0011285597
    0.0033155031
    0.0053036959
    0.0069670301
    0.0081992689
    0.0089208261
    0.0090838987
    0.0086756236
    0.0077190490
    0.0062718514
    0.0044228660
    0.0022866405
  -3.6550793e-06
   -0.0023045238
   -0.0044711263
   -0.0063663920
   -0.0078696844
   -0.0088844729
   -0.0093445247
   -0.0092182175
   -0.0085106965
   -0.0072637259
   -0.0055532356
   -0.0034847062
   -0.0011866708
    0.0011972648
    0.0035173890
    0.0056272797
    0.0073930379
    0.0087017778
    0.0094688363
    0.0096432414
    0.0092110863
    0.0081965881
    0.0066607509
    0.0046977086
    0.0024289625
  -4.1310350e-06
   -0.0024491605
   -0.0047521990
   -0.0067674872
   -0.0083666502
   -0.0094468675
   -0.0099374752
   -0.0098045774
   -0.0090533669
   -0.0077279978
   -0.0059090039
   -0.0037084157
   -0.0012628681
    0.0012748744
    0.0037454527
    0.0059929113
    0.0078745347
    0.0092699015
     0.010088582
     0.010275987
    0.0098169958
    0.0087371108
    0.0071010697
    0.0050089751
    0.0025901798
  -4.7020012e-06
   -0.0026131642
   -0.0050709764
   -0.0072225152
   -0.0089306078
    -0.010085268
    -0.010610769
    -0.010470594
   -0.0096699499
   -0.0082556657
   -0.0063134716
   -0.0039628134
   -0.0013495170
    0.0013632480
    0.0040051463
    0.0064093624
    0.0084231228
    0.0099173937
     0.010795138
     0.010997602
     0.010508233
    0.0093539566
    0.0076037251
    0.0053644163
    0.0027743177
  -5.4022531e-06
   -0.0028007117
   -0.0054355999
   -0.0077431482
   -0.0095760930
    -0.010816212
    -0.011381935
    -0.011233695
    -0.010376662
   -0.0088606781
   -0.0067773840
   -0.0042546897
   -0.0014489360
    0.0014647825
    0.0043035322
    0.0068880128
    0.0090538694
     0.010662131
     0.011608114
     0.011828221
     0.011304189
     0.010064520
    0.0081829653
    0.0057741576
    0.0029866425
  -6.2684411e-06
   -0.0030172595
   -0.0058567200
   -0.0083446704
    -0.010322156
    -0.011661387
    -0.012273980
    -0.012116771
    -0.011194818
   -0.0095613820
   -0.0073148831
   -0.0045929841
   -0.0015641725
    0.0015826538
    0.0046499521
    0.0074439194
    0.0097867218
     0.011527796
     0.012553510
     0.012794555
     0.012230605
     0.010891911
    0.0088577329
    0.0062516681
    0.0032341607
  -7.3585051e-06
   -0.0032700967
   -0.0063485681
   -0.0090475174
    -0.011194285
    -0.012649834
    -0.013317733
    -0.013150520
    -0.012153024
    -0.010382416
   -0.0079449710
   -0.0049897104
   -0.0016993111
    0.0017211663
    0.0050570365
    0.0080974447
     0.010648672
     0.012546460
     0.013666558
     0.013932838
     0.013322427
     0.011867528
    0.0096537860
    0.0068152768
    0.0035264100
  -8.7634683e-06
   -0.0035691892
   -0.0069306086
   -0.0098796604
    -0.012227400
    -0.013821378
    -0.014555515
    -0.014377125
    -0.013290630
    -0.011357712
   -0.0086938518
   -0.0054614639
   -0.0018600190
    0.0018862387
    0.0055422284
    0.0088767570
     0.011677112
     0.013762600
     0.014996182
     0.015293435
     0.014628289
     0.013035119
     0.010607055
    0.0074905801
    0.0038767264
  -1.0607563e-05
   -0.0039284970
   -0.0076301407
    -0.010880377
    -0.013470590
    -0.015232068
    -0.016046955
    -0.015856086
    -0.014663205
    -0.012535236
   -0.0095985978
   -0.0060317319
   -0.0020542939
    0.0020863367
    0.0061304078
    0.0098220532
     0.012925444
     0.015239815
     0.016612414
     0.016948533
     0.016217978
     0.014457532
     0.011769216
    0.0083144320
    0.0043043223
  -1.3099887e-05
   -0.0043682451
   -0.0084867403
    -0.012106671
    -0.014995193
    -0.016963462
    -0.017878934
    -0.017674221
    -0.016351936
    -0.013985167
    -0.010713529
   -0.0067349778
   -0.0022938847
    0.0023339249
    0.0068582536
     0.010992679
     0.014472633
     0.017072281
     0.018619117
     0.019005348
     0.018195309
     0.016228407
     0.013217380
    0.0093419038
    0.0048379377
  -1.6585901e-05
   -0.0049188537
   -0.0095600006
    -0.013644508
    -0.016908958
    -0.019138952
    -0.020183125
    -0.019963322
    -0.018480282
    -0.015814405
    -0.012121520
   -0.0076238572
   -0.0025967424
    0.0026481831
    0.0077822129
     0.012480102
     0.016440594
     0.019405663
     0.021177240
     0.021630343
     0.020721760
     0.018493672
     0.015071944
     0.010659134
    0.0055225886
  -2.1666897e-05
   -0.0056282843
    -0.010944016
    -0.015629881
    -0.019382684
    -0.021954534
    -0.023169111
    -0.022933612
    -0.021245591
    -0.018194186
    -0.013955599
   -0.0087830448
   -0.0029917348
    0.0030602301
    0.0089938906
     0.014433047
     0.019027992
     0.022477875
     0.024550269
     0.025096676
     0.024062956
     0.021493943
     0.017531896
     0.012408807
    0.0064329567
  -2.9504163e-05
   -0.0065768509
    -0.012796618
    -0.018291437
    -0.022704272
    -0.025741457
    -0.027192061
    -0.026942317
    -0.024984136
    -0.021417092
    -0.016443665
    -0.010357950
   -0.0035284364
    0.0036241275
     0.010652479
     0.017110624
     0.022581942
     0.026705863
     0.029201404
     0.029886067
     0.028688819
     0.025656263
     0.020951513
     0.014845727
    0.0077027178
  -4.2498134e-05
   -0.0079099611
    -0.015404270
    -0.022045525
    -0.027399791
    -0.031107170
    -0.032905677
    -0.032649365
    -0.030319456
    -0.026027673
    -0.020011437
    -0.012621085
   -0.0042997783
    0.0044427584
     0.013061144
     0.021008021
     0.027768466
     0.032892973
     0.036026937
     0.036934711
     0.035516650
     0.031817935
     0.026028485
     0.018473783
    0.0095970326
  -6.6416642e-05
   -0.0099209108
    -0.019346743
    -0.027738630
    -0.034544055
    -0.039299082
    -0.041659351
    -0.041424225
    -0.038552444
    -0.033168126
    -0.025556548
    -0.016149753
   -0.0055026560
    0.0057390539
     0.016877404
     0.027204762
     0.036048027
     0.042811680
     0.047016989
     0.048334834
     0.046609976
     0.041875056
     0.034353208
     0.024448859
     0.012726996
  -0.00011809850
    -0.013302961
    -0.026001650
    -0.037396320
    -0.046728619
    -0.053348778
    -0.056759273
    -0.056650237
    -0.052924204
    -0.045708369
    -0.035353277
    -0.022417613
   -0.0076396699
    0.0081031663
     0.023844752
     0.038587557
     0.051363768
     0.061296479
     0.067657261
     0.069916454
     0.067782906
     0.061230386
     0.050508651
     0.036137977
     0.018886932
  -0.00026581174
    -0.020183889
    -0.039637199
    -0.057373978
    -0.072196939
    -0.083039091
    -0.089034678
    -0.089580841
    -0.084385999
    -0.073501564
    -0.057334487
    -0.036639132
    -0.012488149
     0.013776822
     0.040612558
     0.066356629
     0.089320643
      0.10788947
      0.12062110
      0.12634147
      0.12422888
      0.11388265
     0.095371873
     0.069260521
     0.036606755
   -0.0010645888
    -0.041815910
    -0.083375253
     -0.12323598
     -0.15877326
     -0.18737182
     -0.20655880
     -0.21413492
     -0.20829734
     -0.18774748
     -0.15177814
     -0.10033472
    -0.034046967
     0.045771257
      0.13715484
      0.23755209
      0.34391879
      0.45283751
      0.56065698
      0.66364507
      0.75814828
      0.84075011
      0.90842080
      0.95865126
      0.98956461
       1.0000000
      0.98956461
      0.95865126
      0.90842080
      0.84075011
      0.75814828
      0.66364507
      0.56065698
      0.45283751
      0.34391879
      0.23755209
      0.13715484
     0.045771257
    -0.034046967
     -0.10033472
     -0.15177814
     -0.18774748
     -0.20829734
     -0.21413492
     -0.20655880
     -0.18737182
     -0.15877326
     -0.12323598
    -0.083375253
    -0.041815911
   -0.0010645890
     0.036606755
     0.069260520
     0.095371873
      0.11388265
      0.12422888
      0.12634147
      0.12062110
      0.10788947
     0.089320643
     0.066356629
     0.040612558
     0.013776823
    -0.012488149
    -0.036639132
    -0.057334486
    -0.073501564
    -0.084385998
    -0.089580840
    -0.089034677
    -0.083039091
    -0.072196938
    -0.057373977
    -0.039637199
    -0.020183889
  -0.00026581155
     0.018886932
     0.036137977
     0.050508651
     0.061230386
     0.067782906
     0.069916454
     0.067657261
     0.061296478
     0.051363767
     0.038587557
     0.023844751
    0.0081031658
   -0.0076396704
    -0.022417614
    -0.035353278
    -0.045708370
    -0.052924204
    -0.056650238
    -0.056759274
    -0.053348778
    -0.046728619
    -0.037396320
    -0.026001650
    -0.013302961
  -0.00011809837
     0.012726996
     0.024448860
     0.034353209
     0.041875057
     0.046609977
     0.048334835
     0.047016990
     0.042811681
     0.036048027
     0.027204763
     0.016877405
    0.0057390546
   -0.0055026554
    -0.016149753
    -0.025556548
    -0.033168126
    -0.038552444
    -0.041424225
    -0.041659351
    -0.039299083
    -0.034544056
    -0.027738631
    -0.019346744
   -0.0099209118
  -6.6417670e-05
    0.0095970316
     0.018473782
     0.026028484
     0.031817934
     0.035516649
     0.036934711
     0.036026937
     0.032892973
     0.027768466
     0.021008021
     0.013061144
    0.0044427590
   -0.0042997777
    -0.012621084
    -0.020011436
    -0.026027672
    -0.030319455
    -0.032649364
    -0.032905676
    -0.031107169
    -0.027399791
    -0.022045525
    -0.015404270
   -0.0079099611
  -4.2498256e-05
    0.0077027176
     0.014845727
     0.020951513
     0.025656263
     0.028688819
     0.029886067
     0.029201403
     0.026705862
     0.022581942
     0.017110624
     0.010652479
    0.0036241274
   -0.0035284365
    -0.010357950
    -0.016443665
    -0.021417092
    -0.024984136
    -0.026942317
    -0.027192061
    -0.025741457
    -0.022704272
    -0.018291437
    -0.012796618
   -0.0065768510
  -2.9504318e-05
    0.0064329566
     0.012408807
     0.017531896
     0.021493943
     0.024062956
     0.025096676
     0.024550269
     0.022477875
     0.019027992
     0.014433047
    0.0089938907
    0.0030602303
   -0.0029917346
   -0.0087830446
    -0.013955598
    -0.018194186
    -0.021245591
    -0.022933612
    -0.023169111
    -0.021954534
    -0.019382684
    -0.015629882
    -0.010944017
   -0.0056282851
  -2.1667754e-05
    0.0055225878
     0.010659134
     0.015071944
     0.018493671
     0.020721759
     0.021630343
     0.021177240
     0.019405663
     0.016440594
     0.012480102
    0.0077822135
    0.0026481839
   -0.0025967414
   -0.0076238561
    -0.012121519
    -0.015814404
    -0.018480281
    -0.019963321
    -0.020183124
    -0.019138951
    -0.016908957
    -0.013644507
   -0.0095600001
   -0.0049188535
  -1.6585968e-05
    0.0048379374
    0.0093419033
     0.013217379
     0.016228406
     0.018195308
     0.019005347
     0.018619116
     0.017072280
     0.014472632
     0.010992678
    0.0068582529
    0.0023339245
   -0.0022938849
   -0.0067349779
    -0.010713529
    -0.013985167
    -0.016351935
    -0.017674221
    -0.017878934
    -0.016963462
    -0.014995192
    -0.012106670
   -0.0084867396
   -0.0043682446
  -1.3099466e-05
    0.0043043225
    0.0083144321
     0.011769215
     0.014457532
     0.016217978
     0.016948532
     0.016612413
     0.015239815
     0.012925443
    0.0098220525
    0.0061304072
    0.0020863363
   -0.0020542942
   -0.0060317320
   -0.0095985977
    -0.012535235
    -0.014663204
    -0.015856086
    -0.016046954
    -0.015232068
    -0.013470589
    -0.010880376
   -0.0076301399
   -0.0039284963
  -1.0607011e-05
    0.0038767268
    0.0074905803
     0.010607055
     0.013035119
     0.014628289
     0.015293435
     0.014996181
     0.013762600
     0.011677111
    0.0088767562
    0.0055422276
    0.0018862380
   -0.0018600197
   -0.0054614644
   -0.0086938522
    -0.011357712
    -0.013290631
    -0.014377125
    -0.014555515
    -0.013821378
    -0.012227399
   -0.0098796599
   -0.0069306080
   -0.0035691886
  -8.7629485e-06
    0.0035264104
    0.0068152771
    0.0096537862
     0.011867528
     0.013322426
     0.013932837
     0.013666557
     0.012546459
     0.010648672
    0.0080974438
    0.0050570356
    0.0017211653
   -0.0016993120
   -0.0049897112
   -0.0079449717
    -0.010382416
    -0.012153024
    -0.013150520
    -0.013317733
    -0.012649834
    -0.011194284
   -0.0090475164
   -0.0063485670
   -0.0032700954
  -7.3571272e-06
    0.0032341622
    0.0062516696
    0.0088577344
     0.010891912
     0.012230606
     0.012794557
     0.012553511
     0.011527797
    0.0097867224
    0.0074439198
    0.0046499522
    0.0015826537
   -0.0015641728
   -0.0045929845
   -0.0073148837
   -0.0095613827
    -0.011194819
    -0.012116772
    -0.012273981
    -0.011661388
    -0.010322157
   -0.0083446713
   -0.0058567208
   -0.0030172602
  -6.2691003e-06
    0.0029866420
    0.0057741571
    0.0081829649
     0.010064520
     0.011304189
     0.011828221
     0.011608115
     0.010662131
    0.0090538697
    0.0068880132
    0.0043035327
    0.0014647830
   -0.0014489355
   -0.0042546891
   -0.0067773834
   -0.0088606776
    -0.010376661
    -0.011233695
    -0.011381935
    -0.010816212
   -0.0095760929
   -0.0077431482
   -0.0054356000
   -0.0028007120
  -5.4026856e-06
    0.0027743172
    0.0053644156
    0.0076037242
    0.0093539557
     0.010508232
     0.010997601
     0.010795137
    0.0099173927
    0.0084231218
    0.0064093614
    0.0040051455
    0.0013632473
   -0.0013495175
   -0.0039628138
   -0.0063134718
   -0.0082556658
   -0.0096699498
    -0.010470594
    -0.010610769
    -0.010085268
   -0.0089306071
   -0.0072225143
   -0.0050709755
   -0.0026131632
  -4.7010864e-06
    0.0025901807
    0.0050089759
    0.0071010704
    0.0087371114
    0.0098169962
     0.010275988
     0.010088582
    0.0092699016
    0.0078745347
    0.0059929111
    0.0037454525
    0.0012748742
   -0.0012628684
   -0.0037084159
   -0.0059090041
   -0.0077279979
   -0.0090533670
   -0.0098045773
   -0.0099374751
   -0.0094468673
   -0.0083666498
   -0.0067674868
   -0.0047521986
   -0.0024491600
  -4.1305355e-06
    0.0024289630
    0.0046977090
    0.0066607513
    0.0081965883
    0.0092110865
    0.0096432414
    0.0094688362
    0.0087017775
    0.0073930375
    0.0056272792
    0.0035173884
    0.0011972641
   -0.0011866716
   -0.0034847070
   -0.0055532364
   -0.0072637266
   -0.0085106972
   -0.0092182182
   -0.0093445252
   -0.0088844734
   -0.0078696847
   -0.0063663923
   -0.0044711264
   -0.0023045238
  -3.6549529e-06
    0.0022866407
    0.0044228663
    0.0062718518
    0.0077190494
    0.0086756240
    0.0090838991
    0.0089208265
    0.0081992692
    0.0069670303
    0.0053036961
    0.0033155033
    0.0011285598
   -0.0011191477
   -0.0032864544
   -0.0052378774
   -0.0068520793
   -0.0080294067
   -0.0086980370
   -0.0088183529
   -0.0083852799
   -0.0074284487
   -0.0060101829
   -0.0042214472
   -0.0021760191
  -3.2575777e-06
    0.0021600728
    0.0041784050
    0.0059258594
    0.0072940898
    0.0081989959
    0.0085858864
    0.0084327778
    0.0077516290
    0.0065874428
    0.0050153023
    0.0031355341
    0.0010673116
   -0.0010588955
   -0.0031095465
   -0.0049564121
   -0.0064845880
   -0.0075996385
   -0.0082334279
   -0.0083482779
   -0.0079391990
   -0.0070340642
   -0.0056917223
   -0.0039981783
   -0.0020610884
  -2.9207262e-06
    0.0020467822
    0.0039595530
    0.0056160463
    0.0069134809
    0.0077720125
    0.0081396426
    0.0079953617
    0.0073503375
    0.0062470816
    0.0047566553
    0.0029740975
    0.0010123696
   -0.0010047993
   -0.0029507115
   -0.0047036543
   -0.0061545092
   -0.0072135397
   -0.0078159375
   -0.0079257838
   -0.0075381835
   -0.0066794466
   -0.0054053134
   -0.0037973418
   -0.0019576909
  -2.6351159e-06
    0.0019447812
    0.0037624838
    0.0053370169
    0.0065706210
    0.0073872984
    0.0077374917
    0.0076010847
    0.0069885483
    0.0059401629
    0.0045233764
    0.0028284694
   0.00096280618
  -0.00095596257
   -0.0028073152
   -0.0044754259
   -0.0058564071
   -0.0068647765
   -0.0074387440
   -0.0075439943
   -0.0071757323
   -0.0063588696
   -0.0051463491
   -0.0036157183
   -0.0018641732
  -2.3905932e-06
    0.0018524628
    0.0035840999
    0.0050844009
    0.0062601603
    0.0070388742
    0.0073732074
    0.0072438666
    0.0066607041
    0.0056619910
    0.0043119110
    0.0026964396
   0.00091787253
  -0.00091164903
   -0.0026772056
   -0.0042683150
   -0.0055858427
   -0.0065481754
   -0.0070962733
   -0.0071972887
   -0.0068465288
   -0.0060676470
   -0.0049110556
   -0.0034506673
   -0.0017791749
  -2.1712407e-06
    0.0017685185
    0.0034218711
    0.0048546232
    0.0059777184
    0.0067218395
    0.0070416838
    0.0069187171
    0.0063622400
    0.0054087044
    0.0041193308
    0.0025761816
   0.00087694042
  -0.00087126809
   -0.0025586291
   -0.0040795328
   -0.0053391820
   -0.0062594978
   -0.0067839564
   -0.0068810580
   -0.0065462133
   -0.0058019374
   -0.0046963425
   -0.0033000318
   -0.0017015935
  -1.9829974e-06
    0.0016918505
    0.0032736915
    0.0046447160
    0.0057196631
    0.0064321342
    0.0067386922
    0.0066215057
    0.0060893798
    0.0051771118
    0.0039432205
    0.0024661953
   0.00083950581
  -0.00083431038
   -0.0024501089
   -0.0039067412
   -0.0051133835
   -0.0059951980
   -0.0064979719
   -0.0065914473
   -0.0062711380
   -0.0055585246
   -0.0044996195
   -0.0031620000
   -0.0016304975
  -1.8201694e-06
    0.0016215515
    0.0031378109
    0.0044522073
    0.0054829650
    0.0061663687
    0.0064606994
    0.0063487782
    0.0058389629
    0.0049645395
    0.0037815533
    0.0023652185
   0.00080513943
  -0.00080035710
   -0.0023504162
   -0.0037479887
   -0.0049059051
   -0.0057523104
   -0.0062351213
   -0.0063252281
   -0.0060182465
   -0.0053347126
   -0.0043187147
   -0.0030350523
   -0.0015651058
  -1.6788175e-06
    0.0015568584
    0.0030127568
    0.0042750166
    0.0052650739
    0.0059216881
    0.0062047280
    0.0060976218
    0.0056083219
    0.0047687286
    0.0036326138
    0.0022721792
   0.00077347026
  -0.00076906457
   -0.0022585238
   -0.0036016384
   -0.0047146104
   -0.0055283395
   -0.0059927107
   -0.0060796792
   -0.0057849606
   -0.0051282255
   -0.0041517923
   -0.0029179022
   -0.0015047539
  -1.5498155e-06
    0.0014971334
    0.0028972929
    0.0041113947
    0.0050638437
    0.0056956893
    0.0059682719
    0.0058655858
    0.0053952145
    0.0045877829
    0.0034949668
    0.0021861871
   0.00074420242
  -0.00074012294
   -0.0021735426
   -0.0034662845
   -0.0045376712
   -0.0053211533
   -0.0057684416
   -0.0058524808
   -0.0055690841
   -0.0049371264
   -0.0039972925
   -0.0028094594
   -0.0014488838
  -1.4354194e-06
    0.0014418206
    0.0027903515
    0.0039598345
    0.0048774274
    0.0054863046
    0.0057491741
    0.0056505595
    0.0051977071
    0.0044200642
    0.0033673675
    0.0021064637
   0.00071706599
  -0.00071328328
   -0.0020947273
   -0.0033407381
   -0.0043735348
   -0.0051289376
   -0.0055603544
   -0.0056416528
   -0.0053687406
   -0.0047597586
   -0.0038538791
   -0.0027087881
   -0.0013970134
  -1.3322941e-06
    0.0013904505
    0.0026910251
    0.0038190528
    0.0047042509
    0.0052917709
    0.0055455953
    0.0054507434
    0.0050141520
    0.0042641782
    0.0032487598
    0.0020323527
   0.00069184148
  -0.00068831956
   -0.0020214253
   -0.0032239657
   -0.0042208556
   -0.0049501220
   -0.0053667549
   -0.0054454838
   -0.0051823085
   -0.0045946903
   -0.0037203976
   -0.0026150796
   -0.0013487263
  -1.2375176e-06
    0.0013426170
    0.0025985289
    0.0036879395
    0.0045429518
    0.0051105617
    0.0053559419
    0.0052645771
    0.0048431195
    0.0041189132
    0.0031382226
    0.0019632785
   0.00066832993
  -0.00066504597
   -0.0019530823
   -0.0031150836
   -0.0040784800
   -0.0047833584
   -0.0051861871
   -0.0052625029
   -0.0050083943
   -0.0044406922
   -0.0035958579
   -0.0025276430
   -0.0013036710
  -1.1574644e-06
    0.0012979599
    0.0025121748
    0.0035655248
    0.0043923422
    0.0049413473
    0.0051788268
    0.0050907032
    0.0046833657
    0.0039832153
    0.0030349561
    0.0018987417
   0.00064636066
  -0.00064329772
   -0.0018892122
   -0.0030133182
   -0.0039453981
   -0.0046274665
   -0.0050173759
   -0.0050914204
   -0.0048457747
   -0.0042966827
   -0.0034793860
   -0.0024458637
   -0.0012615277
  -1.0837145e-06
    0.0012561796
    0.0024313777
    0.0034509783
    0.0042514014
    0.0047829828
    0.0050130546
    0.0049279514
    0.0045338191
    0.0038561784
    0.0029382745
    0.0018383181
   0.00062579525
  -0.00062292130
   -0.0018293816
   -0.0029179860
   -0.0038207215
   -0.0044814100
   -0.0048592032
   -0.0049311070
   -0.0046933794
   -0.0041617167
   -0.0033702196
   -0.0023692079
   -0.0012220219
  -1.0154252e-06
    0.0012170060
    0.0023556163
    0.0033435626
    0.0041192239
    0.0046344530
    0.0048575647
    0.0047752824
    0.0043935259
    0.0037369926
    0.0028475607
    0.0017816199
   0.00060649646
  -0.00060379768
   -0.0017732258
   -0.0028285023
   -0.0037036845
   -0.0043442924
   -0.0047106994
   -0.0047805817
   -0.0045502778
   -0.0040349719
   -0.0032676955
   -0.0022972114
   -0.0011849155
  -9.5358594e-07
    0.0011802015
    0.0022844332
    0.0032426314
    0.0039950169
    0.0044948697
    0.0047114297
    0.0046317879
    0.0042616538
    0.0036249526
    0.0027622797
    0.0017283137
   0.00058835161
  -0.00058581399
   -0.0017204155
   -0.0027443440
   -0.0035936049
   -0.0042153169
   -0.0045710036
   -0.0046389742
   -0.0044156445
   -0.0039157190
   -0.0031712249
   -0.0022294615
   -0.0011499962
  -8.9711881e-07
    0.0011455576
    0.0022174259
    0.0031476150
    0.0038780807
    0.0043634481
    0.0045738297
    0.0044966646
    0.0041374661
    0.0035194338
    0.0026819565
    0.0016781028
   0.00057125885
  -0.00056887278
   -0.0016706622
   -0.0026650515
   -0.0034898825
   -0.0040937811
   -0.0044393569
   -0.0045055168
   -0.0042887513
   -0.0038033146
   -0.0030802886
   -0.0021655946
   -0.0011170770
  -8.4607167e-07
    0.0011128895
    0.0021542377
    0.0030580091
    0.0037677965
    0.0042394947
    0.0044440410
    0.0043692042
    0.0040203141
    0.0034198876
    0.0026061764
    0.0016307310
   0.00055513557
  -0.00055287925
   -0.0016237008
   -0.0025902073
   -0.0033919744
   -0.0039790520
   -0.0043150757
   -0.0043795183
   -0.0041689425
   -0.0036971786
   -0.0029944177
   -0.0021052808
   -0.0010859862
  -7.9576851e-07
    0.0010820358
    0.0020945535
    0.0029733658
    0.0036636127
    0.0041223901
    0.0043214153
    0.0042487702
    0.0039096130
    0.0033258166
    0.0025345594
    0.0015859582
   0.00053989497
  -0.00053776318
   -0.0015793104
   -0.0025194553
   -0.0032994132
   -0.0038705815
   -0.0041975669
   -0.0042603786
   -0.0040556489
   -0.0035968087
   -0.0029132077
   -0.0020482384
   -0.0010565819
  -7.5230427e-07
    0.0010528442
    0.0020380848
    0.0028932795
    0.0035650331
    0.0040115785
    0.0042053727
    0.0041347951
    0.0038048424
    0.0032367796
    0.0024667703
    0.0015435754
   0.00052546586
  -0.00052345475
   -0.0015372857
   -0.0024524689
   -0.0032117728
   -0.0037678712
   -0.0040862916
   -0.0041475524
   -0.0039483529
   -0.0035017470
   -0.0028362886
   -0.0019942075
   -0.0010287296
  -7.1336885e-07
    0.0010251856
    0.0019845808
    0.0028173946
    0.0034716204
    0.0039065696
    0.0040954010
    0.0040267771
    0.0037055430
    0.0031523884
    0.0024025160
    0.0015034021
   0.00051179114
  -0.00050988479
   -0.0014974364
   -0.0023889492
   -0.0031286650
   -0.0036704685
   -0.0039807615
   -0.0040405460
   -0.0038465863
   -0.0034115796
   -0.0027633263
   -0.0019429537
   -0.0010023080
  -6.7771357e-07
   0.00099894250
    0.0019338133
    0.0027453876
    0.0033829771
    0.0038069170
    0.0039910335
    0.0039242587
    0.0036112946
    0.0030722859
    0.0023415244
    0.0014652676
   0.00049881140
  -0.00049699885
   -0.0014595985
   -0.0023286341
   -0.0030497466
   -0.0035779712
   -0.0038805409
   -0.0039389180
   -0.0037499294
   -0.0033259346
   -0.0026940189
   -0.0018942638
  -0.00097720517
  -6.4051198e-07
   0.00097401322
    0.0018855817
    0.0026769725
    0.0032987501
    0.0037122238
    0.0038918542
    0.0038268310
    0.0035217211
    0.0029961522
    0.0022835510
    0.0014290173
   0.00048647053
  -0.00048475196
   -0.0014236301
   -0.0022712944
   -0.0029747166
   -0.0034900267
   -0.0037852483
   -0.0038422827
   -0.0036580168
   -0.0032444902
   -0.0026281089
   -0.0018479601
  -0.00095333430
  -6.1105613e-07
   0.00095029328
    0.0018396933
    0.0026118806
    0.0032186120
    0.0036221241
    0.0037974824
    0.0037341219
    0.0034364821
    0.0029236997
    0.0022283785
    0.0013945173
   0.00047472596
  -0.00047309333
   -0.0013893906
   -0.0022167092
   -0.0029032880
   -0.0034062996
   -0.0036945214
   -0.0037502729
   -0.0035704994
   -0.0031669364
   -0.0025653438
   -0.0018038631
  -0.00093059873
  -5.8050740e-07
   0.00092770432
    0.0017959885
    0.0025498820
    0.0031422782
    0.0035362974
    0.0037075818
    0.0036458012
    0.0033552745
    0.0028546710
    0.0021758115
    0.0013616461
   0.00046353712
  -0.00046198049
   -0.0013567578
   -0.0021646846
   -0.0028352080
   -0.0033264948
   -0.0036080412
   -0.0036625662
   -0.0034870717
   -0.0030930038
   -0.0025055074
   -0.0017618224
  -0.00090892360
  -5.5376576e-07
   0.00090616228
    0.0017543097
    0.0024907558
    0.0030694781
    0.0034544404
    0.0036218356
    0.0035615579
    0.0032778120
    0.0027888222
    0.0021256629
    0.0013302843
   0.00045285916
  -0.00045138198
   -0.0013256266
   -0.0021150497
   -0.0027702510
   -0.0032503466
   -0.0035255192
   -0.0035788698
   -0.0034074547
   -0.0030224446
   -0.0024483981
   -0.0017216955
  -0.00088823326
  -5.2619512e-07
   0.00088560128
    0.0017145253
    0.0024343139
    0.0029999798
    0.0033762926
    0.0035399714
    0.0034811258
    0.0032038515
    0.0027259488
    0.0020777798
    0.0013003404
   0.00044266749
  -0.00044125373
   -0.0012958873
   -0.0020676355
   -0.0027081997
   -0.0031776029
   -0.0034466844
   -0.0034989102
   -0.0033313894
   -0.0029550304
   -0.0023938321
   -0.0016833536
  -0.00086846190
  -4.9852783e-07
   0.00086595461
    0.0016765074
    0.0023803753
    0.0029335611
    0.0033016045
    0.0034617284
    0.0034042484
    0.0031331571
    0.0026658497
    0.0020320082
    0.0012717164
   0.00043292566
  -0.00043156925
   -0.0012674528
   -0.0020223008
   -0.0026488683
   -0.0031080459
   -0.0033713006
   -0.0034224489
   -0.0032586503
   -0.0028905630
   -0.0023416510
   -0.0016466889
  -0.00084955879
  -4.8053105e-07
   0.00084715249
    0.0016401303
    0.0023287665
    0.0028700109
    0.0032301406
    0.0033868609
    0.0033306851
    0.0030655076
    0.0026083366
    0.0019882035
    0.0012443199
   0.00042359875
  -0.00042230450
   -0.0012402422
   -0.0019789135
   -0.0025920820
   -0.0030414690
   -0.0032991433
   -0.0033492567
   -0.0031890179
   -0.0028288461
   -0.0022916936
   -0.0016115842
  -0.00083145777
  -4.6016066e-07
   0.00082915302
    0.0016053019
    0.0022793515
    0.0028091590
    0.0031617080
    0.0033151662
    0.0032602367
    0.0030007203
    0.0025532551
    0.0019462498
    0.0012180811
   0.00041466724
  -0.00041342730
   -0.0012141736
   -0.0019373471
   -0.0025376778
   -0.0029776831
   -0.0032300087
   -0.0032791281
   -0.0031222979
   -0.0027697084
   -0.0022438223
   -0.0015779442
  -0.00081411134
  -4.4062015e-07
   0.00081190270
    0.0015719219
    0.0022319898
    0.0027508334
    0.0030961140
    0.0032464429
    0.0031927054
    0.0029386133
    0.0025004501
    0.0019060283
    0.0011929242
   0.00040610269
  -0.00040491746
   -0.0011891800
   -0.0018974925
   -0.0024855116
   -0.0029165186
   -0.0031637127
   -0.0032118763
   -0.0030583122
   -0.0027129919
   -0.0021979087
   -0.0015456780
  -0.00079747152
  -4.1936501e-07
   0.00079535893
    0.0015399056
    0.0021865604
    0.0026948851
    0.0030331913
    0.0031805160
    0.0031279202
    0.0028790303
    0.0024497902
    0.0018674406
    0.0011687901
   0.00039788915
  -0.00039674694
   -0.0011651913
   -0.0018592418
   -0.0024354448
   -0.0028578149
   -0.0031000827
   -0.0031473278
   -0.0029968975
   -0.0026585535
   -0.0021538393
   -0.0015147086
  -0.00078150283
  -4.0478136e-07
   0.00077946986
    0.0015091607
    0.0021429363
    0.0026411596
    0.0029727672
    0.0031172053
    0.0030657037
    0.0028218075
    0.0024011347
    0.0018303771
    0.0011456065
   0.00038999535
  -0.00038890470
   -0.0011421553
   -0.0018225058
   -0.0023873572
   -0.0028014286
   -0.0030389615
   -0.0030853211
   -0.0029378981
   -0.0026062531
   -0.0021114976
   -0.0014849503
  -0.00076615472
  -3.8399527e-07
   0.00076421065
    0.0014796273
    0.0021010266
    0.0025895422
    0.0029147110
    0.0030563730
    0.0030059205
    0.0027668207
    0.0023543790
    0.0017947599
    0.0011233274
   0.00038241026
  -0.00038136604
   -0.0011200133
   -0.0017871953
   -0.0023411346
   -0.0027472281
   -0.0029802085
   -0.0030257159
   -0.0028811829
   -0.0025559772
   -0.0020707952
   -0.0014563454
  -0.00075140447
  -3.7087159e-07
   0.00074953144
    0.0014512221
    0.0020607200
    0.0025398997
    0.0028588759
    0.0029978673
    0.0029484231
    0.0027139356
    0.0023094101
    0.0017605041
    0.0011019009
   0.00037511794
  -0.00037411000
   -0.0010987087
   -0.0017532217
   -0.0022966623
   -0.0026950792
   -0.0029236780
   -0.0029683639
   -0.0028266099
   -0.0025075984
   -0.0020316269
   -0.0014288166
  -0.00073720679
  -3.5434685e-07
   0.00073540902
    0.0014238899
    0.0020219330
    0.0024921262
    0.0028051405
    0.0029415596
    0.0028930835
    0.0026630333
    0.0022661252
    0.0017275293
    0.0010812739
   0.00036809556
  -0.00036712821
   -0.0010782030
   -0.0017205194
   -0.0022538519
   -0.0026448771
   -0.0028692562
   -0.0029131495
   -0.0027740695
   -0.0024610206
   -0.0019939161
   -0.0014023125
  -0.00072353869
  -3.4155110e-07
   0.00072180642
    0.0013975659
    0.0019845771
    0.0024461149
    0.0027533864
    0.0028873267
    0.0028397818
    0.0026140042
    0.0022244321
    0.0016957663
    0.0010614043
   0.00036133080
  -0.00036040260
   -0.0010584489
   -0.0016890150
   -0.0022126084
   -0.0025965111
   -0.0028168233
   -0.0028599515
   -0.0027234465
   -0.0024161413
   -0.0019575795
   -0.0013767733
  -0.00071036768
  -3.2883650e-07
   0.00070869860
    0.0013721984
    0.0019485774
    0.0024017729
    0.0027035086
    0.0028350588
    0.0027884102
    0.0025667497
    0.0021842475
    0.0016651525
    0.0010422543
   0.00035481280
  -0.00035391620
   -0.0010394028
   -0.0016586404
   -0.0021728440
   -0.0025498788
   -0.0027662689
   -0.0028086581
   -0.0026746345
   -0.0023728659
   -0.0019225400
   -0.0013521442
  -0.00069766422
  -3.1353873e-07
   0.00069606146
    0.0013477382
    0.0019138631
    0.0023590122
    0.0026554077
    0.0027846513
    0.0027388656
    0.0025211742
    0.0021454895
    0.0016356244
    0.0010237825
   0.00034852489
  -0.00034766048
   -0.0010210317
   -0.0016293412
   -0.0021344861
   -0.0025048949
   -0.0027175004
   -0.0027591757
   -0.0026275451
   -0.0023311175
   -0.0018887369
   -0.0013283850
  -0.00068541138
  -3.0336435e-07
   0.00068386286
    0.0013241307
    0.0018803600
    0.0023177436
    0.0026089848
    0.0027360013
    0.0026910473
    0.0024771856
    0.0021080798
    0.0016071223
    0.0010059513
   0.00034245327
  -0.00034162463
   -0.0010033012
   -0.0016010614
   -0.0020974612
   -0.0024614727
   -0.0026704235
   -0.0027114084
   -0.0025820868
   -0.0022908141
   -0.0018561032
   -0.0013054474
  -0.00067358227
  -2.9420700e-07
   0.00067208426
    0.0013013361
    0.0018480102
    0.0022778949
    0.0025641585
    0.0026890238
    0.0026448724
    0.0024347084
    0.0020719556
    0.0015796002
   0.00098873469
   0.00033659412
  -0.00033578989
  -0.00098617077
   -0.0015737412
   -0.0020616934
   -0.0024195248
   -0.0026249444
   -0.0026652616
   -0.0025381695
   -0.0022518760
   -0.0018245737
   -0.0012832848
  -0.00066215138
  -2.8298898e-07
   0.00066070632
    0.0012793140
    0.0018167550
    0.0022393928
    0.0025208452
    0.0026436303
    0.0026002526
    0.0023936600
    0.0020370445
    0.0015530004
   0.00097209252
   0.00033092677
  -0.00033015666
  -0.00096962117
   -0.0015473434
   -0.0020271307
   -0.0023789881
   -0.0025809937
   -0.0026206641
   -0.0024957256
   -0.0022142433
   -0.0017941010
   -0.0012618649
  -0.00065110429
  -0.00022156568
  -0.00022156566
