     0.014096685
     0.013441332
     0.012784860
     0.012127281
     0.011468602
     0.010808835
     0.010147988
    0.0094860732
    0.0088230989
    0.0081590756
    0.0074940131
    0.0068279216
    0.0061608111
    0.0054926916
    0.0048235733
    0.0041534664
    0.0034823810
    0.0028103273
    0.0021373155
    0.0014633559
   0.00078845882
   0.00011263452
  -0.00056410663
   -0.0012417543
   -0.0019202980
   -0.0025997274
   -0.0032800320
   -0.0039612013
   -0.0046432248
   -0.0053260920
   -0.0060097924
   -0.0066943152
   -0.0073796499
   -0.0080657859
   -0.0087527125
   -0.0094404190
    -0.010128895
    -0.010818129
    -0.011508110
    -0.012198829
    -0.012890273
    -0.013582433
    -0.014275297
    -0.014968854
    -0.015663094
    -0.016358005
    -0.017053577
    -0.017749798
    -0.018446658
    -0.019144145
    -0.019842248
    -0.020540957
    -0.021240259
    -0.021940145
    -0.022640603
    -0.023341620
    -0.024043188
    -0.024745293
    -0.025447925
    -0.026151073
    -0.026854725
    -0.027558870
    -0.028263496
    -0.028968593
    -0.029674148
    -0.030380150
    -0.031086589
    -0.031793451
    -0.032500727
    -0.033208404
    -0.033916470
    -0.034624915
    -0.035333727
    -0.036042894
    -0.036752404
    -0.037462246
    -0.038172408
    -0.038882878
    -0.039593645
    -0.040304697
    -0.041016023
    -0.041727610
    -0.042439446
    -0.043151521
    -0.043863822
    -0.044576336
    -0.045289054
    -0.046001961
    -0.046715047
    -0.047428300
    -0.048141708
    -0.048855258
    -0.049568939
    -0.050282739
    -0.050996646
    -0.051710647
    -0.052424732
    -0.053138886
    -0.053853100
    -0.054567359
    -0.055281653
    -0.055995970
    -0.056710296
    -0.057424620
    -0.058138930
    -0.058853213
    -0.059567458
    -0.060281651
    -0.060995782
    -0.061709837
    -0.062423804
    -0.063137671
    -0.063851426
    -0.064565056
    -0.065278550
    -0.065991894
    -0.066705076
    -0.067418084
    -0.068130905
    -0.068843528
    -0.069555939
    -0.070268127
    -0.070980078
    -0.071691780
    -0.072403222
    -0.073114390
    -0.073825271
    -0.074535854
    -0.075246126
    -0.075956074
    -0.076665686
    -0.077374949
    -0.078083851
    -0.078792378
    -0.079500519
    -0.080208261
    -0.080915591
    -0.081622496
    -0.082328965
    -0.083034984
    -0.083740540
    -0.084445621
    -0.085150214
    -0.085854307
    -0.086557887
    -0.087260941
    -0.087963457
    -0.088665421
    -0.089366821
    -0.090067644
    -0.090767878
    -0.091467509
    -0.092166525
    -0.092864914
    -0.093562662
    -0.094259756
    -0.094956184
    -0.095651933
    -0.096346990
    -0.097041343
    -0.097734978
    -0.098427882
    -0.099120044
    -0.099811449
     -0.10050209
     -0.10119194
     -0.10188100
     -0.10256925
     -0.10325668
     -0.10394328
     -0.10462904
     -0.10531393
     -0.10599795
     -0.10668109
     -0.10736333
     -0.10804465
     -0.10872506
     -0.10940453
     -0.11008305
     -0.11076060
     -0.11143718
     -0.11211278
     -0.11278737
     -0.11346094
     -0.11413349
     -0.11480500
     -0.11547546
     -0.11614485
     -0.11681317
     -0.11748039
     -0.11814650
     -0.11881150
     -0.11947537
     -0.12013809
     -0.12079966
     -0.12146006
     -0.12211927
     -0.12277729
     -0.12343411
     -0.12408970
     -0.12474405
     -0.12539716
     -0.12604901
     -0.12669959
     -0.12734888
     -0.12799687
     -0.12864354
     -0.12928890
     -0.12993291
     -0.13057558
     -0.13121688
     -0.13185680
     -0.13249534
     -0.13313247
     -0.13376819
     -0.13440247
     -0.13503532
     -0.13566671
     -0.13629664
     -0.13692508
     -0.13755203
     -0.13817748
     -0.13880141
     -0.13942380
     -0.14004465
     -0.14066395
     -0.14128167
     -0.14189781
     -0.14251235
     -0.14312529
     -0.14373660
     -0.14434628
     -0.14495431
     -0.14556068
     -0.14616538
     -0.14676839
     -0.14736970
     -0.14796930
     -0.14856718
     -0.14916332
     -0.14975771
     -0.15035033
     -0.15094118
     -0.15153025
     -0.15211751
     -0.15270296
     -0.15328658
     -0.15386836
     -0.15444829
     -0.15502635
     -0.15560254
     -0.15617684
     -0.15674923
     -0.15731971
     -0.15788827
     -0.15845488
     -0.15901953
     -0.15958223
     -0.16014294
     -0.16070166
     -0.16125838
     -0.16181308
     -0.16236575
     -0.16291639
     -0.16346496
     -0.16401147
     -0.16455591
     -0.16509825
     -0.16563848
     -0.16617660
     -0.16671260
     -0.16724645
     -0.16777814
     -0.16830767
     -0.16883502
     -0.16936018
     -0.16988314
     -0.17040388
     -0.17092240
     -0.17143867
     -0.17195269
     -0.17246444
     -0.17297392
     -0.17348111
     -0.17398600
     -0.17448857
     -0.17498882
     -0.17548672
     -0.17598228
     -0.17647547
     -0.17696629
     -0.17745473
     -0.17794076
     -0.17842438
     -0.17890558
     -0.17938434
     -0.17986066
     -0.18033451
     -0.18080590
     -0.18127480
     -0.18174120
     -0.18220510
     -0.18266648
     -0.18312533
     -0.18358163
     -0.18403538
     -0.18448656
     -0.18493517
     -0.18538118
     -0.18582459
     -0.18626539
     -0.18670356
     -0.18713910
     -0.18757198
     -0.18800220
     -0.18842976
     -0.18885462
     -0.18927679
     -0.18969626
     -0.19011300
     -0.19052702
     -0.19093829
     -0.19134681
     -0.19175256
     -0.19215554
     -0.19255573
     -0.19295312
     -0.19334770
     -0.19373946
     -0.19412838
     -0.19451447
     -0.19489769
     -0.19527805
     -0.19565553
     -0.19603011
     -0.19640180
     -0.19677058
     -0.19713643
     -0.19749935
     -0.19785932
     -0.19821634
     -0.19857039
     -0.19892146
     -0.19926955
     -0.19961463
     -0.19995670
     -0.20029575
     -0.20063177
     -0.20096474
     -0.20129466
     -0.20162151
     -0.20194529
     -0.20226597
     -0.20258357
     -0.20289805
     -0.20320942
     -0.20351765
     -0.20382275
     -0.20412469
     -0.20442348
     -0.20471909
     -0.20501152
     -0.20530076
     -0.20558679
     -0.20586962
     -0.20614922
     -0.20642558
     -0.20669870
     -0.20696857
     -0.20723517
     -0.20749850
     -0.20775854
     -0.20801529
     -0.20826873
     -0.20851885
     -0.20876566
     -0.20900912
     -0.20924924
     -0.20948601
     -0.20971941
     -0.20994944
     -0.21017608
     -0.21039933
     -0.21061917
     -0.21083560
     -0.21104861
     -0.21125818
     -0.21146431
     -0.21166699
     -0.21186621
     -0.21206195
     -0.21225421
     -0.21244299
     -0.21262826
     -0.21281002
     -0.21298827
     -0.21316298
     -0.21333416
     -0.21350180
     -0.21366588
     -0.21382639
     -0.21398333
     -0.21413669
     -0.21428645
     -0.21443262
     -0.21457517
     -0.21471410
     -0.21484941
     -0.21498108
     -0.21510911
     -0.21523348
     -0.21535419
     -0.21547122
     -0.21558458
     -0.21569424
     -0.21580021
     -0.21590247
     -0.21600102
     -0.21609585
     -0.21618694
     -0.21627429
     -0.21635790
     -0.21643774
     -0.21651383
     -0.21658614
     -0.21665466
     -0.21671940
     -0.21678034
     -0.21683748
     -0.21689080
     -0.21694030
     -0.21698597
     -0.21702780
     -0.21706578
     -0.21709992
     -0.21713019
     -0.21715659
     -0.21717912
     -0.21719776
     -0.21721251
     -0.21722336
     -0.21723030
     -0.21723333
     -0.21723243
     -0.21722761
     -0.21721885
     -0.21720614
     -0.21718948
     -0.21716887
     -0.21714429
     -0.21711573
     -0.21708320
     -0.21704668
     -0.21700616
     -0.21696164
     -0.21691312
     -0.21686058
     -0.21680402
     -0.21674342
     -0.21667880
     -0.21661013
     -0.21653741
     -0.21646064
     -0.21637980
     -0.21629490
     -0.21620592
     -0.21611286
     -0.21601571
     -0.21591447
     -0.21580912
     -0.21569967
     -0.21558611
     -0.21546843
     -0.21534662
     -0.21522068
     -0.21509061
     -0.21495639
     -0.21481802
     -0.21467549
     -0.21452881
     -0.21437796
     -0.21422293
     -0.21406373
     -0.21390034
     -0.21373277
     -0.21356099
     -0.21338502
     -0.21320484
     -0.21302045
     -0.21283185
     -0.21263902
     -0.21244197
     -0.21224068
     -0.21203515
     -0.21182538
     -0.21161137
     -0.21139310
     -0.21117057
     -0.21094378
     -0.21071272
     -0.21047739
     -0.21023779
     -0.20999390
     -0.20974572
     -0.20949325
     -0.20923649
     -0.20897543
     -0.20871006
     -0.20844038
     -0.20816639
     -0.20788808
     -0.20760545
     -0.20731849
     -0.20702720
     -0.20673158
     -0.20643162
     -0.20612732
     -0.20581866
     -0.20550566
     -0.20518831
     -0.20486659
     -0.20454052
     -0.20421007
     -0.20387526
     -0.20353608
     -0.20319252
     -0.20284457
     -0.20249225
     -0.20213554
     -0.20177444
     -0.20140894
     -0.20103905
     -0.20066476
     -0.20028606
     -0.19990296
     -0.19951545
     -0.19912352
     -0.19872719
     -0.19832643
     -0.19792125
     -0.19751165
     -0.19709763
     -0.19667917
     -0.19625628
     -0.19582896
     -0.19539720
     -0.19496101
     -0.19452037
     -0.19407529
     -0.19362576
     -0.19317178
     -0.19271336
     -0.19225048
     -0.19178315
     -0.19131136
     -0.19083511
     -0.19035440
     -0.18986923
     -0.18937959
     -0.18888549
     -0.18838692
     -0.18788388
     -0.18737638
     -0.18686439
     -0.18634794
     -0.18582701
     -0.18530160
     -0.18477172
     -0.18423736
     -0.18369852
     -0.18315519
     -0.18260738
     -0.18205509
     -0.18149832
     -0.18093706
     -0.18037131
     -0.17980108
     -0.17922636
     -0.17864715
     -0.17806345
     -0.17747526
     -0.17688259
     -0.17628542
     -0.17568376
     -0.17507761
     -0.17446696
     -0.17385183
     -0.17323220
     -0.17260808
     -0.17197947
     -0.17134637
     -0.17070877
     -0.17006668
     -0.16942010
     -0.16876903
     -0.16811346
     -0.16745341
     -0.16678886
     -0.16611983
     -0.16544630
     -0.16476828
     -0.16408578
     -0.16339878
     -0.16270730
     -0.16201133
     -0.16131088
     -0.16060594
     -0.15989652
     -0.15918261
     -0.15846422
     -0.15774135
     -0.15701400
     -0.15628217
     -0.15554587
     -0.15480509
     -0.15405983
     -0.15331010
     -0.15255590
     -0.15179723
     -0.15103409
     -0.15026649
     -0.14949441
     -0.14871788
     -0.14793688
     -0.14715143
     -0.14636152
     -0.14556715
     -0.14476833
     -0.14396505
     -0.14315733
     -0.14234516
     -0.14152855
     -0.14070749
     -0.13988200
     -0.13905206
     -0.13821770
     -0.13737890
     -0.13653567
     -0.13568801
     -0.13483593
     -0.13397943
     -0.13311851
     -0.13225317
     -0.13138343
     -0.13050927
     -0.12963070
     -0.12874774
     -0.12786037
     -0.12696861
     -0.12607245
     -0.12517191
     -0.12426697
     -0.12335766
     -0.12244396
     -0.12152589
     -0.12060345
     -0.11967664
     -0.11874546
     -0.11780992
     -0.11687003
     -0.11592578
     -0.11497719
     -0.11402425
     -0.11306697
     -0.11210535
     -0.11113940
     -0.11016913
     -0.10919453
     -0.10821561
     -0.10723237
     -0.10624483
     -0.10525298
     -0.10425683
     -0.10325638
     -0.10225164
     -0.10124262
     -0.10022931
    -0.099211731
    -0.098189876
    -0.097163755
    -0.096133372
    -0.095098733
    -0.094059843
    -0.093016707
    -0.091969330
    -0.090917718
    -0.089861876
    -0.088801810
    -0.087737526
    -0.086669028
    -0.085596323
    -0.084519416
    -0.083438313
    -0.082353020
    -0.081263543
    -0.080169888
    -0.079072060
    -0.077970066
    -0.076863912
    -0.075753605
    -0.074639150
    -0.073520553
    -0.072397821
    -0.071270961
    -0.070139979
    -0.069004881
    -0.067865674
    -0.066722364
    -0.065574959
    -0.064423464
    -0.063267888
    -0.062108236
    -0.060944515
    -0.059776733
    -0.058604897
    -0.057429013
    -0.056249088
    -0.055065131
    -0.053877147
    -0.052685145
    -0.051489132
    -0.050289114
    -0.049085100
    -0.047877098
    -0.046665113
    -0.045449155
    -0.044229231
    -0.043005349
    -0.041777516
    -0.040545740
    -0.039310030
    -0.038070392
    -0.036826836
    -0.035579368
    -0.034327998
    -0.033072733
    -0.031813582
    -0.030550553
    -0.029283654
    -0.028012893
    -0.026738280
    -0.025459822
    -0.024177528
    -0.022891406
    -0.021601466
    -0.020307716
    -0.019010164
    -0.017708820
    -0.016403692
    -0.015094790
    -0.013782122
    -0.012465697
    -0.011145524
   -0.0098216127
   -0.0084939721
   -0.0071626112
   -0.0058275395
   -0.0044887662
   -0.0031463007
   -0.0018001525
  -0.00045033101
   0.00090315422
    0.0022602936
    0.0036210774
    0.0049854961
    0.0063535398
    0.0077251988
    0.0091004631
     0.010479323
     0.011861768
     0.013247789
     0.014637376
     0.016030518
     0.017427205
     0.018827427
     0.020231174
     0.021638436
     0.023049201
     0.024463461
     0.025881203
     0.027302418
     0.028727096
     0.030155225
     0.031586795
     0.033021795
     0.034460215
     0.035902043
     0.037347269
     0.038795882
     0.040247871
     0.041703225
     0.043161933
     0.044623984
     0.046089366
     0.047558068
     0.049030080
     0.050505390
     0.051983986
     0.053465857
     0.054950993
     0.056439380
     0.057931008
     0.059425865
     0.060923940
     0.062425220
     0.063929694
     0.065437351
     0.066948179
     0.068462164
     0.069979297
     0.071499564
     0.073022954
     0.074549455
     0.076079054
     0.077611740
     0.079147500
     0.080686322
     0.082228194
     0.083773103
     0.085321037
     0.086871984
     0.088425930
     0.089982865
     0.091542774
     0.093105646
     0.094671468
     0.096240227
     0.097811910
     0.099386505
      0.10096400
      0.10254438
      0.10412763
      0.10571374
      0.10730270
      0.10889450
      0.11048911
      0.11208653
      0.11368675
      0.11528975
      0.11689552
      0.11850404
      0.12011530
      0.12172929
      0.12334600
      0.12496540
      0.12658750
      0.12821227
      0.12983970
      0.13146977
      0.13310248
      0.13473781
      0.13637575
      0.13801628
      0.13965938
      0.14130505
      0.14295327
      0.14460402
      0.14625730
      0.14791309
      0.14957137
      0.15123213
      0.15289536
      0.15456104
      0.15622915
      0.15789969
      0.15957264
      0.16124798
      0.16292571
      0.16460579
      0.16628823
      0.16797301
      0.16966011
      0.17134952
      0.17304122
      0.17473519
      0.17643143
      0.17812992
      0.17983065
      0.18153359
      0.18323874
      0.18494608
      0.18665559
      0.18836726
      0.19008108
      0.19179702
      0.19351508
      0.19523524
      0.19695749
      0.19868180
      0.20040817
      0.20213658
      0.20386701
      0.20559944
      0.20733387
      0.20907028
      0.21080865
      0.21254897
      0.21429122
      0.21603538
      0.21778145
      0.21952939
      0.22127921
      0.22303088
      0.22478439
      0.22653972
      0.22829686
      0.23005578
      0.23181648
      0.23357894
      0.23534315
      0.23710908
      0.23887672
      0.24064605
      0.24241707
      0.24418975
      0.24596407
      0.24774003
      0.24951760
      0.25129677
      0.25307752
      0.25485984
      0.25664371
      0.25842911
      0.26021603
      0.26200445
      0.26379436
      0.26558573
      0.26737856
      0.26917282
      0.27096850
      0.27276559
      0.27456406
      0.27636390
      0.27816509
      0.27996762
      0.28177147
      0.28357663
      0.28538307
      0.28719078
      0.28899974
      0.29080994
      0.29262136
      0.29443398
      0.29624779
      0.29806277
      0.29987890
      0.30169617
      0.30351456
      0.30533404
      0.30715461
      0.30897625
      0.31079894
      0.31262267
      0.31444741
      0.31627315
      0.31809987
      0.31992756
      0.32175619
      0.32358576
      0.32541624
      0.32724762
      0.32907988
      0.33091300
      0.33274696
      0.33458175
      0.33641735
      0.33825375
      0.34009092
      0.34192885
      0.34376752
      0.34560691
      0.34744701
      0.34928780
      0.35112925
      0.35297136
      0.35481411
      0.35665748
      0.35850145
      0.36034600
      0.36219111
      0.36403678
      0.36588297
      0.36772968
      0.36957688
      0.37142457
      0.37327271
      0.37512129
      0.37697030
      0.37881971
      0.38066952
      0.38251969
      0.38437022
      0.38622109
      0.38807227
      0.38992375
      0.39177552
      0.39362755
      0.39547982
      0.39733233
      0.39918504
      0.40103795
      0.40289104
      0.40474428
      0.40659766
      0.40845116
      0.41030476
      0.41215845
      0.41401221
      0.41586602
      0.41771986
      0.41957371
      0.42142755
      0.42328138
      0.42513516
      0.42698888
      0.42884253
      0.43069608
      0.43254952
      0.43440283
      0.43625599
      0.43810898
      0.43996179
      0.44181439
      0.44366677
      0.44551891
      0.44737079
      0.44922240
      0.45107371
      0.45292471
      0.45477537
      0.45662569
      0.45847565
      0.46032521
      0.46217437
      0.46402312
      0.46587142
      0.46771926
      0.46956663
      0.47141350
      0.47325986
      0.47510568
      0.47695096
      0.47879567
      0.48063980
      0.48248332
      0.48432621
      0.48616847
      0.48801007
      0.48985099
      0.49169121
      0.49353073
      0.49536951
      0.49720753
      0.49904479
      0.50088127
      0.50271694
      0.50455178
      0.50638578
      0.50821893
      0.51005119
      0.51188256
      0.51371301
      0.51554253
      0.51737110
      0.51919870
      0.52102531
      0.52285092
      0.52467550
      0.52649904
      0.52832151
      0.53014291
      0.53196321
      0.53378239
      0.53560044
      0.53741734
      0.53923307
      0.54104761
      0.54286094
      0.54467304
      0.54648390
      0.54829350
      0.55010182
      0.55190885
      0.55371455
      0.55551892
      0.55732194
      0.55912359
      0.56092384
      0.56272269
      0.56452012
      0.56631610
      0.56811062
      0.56990366
      0.57169520
      0.57348522
      0.57527371
      0.57706065
      0.57884602
      0.58062979
      0.58241196
      0.58419251
      0.58597141
      0.58774865
      0.58952422
      0.59129808
      0.59307023
      0.59484065
      0.59660931
      0.59837621
      0.60014132
      0.60190462
      0.60366610
      0.60542574
      0.60718352
      0.60893942
      0.61069342
      0.61244552
      0.61419568
      0.61594390
      0.61769014
      0.61943441
      0.62117667
      0.62291691
      0.62465511
      0.62639126
      0.62812533
      0.62985731
      0.63158719
      0.63331493
      0.63504054
      0.63676398
      0.63848523
      0.64020430
      0.64192114
      0.64363576
      0.64534812
      0.64705822
      0.64876603
      0.65047153
      0.65217472
      0.65387557
      0.65557406
      0.65727018
      0.65896390
      0.66065522
      0.66234411
      0.66403056
      0.66571455
      0.66739607
      0.66907508
      0.67075159
      0.67242556
      0.67409698
      0.67576585
      0.67743213
      0.67909581
      0.68075687
      0.68241530
      0.68407108
      0.68572420
      0.68737462
      0.68902235
      0.69066736
      0.69230963
      0.69394914
      0.69558589
      0.69721985
      0.69885101
      0.70047934
      0.70210484
      0.70372748
      0.70534725
      0.70696413
      0.70857811
      0.71018916
      0.71179728
      0.71340244
      0.71500463
      0.71660382
      0.71820002
      0.71979319
      0.72138332
      0.72297039
      0.72455440
      0.72613531
      0.72771312
      0.72928781
      0.73085936
      0.73242775
      0.73399298
      0.73555502
      0.73711385
      0.73866947
      0.74022184
      0.74177097
      0.74331683
      0.74485940
      0.74639867
      0.74793463
      0.74946725
      0.75099652
      0.75252243
      0.75404496
      0.75556409
      0.75707981
      0.75859210
      0.76010094
      0.76160632
      0.76310823
      0.76460664
      0.76610155
      0.76759293
      0.76908078
      0.77056507
      0.77204579
      0.77352292
      0.77499645
      0.77646637
      0.77793265
      0.77939528
      0.78085425
      0.78230954
      0.78376114
      0.78520903
      0.78665320
      0.78809362
      0.78953029
      0.79096319
      0.79239230
      0.79381762
      0.79523912
      0.79665679
      0.79807061
      0.79948057
      0.80088666
      0.80228886
      0.80368715
      0.80508153
      0.80647197
      0.80785846
      0.80924099
      0.81061954
      0.81199409
      0.81336464
      0.81473117
      0.81609366
      0.81745210
      0.81880648
      0.82015678
      0.82150298
      0.82284507
      0.82418305
      0.82551688
      0.82684657
      0.82817209
      0.82949344
      0.83081059
      0.83212353
      0.83343225
      0.83473674
      0.83603698
      0.83733296
      0.83862467
      0.83991208
      0.84119519
      0.84247398
      0.84374845
      0.84501857
      0.84628433
      0.84754572
      0.84880273
      0.85005534
      0.85130353
      0.85254731
      0.85378665
      0.85502153
      0.85625195
      0.85747790
      0.85869935
      0.85991631
      0.86112874
      0.86233665
      0.86354002
      0.86473883
      0.86593307
      0.86712274
      0.86830781
      0.86948828
      0.87066412
      0.87183534
      0.87300192
      0.87416384
      0.87532109
      0.87647366
      0.87762154
      0.87876472
      0.87990317
      0.88103690
      0.88216589
      0.88329012
      0.88440959
      0.88552428
      0.88663419
      0.88773929
      0.88883958
      0.88993504
      0.89102567
      0.89211145
      0.89319237
      0.89426842
      0.89533959
      0.89640586
      0.89746723
      0.89852368
      0.89957521
      0.90062179
      0.90166342
      0.90270009
      0.90373179
      0.90475851
      0.90578023
      0.90679694
      0.90780864
      0.90881531
      0.90981694
      0.91081352
      0.91180504
      0.91279149
      0.91377286
      0.91474914
      0.91572032
      0.91668638
      0.91764733
      0.91860313
      0.91955380
      0.92049931
      0.92143966
      0.92237483
      0.92330482
      0.92422962
      0.92514921
      0.92606359
      0.92697275
      0.92787667
      0.92877535
      0.92966878
      0.93055694
      0.93143984
      0.93231745
      0.93318977
      0.93405679
      0.93491850
      0.93577490
      0.93662596
      0.93747169
      0.93831207
      0.93914710
      0.93997676
      0.94080105
      0.94161996
      0.94243347
      0.94324159
      0.94404430
      0.94484159
      0.94563346
      0.94641989
      0.94720089
      0.94797642
      0.94874651
      0.94951112
      0.95027026
      0.95102391
      0.95177207
      0.95251473
      0.95325189
      0.95398352
      0.95470964
      0.95543022
      0.95614526
      0.95685475
      0.95755869
      0.95825707
      0.95894988
      0.95963711
      0.96031875
      0.96099481
      0.96166526
      0.96233011
      0.96298934
      0.96364295
      0.96429094
      0.96493328
      0.96556999
      0.96620105
      0.96682645
      0.96744619
      0.96806026
      0.96866865
      0.96927136
      0.96986839
      0.97045971
      0.97104534
      0.97162526
      0.97219946
      0.97276795
      0.97333070
      0.97388773
      0.97443901
      0.97498455
      0.97552434
      0.97605837
      0.97658664
      0.97710915
      0.97762588
      0.97813683
      0.97864199
      0.97914137
      0.97963495
      0.98012273
      0.98060470
      0.98108086
      0.98155121
      0.98201573
      0.98247443
      0.98292729
      0.98337432
      0.98381551
      0.98425085
      0.98468034
      0.98510398
      0.98552175
      0.98593366
      0.98633971
      0.98673987
      0.98713416
      0.98752257
      0.98790510
      0.98828173
      0.98865246
      0.98901730
      0.98937624
      0.98972927
      0.99007639
      0.99041760
      0.99075289
      0.99108226
      0.99140570
      0.99172321
      0.99203480
      0.99234045
      0.99264016
      0.99293392
      0.99322175
      0.99350362
      0.99377955
      0.99404952
      0.99431353
      0.99457159
      0.99482368
      0.99506980
      0.99530996
      0.99554415
      0.99577237
      0.99599460
      0.99621087
      0.99642115
      0.99662545
      0.99682376
      0.99701609
      0.99720242
      0.99738277
      0.99755713
      0.99772548
      0.99788785
      0.99804421
      0.99819457
      0.99833894
      0.99847730
      0.99860965
      0.99873600
      0.99885634
      0.99897067
      0.99907899
      0.99918130
      0.99927760
      0.99936788
      0.99945215
      0.99953040
      0.99960264
      0.99966886
      0.99972906
      0.99978325
      0.99983141
      0.99987356
      0.99990968
      0.99993979
      0.99996387
      0.99998194
      0.99999398
       1.0000000
       1.0000000
      0.99999398
      0.99998194
      0.99996387
      0.99993979
      0.99990968
      0.99987356
      0.99983141
      0.99978325
      0.99972906
      0.99966886
      0.99960264
      0.99953040
      0.99945215
      0.99936788
      0.99927760
      0.99918130
      0.99907899
      0.99897067
      0.99885634
      0.99873600
      0.99860965
      0.99847730
      0.99833894
      0.99819457
      0.99804421
      0.99788785
      0.99772548
      0.99755713
      0.99738277
      0.99720242
      0.99701609
      0.99682376
      0.99662545
      0.99642115
      0.99621087
      0.99599460
      0.99577237
      0.99554415
      0.99530996
      0.99506980
      0.99482368
      0.99457159
      0.99431353
      0.99404952
      0.99377955
      0.99350362
      0.99322175
      0.99293392
      0.99264016
      0.99234045
      0.99203480
      0.99172321
      0.99140570
      0.99108226
      0.99075289
      0.99041760
      0.99007639
      0.98972927
      0.98937624
      0.98901730
      0.98865246
      0.98828173
      0.98790510
      0.98752257
      0.98713416
      0.98673987
      0.98633971
      0.98593366
      0.98552175
      0.98510398
      0.98468034
      0.98425085
      0.98381551
      0.98337432
      0.98292729
      0.98247443
      0.98201573
      0.98155121
      0.98108086
      0.98060470
      0.98012273
      0.97963495
      0.97914137
      0.97864199
      0.97813683
      0.97762588
      0.97710915
      0.97658664
      0.97605837
      0.97552434
      0.97498455
      0.97443901
      0.97388773
      0.97333070
      0.97276795
      0.97219946
      0.97162526
      0.97104534
      0.97045971
      0.96986839
      0.96927136
      0.96866865
      0.96806026
      0.96744619
      0.96682645
      0.96620105
      0.96556999
      0.96493328
      0.96429094
      0.96364295
      0.96298934
      0.96233011
      0.96166526
      0.96099481
      0.96031875
      0.95963711
      0.95894988
      0.95825707
      0.95755869
      0.95685475
      0.95614526
      0.95543022
      0.95470964
      0.95398352
      0.95325189
      0.95251473
      0.95177207
      0.95102391
      0.95027026
      0.94951112
      0.94874651
      0.94797642
      0.94720089
      0.94641989
      0.94563346
      0.94484159
      0.94404430
      0.94324159
      0.94243347
      0.94161996
      0.94080105
      0.93997676
      0.93914710
      0.93831207
      0.93747169
      0.93662596
      0.93577490
      0.93491850
      0.93405679
      0.93318977
      0.93231745
      0.93143984
      0.93055694
      0.92966878
      0.92877535
      0.92787667
      0.92697275
      0.92606359
      0.92514921
      0.92422962
      0.92330482
      0.92237483
      0.92143966
      0.92049931
      0.91955380
      0.91860313
      0.91764733
      0.91668638
      0.91572032
      0.91474914
      0.91377286
      0.91279149
      0.91180504
      0.91081352
      0.90981694
      0.90881531
      0.90780864
      0.90679694
      0.90578023
      0.90475851
      0.90373179
      0.90270009
      0.90166342
      0.90062179
      0.89957521
      0.89852368
      0.89746723
      0.89640586
      0.89533959
      0.89426842
      0.89319237
      0.89211145
      0.89102567
      0.88993504
      0.88883958
      0.88773929
      0.88663419
      0.88552428
      0.88440959
      0.88329012
      0.88216589
      0.88103690
      0.87990317
      0.87876472
      0.87762154
      0.87647366
      0.87532109
      0.87416384
      0.87300192
      0.87183534
      0.87066412
      0.86948828
      0.86830781
      0.86712274
      0.86593307
      0.86473883
      0.86354002
      0.86233665
      0.86112874
      0.85991631
      0.85869935
      0.85747790
      0.85625195
      0.85502153
      0.85378665
      0.85254731
      0.85130353
      0.85005534
      0.84880273
      0.84754572
      0.84628433
      0.84501857
      0.84374845
      0.84247398
      0.84119519
      0.83991208
      0.83862467
      0.83733296
      0.83603698
      0.83473674
      0.83343225
      0.83212353
      0.83081059
      0.82949344
      0.82817209
      0.82684657
      0.82551688
      0.82418305
      0.82284507
      0.82150298
      0.82015678
      0.81880648
      0.81745210
      0.81609366
      0.81473117
      0.81336464
      0.81199409
      0.81061954
      0.80924099
      0.80785846
      0.80647197
      0.80508153
      0.80368715
      0.80228886
      0.80088666
      0.79948057
      0.79807061
      0.79665679
      0.79523912
      0.79381762
      0.79239230
      0.79096319
      0.78953029
      0.78809362
      0.78665320
      0.78520903
      0.78376114
      0.78230954
      0.78085425
      0.77939528
      0.77793265
      0.77646637
      0.77499645
      0.77352292
      0.77204579
      0.77056507
      0.76908078
      0.76759293
      0.76610155
      0.76460664
      0.76310823
      0.76160632
      0.76010094
      0.75859210
      0.75707981
      0.75556409
      0.75404496
      0.75252243
      0.75099652
      0.74946725
      0.74793463
      0.74639867
      0.74485940
      0.74331683
      0.74177097
      0.74022184
      0.73866947
      0.73711385
      0.73555502
      0.73399298
      0.73242775
      0.73085936
      0.72928781
      0.72771312
      0.72613531
      0.72455440
      0.72297039
      0.72138332
      0.71979319
      0.71820002
      0.71660382
      0.71500463
      0.71340244
      0.71179728
      0.71018916
      0.70857811
      0.70696413
      0.70534725
      0.70372748
      0.70210484
      0.70047934
      0.69885101
      0.69721985
      0.69558589
      0.69394914
      0.69230963
      0.69066736
      0.68902235
      0.68737462
      0.68572420
      0.68407108
      0.68241530
      0.68075687
      0.67909581
      0.67743213
      0.67576585
      0.67409698
      0.67242556
      0.67075159
      0.66907508
      0.66739607
      0.66571455
      0.66403056
      0.66234411
      0.66065522
      0.65896390
      0.65727018
      0.65557406
      0.65387557
      0.65217472
      0.65047153
      0.64876603
      0.64705822
      0.64534812
      0.64363576
      0.64192114
      0.64020430
      0.63848523
      0.63676398
      0.63504054
      0.63331493
      0.63158719
      0.62985731
      0.62812533
      0.62639126
      0.62465511
      0.62291691
      0.62117667
      0.61943441
      0.61769014
      0.61594390
      0.61419568
      0.61244552
      0.61069342
      0.60893942
      0.60718352
      0.60542574
      0.60366610
      0.60190462
      0.60014132
      0.59837621
      0.59660931
      0.59484065
      0.59307023
      0.59129808
      0.58952422
      0.58774865
      0.58597141
      0.58419251
      0.58241196
      0.58062979
      0.57884602
      0.57706065
      0.57527371
      0.57348522
      0.57169520
      0.56990366
      0.56811062
      0.56631610
      0.56452012
      0.56272269
      0.56092384
      0.55912359
      0.55732194
      0.55551892
      0.55371455
      0.55190885
      0.55010182
      0.54829350
      0.54648390
      0.54467304
      0.54286094
      0.54104761
      0.53923307
      0.53741734
      0.53560044
      0.53378239
      0.53196321
      0.53014291
      0.52832151
      0.52649904
      0.52467550
      0.52285092
      0.52102531
      0.51919870
      0.51737110
      0.51554253
      0.51371301
      0.51188256
      0.51005119
      0.50821893
      0.50638578
      0.50455178
      0.50271694
      0.50088127
      0.49904479
      0.49720753
      0.49536951
      0.49353073
      0.49169121
      0.48985099
      0.48801007
      0.48616847
      0.48432621
      0.48248332
      0.48063980
      0.47879567
      0.47695096
      0.47510568
      0.47325986
      0.47141350
      0.46956663
      0.46771926
      0.46587142
      0.46402312
      0.46217437
      0.46032521
      0.45847565
      0.45662569
      0.45477537
      0.45292471
      0.45107371
      0.44922240
      0.44737079
      0.44551891
      0.44366677
      0.44181439
      0.43996179
      0.43810898
      0.43625599
      0.43440283
      0.43254952
      0.43069608
      0.42884253
      0.42698888
      0.42513516
      0.42328138
      0.42142755
      0.41957371
      0.41771986
      0.41586602
      0.41401221
      0.41215845
      0.41030476
      0.40845116
      0.40659766
      0.40474428
      0.40289104
      0.40103795
      0.39918504
      0.39733233
      0.39547982
      0.39362755
      0.39177552
      0.38992375
      0.38807227
      0.38622109
      0.38437022
      0.38251969
      0.38066952
      0.37881971
      0.37697030
      0.37512129
      0.37327271
      0.37142457
      0.36957688
      0.36772968
      0.36588297
      0.36403678
      0.36219111
      0.36034600
      0.35850145
      0.35665748
      0.35481411
      0.35297137
      0.35112925
      0.34928780
      0.34744701
      0.34560691
      0.34376752
      0.34192885
      0.34009092
      0.33825375
      0.33641735
      0.33458175
      0.33274696
      0.33091300
      0.32907988
      0.32724762
      0.32541624
      0.32358576
      0.32175619
      0.31992756
      0.31809987
      0.31627315
      0.31444741
      0.31262267
      0.31079894
      0.30897625
      0.30715461
      0.30533404
      0.30351456
      0.30169617
      0.29987890
      0.29806277
      0.29624779
      0.29443398
      0.29262136
      0.29080994
      0.28899974
      0.28719078
      0.28538307
      0.28357663
      0.28177147
      0.27996762
      0.27816509
      0.27636390
      0.27456406
      0.27276559
      0.27096850
      0.26917282
      0.26737856
      0.26558573
      0.26379436
      0.26200445
      0.26021603
      0.25842911
      0.25664371
      0.25485984
      0.25307752
      0.25129677
      0.24951760
      0.24774003
      0.24596407
      0.24418975
      0.24241707
      0.24064605
      0.23887672
      0.23710908
      0.23534315
      0.23357894
      0.23181648
      0.23005578
      0.22829686
      0.22653972
      0.22478439
      0.22303088
      0.22127921
      0.21952939
      0.21778145
      0.21603538
      0.21429122
      0.21254897
      0.21080865
      0.20907028
      0.20733387
      0.20559944
      0.20386701
      0.20213658
      0.20040817
      0.19868180
      0.19695749
      0.19523524
      0.19351508
      0.19179702
      0.19008108
      0.18836726
      0.18665559
      0.18494608
      0.18323874
      0.18153359
      0.17983065
      0.17812992
      0.17643143
      0.17473519
      0.17304122
      0.17134952
      0.16966011
      0.16797301
      0.16628823
      0.16460579
      0.16292571
      0.16124798
      0.15957264
      0.15789969
      0.15622915
      0.15456104
      0.15289536
      0.15123213
      0.14957137
      0.14791309
      0.14625730
      0.14460402
      0.14295327
      0.14130505
      0.13965938
      0.13801628
      0.13637575
      0.13473781
      0.13310248
      0.13146977
      0.12983970
      0.12821227
      0.12658750
      0.12496541
      0.12334600
      0.12172929
      0.12011530
      0.11850404
      0.11689552
      0.11528975
      0.11368675
      0.11208653
      0.11048911
      0.10889450
      0.10730270
      0.10571374
      0.10412763
      0.10254438
      0.10096400
     0.099386505
     0.097811910
     0.096240227
     0.094671468
     0.093105646
     0.091542774
     0.089982865
     0.088425930
     0.086871984
     0.085321037
     0.083773103
     0.082228194
     0.080686322
     0.079147500
     0.077611740
     0.076079054
     0.074549455
     0.073022954
     0.071499564
     0.069979297
     0.068462164
     0.066948179
     0.065437351
     0.063929695
     0.062425220
     0.060923940
     0.059425865
     0.057931008
     0.056439380
     0.054950993
     0.053465857
     0.051983986
     0.050505390
     0.049030080
     0.047558068
     0.046089366
     0.044623984
     0.043161933
     0.041703225
     0.040247871
     0.038795882
     0.037347269
     0.035902043
     0.034460215
     0.033021795
     0.031586795
     0.030155225
     0.028727096
     0.027302419
     0.025881203
     0.024463461
     0.023049201
     0.021638436
     0.020231174
     0.018827427
     0.017427205
     0.016030518
     0.014637376
     0.013247790
     0.011861769
     0.010479323
    0.0091004632
    0.0077251988
    0.0063535399
    0.0049854962
    0.0036210775
    0.0022602937
   0.00090315430
  -0.00045033093
   -0.0018001524
   -0.0031463007
   -0.0044887661
   -0.0058275394
   -0.0071626112
   -0.0084939720
   -0.0098216126
    -0.011145524
    -0.012465697
    -0.013782122
    -0.015094790
    -0.016403692
    -0.017708820
    -0.019010164
    -0.020307716
    -0.021601466
    -0.022891406
    -0.024177527
    -0.025459821
    -0.026738280
    -0.028012893
    -0.029283654
    -0.030550553
    -0.031813582
    -0.033072733
    -0.034327998
    -0.035579368
    -0.036826835
    -0.038070392
    -0.039310030
    -0.040545740
    -0.041777516
    -0.043005349
    -0.044229231
    -0.045449155
    -0.046665113
    -0.047877097
    -0.049085100
    -0.050289114
    -0.051489131
    -0.052685145
    -0.053877147
    -0.055065131
    -0.056249088
    -0.057429012
    -0.058604897
    -0.059776733
    -0.060944515
    -0.062108236
    -0.063267888
    -0.064423464
    -0.065574959
    -0.066722364
    -0.067865673
    -0.069004881
    -0.070139979
    -0.071270961
    -0.072397821
    -0.073520553
    -0.074639149
    -0.075753605
    -0.076863912
    -0.077970066
    -0.079072060
    -0.080169887
    -0.081263543
    -0.082353020
    -0.083438313
    -0.084519416
    -0.085596323
    -0.086669028
    -0.087737526
    -0.088801810
    -0.089861876
    -0.090917718
    -0.091969330
    -0.093016707
    -0.094059843
    -0.095098733
    -0.096133372
    -0.097163755
    -0.098189876
    -0.099211730
     -0.10022931
     -0.10124262
     -0.10225164
     -0.10325638
     -0.10425683
     -0.10525298
     -0.10624483
     -0.10723237
     -0.10821561
     -0.10919452
     -0.11016913
     -0.11113940
     -0.11210535
     -0.11306697
     -0.11402425
     -0.11497719
     -0.11592578
     -0.11687003
     -0.11780992
     -0.11874546
     -0.11967664
     -0.12060345
     -0.12152589
     -0.12244396
     -0.12335766
     -0.12426697
     -0.12517191
     -0.12607245
     -0.12696861
     -0.12786037
     -0.12874774
     -0.12963070
     -0.13050927
     -0.13138343
     -0.13225317
     -0.13311851
     -0.13397943
     -0.13483593
     -0.13568801
     -0.13653567
     -0.13737890
     -0.13821770
     -0.13905206
     -0.13988200
     -0.14070749
     -0.14152855
     -0.14234516
     -0.14315733
     -0.14396505
     -0.14476833
     -0.14556715
     -0.14636152
     -0.14715143
     -0.14793688
     -0.14871788
     -0.14949441
     -0.15026649
     -0.15103409
     -0.15179723
     -0.15255590
     -0.15331010
     -0.15405983
     -0.15480509
     -0.15554587
     -0.15628217
     -0.15701400
     -0.15774135
     -0.15846422
     -0.15918261
     -0.15989652
     -0.16060594
     -0.16131088
     -0.16201133
     -0.16270730
     -0.16339878
     -0.16408578
     -0.16476828
     -0.16544630
     -0.16611983
     -0.16678886
     -0.16745341
     -0.16811346
     -0.16876903
     -0.16942010
     -0.17006668
     -0.17070877
     -0.17134637
     -0.17197947
     -0.17260808
     -0.17323220
     -0.17385183
     -0.17446696
     -0.17507761
     -0.17568376
     -0.17628542
     -0.17688259
     -0.17747526
     -0.17806345
     -0.17864715
     -0.17922636
     -0.17980108
     -0.18037131
     -0.18093706
     -0.18149832
     -0.18205509
     -0.18260738
     -0.18315519
     -0.18369852
     -0.18423736
     -0.18477172
     -0.18530160
     -0.18582701
     -0.18634794
     -0.18686439
     -0.18737638
     -0.18788388
     -0.18838692
     -0.18888549
     -0.18937959
     -0.18986923
     -0.19035440
     -0.19083511
     -0.19131136
     -0.19178315
     -0.19225048
     -0.19271336
     -0.19317178
     -0.19362576
     -0.19407529
     -0.19452037
     -0.19496101
     -0.19539720
     -0.19582896
     -0.19625628
     -0.19667917
     -0.19709763
     -0.19751165
     -0.19792125
     -0.19832643
     -0.19872719
     -0.19912352
     -0.19951545
     -0.19990296
     -0.20028606
     -0.20066476
     -0.20103905
     -0.20140894
     -0.20177444
     -0.20213554
     -0.20249225
     -0.20284457
     -0.20319252
     -0.20353608
     -0.20387526
     -0.20421007
     -0.20454052
     -0.20486659
     -0.20518831
     -0.20550566
     -0.20581866
     -0.20612732
     -0.20643162
     -0.20673158
     -0.20702720
     -0.20731849
     -0.20760545
     -0.20788808
     -0.20816639
     -0.20844038
     -0.20871006
     -0.20897543
     -0.20923649
     -0.20949325
     -0.20974572
     -0.20999390
     -0.21023779
     -0.21047739
     -0.21071272
     -0.21094378
     -0.21117057
     -0.21139310
     -0.21161137
     -0.21182538
     -0.21203515
     -0.21224068
     -0.21244197
     -0.21263902
     -0.21283185
     -0.21302045
     -0.21320484
     -0.21338502
     -0.21356099
     -0.21373277
     -0.21390034
     -0.21406373
     -0.21422293
     -0.21437796
     -0.21452881
     -0.21467549
     -0.21481802
     -0.21495639
     -0.21509061
     -0.21522068
     -0.21534662
     -0.21546843
     -0.21558611
     -0.21569967
     -0.21580912
     -0.21591447
     -0.21601571
     -0.21611286
     -0.21620592
     -0.21629490
     -0.21637980
     -0.21646064
     -0.21653741
     -0.21661013
     -0.21667880
     -0.21674342
     -0.21680402
     -0.21686058
     -0.21691312
     -0.21696164
     -0.21700616
     -0.21704668
     -0.21708320
     -0.21711573
     -0.21714429
     -0.21716887
     -0.21718948
     -0.21720614
     -0.21721885
     -0.21722761
     -0.21723243
     -0.21723332
     -0.21723030
     -0.21722336
     -0.21721251
     -0.21719776
     -0.21717912
     -0.21715659
     -0.21713019
     -0.21709992
     -0.21706578
     -0.21702780
     -0.21698597
     -0.21694030
     -0.21689080
     -0.21683748
     -0.21678034
     -0.21671940
     -0.21665466
     -0.21658614
     -0.21651383
     -0.21643774
     -0.21635790
     -0.21627429
     -0.21618694
     -0.21609585
     -0.21600102
     -0.21590247
     -0.21580021
     -0.21569424
     -0.21558458
     -0.21547122
     -0.21535419
     -0.21523348
     -0.21510911
     -0.21498108
     -0.21484941
     -0.21471410
     -0.21457517
     -0.21443262
     -0.21428645
     -0.21413669
     -0.21398333
     -0.21382639
     -0.21366588
     -0.21350180
     -0.21333416
     -0.21316298
     -0.21298827
     -0.21281002
     -0.21262826
     -0.21244299
     -0.21225421
     -0.21206195
     -0.21186621
     -0.21166699
     -0.21146431
     -0.21125818
     -0.21104861
     -0.21083560
     -0.21061917
     -0.21039933
     -0.21017608
     -0.20994944
     -0.20971941
     -0.20948601
     -0.20924924
     -0.20900912
     -0.20876566
     -0.20851885
     -0.20826873
     -0.20801529
     -0.20775854
     -0.20749850
     -0.20723517
     -0.20696857
     -0.20669870
     -0.20642558
     -0.20614922
     -0.20586962
     -0.20558679
     -0.20530076
     -0.20501152
     -0.20471909
     -0.20442348
     -0.20412469
     -0.20382275
     -0.20351765
     -0.20320942
     -0.20289805
     -0.20258357
     -0.20226597
     -0.20194528
     -0.20162151
     -0.20129466
     -0.20096474
     -0.20063177
     -0.20029575
     -0.19995670
     -0.19961463
     -0.19926955
     -0.19892146
     -0.19857039
     -0.19821634
     -0.19785932
     -0.19749935
     -0.19713643
     -0.19677058
     -0.19640180
     -0.19603011
     -0.19565552
     -0.19527805
     -0.19489769
     -0.19451446
     -0.19412838
     -0.19373946
     -0.19334770
     -0.19295312
     -0.19255573
     -0.19215554
     -0.19175256
     -0.19134681
     -0.19093829
     -0.19052702
     -0.19011300
     -0.18969626
     -0.18927679
     -0.18885462
     -0.18842976
     -0.18800220
     -0.18757198
     -0.18713910
     -0.18670356
     -0.18626539
     -0.18582459
     -0.18538118
     -0.18493517
     -0.18448656
     -0.18403538
     -0.18358163
     -0.18312533
     -0.18266648
     -0.18220510
     -0.18174120
     -0.18127480
     -0.18080590
     -0.18033451
     -0.17986066
     -0.17938434
     -0.17890558
     -0.17842438
     -0.17794076
     -0.17745473
     -0.17696629
     -0.17647547
     -0.17598228
     -0.17548672
     -0.17498882
     -0.17448857
     -0.17398600
     -0.17348111
     -0.17297392
     -0.17246444
     -0.17195269
     -0.17143867
     -0.17092240
     -0.17040388
     -0.16988314
     -0.16936018
     -0.16883502
     -0.16830767
     -0.16777814
     -0.16724645
     -0.16671260
     -0.16617660
     -0.16563848
     -0.16509825
     -0.16455591
     -0.16401147
     -0.16346496
     -0.16291639
     -0.16236575
     -0.16181308
     -0.16125838
     -0.16070166
     -0.16014294
     -0.15958223
     -0.15901953
     -0.15845488
     -0.15788827
     -0.15731971
     -0.15674923
     -0.15617684
     -0.15560254
     -0.15502635
     -0.15444829
     -0.15386836
     -0.15328658
     -0.15270296
     -0.15211751
     -0.15153025
     -0.15094118
     -0.15035033
     -0.14975771
     -0.14916332
     -0.14856718
     -0.14796930
     -0.14736970
     -0.14676839
     -0.14616538
     -0.14556068
     -0.14495431
     -0.14434628
     -0.14373660
     -0.14312529
     -0.14251235
     -0.14189781
     -0.14128167
     -0.14066395
     -0.14004465
     -0.13942380
     -0.13880141
     -0.13817748
     -0.13755203
     -0.13692508
     -0.13629664
     -0.13566671
     -0.13503532
     -0.13440247
     -0.13376819
     -0.13313247
     -0.13249534
     -0.13185680
     -0.13121688
     -0.13057558
     -0.12993291
     -0.12928890
     -0.12864354
     -0.12799687
     -0.12734888
     -0.12669959
     -0.12604901
     -0.12539716
     -0.12474405
     -0.12408970
     -0.12343411
     -0.12277729
     -0.12211927
     -0.12146006
     -0.12079966
     -0.12013809
     -0.11947537
     -0.11881150
     -0.11814650
     -0.11748039
     -0.11681317
     -0.11614485
     -0.11547546
     -0.11480500
     -0.11413349
     -0.11346094
     -0.11278737
     -0.11211277
     -0.11143718
     -0.11076060
     -0.11008305
     -0.10940453
     -0.10872506
     -0.10804465
     -0.10736333
     -0.10668109
     -0.10599795
     -0.10531393
     -0.10462904
     -0.10394328
     -0.10325668
     -0.10256925
     -0.10188100
     -0.10119194
     -0.10050209
    -0.099811449
    -0.099120044
    -0.098427882
    -0.097734978
    -0.097041343
    -0.096346990
    -0.095651933
    -0.094956184
    -0.094259756
    -0.093562662
    -0.092864914
    -0.092166525
    -0.091467509
    -0.090767878
    -0.090067644
    -0.089366821
    -0.088665421
    -0.087963457
    -0.087260941
    -0.086557887
    -0.085854307
    -0.085150214
    -0.084445621
    -0.083740540
    -0.083034983
    -0.082328965
    -0.081622496
    -0.080915591
    -0.080208261
    -0.079500519
    -0.078792378
    -0.078083851
    -0.077374949
    -0.076665686
    -0.075956074
    -0.075246126
    -0.074535854
    -0.073825271
    -0.073114390
    -0.072403222
    -0.071691780
    -0.070980078
    -0.070268126
    -0.069555939
    -0.068843528
    -0.068130905
    -0.067418084
    -0.066705076
    -0.065991893
    -0.065278550
    -0.064565056
    -0.063851426
    -0.063137671
    -0.062423804
    -0.061709837
    -0.060995782
    -0.060281651
    -0.059567458
    -0.058853213
    -0.058138930
    -0.057424620
    -0.056710296
    -0.055995970
    -0.055281653
    -0.054567359
    -0.053853100
    -0.053138886
    -0.052424732
    -0.051710647
    -0.050996646
    -0.050282739
    -0.049568939
    -0.048855258
    -0.048141708
    -0.047428300
    -0.046715047
    -0.046001961
    -0.045289054
    -0.044576336
    -0.043863822
    -0.043151521
    -0.042439446
    -0.041727610
    -0.041016023
    -0.040304697
    -0.039593645
    -0.038882878
    -0.038172408
    -0.037462246
    -0.036752404
    -0.036042894
    -0.035333727
    -0.034624915
    -0.033916470
    -0.033208404
    -0.032500727
    -0.031793451
    -0.031086589
    -0.030380150
    -0.029674148
    -0.028968593
    -0.028263496
    -0.027558870
    -0.026854725
    -0.026151073
    -0.025447925
    -0.024745293
    -0.024043188
    -0.023341620
    -0.022640602
    -0.021940145
    -0.021240259
    -0.020540957
    -0.019842248
    -0.019144145
    -0.018446658
    -0.017749798
    -0.017053577
    -0.016358005
    -0.015663094
    -0.014968854
    -0.014275297
    -0.013582433
    -0.012890273
    -0.012198829
    -0.011508110
    -0.010818129
    -0.010128895
   -0.0094404190
   -0.0087527125
   -0.0080657859
   -0.0073796499
   -0.0066943152
   -0.0060097924
   -0.0053260920
   -0.0046432248
   -0.0039612013
   -0.0032800320
   -0.0025997274
   -0.0019202980
   -0.0012417543
  -0.00056410662
   0.00011263453
   0.00078845883
    0.0014633559
    0.0021373155
    0.0028103273
    0.0034823810
    0.0041534664
    0.0048235733
    0.0054926916
    0.0061608111
    0.0068279216
    0.0074940131
    0.0081590756
    0.0088230989
    0.0094860732
     0.010147988
     0.010808835
     0.011468602
     0.012127281
     0.012784860
     0.013441332
     0.014096685
     0.014424081
