     -0.16504222
     -0.16463424
     -0.16422466
     -0.16381345
     -0.16340063
     -0.16298619
     -0.16257014
     -0.16215247
     -0.16173319
     -0.16131228
     -0.16088977
     -0.16046564
     -0.16003989
     -0.15961253
     -0.15918356
     -0.15875297
     -0.15832076
     -0.15788695
     -0.15745151
     -0.15701447
     -0.15657581
     -0.15613554
     -0.15569366
     -0.15525017
     -0.15480506
     -0.15435834
     -0.15391001
     -0.15346007
     -0.15300852
     -0.15255536
     -0.15210059
     -0.15164421
     -0.15118622
     -0.15072662
     -0.15026541
     -0.14980260
     -0.14933817
     -0.14887214
     -0.14840450
     -0.14793526
     -0.14746441
     -0.14699195
     -0.14651789
     -0.14604223
     -0.14556495
     -0.14508608
     -0.14460560
     -0.14412352
     -0.14363984
     -0.14315455
     -0.14266766
     -0.14217918
     -0.14168909
     -0.14119740
     -0.14070411
     -0.14020922
     -0.13971273
     -0.13921465
     -0.13871497
     -0.13821369
     -0.13771081
     -0.13720634
     -0.13670028
     -0.13619262
     -0.13568336
     -0.13517252
     -0.13466007
     -0.13414604
     -0.13363042
     -0.13311320
     -0.13259440
     -0.13207400
     -0.13155202
     -0.13102845
     -0.13050329
     -0.12997654
     -0.12944821
     -0.12891829
     -0.12838678
     -0.12785370
     -0.12731902
     -0.12678277
     -0.12624493
     -0.12570552
     -0.12516452
     -0.12462194
     -0.12407778
     -0.12353205
     -0.12298474
     -0.12243585
     -0.12188538
     -0.12133334
     -0.12077972
     -0.12022454
     -0.11966777
     -0.11910944
     -0.11854954
     -0.11798806
     -0.11742502
     -0.11686040
     -0.11629422
     -0.11572648
     -0.11515716
     -0.11458628
     -0.11401384
     -0.11343984
     -0.11286427
     -0.11228714
     -0.11170845
     -0.11112820
     -0.11054639
     -0.10996302
     -0.10937810
     -0.10879162
     -0.10820359
     -0.10761400
     -0.10702286
     -0.10643016
     -0.10583592
     -0.10524013
     -0.10464278
     -0.10404389
     -0.10344345
     -0.10284147
     -0.10223794
     -0.10163287
     -0.10102625
     -0.10041810
    -0.099808399
    -0.099197162
    -0.098584387
    -0.097970074
    -0.097354224
    -0.096736840
    -0.096117921
    -0.095497470
    -0.094875486
    -0.094251972
    -0.093626929
    -0.093000357
    -0.092372257
    -0.091742632
    -0.091111481
    -0.090478807
    -0.089844610
    -0.089208892
    -0.088571654
    -0.087932896
    -0.087292621
    -0.086650829
    -0.086007522
    -0.085362701
    -0.084716367
    -0.084068522
    -0.083419166
    -0.082768301
    -0.082115928
    -0.081462049
    -0.080806665
    -0.080149776
    -0.079491385
    -0.078831493
    -0.078170100
    -0.077507209
    -0.076842821
    -0.076176936
    -0.075509557
    -0.074840685
    -0.074170320
    -0.073498465
    -0.072825121
    -0.072150289
    -0.071473970
    -0.070796166
    -0.070116879
    -0.069436109
    -0.068753859
    -0.068070129
    -0.067384921
    -0.066698237
    -0.066010078
    -0.065320444
    -0.064629339
    -0.063936763
    -0.063242718
    -0.062547205
    -0.061850226
    -0.061151782
    -0.060451875
    -0.059750506
    -0.059047676
    -0.058343388
    -0.057637643
    -0.056930442
    -0.056221788
    -0.055511680
    -0.054800122
    -0.054087114
    -0.053372659
    -0.052656757
    -0.051939410
    -0.051220621
    -0.050500390
    -0.049778719
    -0.049055610
    -0.048331064
    -0.047605083
    -0.046877669
    -0.046148823
    -0.045418548
    -0.044686844
    -0.043953713
    -0.043219157
    -0.042483178
    -0.041745777
    -0.041006956
    -0.040266717
    -0.039525061
    -0.038781991
    -0.038037507
    -0.037291612
    -0.036544308
    -0.035795595
    -0.035045477
    -0.034293954
    -0.033541028
    -0.032786702
    -0.032030976
    -0.031273854
    -0.030515335
    -0.029755423
    -0.028994120
    -0.028231426
    -0.027467344
    -0.026701875
    -0.025935022
    -0.025166786
    -0.024397170
    -0.023626174
    -0.022853801
    -0.022080053
    -0.021304932
    -0.020528439
    -0.019750576
    -0.018971346
    -0.018190750
    -0.017408789
    -0.016625467
    -0.015840785
    -0.015054745
    -0.014267348
    -0.013478598
    -0.012688495
    -0.011897041
    -0.011104240
    -0.010310092
   -0.0095145991
   -0.0087177642
   -0.0079195888
   -0.0071200750
   -0.0063192248
   -0.0055170402
   -0.0047135232
   -0.0039086759
   -0.0031025002
   -0.0022949982
   -0.0014861721
  -0.00067602370
   0.00013544476
   0.00094823127
    0.0017623338
    0.0025777501
    0.0033944783
    0.0042125161
    0.0050318616
    0.0058525125
    0.0066744669
    0.0074977224
    0.0083222771
    0.0091481288
    0.0099752754
     0.010803715
     0.011633444
     0.012464462
     0.013296767
     0.014130355
     0.014965225
     0.015801375
     0.016638803
     0.017477505
     0.018317481
     0.019158728
     0.020001243
     0.020845024
     0.021690070
     0.022536378
     0.023383945
     0.024232770
     0.025082849
     0.025934182
     0.026786765
     0.027640597
     0.028495675
     0.029351996
     0.030209559
     0.031068361
     0.031928400
     0.032789674
     0.033652179
     0.034515915
     0.035380878
     0.036247066
     0.037114477
     0.037983108
     0.038852958
     0.039724023
     0.040596302
     0.041469791
     0.042344490
     0.043220394
     0.044097502
     0.044975812
     0.045855320
     0.046736025
     0.047617924
     0.048501015
     0.049385295
     0.050270762
     0.051157413
     0.052045246
     0.052934259
     0.053824448
     0.054715812
     0.055608348
     0.056502053
     0.057396926
     0.058292963
     0.059190162
     0.060088520
     0.060988035
     0.061888705
     0.062790527
     0.063693498
     0.064597615
     0.065502877
     0.066409281
     0.067316824
     0.068225504
     0.069135317
     0.070046262
     0.070958336
     0.071871536
     0.072785859
     0.073701304
     0.074617867
     0.075535545
     0.076454337
     0.077374240
     0.078295250
     0.079217366
     0.080140584
     0.081064903
     0.081990318
     0.082916829
     0.083844431
     0.084773122
     0.085702900
     0.086633762
     0.087565706
     0.088498727
     0.089432825
     0.090367995
     0.091304237
     0.092241545
     0.093179919
     0.094119355
     0.095059850
     0.096001402
     0.096944008
     0.097887665
     0.098832371
     0.099778122
      0.10072492
      0.10167275
      0.10262162
      0.10357153
      0.10452247
      0.10547443
      0.10642743
      0.10738144
      0.10833648
      0.10929253
      0.11024960
      0.11120768
      0.11216677
      0.11312687
      0.11408797
      0.11505007
      0.11601317
      0.11697726
      0.11794235
      0.11890842
      0.11987548
      0.12084352
      0.12181255
      0.12278255
      0.12375352
      0.12472547
      0.12569839
      0.12667227
      0.12764711
      0.12862292
      0.12959968
      0.13057740
      0.13155606
      0.13253568
      0.13351624
      0.13449774
      0.13548018
      0.13646356
      0.13744787
      0.13843311
      0.13941928
      0.14040638
      0.14139439
      0.14238332
      0.14337317
      0.14436393
      0.14535560
      0.14634818
      0.14734165
      0.14833603
      0.14933131
      0.15032748
      0.15132454
      0.15232249
      0.15332132
      0.15432104
      0.15532163
      0.15632310
      0.15732544
      0.15832865
      0.15933273
      0.16033767
      0.16134347
      0.16235013
      0.16335764
      0.16436600
      0.16537521
      0.16638526
      0.16739616
      0.16840789
      0.16942046
      0.17043386
      0.17144809
      0.17246314
      0.17347902
      0.17449571
      0.17551323
      0.17653155
      0.17755069
      0.17857063
      0.17959137
      0.18061291
      0.18163526
      0.18265839
      0.18368232
      0.18470703
      0.18573252
      0.18675880
      0.18778586
      0.18881368
      0.18984228
      0.19087165
      0.19190178
      0.19293268
      0.19396433
      0.19499673
      0.19602989
      0.19706380
      0.19809845
      0.19913384
      0.20016997
      0.20120684
      0.20224443
      0.20328276
      0.20432181
      0.20536158
      0.20640208
      0.20744328
      0.20848520
      0.20952783
      0.21057116
      0.21161519
      0.21265993
      0.21370535
      0.21475147
      0.21579828
      0.21684577
      0.21789395
      0.21894280
      0.21999233
      0.22104253
      0.22209340
      0.22314493
      0.22419712
      0.22524998
      0.22630348
      0.22735764
      0.22841245
      0.22946790
      0.23052399
      0.23158072
      0.23263808
      0.23369608
      0.23475470
      0.23581394
      0.23687381
      0.23793429
      0.23899539
      0.24005709
      0.24111941
      0.24218232
      0.24324584
      0.24430995
      0.24537466
      0.24643995
      0.24750583
      0.24857230
      0.24963934
      0.25070695
      0.25177514
      0.25284390
      0.25391322
      0.25498311
      0.25605355
      0.25712454
      0.25819609
      0.25926818
      0.26034082
      0.26141400
      0.26248772
      0.26356196
      0.26463674
      0.26571205
      0.26678787
      0.26786422
      0.26894108
      0.27001845
      0.27109633
      0.27217472
      0.27325361
      0.27433299
      0.27541287
      0.27649324
      0.27757410
      0.27865544
      0.27973726
      0.28081956
      0.28190232
      0.28298556
      0.28406927
      0.28515343
      0.28623805
      0.28732313
      0.28840866
      0.28949464
      0.29058105
      0.29166791
      0.29275521
      0.29384294
      0.29493110
      0.29601968
      0.29710869
      0.29819811
      0.29928795
      0.30037820
      0.30146885
      0.30255992
      0.30365138
      0.30474323
      0.30583548
      0.30692812
      0.30802114
      0.30911455
      0.31020833
      0.31130249
      0.31239702
      0.31349191
      0.31458717
      0.31568279
      0.31677876
      0.31787509
      0.31897176
      0.32006878
      0.32116614
      0.32226384
      0.32336187
      0.32446023
      0.32555892
      0.32665793
      0.32775726
      0.32885690
      0.32995685
      0.33105711
      0.33215768
      0.33325855
      0.33435971
      0.33546116
      0.33656291
      0.33766494
      0.33876725
      0.33986983
      0.34097269
      0.34207583
      0.34317922
      0.34428288
      0.34538680
      0.34649098
      0.34759540
      0.34870008
      0.34980499
      0.35091015
      0.35201554
      0.35312117
      0.35422702
      0.35533310
      0.35643940
      0.35754591
      0.35865264
      0.35975958
      0.36086673
      0.36197407
      0.36308162
      0.36418936
      0.36529729
      0.36640541
      0.36751371
      0.36862219
      0.36973084
      0.37083967
      0.37194866
      0.37305782
      0.37416713
      0.37527661
      0.37638623
      0.37749601
      0.37860593
      0.37971599
      0.38082619
      0.38193652
      0.38304698
      0.38415756
      0.38526827
      0.38637909
      0.38749003
      0.38860108
      0.38971224
      0.39082350
      0.39193485
      0.39304630
      0.39415784
      0.39526947
      0.39638119
      0.39749298
      0.39860484
      0.39971678
      0.40082879
      0.40194086
      0.40305299
      0.40416517
      0.40527741
      0.40638969
      0.40750202
      0.40861440
      0.40972680
      0.41083924
      0.41195171
      0.41306421
      0.41417672
      0.41528925
      0.41640180
      0.41751435
      0.41862691
      0.41973948
      0.42085204
      0.42196459
      0.42307713
      0.42418966
      0.42530217
      0.42641466
      0.42752713
      0.42863956
      0.42975196
      0.43086433
      0.43197665
      0.43308893
      0.43420115
      0.43531333
      0.43642545
      0.43753750
      0.43864950
      0.43976142
      0.44087327
      0.44198504
      0.44309674
      0.44420835
      0.44531987
      0.44643130
      0.44754263
      0.44865386
      0.44976499
      0.45087601
      0.45198692
      0.45309771
      0.45420839
      0.45531893
      0.45642936
      0.45753965
      0.45864980
      0.45975982
      0.46086969
      0.46197941
      0.46308899
      0.46419840
      0.46530766
      0.46641676
      0.46752569
      0.46863445
      0.46974303
      0.47085143
      0.47195966
      0.47306769
      0.47417553
      0.47528318
      0.47639064
      0.47749788
      0.47860493
      0.47971176
      0.48081838
      0.48192478
      0.48303095
      0.48413690
      0.48524263
      0.48634811
      0.48745336
      0.48855837
      0.48966313
      0.49076764
      0.49187190
      0.49297590
      0.49407964
      0.49518311
      0.49628631
      0.49738924
      0.49849189
      0.49959426
      0.50069635
      0.50179815
      0.50289965
      0.50400085
      0.50510176
      0.50620236
      0.50730265
      0.50840262
      0.50950228
      0.51060162
      0.51170064
      0.51279932
      0.51389767
      0.51499569
      0.51609336
      0.51719069
      0.51828768
      0.51938431
      0.52048058
      0.52157649
      0.52267204
      0.52376722
      0.52486202
      0.52595646
      0.52705051
      0.52814417
      0.52923745
      0.53033034
      0.53142283
      0.53251492
      0.53360661
      0.53469788
      0.53578875
      0.53687920
      0.53796923
      0.53905884
      0.54014802
      0.54123677
      0.54232509
      0.54341296
      0.54450039
      0.54558737
      0.54667391
      0.54775998
      0.54884560
      0.54993076
      0.55101545
      0.55209966
      0.55318341
      0.55426667
      0.55534945
      0.55643175
      0.55751355
      0.55859486
      0.55967567
      0.56075598
      0.56183578
      0.56291507
      0.56399385
      0.56507211
      0.56614985
      0.56722706
      0.56830374
      0.56937989
      0.57045550
      0.57153057
      0.57260509
      0.57367907
      0.57475249
      0.57582535
      0.57689765
      0.57796939
      0.57904056
      0.58011115
      0.58118117
      0.58225061
      0.58331946
      0.58438773
      0.58545540
      0.58652247
      0.58758895
      0.58865482
      0.58972008
      0.59078473
      0.59184877
      0.59291218
      0.59397497
      0.59503714
      0.59609867
      0.59715956
      0.59821982
      0.59927944
      0.60033840
      0.60139672
      0.60245438
      0.60351138
      0.60456772
      0.60562340
      0.60667840
      0.60773273
      0.60878638
      0.60983935
      0.61089163
      0.61194323
      0.61299413
      0.61404433
      0.61509383
      0.61614263
      0.61719071
      0.61823809
      0.61928474
      0.62033068
      0.62137589
      0.62242038
      0.62346413
      0.62450714
      0.62554942
      0.62659095
      0.62763174
      0.62867177
      0.62971105
      0.63074957
      0.63178732
      0.63282431
      0.63386053
      0.63489597
      0.63593064
      0.63696452
      0.63799762
      0.63902993
      0.64006145
      0.64109216
      0.64212208
      0.64315119
      0.64417950
      0.64520699
      0.64623366
      0.64725951
      0.64828454
      0.64930875
      0.65033212
      0.65135465
      0.65237635
      0.65339720
      0.65441721
      0.65543636
      0.65645466
      0.65747211
      0.65848869
      0.65950440
      0.66051925
      0.66153322
      0.66254632
      0.66355854
      0.66456987
      0.66558031
      0.66658986
      0.66759852
      0.66860627
      0.66961313
      0.67061907
      0.67162411
      0.67262823
      0.67363143
      0.67463371
      0.67563507
      0.67663549
      0.67763498
      0.67863354
      0.67963115
      0.68062782
      0.68162355
      0.68261832
      0.68361213
      0.68460499
      0.68559688
      0.68658781
      0.68757777
      0.68856675
      0.68955476
      0.69054178
      0.69152782
      0.69251287
      0.69349693
      0.69447999
      0.69546205
      0.69644311
      0.69742316
      0.69840220
      0.69938023
      0.70035724
      0.70133323
      0.70230819
      0.70328212
      0.70425502
      0.70522689
      0.70619771
      0.70716749
      0.70813622
      0.70910391
      0.71007053
      0.71103610
      0.71200061
      0.71296406
      0.71392643
      0.71488773
      0.71584796
      0.71680710
      0.71776517
      0.71872214
      0.71967803
      0.72063282
      0.72158651
      0.72253910
      0.72349059
      0.72444097
      0.72539024
      0.72633839
      0.72728542
      0.72823133
      0.72917611
      0.73011977
      0.73106229
      0.73200367
      0.73294391
      0.73388301
      0.73482096
      0.73575776
      0.73669341
      0.73762790
      0.73856122
      0.73949338
      0.74042438
      0.74135420
      0.74228284
      0.74321031
      0.74413659
      0.74506169
      0.74598560
      0.74690831
      0.74782983
      0.74875015
      0.74966926
      0.75058717
      0.75150386
      0.75241935
      0.75333361
      0.75424666
      0.75515848
      0.75606907
      0.75697843
      0.75788656
      0.75879345
      0.75969910
      0.76060350
      0.76150666
      0.76240856
      0.76330921
      0.76420860
      0.76510673
      0.76600359
      0.76689918
      0.76779350
      0.76868655
      0.76957832
      0.77046880
      0.77135800
      0.77224591
      0.77313253
      0.77401785
      0.77490188
      0.77578460
      0.77666601
      0.77754612
      0.77842492
      0.77930239
      0.78017855
      0.78105339
      0.78192690
      0.78279909
      0.78366994
      0.78453945
      0.78540763
      0.78627446
      0.78713995
      0.78800409
      0.78886687
      0.78972831
      0.79058838
      0.79144709
      0.79230444
      0.79316042
      0.79401502
      0.79486825
      0.79572011
      0.79657058
      0.79741967
      0.79826737
      0.79911368
      0.79995859
      0.80080211
      0.80164422
      0.80248494
      0.80332424
      0.80416214
      0.80499862
      0.80583368
      0.80666733
      0.80749955
      0.80833035
      0.80915971
      0.80998765
      0.81081415
      0.81163921
      0.81246283
      0.81328500
      0.81410572
      0.81492500
      0.81574282
      0.81655918
      0.81737408
      0.81818752
      0.81899949
      0.81980999
      0.82061901
      0.82142656
      0.82223264
      0.82303723
      0.82384033
      0.82464195
      0.82544207
      0.82624070
      0.82703783
      0.82783346
      0.82862759
      0.82942021
      0.83021132
      0.83100092
      0.83178900
      0.83257557
      0.83336061
      0.83414413
      0.83492612
      0.83570658
      0.83648550
      0.83726289
      0.83803874
      0.83881304
      0.83958581
      0.84035702
      0.84112668
      0.84189478
      0.84266133
      0.84342632
      0.84418974
      0.84495160
      0.84571189
      0.84647061
      0.84722775
      0.84798332
      0.84873730
      0.84948970
      0.85024051
      0.85098974
      0.85173737
      0.85248341
      0.85322785
      0.85397069
      0.85471192
      0.85545155
      0.85618957
      0.85692597
      0.85766077
      0.85839394
      0.85912549
      0.85985542
      0.86058373
      0.86131040
      0.86203544
      0.86275885
      0.86348062
      0.86420075
      0.86491924
      0.86563608
      0.86635128
      0.86706482
      0.86777671
      0.86848694
      0.86919551
      0.86990242
      0.87060767
      0.87131125
      0.87201315
      0.87271339
      0.87341195
      0.87410883
      0.87480403
      0.87549755
      0.87618938
      0.87687952
      0.87756797
      0.87825473
      0.87893978
      0.87962314
      0.88030480
      0.88098475
      0.88166300
      0.88233953
      0.88301436
      0.88368746
      0.88435885
      0.88502852
      0.88569647
      0.88636269
      0.88702718
      0.88768994
      0.88835097
      0.88901026
      0.88966782
      0.89032363
      0.89097770
      0.89163003
      0.89228060
      0.89292943
      0.89357650
      0.89422182
      0.89486538
      0.89550717
      0.89614721
      0.89678547
      0.89742197
      0.89805670
      0.89868966
      0.89932084
      0.89995024
      0.90057786
      0.90120370
      0.90182776
      0.90245002
      0.90307050
      0.90368918
      0.90430607
      0.90492116
      0.90553445
      0.90614594
      0.90675563
      0.90736351
      0.90796958
      0.90857384
      0.90917628
      0.90977691
      0.91037572
      0.91097271
      0.91156788
      0.91216122
      0.91275273
      0.91334242
      0.91393027
      0.91451629
      0.91510047
      0.91568281
      0.91626331
      0.91684197
      0.91741878
      0.91799374
      0.91856686
      0.91913812
      0.91970753
      0.92027508
      0.92084077
      0.92140460
      0.92196657
      0.92252667
      0.92308490
      0.92364127
      0.92419576
      0.92474838
      0.92529912
      0.92584798
      0.92639497
      0.92694007
      0.92748328
      0.92802461
      0.92856405
      0.92910160
      0.92963726
      0.93017102
      0.93070288
      0.93123285
      0.93176091
      0.93228707
      0.93281133
      0.93333367
      0.93385411
      0.93437264
      0.93488925
      0.93540395
      0.93591673
      0.93642759
      0.93693653
      0.93744354
      0.93794863
      0.93845180
      0.93895303
      0.93945233
      0.93994970
      0.94044514
      0.94093863
      0.94143019
      0.94191981
      0.94240748
      0.94289321
      0.94337700
      0.94385883
      0.94433872
      0.94481665
      0.94529263
      0.94576665
      0.94623872
      0.94670883
      0.94717697
      0.94764315
      0.94810737
      0.94856962
      0.94902990
      0.94948821
      0.94994455
      0.95039892
      0.95085131
      0.95130172
      0.95175016
      0.95219661
      0.95264108
      0.95308356
      0.95352406
      0.95396258
      0.95439910
      0.95483363
      0.95526617
      0.95569671
      0.95612526
      0.95655181
      0.95697636
      0.95739891
      0.95781946
      0.95823800
      0.95865454
      0.95906907
      0.95948159
      0.95989209
      0.96030059
      0.96070707
      0.96111154
      0.96151399
      0.96191442
      0.96231283
      0.96270922
      0.96310358
      0.96349592
      0.96388624
      0.96427452
      0.96466078
      0.96504500
      0.96542719
      0.96580735
      0.96618548
      0.96656156
      0.96693561
      0.96730762
      0.96767758
      0.96804551
      0.96841139
      0.96877522
      0.96913701
      0.96949675
      0.96985444
      0.97021008
      0.97056366
      0.97091519
      0.97126467
      0.97161209
      0.97195745
      0.97230075
      0.97264199
      0.97298117
      0.97331829
      0.97365334
      0.97398632
      0.97431724
      0.97464609
      0.97497287
      0.97529758
      0.97562021
      0.97594078
      0.97625926
      0.97657568
      0.97689001
      0.97720227
      0.97751244
      0.97782054
      0.97812655
      0.97843048
      0.97873232
      0.97903208
      0.97932975
      0.97962534
      0.97991883
      0.98021024
      0.98049955
      0.98078677
      0.98107190
      0.98135493
      0.98163586
      0.98191470
      0.98219144
      0.98246608
      0.98273862
      0.98300906
      0.98327740
      0.98354363
      0.98380776
      0.98406979
      0.98432970
      0.98458751
      0.98484322
      0.98509681
      0.98534829
      0.98559766
      0.98584491
      0.98609006
      0.98633309
      0.98657400
      0.98681280
      0.98704948
      0.98728404
      0.98751648
      0.98774681
      0.98797501
      0.98820109
      0.98842505
      0.98864688
      0.98886659
      0.98908418
      0.98929964
      0.98951297
      0.98972417
      0.98993325
      0.99014019
      0.99034501
      0.99054769
      0.99074825
      0.99094667
      0.99114295
      0.99133711
      0.99152913
      0.99171901
      0.99190675
      0.99209236
      0.99227583
      0.99245717
      0.99263636
      0.99281341
      0.99298833
      0.99316110
      0.99333173
      0.99350022
      0.99366656
      0.99383076
      0.99399282
      0.99415273
      0.99431049
      0.99446611
      0.99461958
      0.99477090
      0.99492008
      0.99506710
      0.99521198
      0.99535470
      0.99549528
      0.99563371
      0.99576998
      0.99590410
      0.99603607
      0.99616588
      0.99629355
      0.99641905
      0.99654241
      0.99666360
      0.99678265
      0.99689953
      0.99701426
      0.99712683
      0.99723725
      0.99734550
      0.99745160
      0.99755554
      0.99765732
      0.99775694
      0.99785441
      0.99794971
      0.99804285
      0.99813383
      0.99822264
      0.99830930
      0.99839380
      0.99847613
      0.99855630
      0.99863430
      0.99871014
      0.99878382
      0.99885534
      0.99892469
      0.99899188
      0.99905690
      0.99911976
      0.99918045
      0.99923897
      0.99929533
      0.99934953
      0.99940156
      0.99945142
      0.99949911
      0.99954464
      0.99958800
      0.99962920
      0.99966823
      0.99970509
      0.99973978
      0.99977231
      0.99980266
      0.99983085
      0.99985687
      0.99988073
      0.99990241
      0.99992193
      0.99993928
      0.99995446
      0.99996747
      0.99997831
      0.99998699
      0.99999349
      0.99999783
       1.0000000
       1.0000000
      0.99999783
      0.99999349
      0.99998699
      0.99997831
      0.99996747
      0.99995446
      0.99993928
      0.99992193
      0.99990241
      0.99988073
      0.99985687
      0.99983085
      0.99980266
      0.99977231
      0.99973978
      0.99970509
      0.99966823
      0.99962920
      0.99958800
      0.99954464
      0.99949911
      0.99945142
      0.99940156
      0.99934953
      0.99929533
      0.99923897
      0.99918045
      0.99911976
      0.99905690
      0.99899188
      0.99892469
      0.99885534
      0.99878382
      0.99871014
      0.99863430
      0.99855630
      0.99847613
      0.99839380
      0.99830930
      0.99822264
      0.99813383
      0.99804285
      0.99794971
      0.99785441
      0.99775694
      0.99765732
      0.99755554
      0.99745160
      0.99734550
      0.99723725
      0.99712683
      0.99701426
      0.99689953
      0.99678265
      0.99666360
      0.99654241
      0.99641905
      0.99629355
      0.99616588
      0.99603607
      0.99590410
      0.99576998
      0.99563371
      0.99549528
      0.99535470
      0.99521198
      0.99506710
      0.99492008
      0.99477090
      0.99461958
      0.99446611
      0.99431049
      0.99415273
      0.99399282
      0.99383076
      0.99366656
      0.99350022
      0.99333173
      0.99316110
      0.99298833
      0.99281341
      0.99263636
      0.99245717
      0.99227583
      0.99209236
      0.99190675
      0.99171901
      0.99152913
      0.99133711
      0.99114295
      0.99094667
      0.99074825
      0.99054769
      0.99034501
      0.99014019
      0.98993325
      0.98972417
      0.98951297
      0.98929964
      0.98908418
      0.98886659
      0.98864688
      0.98842505
      0.98820109
      0.98797501
      0.98774681
      0.98751648
      0.98728404
      0.98704948
      0.98681280
      0.98657400
      0.98633309
      0.98609006
      0.98584491
      0.98559766
      0.98534829
      0.98509681
      0.98484322
      0.98458751
      0.98432970
      0.98406979
      0.98380776
      0.98354363
      0.98327740
      0.98300906
      0.98273862
      0.98246608
      0.98219144
      0.98191470
      0.98163586
      0.98135493
      0.98107190
      0.98078677
      0.98049955
      0.98021024
      0.97991883
      0.97962534
      0.97932975
      0.97903208
      0.97873232
      0.97843048
      0.97812655
      0.97782054
      0.97751244
      0.97720227
      0.97689001
      0.97657568
      0.97625926
      0.97594078
      0.97562022
      0.97529758
      0.97497287
      0.97464609
      0.97431724
      0.97398632
      0.97365334
      0.97331829
      0.97298117
      0.97264199
      0.97230075
      0.97195745
      0.97161209
      0.97126467
      0.97091519
      0.97056366
      0.97021008
      0.96985444
      0.96949675
      0.96913701
      0.96877522
      0.96841139
      0.96804551
      0.96767759
      0.96730762
      0.96693561
      0.96656156
      0.96618548
      0.96580735
      0.96542719
      0.96504500
      0.96466078
      0.96427452
      0.96388624
      0.96349592
      0.96310358
      0.96270922
      0.96231283
      0.96191442
      0.96151399
      0.96111154
      0.96070707
      0.96030059
      0.95989209
      0.95948159
      0.95906907
      0.95865454
      0.95823800
      0.95781946
      0.95739891
      0.95697636
      0.95655181
      0.95612526
      0.95569671
      0.95526617
      0.95483363
      0.95439910
      0.95396258
      0.95352406
      0.95308356
      0.95264108
      0.95219661
      0.95175016
      0.95130172
      0.95085131
      0.95039892
      0.94994455
      0.94948821
      0.94902990
      0.94856962
      0.94810737
      0.94764315
      0.94717697
      0.94670883
      0.94623872
      0.94576665
      0.94529263
      0.94481665
      0.94433872
      0.94385883
      0.94337700
      0.94289321
      0.94240748
      0.94191981
      0.94143019
      0.94093863
      0.94044514
      0.93994970
      0.93945233
      0.93895303
      0.93845180
      0.93794863
      0.93744354
      0.93693653
      0.93642759
      0.93591673
      0.93540395
      0.93488925
      0.93437264
      0.93385411
      0.93333367
      0.93281133
      0.93228707
      0.93176091
      0.93123285
      0.93070288
      0.93017102
      0.92963726
      0.92910160
      0.92856405
      0.92802461
      0.92748328
      0.92694007
      0.92639497
      0.92584798
      0.92529912
      0.92474838
      0.92419576
      0.92364127
      0.92308490
      0.92252667
      0.92196657
      0.92140460
      0.92084077
      0.92027508
      0.91970753
      0.91913812
      0.91856686
      0.91799374
      0.91741878
      0.91684197
      0.91626331
      0.91568281
      0.91510047
      0.91451629
      0.91393027
      0.91334242
      0.91275273
      0.91216122
      0.91156788
      0.91097271
      0.91037572
      0.90977691
      0.90917628
      0.90857384
      0.90796958
      0.90736351
      0.90675563
      0.90614594
      0.90553445
      0.90492116
      0.90430607
      0.90368918
      0.90307050
      0.90245002
      0.90182776
      0.90120370
      0.90057786
      0.89995024
      0.89932084
      0.89868966
      0.89805670
      0.89742197
      0.89678547
      0.89614721
      0.89550717
      0.89486538
      0.89422182
      0.89357650
      0.89292943
      0.89228060
      0.89163003
      0.89097770
      0.89032363
      0.88966782
      0.88901026
      0.88835097
      0.88768994
      0.88702718
      0.88636269
      0.88569647
      0.88502852
      0.88435885
      0.88368746
      0.88301436
      0.88233953
      0.88166300
      0.88098475
      0.88030480
      0.87962314
      0.87893978
      0.87825473
      0.87756797
      0.87687952
      0.87618938
      0.87549755
      0.87480403
      0.87410883
      0.87341195
      0.87271339
      0.87201315
      0.87131125
      0.87060767
      0.86990242
      0.86919551
      0.86848694
      0.86777671
      0.86706482
      0.86635128
      0.86563608
      0.86491924
      0.86420075
      0.86348062
      0.86275885
      0.86203544
      0.86131040
      0.86058373
      0.85985542
      0.85912549
      0.85839394
      0.85766077
      0.85692597
      0.85618957
      0.85545155
      0.85471192
      0.85397069
      0.85322785
      0.85248341
      0.85173737
      0.85098974
      0.85024051
      0.84948970
      0.84873730
      0.84798332
      0.84722775
      0.84647061
      0.84571189
      0.84495160
      0.84418974
      0.84342632
      0.84266133
      0.84189478
      0.84112668
      0.84035702
      0.83958581
      0.83881304
      0.83803874
      0.83726289
      0.83648550
      0.83570658
      0.83492612
      0.83414413
      0.83336061
      0.83257557
      0.83178900
      0.83100092
      0.83021132
      0.82942021
      0.82862759
      0.82783346
      0.82703783
      0.82624070
      0.82544207
      0.82464195
      0.82384033
      0.82303723
      0.82223264
      0.82142656
      0.82061901
      0.81980999
      0.81899949
      0.81818752
      0.81737408
      0.81655918
      0.81574282
      0.81492500
      0.81410572
      0.81328500
      0.81246283
      0.81163921
      0.81081415
      0.80998765
      0.80915971
      0.80833035
      0.80749955
      0.80666733
      0.80583368
      0.80499862
      0.80416214
      0.80332424
      0.80248494
      0.80164422
      0.80080211
      0.79995859
      0.79911368
      0.79826737
      0.79741967
      0.79657058
      0.79572011
      0.79486825
      0.79401502
      0.79316042
      0.79230444
      0.79144709
      0.79058838
      0.78972831
      0.78886687
      0.78800409
      0.78713995
      0.78627446
      0.78540763
      0.78453945
      0.78366994
      0.78279909
      0.78192690
      0.78105339
      0.78017855
      0.77930239
      0.77842492
      0.77754612
      0.77666601
      0.77578460
      0.77490188
      0.77401785
      0.77313253
      0.77224591
      0.77135800
      0.77046880
      0.76957832
      0.76868655
      0.76779350
      0.76689918
      0.76600359
      0.76510673
      0.76420860
      0.76330921
      0.76240856
      0.76150666
      0.76060350
      0.75969910
      0.75879345
      0.75788656
      0.75697843
      0.75606907
      0.75515848
      0.75424666
      0.75333361
      0.75241935
      0.75150386
      0.75058717
      0.74966926
      0.74875015
      0.74782983
      0.74690831
      0.74598560
      0.74506169
      0.74413659
      0.74321031
      0.74228284
      0.74135420
      0.74042438
      0.73949338
      0.73856122
      0.73762790
      0.73669341
      0.73575776
      0.73482096
      0.73388301
      0.73294391
      0.73200367
      0.73106229
      0.73011977
      0.72917611
      0.72823133
      0.72728542
      0.72633839
      0.72539024
      0.72444097
      0.72349059
      0.72253910
      0.72158651
      0.72063282
      0.71967803
      0.71872214
      0.71776517
      0.71680710
      0.71584796
      0.71488773
      0.71392643
      0.71296406
      0.71200061
      0.71103610
      0.71007053
      0.70910391
      0.70813622
      0.70716749
      0.70619771
      0.70522689
      0.70425502
      0.70328212
      0.70230819
      0.70133323
      0.70035724
      0.69938023
      0.69840220
      0.69742316
      0.69644311
      0.69546205
      0.69447999
      0.69349693
      0.69251287
      0.69152782
      0.69054178
      0.68955476
      0.68856675
      0.68757777
      0.68658781
      0.68559688
      0.68460499
      0.68361213
      0.68261832
      0.68162355
      0.68062782
      0.67963115
      0.67863354
      0.67763498
      0.67663549
      0.67563507
      0.67463371
      0.67363143
      0.67262823
      0.67162411
      0.67061907
      0.66961313
      0.66860627
      0.66759852
      0.66658986
      0.66558031
      0.66456987
      0.66355854
      0.66254632
      0.66153322
      0.66051925
      0.65950440
      0.65848869
      0.65747211
      0.65645466
      0.65543636
      0.65441721
      0.65339720
      0.65237635
      0.65135465
      0.65033212
      0.64930875
      0.64828454
      0.64725951
      0.64623366
      0.64520699
      0.64417950
      0.64315119
      0.64212208
      0.64109216
      0.64006145
      0.63902993
      0.63799762
      0.63696452
      0.63593064
      0.63489597
      0.63386053
      0.63282431
      0.63178732
      0.63074957
      0.62971105
      0.62867177
      0.62763174
      0.62659095
      0.62554942
      0.62450714
      0.62346413
      0.62242038
      0.62137589
      0.62033068
      0.61928474
      0.61823809
      0.61719071
      0.61614263
      0.61509383
      0.61404433
      0.61299413
      0.61194323
      0.61089163
      0.60983935
      0.60878638
      0.60773273
      0.60667840
      0.60562340
      0.60456772
      0.60351138
      0.60245438
      0.60139672
      0.60033840
      0.59927944
      0.59821982
      0.59715956
      0.59609867
      0.59503714
      0.59397497
      0.59291218
      0.59184877
      0.59078473
      0.58972008
      0.58865482
      0.58758895
      0.58652247
      0.58545540
      0.58438773
      0.58331946
      0.58225061
      0.58118117
      0.58011115
      0.57904056
      0.57796939
      0.57689765
      0.57582535
      0.57475249
      0.57367907
      0.57260509
      0.57153057
      0.57045550
      0.56937989
      0.56830374
      0.56722706
      0.56614985
      0.56507211
      0.56399385
      0.56291507
      0.56183578
      0.56075598
      0.55967567
      0.55859486
      0.55751355
      0.55643175
      0.55534945
      0.55426667
      0.55318341
      0.55209966
      0.55101545
      0.54993076
      0.54884560
      0.54775998
      0.54667391
      0.54558737
      0.54450039
      0.54341296
      0.54232509
      0.54123677
      0.54014802
      0.53905884
      0.53796923
      0.53687920
      0.53578875
      0.53469788
      0.53360661
      0.53251492
      0.53142283
      0.53033034
      0.52923745
      0.52814417
      0.52705051
      0.52595646
      0.52486202
      0.52376722
      0.52267204
      0.52157649
      0.52048058
      0.51938431
      0.51828768
      0.51719069
      0.51609336
      0.51499569
      0.51389767
      0.51279932
      0.51170064
      0.51060162
      0.50950228
      0.50840262
      0.50730265
      0.50620236
      0.50510176
      0.50400085
      0.50289965
      0.50179815
      0.50069635
      0.49959426
      0.49849189
      0.49738924
      0.49628631
      0.49518311
      0.49407964
      0.49297590
      0.49187190
      0.49076764
      0.48966313
      0.48855837
      0.48745336
      0.48634811
      0.48524263
      0.48413690
      0.48303095
      0.48192478
      0.48081838
      0.47971176
      0.47860493
      0.47749788
      0.47639064
      0.47528318
      0.47417553
      0.47306769
      0.47195966
      0.47085143
      0.46974303
      0.46863445
      0.46752569
      0.46641676
      0.46530766
      0.46419840
      0.46308899
      0.46197941
      0.46086969
      0.45975982
      0.45864980
      0.45753965
      0.45642936
      0.45531893
      0.45420839
      0.45309771
      0.45198692
      0.45087601
      0.44976499
      0.44865386
      0.44754263
      0.44643130
      0.44531987
      0.44420835
      0.44309674
      0.44198504
      0.44087327
      0.43976142
      0.43864950
      0.43753750
      0.43642545
      0.43531333
      0.43420115
      0.43308893
      0.43197665
      0.43086433
      0.42975196
      0.42863956
      0.42752713
      0.42641466
      0.42530217
      0.42418966
      0.42307713
      0.42196459
      0.42085204
      0.41973948
      0.41862691
      0.41751435
      0.41640180
      0.41528925
      0.41417672
      0.41306421
      0.41195171
      0.41083924
      0.40972680
      0.40861440
      0.40750202
      0.40638969
      0.40527741
      0.40416517
      0.40305299
      0.40194086
      0.40082879
      0.39971678
      0.39860484
      0.39749298
      0.39638119
      0.39526947
      0.39415784
      0.39304630
      0.39193485
      0.39082350
      0.38971224
      0.38860108
      0.38749003
      0.38637909
      0.38526827
      0.38415756
      0.38304698
      0.38193652
      0.38082619
      0.37971599
      0.37860593
      0.37749601
      0.37638623
      0.37527661
      0.37416714
      0.37305782
      0.37194866
      0.37083967
      0.36973084
      0.36862219
      0.36751371
      0.36640541
      0.36529729
      0.36418936
      0.36308162
      0.36197407
      0.36086673
      0.35975958
      0.35865264
      0.35754591
      0.35643940
      0.35533310
      0.35422702
      0.35312117
      0.35201554
      0.35091015
      0.34980499
      0.34870008
      0.34759540
      0.34649098
      0.34538680
      0.34428288
      0.34317922
      0.34207583
      0.34097269
      0.33986983
      0.33876725
      0.33766494
      0.33656291
      0.33546116
      0.33435971
      0.33325855
      0.33215768
      0.33105711
      0.32995685
      0.32885690
      0.32775726
      0.32665793
      0.32555892
      0.32446023
      0.32336187
      0.32226384
      0.32116614
      0.32006878
      0.31897176
      0.31787509
      0.31677876
      0.31568279
      0.31458717
      0.31349191
      0.31239702
      0.31130249
      0.31020833
      0.30911455
      0.30802114
      0.30692812
      0.30583548
      0.30474323
      0.30365138
      0.30255992
      0.30146885
      0.30037820
      0.29928795
      0.29819811
      0.29710869
      0.29601968
      0.29493110
      0.29384294
      0.29275521
      0.29166791
      0.29058105
      0.28949464
      0.28840866
      0.28732313
      0.28623805
      0.28515343
      0.28406927
      0.28298556
      0.28190232
      0.28081956
      0.27973726
      0.27865544
      0.27757410
      0.27649324
      0.27541287
      0.27433299
      0.27325361
      0.27217472
      0.27109633
      0.27001845
      0.26894108
      0.26786422
      0.26678787
      0.26571205
      0.26463674
      0.26356196
      0.26248772
      0.26141400
      0.26034082
      0.25926818
      0.25819609
      0.25712454
      0.25605355
      0.25498311
      0.25391322
      0.25284390
      0.25177514
      0.25070695
      0.24963934
      0.24857230
      0.24750583
      0.24643995
      0.24537466
      0.24430995
      0.24324584
      0.24218232
      0.24111941
      0.24005709
      0.23899539
      0.23793429
      0.23687381
      0.23581394
      0.23475470
      0.23369608
      0.23263808
      0.23158072
      0.23052399
      0.22946790
      0.22841245
      0.22735764
      0.22630348
      0.22524998
      0.22419712
      0.22314493
      0.22209340
      0.22104253
      0.21999233
      0.21894280
      0.21789395
      0.21684577
      0.21579828
      0.21475147
      0.21370535
      0.21265993
      0.21161519
      0.21057116
      0.20952783
      0.20848520
      0.20744328
      0.20640208
      0.20536158
      0.20432181
      0.20328276
      0.20224443
      0.20120684
      0.20016997
      0.19913384
      0.19809845
      0.19706380
      0.19602989
      0.19499673
      0.19396433
      0.19293268
      0.19190178
      0.19087165
      0.18984228
      0.18881368
      0.18778586
      0.18675880
      0.18573252
      0.18470703
      0.18368232
      0.18265839
      0.18163526
      0.18061291
      0.17959137
      0.17857063
      0.17755069
      0.17653155
      0.17551323
      0.17449571
      0.17347902
      0.17246314
      0.17144809
      0.17043386
      0.16942046
      0.16840789
      0.16739616
      0.16638526
      0.16537521
      0.16436600
      0.16335764
      0.16235013
      0.16134347
      0.16033767
      0.15933273
      0.15832865
      0.15732544
      0.15632310
      0.15532163
      0.15432104
      0.15332132
      0.15232249
      0.15132454
      0.15032748
      0.14933131
      0.14833603
      0.14734165
      0.14634818
      0.14535560
      0.14436393
      0.14337317
      0.14238332
      0.14139439
      0.14040638
      0.13941928
      0.13843311
      0.13744787
      0.13646356
      0.13548018
      0.13449774
      0.13351624
      0.13253568
      0.13155606
      0.13057740
      0.12959968
      0.12862292
      0.12764711
      0.12667227
      0.12569839
      0.12472547
      0.12375352
      0.12278255
      0.12181255
      0.12084352
      0.11987548
      0.11890842
      0.11794235
      0.11697726
      0.11601317
      0.11505007
      0.11408797
      0.11312687
      0.11216677
      0.11120768
      0.11024960
      0.10929253
      0.10833648
      0.10738144
      0.10642743
      0.10547443
      0.10452247
      0.10357153
      0.10262162
      0.10167275
      0.10072492
     0.099778122
     0.098832371
     0.097887665
     0.096944008
     0.096001402
     0.095059850
     0.094119355
     0.093179919
     0.092241545
     0.091304237
     0.090367996
     0.089432825
     0.088498727
     0.087565706
     0.086633762
     0.085702900
     0.084773122
     0.083844431
     0.082916829
     0.081990318
     0.081064903
     0.080140584
     0.079217366
     0.078295250
     0.077374240
     0.076454338
     0.075535546
     0.074617867
     0.073701304
     0.072785859
     0.071871536
     0.070958336
     0.070046262
     0.069135317
     0.068225504
     0.067316824
     0.066409281
     0.065502877
     0.064597615
     0.063693498
     0.062790527
     0.061888705
     0.060988035
     0.060088520
     0.059190162
     0.058292963
     0.057396926
     0.056502053
     0.055608348
     0.054715812
     0.053824448
     0.052934259
     0.052045246
     0.051157413
     0.050270762
     0.049385295
     0.048501015
     0.047617924
     0.046736025
     0.045855320
     0.044975812
     0.044097502
     0.043220394
     0.042344490
     0.041469791
     0.040596302
     0.039724023
     0.038852958
     0.037983108
     0.037114477
     0.036247066
     0.035380878
     0.034515915
     0.033652179
     0.032789674
     0.031928400
     0.031068361
     0.030209559
     0.029351996
     0.028495675
     0.027640597
     0.026786766
     0.025934182
     0.025082849
     0.024232770
     0.023383945
     0.022536378
     0.021690070
     0.020845024
     0.020001243
     0.019158728
     0.018317481
     0.017477505
     0.016638803
     0.015801375
     0.014965226
     0.014130355
     0.013296767
     0.012464463
     0.011633444
     0.010803715
    0.0099752754
    0.0091481289
    0.0083222772
    0.0074977225
    0.0066744669
    0.0058525126
    0.0050318616
    0.0042125162
    0.0033944783
    0.0025777502
    0.0017623338
   0.00094823132
   0.00013544480
  -0.00067602366
   -0.0014861720
   -0.0022949982
   -0.0031025001
   -0.0039086758
   -0.0047135232
   -0.0055170402
   -0.0063192248
   -0.0071200750
   -0.0079195888
   -0.0087177641
   -0.0095145991
    -0.010310092
    -0.011104240
    -0.011897041
    -0.012688495
    -0.013478598
    -0.014267348
    -0.015054745
    -0.015840785
    -0.016625467
    -0.017408789
    -0.018190750
    -0.018971346
    -0.019750576
    -0.020528439
    -0.021304932
    -0.022080053
    -0.022853801
    -0.023626174
    -0.024397170
    -0.025166786
    -0.025935022
    -0.026701875
    -0.027467344
    -0.028231426
    -0.028994120
    -0.029755423
    -0.030515335
    -0.031273853
    -0.032030976
    -0.032786702
    -0.033541028
    -0.034293954
    -0.035045477
    -0.035795595
    -0.036544308
    -0.037291612
    -0.038037507
    -0.038781991
    -0.039525061
    -0.040266717
    -0.041006956
    -0.041745777
    -0.042483178
    -0.043219157
    -0.043953713
    -0.044686844
    -0.045418548
    -0.046148823
    -0.046877669
    -0.047605083
    -0.048331064
    -0.049055610
    -0.049778719
    -0.050500390
    -0.051220621
    -0.051939410
    -0.052656757
    -0.053372658
    -0.054087114
    -0.054800122
    -0.055511680
    -0.056221788
    -0.056930442
    -0.057637643
    -0.058343388
    -0.059047676
    -0.059750506
    -0.060451875
    -0.061151782
    -0.061850226
    -0.062547205
    -0.063242718
    -0.063936763
    -0.064629339
    -0.065320444
    -0.066010077
    -0.066698237
    -0.067384921
    -0.068070129
    -0.068753859
    -0.069436109
    -0.070116879
    -0.070796166
    -0.071473970
    -0.072150289
    -0.072825121
    -0.073498465
    -0.074170320
    -0.074840685
    -0.075509557
    -0.076176936
    -0.076842821
    -0.077507209
    -0.078170100
    -0.078831493
    -0.079491385
    -0.080149776
    -0.080806665
    -0.081462049
    -0.082115928
    -0.082768301
    -0.083419166
    -0.084068522
    -0.084716367
    -0.085362701
    -0.086007522
    -0.086650829
    -0.087292621
    -0.087932896
    -0.088571654
    -0.089208892
    -0.089844610
    -0.090478807
    -0.091111481
    -0.091742632
    -0.092372257
    -0.093000356
    -0.093626929
    -0.094251972
    -0.094875486
    -0.095497470
    -0.096117921
    -0.096736840
    -0.097354224
    -0.097970074
    -0.098584387
    -0.099197162
    -0.099808399
     -0.10041810
     -0.10102625
     -0.10163287
     -0.10223794
     -0.10284147
     -0.10344345
     -0.10404389
     -0.10464278
     -0.10524013
     -0.10583592
     -0.10643016
     -0.10702286
     -0.10761400
     -0.10820359
     -0.10879162
     -0.10937810
     -0.10996302
     -0.11054639
     -0.11112820
     -0.11170845
     -0.11228714
     -0.11286427
     -0.11343984
     -0.11401384
     -0.11458628
     -0.11515716
     -0.11572648
     -0.11629422
     -0.11686040
     -0.11742502
     -0.11798806
     -0.11854954
     -0.11910944
     -0.11966777
     -0.12022454
     -0.12077972
     -0.12133334
     -0.12188538
     -0.12243585
     -0.12298474
     -0.12353205
     -0.12407778
     -0.12462194
     -0.12516452
     -0.12570552
     -0.12624493
     -0.12678277
     -0.12731902
     -0.12785370
     -0.12838678
     -0.12891829
     -0.12944821
     -0.12997654
     -0.13050329
     -0.13102845
     -0.13155202
     -0.13207400
     -0.13259440
     -0.13311320
     -0.13363042
     -0.13414604
     -0.13466007
     -0.13517252
     -0.13568336
     -0.13619262
     -0.13670028
     -0.13720634
     -0.13771081
     -0.13821369
     -0.13871497
     -0.13921465
     -0.13971273
     -0.14020922
     -0.14070411
     -0.14119740
     -0.14168909
     -0.14217918
     -0.14266766
     -0.14315455
     -0.14363984
     -0.14412352
     -0.14460560
     -0.14508608
     -0.14556495
     -0.14604223
     -0.14651789
     -0.14699195
     -0.14746441
     -0.14793526
     -0.14840450
     -0.14887214
     -0.14933817
     -0.14980260
     -0.15026541
     -0.15072662
     -0.15118622
     -0.15164421
     -0.15210059
     -0.15255536
     -0.15300852
     -0.15346007
     -0.15391001
     -0.15435834
     -0.15480506
     -0.15525017
     -0.15569366
     -0.15613554
     -0.15657581
     -0.15701447
     -0.15745151
     -0.15788695
     -0.15832076
     -0.15875297
     -0.15918356
     -0.15961253
     -0.16003989
     -0.16046564
     -0.16088977
     -0.16131228
     -0.16173319
     -0.16215247
     -0.16257014
     -0.16298619
     -0.16340063
     -0.16381345
     -0.16422466
     -0.16463424
     -0.16504222
     -0.16524580
