   2.9802289e-08
   3.0498649e-08
   3.1210800e-08
   3.1939088e-08
   3.2683867e-08
   3.3445498e-08
   3.4224350e-08
   3.5020800e-08
   3.5835232e-08
   3.6668040e-08
   3.7519624e-08
   3.8390394e-08
   3.9280768e-08
   4.0191174e-08
   4.1122046e-08
   4.2073830e-08
   4.3046981e-08
   4.4041961e-08
   4.5059246e-08
   4.6099317e-08
   4.7162670e-08
   4.8249807e-08
   4.9361243e-08
   5.0497503e-08
   5.1659124e-08
   5.2846652e-08
   5.4060645e-08
   5.5301675e-08
   5.6570323e-08
   5.7867183e-08
   5.9192861e-08
   6.0547977e-08
   6.1933161e-08
   6.3349059e-08
   6.4796329e-08
   6.6275643e-08
   6.7787685e-08
   6.9333156e-08
   7.0912769e-08
   7.2527253e-08
   7.4177352e-08
   7.5863824e-08
   7.7587445e-08
   7.9349004e-08
   8.1149307e-08
   8.2989178e-08
   8.4869457e-08
   8.6791000e-08
   8.8754682e-08
   9.0761395e-08
   9.2812050e-08
   9.4907575e-08
   9.7048918e-08
   9.9237046e-08
   1.0147295e-07
   1.0375763e-07
   1.0609211e-07
   1.0847745e-07
   1.1091471e-07
   1.1340498e-07
   1.1594938e-07
   1.1854905e-07
   1.2120513e-07
   1.2391881e-07
   1.2669129e-07
   1.2952382e-07
   1.3241763e-07
   1.3537400e-07
   1.3839426e-07
   1.4147971e-07
   1.4463173e-07
   1.4785169e-07
   1.5114101e-07
   1.5450113e-07
   1.5793352e-07
   1.6143968e-07
   1.6502113e-07
   1.6867943e-07
   1.7241618e-07
   1.7623300e-07
   1.8013153e-07
   1.8411347e-07
   1.8818054e-07
   1.9233448e-07
   1.9657709e-07
   2.0091019e-07
   2.0533565e-07
   2.0985535e-07
   2.1447123e-07
   2.1918526e-07
   2.2399945e-07
   2.2891586e-07
   2.3393658e-07
   2.3906372e-07
   2.4429948e-07
   2.4964606e-07
   2.5510572e-07
   2.6068076e-07
   2.6637354e-07
   2.7218645e-07
   2.7812192e-07
   2.8418245e-07
   2.9037057e-07
   2.9668887e-07
   3.0313998e-07
   3.0972659e-07
   3.1645144e-07
   3.2331732e-07
   3.3032708e-07
   3.3748362e-07
   3.4478989e-07
   3.5224891e-07
   3.5986376e-07
   3.6763756e-07
   3.7557350e-07
   3.8367484e-07
   3.9194489e-07
   4.0038704e-07
   4.0900472e-07
   4.1780145e-07
   4.2678080e-07
   4.3594642e-07
   4.4530203e-07
   4.5485140e-07
   4.6459840e-07
   4.7454696e-07
   4.8470108e-07
   4.9506485e-07
   5.0564243e-07
   5.1643805e-07
   5.2745604e-07
   5.3870079e-07
   5.5017680e-07
   5.6188863e-07
   5.7384093e-07
   5.8603844e-07
   5.9848601e-07
   6.1118856e-07
   6.2415109e-07
   6.3737873e-07
   6.5087667e-07
   6.6465023e-07
   6.7870480e-07
   6.9304589e-07
   7.0767911e-07
   7.2261017e-07
   7.3784488e-07
   7.5338919e-07
   7.6924912e-07
   7.8543083e-07
   8.0194058e-07
   8.1878475e-07
   8.3596984e-07
   8.5350248e-07
   8.7138940e-07
   8.8963748e-07
   9.0825371e-07
   9.2724521e-07
   9.4661924e-07
   9.6638319e-07
   9.8654458e-07
   1.0071111e-06
   1.0280905e-06
   1.0494908e-06
   1.0713200e-06
   1.0935865e-06
   1.1162985e-06
   1.1394646e-06
   1.1630937e-06
   1.1871944e-06
   1.2117758e-06
   1.2368472e-06
   1.2624179e-06
   1.2884973e-06
   1.3150952e-06
   1.3422216e-06
   1.3698863e-06
   1.3980998e-06
   1.4268723e-06
   1.4562145e-06
   1.4861372e-06
   1.5166514e-06
   1.5477683e-06
   1.5794993e-06
   1.6118560e-06
   1.6448502e-06
   1.6784939e-06
   1.7127994e-06
   1.7477791e-06
   1.7834457e-06
   1.8198122e-06
   1.8568915e-06
   1.8946972e-06
   1.9332429e-06
   1.9725423e-06
   2.0126096e-06
   2.0534591e-06
   2.0951055e-06
   2.1375636e-06
   2.1808485e-06
   2.2249757e-06
   2.2699607e-06
   2.3158196e-06
   2.3625686e-06
   2.4102242e-06
   2.4588032e-06
   2.5083226e-06
   2.5587999e-06
   2.6102529e-06
   2.6626994e-06
   2.7161579e-06
   2.7706470e-06
   2.8261857e-06
   2.8827932e-06
   2.9404893e-06
   2.9992940e-06
   3.0592274e-06
   3.1203105e-06
   3.1825642e-06
   3.2460098e-06
   3.3106694e-06
   3.3765649e-06
   3.4437189e-06
   3.5121544e-06
   3.5818947e-06
   3.6529636e-06
   3.7253852e-06
   3.7991841e-06
   3.8743852e-06
   3.9510140e-06
   4.0290963e-06
   4.1086584e-06
   4.1897271e-06
   4.2723296e-06
   4.3564935e-06
   4.4422470e-06
   4.5296188e-06
   4.6186378e-06
   4.7093337e-06
   4.8017367e-06
   4.8958773e-06
   4.9917868e-06
   5.0894966e-06
   5.1890392e-06
   5.2904471e-06
   5.3937537e-06
   5.4989929e-06
   5.6061991e-06
   5.7154073e-06
   5.8266531e-06
   5.9399728e-06
   6.0554031e-06
   6.1729814e-06
   6.2927458e-06
   6.4147350e-06
   6.5389883e-06
   6.6655457e-06
   6.7944479e-06
   6.9257363e-06
   7.0594527e-06
   7.1956400e-06
   7.3343416e-06
   7.4756016e-06
   7.6194649e-06
   7.7659771e-06
   7.9151847e-06
   8.0671347e-06
   8.2218751e-06
   8.3794547e-06
   8.5399228e-06
   8.7033298e-06
   8.8697270e-06
   9.0391662e-06
   9.2117003e-06
   9.3873831e-06
   9.5662691e-06
   9.7484137e-06
   9.9338735e-06
   1.0122706e-05
   1.0314968e-05
   1.0510721e-05
   1.0710023e-05
   1.0912937e-05
   1.1119523e-05
   1.1329846e-05
   1.1543970e-05
   1.1761958e-05
   1.1983879e-05
   1.2209799e-05
   1.2439786e-05
   1.2673910e-05
   1.2912241e-05
   1.3154852e-05
   1.3401814e-05
   1.3653203e-05
   1.3909093e-05
   1.4169560e-05
   1.4434683e-05
   1.4704540e-05
   1.4979211e-05
   1.5258778e-05
   1.5543323e-05
   1.5832931e-05
   1.6127686e-05
   1.6427675e-05
   1.6732987e-05
   1.7043710e-05
   1.7359936e-05
   1.7681757e-05
   1.8009267e-05
   1.8342560e-05
   1.8681734e-05
   1.9026886e-05
   1.9378116e-05
   1.9735527e-05
   2.0099219e-05
   2.0469299e-05
   2.0845871e-05
   2.1229045e-05
   2.1618928e-05
   2.2015633e-05
   2.2419273e-05
   2.2829960e-05
   2.3247813e-05
   2.3672950e-05
   2.4105489e-05
   2.4545553e-05
   2.4993267e-05
   2.5448754e-05
   2.5912144e-05
   2.6383564e-05
   2.6863148e-05
   2.7351028e-05
   2.7847339e-05
   2.8352220e-05
   2.8865810e-05
   2.9388251e-05
   2.9919686e-05
   3.0460263e-05
   3.1010128e-05
   3.1569434e-05
   3.2138332e-05
   3.2716978e-05
   3.3305530e-05
   3.3904146e-05
   3.4512991e-05
   3.5132228e-05
   3.5762024e-05
   3.6402550e-05
   3.7053977e-05
   3.7716481e-05
   3.8390238e-05
   3.9075430e-05
   3.9772238e-05
   4.0480848e-05
   4.1201449e-05
   4.1934231e-05
   4.2679389e-05
   4.3437119e-05
   4.4207621e-05
   4.4991097e-05
   4.5787753e-05
   4.6597797e-05
   4.7421442e-05
   4.8258902e-05
   4.9110395e-05
   4.9976142e-05
   5.0856368e-05
   5.1751300e-05
   5.2661169e-05
   5.3586210e-05
   5.4526659e-05
   5.5482760e-05
   5.6454755e-05
   5.7442894e-05
   5.8447429e-05
   5.9468614e-05
   6.0506709e-05
   6.1561977e-05
   6.2634685e-05
   6.3725102e-05
   6.4833505e-05
   6.5960170e-05
   6.7105381e-05
   6.8269424e-05
   6.9452588e-05
   7.0655170e-05
   7.1877467e-05
   7.3119783e-05
   7.4382426e-05
   7.5665706e-05
   7.6969941e-05
   7.8295450e-05
   7.9642559e-05
   8.1011598e-05
   8.2402902e-05
   8.3816808e-05
   8.5253662e-05
   8.6713812e-05
   8.8197612e-05
   8.9705420e-05
   9.1237599e-05
   9.2794519e-05
   9.4376554e-05
   9.5984081e-05
   9.7617486e-05
   9.9277159e-05
   0.00010096349
   0.00010267689
   0.00010441776
   0.00010618650
   0.00010798355
   0.00010980931
   0.00011166423
   0.00011354873
   0.00011546325
   0.00011740825
   0.00011938417
   0.00012139147
   0.00012343063
   0.00012550210
   0.00012760638
   0.00012974393
   0.00013191527
   0.00013412087
   0.00013636125
   0.00013863692
   0.00014094840
   0.00014329621
   0.00014568088
   0.00014810296
   0.00015056298
   0.00015306151
   0.00015559911
   0.00015817634
   0.00016079378
   0.00016345201
   0.00016615163
   0.00016889324
   0.00017167744
   0.00017450485
   0.00017737609
   0.00018029180
   0.00018325262
   0.00018625918
   0.00018931217
   0.00019241222
   0.00019556004
   0.00019875628
   0.00020200166
   0.00020529686
   0.00020864261
   0.00021203961
   0.00021548861
   0.00021899033
   0.00022254552
   0.00022615495
   0.00022981938
   0.00023353959
   0.00023731637
   0.00024115050
   0.00024504281
   0.00024899411
   0.00025300522
   0.00025707699
   0.00026121027
   0.00026540591
   0.00026966479
   0.00027398779
   0.00027837581
   0.00028282974
   0.00028735051
   0.00029193904
   0.00029659628
   0.00030132317
   0.00030612068
   0.00031098978
   0.00031593146
   0.00032094673
   0.00032603658
   0.00033120205
   0.00033644418
   0.00034176402
   0.00034716262
   0.00035264107
   0.00035820046
   0.00036384188
   0.00036956647
   0.00037537534
   0.00038126963
   0.00038725052
   0.00039331918
   0.00039947678
   0.00040572453
   0.00041206365
   0.00041849537
   0.00042502092
   0.00043164159
   0.00043835863
   0.00044517334
   0.00045208703
   0.00045910103
   0.00046621666
   0.00047343528
   0.00048075826
   0.00048818700
   0.00049572289
   0.00050336736
   0.00051112183
   0.00051898777
   0.00052696665
   0.00053505995
   0.00054326919
   0.00055159588
   0.00056004156
   0.00056860780
   0.00057729618
   0.00058610829
   0.00059504574
   0.00060411017
   0.00061330324
   0.00062262661
   0.00063208198
   0.00064167106
   0.00065139557
   0.00066125727
   0.00067125794
   0.00068139935
   0.00069168333
   0.00070211171
   0.00071268633
   0.00072340908
   0.00073428184
   0.00074530654
   0.00075648512
   0.00076781953
   0.00077931176
   0.00079096382
   0.00080277773
   0.00081475554
   0.00082689934
   0.00083921120
   0.00085169326
   0.00086434766
   0.00087717657
   0.00089018217
   0.00090336669
   0.00091673237
   0.00093028146
   0.00094401627
   0.00095793910
   0.00097205231
   0.00098635824
    0.0010008593
    0.0010155579
    0.0010304565
    0.0010455576
    0.0010608636
    0.0010763771
    0.0010921007
    0.0011080369
    0.0011241883
    0.0011405575
    0.0011571473
    0.0011739603
    0.0011909993
    0.0012082669
    0.0012257660
    0.0012434995
    0.0012614700
    0.0012796805
    0.0012981339
    0.0013168331
    0.0013357811
    0.0013549809
    0.0013744355
    0.0013941479
    0.0014141213
    0.0014343587
    0.0014548634
    0.0014756384
    0.0014966870
    0.0015180125
    0.0015396181
    0.0015615072
    0.0015836831
    0.0016061492
    0.0016289089
    0.0016519656
    0.0016753230
    0.0016989844
    0.0017229534
    0.0017472337
    0.0017718288
    0.0017967425
    0.0018219785
    0.0018475404
    0.0018734321
    0.0018996574
    0.0019262201
    0.0019531242
    0.0019803736
    0.0020079721
    0.0020359240
    0.0020642331
    0.0020929037
    0.0021219398
    0.0021513455
    0.0021811252
    0.0022112831
    0.0022418233
    0.0022727504
    0.0023040687
    0.0023357825
    0.0023678964
    0.0024004148
    0.0024333423
    0.0024666835
    0.0025004430
    0.0025346255
    0.0025692358
    0.0026042785
    0.0026397585
    0.0026756807
    0.0027120499
    0.0027488711
    0.0027861494
    0.0028238897
    0.0028620971
    0.0029007768
    0.0029399339
    0.0029795738
    0.0030197015
    0.0030603226
    0.0031014423
    0.0031430661
    0.0031851995
    0.0032278480
    0.0032710171
    0.0033147125
    0.0033589399
    0.0034037049
    0.0034490134
    0.0034948712
    0.0035412842
    0.0035882583
    0.0036357995
    0.0036839138
    0.0037326074
    0.0037818863
    0.0038317568
    0.0038822251
    0.0039332975
    0.0039849805
    0.0040372803
    0.0040902036
    0.0041437568
    0.0041979465
    0.0042527793
    0.0043082620
    0.0043644013
    0.0044212041
    0.0044786771
    0.0045368274
    0.0045956619
    0.0046551877
    0.0047154118
    0.0047763415
    0.0048379840
    0.0049003466
    0.0049634365
    0.0050272613
    0.0050918284
    0.0051571452
    0.0052232195
    0.0052900589
    0.0053576711
    0.0054260638
    0.0054952450
    0.0055652224
    0.0056360042
    0.0057075983
    0.0057800128
    0.0058532559
    0.0059273358
    0.0060022609
    0.0060780394
    0.0061546798
    0.0062321906
    0.0063105804
    0.0063898577
    0.0064700313
    0.0065511100
    0.0066331025
    0.0067160177
    0.0067998647
    0.0068846524
    0.0069703900
    0.0070570866
    0.0071447514
    0.0072333939
    0.0073230232
    0.0074136490
    0.0075052808
    0.0075979280
    0.0076916005
    0.0077863078
    0.0078820599
    0.0079788666
    0.0080767379
    0.0081756837
    0.0082757143
    0.0083768396
    0.0084790701
    0.0085824160
    0.0086868877
    0.0087924957
    0.0088992505
    0.0090071627
    0.0091162431
    0.0092265023
    0.0093379513
    0.0094506009
    0.0095644622
    0.0096795461
    0.0097958639
    0.0099134268
     0.010032246
     0.010152333
     0.010273699
     0.010396356
     0.010520316
     0.010645589
     0.010772188
     0.010900125
     0.011029411
     0.011160059
     0.011292081
     0.011425488
     0.011560293
     0.011696509
     0.011834147
     0.011973221
     0.012113743
     0.012255725
     0.012399180
     0.012544121
     0.012690560
     0.012838512
     0.012987988
     0.013139003
     0.013291568
     0.013445698
     0.013601406
     0.013758705
     0.013917609
     0.014078131
     0.014240285
     0.014404085
     0.014569545
     0.014736678
     0.014905499
     0.015076022
     0.015248261
     0.015422230
     0.015597943
     0.015775416
     0.015954662
     0.016135696
     0.016318533
     0.016503187
     0.016689674
     0.016878009
     0.017068205
     0.017260279
     0.017454246
     0.017650120
     0.017847918
     0.018047655
     0.018249345
     0.018453006
     0.018658651
     0.018866298
     0.019075962
     0.019287659
     0.019501405
     0.019717215
     0.019935107
     0.020155097
     0.020377200
     0.020601433
     0.020827813
     0.021056357
     0.021287080
     0.021520000
     0.021755133
     0.021992497
     0.022232108
     0.022473983
     0.022718140
     0.022964596
     0.023213368
     0.023464473
     0.023717929
     0.023973754
     0.024231965
     0.024492580
     0.024755616
     0.025021092
     0.025289025
     0.025559433
     0.025832335
     0.026107749
     0.026385692
     0.026666184
     0.026949243
     0.027234886
     0.027523134
     0.027814003
     0.028107514
     0.028403684
     0.028702533
     0.029004080
     0.029308343
     0.029615342
     0.029925096
     0.030237623
     0.030552944
     0.030871078
     0.031192044
     0.031515861
     0.031842550
     0.032172129
     0.032504619
     0.032840040
     0.033178410
     0.033519751
     0.033864082
     0.034211423
     0.034561794
     0.034915215
     0.035271708
     0.035631291
     0.035993986
     0.036359813
     0.036728792
     0.037100944
     0.037476289
     0.037854849
     0.038236643
     0.038621694
     0.039010021
     0.039401646
     0.039796589
     0.040194872
     0.040596515
     0.041001540
     0.041409969
     0.041821821
     0.042237119
     0.042655885
     0.043078138
     0.043503901
     0.043933196
     0.044366043
     0.044802465
     0.045242483
     0.045686119
     0.046133395
     0.046584331
     0.047038951
     0.047497276
     0.047959328
     0.048425129
     0.048894701
     0.049368066
     0.049845246
     0.050326263
     0.050811139
     0.051299896
     0.051792557
     0.052289145
     0.052789680
     0.053294185
     0.053802684
     0.054315197
     0.054831748
     0.055352359
     0.055877052
     0.056405850
     0.056938776
     0.057475851
     0.058017098
     0.058562541
     0.059112200
     0.059666100
     0.060224262
     0.060786710
     0.061353465
     0.061924550
     0.062499989
     0.063079803
     0.063664015
     0.064252649
     0.064845726
     0.065443269
     0.066045302
     0.066651846
     0.067262924
     0.067878559
     0.068498774
     0.069123591
     0.069753032
     0.070387122
     0.071025881
     0.071669334
     0.072317501
     0.072970407
     0.073628073
     0.074290522
     0.074957777
     0.075629860
     0.076306793
     0.076988600
     0.077675302
     0.078366922
     0.079063483
     0.079765006
     0.080471514
     0.081183029
     0.081899574
     0.082621171
     0.083347842
     0.084079609
     0.084816494
     0.085558519
     0.086305707
     0.087058079
     0.087815657
     0.088578463
     0.089346519
     0.090119846
     0.090898467
     0.091682403
     0.092471675
     0.093266305
     0.094066315
     0.094871726
     0.095682559
     0.096498835
     0.097320576
     0.098147803
     0.098980536
     0.099818798
      0.10066261
      0.10151199
      0.10236696
      0.10322754
      0.10409375
      0.10496561
      0.10584315
      0.10672638
      0.10761532
      0.10850999
      0.10941042
      0.11031662
      0.11122861
      0.11214641
      0.11307005
      0.11399953
      0.11493489
      0.11587613
      0.11682329
      0.11777637
      0.11873540
      0.11970039
      0.12067137
      0.12164835
      0.12263135
      0.12362040
      0.12461549
      0.12561667
      0.12662393
      0.12763731
      0.12865682
      0.12968247
      0.13071428
      0.13175228
      0.13279647
      0.13384688
      0.13490351
      0.13596640
      0.13703554
      0.13811097
      0.13919269
      0.14028073
      0.14137509
      0.14247579
      0.14358285
      0.14469629
      0.14581611
      0.14694234
      0.14807498
      0.14921406
      0.15035958
      0.15151156
      0.15267002
      0.15383497
      0.15500641
      0.15618438
      0.15736887
      0.15855990
      0.15975748
      0.16096163
      0.16217236
      0.16338967
      0.16461359
      0.16584413
      0.16708129
      0.16832508
      0.16957552
      0.17083262
      0.17209639
      0.17336683
      0.17464397
      0.17592780
      0.17721834
      0.17851560
      0.17981958
      0.18113030
      0.18244777
      0.18377198
      0.18510296
      0.18644070
      0.18778522
      0.18913652
      0.19049461
      0.19185949
      0.19323118
      0.19460968
      0.19599500
      0.19738713
      0.19878609
      0.20019189
      0.20160451
      0.20302398
      0.20445030
      0.20588346
      0.20732348
      0.20877035
      0.21022408
      0.21168468
      0.21315213
      0.21462646
      0.21610765
      0.21759572
      0.21909066
      0.22059246
      0.22210115
      0.22361670
      0.22513913
      0.22666844
      0.22820461
      0.22974766
      0.23129758
      0.23285437
      0.23441803
      0.23598855
      0.23756593
      0.23915018
      0.24074128
      0.24233923
      0.24394403
      0.24555568
      0.24717417
      0.24879949
      0.25043164
      0.25207062
      0.25371641
      0.25536902
      0.25702843
      0.25869464
      0.26036765
      0.26204743
      0.26373399
      0.26542732
      0.26712740
      0.26883423
      0.27054780
      0.27226810
      0.27399512
      0.27572884
      0.27746926
      0.27921637
      0.28097015
      0.28273059
      0.28449768
      0.28627140
      0.28805174
      0.28983869
      0.29163224
      0.29343236
      0.29523905
      0.29705228
      0.29887205
      0.30069833
      0.30253112
      0.30437038
      0.30621611
      0.30806829
      0.30992690
      0.31179192
      0.31366333
      0.31554111
      0.31742525
      0.31931571
      0.32121249
      0.32311556
      0.32502489
      0.32694047
      0.32886228
      0.33079029
      0.33272447
      0.33466481
      0.33661129
      0.33856386
      0.34052252
      0.34248723
      0.34445798
      0.34643473
      0.34841745
      0.35040613
      0.35240072
      0.35440122
      0.35640757
      0.35841977
      0.36043778
      0.36246156
      0.36449109
      0.36652634
      0.36856728
      0.37061387
      0.37266609
      0.37472390
      0.37678727
      0.37885617
      0.38093055
      0.38301040
      0.38509567
      0.38718633
      0.38928234
      0.39138367
      0.39349028
      0.39560214
      0.39771921
      0.39984144
      0.40196881
      0.40410127
      0.40623879
      0.40838133
      0.41052884
      0.41268128
      0.41483863
      0.41700082
      0.41916783
      0.42133962
      0.42351613
      0.42569732
      0.42788316
      0.43007360
      0.43226859
      0.43446810
      0.43667206
      0.43888045
      0.44109322
      0.44331031
      0.44553168
      0.44775729
      0.44998708
      0.45222101
      0.45445903
      0.45670109
      0.45894715
      0.46119714
      0.46345103
      0.46570876
      0.46797028
      0.47023554
      0.47250449
      0.47477707
      0.47705323
      0.47933292
      0.48161609
      0.48390268
      0.48619263
      0.48848590
      0.49078242
      0.49308215
      0.49538502
      0.49769098
      0.49999998
      0.50231195
      0.50462683
      0.50694458
      0.50926512
      0.51158841
      0.51391438
      0.51624298
      0.51857414
      0.52090780
      0.52324390
      0.52558238
      0.52792319
      0.53026625
      0.53261150
      0.53495889
      0.53730835
      0.53965981
      0.54201322
      0.54436850
      0.54672560
      0.54908444
      0.55144497
      0.55380712
      0.55617081
      0.55853600
      0.56090260
      0.56327055
      0.56563978
      0.56801024
      0.57038184
      0.57275452
      0.57512821
      0.57750284
      0.57987835
      0.58225465
      0.58463169
      0.58700940
      0.58938769
      0.59176651
      0.59414577
      0.59652541
      0.59890536
      0.60128554
      0.60366588
      0.60604631
      0.60842676
      0.61080714
      0.61318740
      0.61556745
      0.61794721
      0.62032663
      0.62270561
      0.62508409
      0.62746198
      0.62983922
      0.63221573
      0.63459144
      0.63696625
      0.63934011
      0.64171293
      0.64408463
      0.64645515
      0.64882439
      0.65119229
      0.65355876
      0.65592372
      0.65828711
      0.66064883
      0.66300882
      0.66536698
      0.66772325
      0.67007754
      0.67242978
      0.67477988
      0.67712776
      0.67947334
      0.68181655
      0.68415730
      0.68649551
      0.68883110
      0.69116399
      0.69349410
      0.69582135
      0.69814566
      0.70046693
      0.70278511
      0.70510009
      0.70741180
      0.70972016
      0.71202508
      0.71432649
      0.71662429
      0.71891842
      0.72120878
      0.72349529
      0.72577787
      0.72805644
      0.73033091
      0.73260120
      0.73486723
      0.73712892
      0.73938617
      0.74163892
      0.74388707
      0.74613054
      0.74836925
      0.75060312
      0.75283206
      0.75505599
      0.75727482
      0.75948847
      0.76169687
      0.76389991
      0.76609753
      0.76828964
      0.77047615
      0.77265698
      0.77483205
      0.77700127
      0.77916457
      0.78132185
      0.78347304
      0.78561805
      0.78775680
      0.78988920
      0.79201518
      0.79413464
      0.79624751
      0.79835371
      0.80045315
      0.80254575
      0.80463142
      0.80671009
      0.80878167
      0.81084608
      0.81290324
      0.81495306
      0.81699547
      0.81903038
      0.82105771
      0.82307738
      0.82508932
      0.82709342
      0.82908963
      0.83107785
      0.83305801
      0.83503003
      0.83699382
      0.83894930
      0.84089641
      0.84283504
      0.84476514
      0.84668661
      0.84859939
      0.85050338
      0.85239852
      0.85428471
      0.85616190
      0.85802999
      0.85988892
      0.86173860
      0.86357895
      0.86540991
      0.86723139
      0.86904331
      0.87084561
      0.87263820
      0.87442102
      0.87619398
      0.87795701
      0.87971004
      0.88145300
      0.88318580
      0.88490837
      0.88662066
      0.88832257
      0.89001403
      0.89169499
      0.89336535
      0.89502506
      0.89667405
      0.89831223
      0.89993954
      0.90155592
      0.90316128
      0.90475557
      0.90633871
      0.90791064
      0.90947128
      0.91102058
      0.91255845
      0.91408485
      0.91559969
      0.91710292
      0.91859446
      0.92007426
      0.92154225
      0.92299836
      0.92444254
      0.92587471
      0.92729481
      0.92870279
      0.93009859
      0.93148213
      0.93285336
      0.93421222
      0.93555864
      0.93689258
      0.93821397
      0.93952275
      0.94081886
      0.94210225
      0.94337286
      0.94463063
      0.94587551
      0.94710744
      0.94832636
      0.94953224
      0.95072500
      0.95190459
      0.95307097
      0.95422408
      0.95536387
      0.95649028
      0.95760328
      0.95870280
      0.95978880
      0.96086123
      0.96192004
      0.96296519
      0.96399662
      0.96501430
      0.96601816
      0.96700818
      0.96798430
      0.96894648
      0.96989468
      0.97082885
      0.97174895
      0.97265495
      0.97354679
      0.97442444
      0.97528786
      0.97613700
      0.97697184
      0.97779233
      0.97859844
      0.97939012
      0.98016735
      0.98093009
      0.98167829
      0.98241194
      0.98313099
      0.98383541
      0.98452517
      0.98520024
      0.98586059
      0.98650618
      0.98713699
      0.98775300
      0.98835416
      0.98894045
      0.98951185
      0.99006833
      0.99060986
      0.99113642
      0.99164799
      0.99214454
      0.99262605
      0.99309249
      0.99354386
      0.99398011
      0.99440124
      0.99480722
      0.99519804
      0.99557368
      0.99593412
      0.99627935
      0.99660934
      0.99692409
      0.99722357
      0.99750778
      0.99777670
      0.99803032
      0.99826863
      0.99849162
      0.99869927
      0.99889158
      0.99906854
      0.99923013
      0.99937636
      0.99950722
      0.99962269
      0.99972278
      0.99980748
      0.99987678
      0.99993069
      0.99996919
      0.99999230
       1.0000000
      0.99999230
      0.99996919
      0.99993069
      0.99987678
      0.99980748
      0.99972278
      0.99962269
      0.99950722
      0.99937636
      0.99923013
      0.99906854
      0.99889158
      0.99869927
      0.99849162
      0.99826863
      0.99803032
      0.99777670
      0.99750778
      0.99722357
      0.99692409
      0.99660934
      0.99627935
      0.99593412
      0.99557368
      0.99519804
      0.99480722
      0.99440124
      0.99398011
      0.99354386
      0.99309249
      0.99262605
      0.99214454
      0.99164799
      0.99113642
      0.99060986
      0.99006833
      0.98951185
      0.98894045
      0.98835416
      0.98775300
      0.98713699
      0.98650618
      0.98586059
      0.98520024
      0.98452517
      0.98383541
      0.98313099
      0.98241194
      0.98167829
      0.98093009
      0.98016735
      0.97939012
      0.97859844
      0.97779233
      0.97697184
      0.97613700
      0.97528786
      0.97442444
      0.97354679
      0.97265495
      0.97174895
      0.97082885
      0.96989468
      0.96894648
      0.96798430
      0.96700818
      0.96601816
      0.96501430
      0.96399662
      0.96296519
      0.96192004
      0.96086123
      0.95978880
      0.95870280
      0.95760328
      0.95649028
      0.95536387
      0.95422408
      0.95307097
      0.95190459
      0.95072500
      0.94953224
      0.94832636
      0.94710744
      0.94587551
      0.94463063
      0.94337286
      0.94210225
      0.94081886
      0.93952275
      0.93821397
      0.93689258
      0.93555864
      0.93421222
      0.93285336
      0.93148213
      0.93009859
      0.92870279
      0.92729481
      0.92587471
      0.92444254
      0.92299836
      0.92154225
      0.92007426
      0.91859446
      0.91710292
      0.91559969
      0.91408485
      0.91255845
      0.91102058
      0.90947128
      0.90791064
      0.90633871
      0.90475557
      0.90316128
      0.90155592
      0.89993954
      0.89831223
      0.89667405
      0.89502506
      0.89336535
      0.89169499
      0.89001403
      0.88832257
      0.88662066
      0.88490837
      0.88318580
      0.88145300
      0.87971004
      0.87795701
      0.87619398
      0.87442102
      0.87263820
      0.87084561
      0.86904331
      0.86723139
      0.86540991
      0.86357895
      0.86173860
      0.85988892
      0.85802999
      0.85616190
      0.85428471
      0.85239852
      0.85050338
      0.84859939
      0.84668661
      0.84476514
      0.84283504
      0.84089641
      0.83894930
      0.83699382
      0.83503003
      0.83305801
      0.83107785
      0.82908963
      0.82709342
      0.82508932
      0.82307738
      0.82105771
      0.81903038
      0.81699547
      0.81495306
      0.81290324
      0.81084608
      0.80878167
      0.80671009
      0.80463142
      0.80254575
      0.80045315
      0.79835371
      0.79624751
      0.79413464
      0.79201518
      0.78988920
      0.78775680
      0.78561805
      0.78347304
      0.78132185
      0.77916457
      0.77700127
      0.77483205
      0.77265698
      0.77047615
      0.76828964
      0.76609753
      0.76389991
      0.76169687
      0.75948847
      0.75727482
      0.75505599
      0.75283206
      0.75060312
      0.74836925
      0.74613054
      0.74388707
      0.74163892
      0.73938617
      0.73712892
      0.73486723
      0.73260120
      0.73033091
      0.72805644
      0.72577787
      0.72349529
      0.72120878
      0.71891842
      0.71662429
      0.71432649
      0.71202508
      0.70972016
      0.70741180
      0.70510009
      0.70278511
      0.70046693
      0.69814566
      0.69582135
      0.69349410
      0.69116399
      0.68883110
      0.68649551
      0.68415730
      0.68181655
      0.67947334
      0.67712776
      0.67477988
      0.67242978
      0.67007754
      0.66772325
      0.66536698
      0.66300882
      0.66064883
      0.65828711
      0.65592372
      0.65355876
      0.65119229
      0.64882439
      0.64645515
      0.64408463
      0.64171293
      0.63934011
      0.63696625
      0.63459144
      0.63221573
      0.62983922
      0.62746198
      0.62508409
      0.62270561
      0.62032663
      0.61794721
      0.61556745
      0.61318740
      0.61080714
      0.60842676
      0.60604631
      0.60366588
      0.60128554
      0.59890536
      0.59652541
      0.59414577
      0.59176651
      0.58938769
      0.58700940
      0.58463169
      0.58225465
      0.57987835
      0.57750284
      0.57512821
      0.57275452
      0.57038184
      0.56801024
      0.56563978
      0.56327055
      0.56090260
      0.55853600
      0.55617081
      0.55380712
      0.55144497
      0.54908444
      0.54672560
      0.54436850
      0.54201322
      0.53965981
      0.53730835
      0.53495889
      0.53261150
      0.53026625
      0.52792319
      0.52558238
      0.52324390
      0.52090780
      0.51857414
      0.51624298
      0.51391438
      0.51158841
      0.50926512
      0.50694458
      0.50462683
      0.50231195
      0.49999998
      0.49769098
      0.49538502
      0.49308215
      0.49078242
      0.48848590
      0.48619263
      0.48390268
      0.48161609
      0.47933292
      0.47705323
      0.47477707
      0.47250449
      0.47023554
      0.46797028
      0.46570876
      0.46345103
      0.46119714
      0.45894715
      0.45670109
      0.45445903
      0.45222101
      0.44998708
      0.44775729
      0.44553168
      0.44331031
      0.44109322
      0.43888045
      0.43667206
      0.43446810
      0.43226859
      0.43007360
      0.42788316
      0.42569732
      0.42351613
      0.42133962
      0.41916783
      0.41700082
      0.41483863
      0.41268128
      0.41052884
      0.40838133
      0.40623879
      0.40410127
      0.40196881
      0.39984144
      0.39771921
      0.39560214
      0.39349028
      0.39138367
      0.38928234
      0.38718633
      0.38509567
      0.38301040
      0.38093055
      0.37885617
      0.37678727
      0.37472390
      0.37266609
      0.37061387
      0.36856728
      0.36652634
      0.36449109
      0.36246156
      0.36043778
      0.35841977
      0.35640757
      0.35440122
      0.35240072
      0.35040613
      0.34841745
      0.34643473
      0.34445798
      0.34248723
      0.34052252
      0.33856386
      0.33661129
      0.33466481
      0.33272447
      0.33079029
      0.32886228
      0.32694047
      0.32502489
      0.32311556
      0.32121249
      0.31931571
      0.31742525
      0.31554111
      0.31366333
      0.31179192
      0.30992690
      0.30806829
      0.30621611
      0.30437038
      0.30253112
      0.30069833
      0.29887205
      0.29705228
      0.29523905
      0.29343236
      0.29163224
      0.28983869
      0.28805174
      0.28627140
      0.28449768
      0.28273059
      0.28097015
      0.27921637
      0.27746926
      0.27572884
      0.27399512
      0.27226810
      0.27054780
      0.26883423
      0.26712740
      0.26542732
      0.26373399
      0.26204743
      0.26036765
      0.25869464
      0.25702843
      0.25536902
      0.25371641
      0.25207062
      0.25043164
      0.24879949
      0.24717417
      0.24555568
      0.24394403
      0.24233923
      0.24074128
      0.23915018
      0.23756593
      0.23598855
      0.23441803
      0.23285437
      0.23129758
      0.22974766
      0.22820461
      0.22666844
      0.22513913
      0.22361670
      0.22210115
      0.22059246
      0.21909066
      0.21759572
      0.21610765
      0.21462646
      0.21315213
      0.21168468
      0.21022408
      0.20877035
      0.20732348
      0.20588346
      0.20445030
      0.20302398
      0.20160451
      0.20019189
      0.19878609
      0.19738713
      0.19599500
      0.19460968
      0.19323118
      0.19185949
      0.19049461
      0.18913652
      0.18778522
      0.18644070
      0.18510296
      0.18377198
      0.18244777
      0.18113030
      0.17981958
      0.17851560
      0.17721834
      0.17592780
      0.17464397
      0.17336683
      0.17209639
      0.17083262
      0.16957552
      0.16832508
      0.16708129
      0.16584413
      0.16461359
      0.16338967
      0.16217236
      0.16096163
      0.15975748
      0.15855990
      0.15736887
      0.15618438
      0.15500641
      0.15383497
      0.15267002
      0.15151156
      0.15035958
      0.14921406
      0.14807498
      0.14694234
      0.14581611
      0.14469629
      0.14358285
      0.14247579
      0.14137509
      0.14028073
      0.13919269
      0.13811097
      0.13703554
      0.13596640
      0.13490351
      0.13384688
      0.13279647
      0.13175228
      0.13071428
      0.12968247
      0.12865682
      0.12763731
      0.12662393
      0.12561667
      0.12461549
      0.12362040
      0.12263135
      0.12164835
      0.12067137
      0.11970039
      0.11873540
      0.11777637
      0.11682329
      0.11587613
      0.11493489
      0.11399953
      0.11307005
      0.11214641
      0.11122861
      0.11031662
      0.10941042
      0.10850999
      0.10761532
      0.10672638
      0.10584315
      0.10496561
      0.10409375
      0.10322754
      0.10236696
      0.10151199
      0.10066261
     0.099818798
     0.098980536
     0.098147803
     0.097320576
     0.096498835
     0.095682559
     0.094871726
     0.094066315
     0.093266305
     0.092471675
     0.091682403
     0.090898467
     0.090119846
     0.089346519
     0.088578463
     0.087815657
     0.087058079
     0.086305707
     0.085558519
     0.084816494
     0.084079609
     0.083347842
     0.082621171
     0.081899574
     0.081183029
     0.080471514
     0.079765006
     0.079063483
     0.078366922
     0.077675302
     0.076988600
     0.076306793
     0.075629860
     0.074957777
     0.074290522
     0.073628073
     0.072970407
     0.072317501
     0.071669334
     0.071025881
     0.070387122
     0.069753032
     0.069123591
     0.068498774
     0.067878559
     0.067262924
     0.066651846
     0.066045302
     0.065443269
     0.064845726
     0.064252649
     0.063664015
     0.063079803
     0.062499989
     0.061924550
     0.061353465
     0.060786710
     0.060224262
     0.059666100
     0.059112200
     0.058562541
     0.058017098
     0.057475851
     0.056938776
     0.056405850
     0.055877052
     0.055352359
     0.054831748
     0.054315197
     0.053802684
     0.053294185
     0.052789680
     0.052289145
     0.051792557
     0.051299896
     0.050811139
     0.050326263
     0.049845246
     0.049368066
     0.048894701
     0.048425129
     0.047959328
     0.047497276
     0.047038951
     0.046584331
     0.046133395
     0.045686119
     0.045242483
     0.044802465
     0.044366043
     0.043933196
     0.043503901
     0.043078138
     0.042655885
     0.042237119
     0.041821821
     0.041409969
     0.041001540
     0.040596515
     0.040194872
     0.039796589
     0.039401646
     0.039010021
     0.038621694
     0.038236643
     0.037854849
     0.037476289
     0.037100944
     0.036728792
     0.036359813
     0.035993986
     0.035631291
     0.035271708
     0.034915215
     0.034561794
     0.034211423
     0.033864082
     0.033519751
     0.033178410
     0.032840040
     0.032504619
     0.032172129
     0.031842550
     0.031515861
     0.031192044
     0.030871078
     0.030552944
     0.030237623
     0.029925096
     0.029615342
     0.029308343
     0.029004080
     0.028702533
     0.028403684
     0.028107514
     0.027814003
     0.027523134
     0.027234886
     0.026949243
     0.026666184
     0.026385692
     0.026107749
     0.025832335
     0.025559433
     0.025289025
     0.025021092
     0.024755616
     0.024492580
     0.024231965
     0.023973754
     0.023717929
     0.023464473
     0.023213368
     0.022964596
     0.022718140
     0.022473983
     0.022232108
     0.021992497
     0.021755133
     0.021520000
     0.021287080
     0.021056357
     0.020827813
     0.020601433
     0.020377200
     0.020155097
     0.019935107
     0.019717215
     0.019501405
     0.019287659
     0.019075962
     0.018866298
     0.018658651
     0.018453006
     0.018249345
     0.018047655
     0.017847918
     0.017650120
     0.017454246
     0.017260279
     0.017068205
     0.016878009
     0.016689674
     0.016503187
     0.016318533
     0.016135696
     0.015954662
     0.015775416
     0.015597943
     0.015422230
     0.015248261
     0.015076022
     0.014905499
     0.014736678
     0.014569545
     0.014404085
     0.014240285
     0.014078131
     0.013917609
     0.013758705
     0.013601406
     0.013445698
     0.013291568
     0.013139003
     0.012987988
     0.012838512
     0.012690560
     0.012544121
     0.012399180
     0.012255725
     0.012113743
     0.011973221
     0.011834147
     0.011696509
     0.011560293
     0.011425488
     0.011292081
     0.011160059
     0.011029411
     0.010900125
     0.010772188
     0.010645589
     0.010520316
     0.010396356
     0.010273699
     0.010152333
     0.010032246
    0.0099134268
    0.0097958639
    0.0096795461
    0.0095644622
    0.0094506009
    0.0093379513
    0.0092265023
    0.0091162431
    0.0090071627
    0.0088992505
    0.0087924957
    0.0086868877
    0.0085824160
    0.0084790701
    0.0083768396
    0.0082757143
    0.0081756837
    0.0080767379
    0.0079788666
    0.0078820599
    0.0077863078
    0.0076916005
    0.0075979280
    0.0075052808
    0.0074136490
    0.0073230232
    0.0072333939
    0.0071447514
    0.0070570866
    0.0069703900
    0.0068846524
    0.0067998647
    0.0067160177
    0.0066331025
    0.0065511100
    0.0064700313
    0.0063898577
    0.0063105804
    0.0062321906
    0.0061546798
    0.0060780394
    0.0060022609
    0.0059273358
    0.0058532559
    0.0057800128
    0.0057075983
    0.0056360042
    0.0055652224
    0.0054952450
    0.0054260638
    0.0053576711
    0.0052900589
    0.0052232195
    0.0051571452
    0.0050918284
    0.0050272613
    0.0049634365
    0.0049003466
    0.0048379840
    0.0047763415
    0.0047154118
    0.0046551877
    0.0045956619
    0.0045368274
    0.0044786771
    0.0044212041
    0.0043644013
    0.0043082620
    0.0042527793
    0.0041979465
    0.0041437568
    0.0040902036
    0.0040372803
    0.0039849805
    0.0039332975
    0.0038822251
    0.0038317568
    0.0037818863
    0.0037326074
    0.0036839138
    0.0036357995
    0.0035882583
    0.0035412842
    0.0034948712
    0.0034490134
    0.0034037049
    0.0033589399
    0.0033147125
    0.0032710171
    0.0032278480
    0.0031851995
    0.0031430661
    0.0031014423
    0.0030603226
    0.0030197015
    0.0029795738
    0.0029399339
    0.0029007768
    0.0028620971
    0.0028238897
    0.0027861494
    0.0027488711
    0.0027120499
    0.0026756807
    0.0026397585
    0.0026042785
    0.0025692358
    0.0025346255
    0.0025004430
    0.0024666835
    0.0024333423
    0.0024004148
    0.0023678964
    0.0023357825
    0.0023040687
    0.0022727504
    0.0022418233
    0.0022112831
    0.0021811252
    0.0021513455
    0.0021219398
    0.0020929037
    0.0020642331
    0.0020359240
    0.0020079721
    0.0019803736
    0.0019531242
    0.0019262201
    0.0018996574
    0.0018734321
    0.0018475404
    0.0018219785
    0.0017967425
    0.0017718288
    0.0017472337
    0.0017229534
    0.0016989844
    0.0016753230
    0.0016519656
    0.0016289089
    0.0016061492
    0.0015836831
    0.0015615072
    0.0015396181
    0.0015180125
    0.0014966870
    0.0014756384
    0.0014548634
    0.0014343587
    0.0014141213
    0.0013941479
    0.0013744355
    0.0013549809
    0.0013357811
    0.0013168331
    0.0012981339
    0.0012796805
    0.0012614700
    0.0012434995
    0.0012257660
    0.0012082669
    0.0011909993
    0.0011739603
    0.0011571473
    0.0011405575
    0.0011241883
    0.0011080369
    0.0010921007
    0.0010763771
    0.0010608636
    0.0010455576
    0.0010304565
    0.0010155579
    0.0010008593
   0.00098635824
   0.00097205231
   0.00095793910
   0.00094401627
   0.00093028146
   0.00091673237
   0.00090336669
   0.00089018217
   0.00087717657
   0.00086434766
   0.00085169326
   0.00083921120
   0.00082689934
   0.00081475554
   0.00080277773
   0.00079096382
   0.00077931176
   0.00076781953
   0.00075648512
   0.00074530654
   0.00073428184
   0.00072340908
   0.00071268633
   0.00070211171
   0.00069168333
   0.00068139935
   0.00067125794
   0.00066125727
   0.00065139557
   0.00064167106
   0.00063208198
   0.00062262661
   0.00061330324
   0.00060411017
   0.00059504574
   0.00058610829
   0.00057729618
   0.00056860780
   0.00056004156
   0.00055159588
   0.00054326919
   0.00053505995
   0.00052696665
   0.00051898777
   0.00051112183
   0.00050336736
   0.00049572289
   0.00048818700
   0.00048075826
   0.00047343528
   0.00046621666
   0.00045910103
   0.00045208703
   0.00044517334
   0.00043835863
   0.00043164159
   0.00042502092
   0.00041849537
   0.00041206365
   0.00040572453
   0.00039947678
   0.00039331918
   0.00038725052
   0.00038126963
   0.00037537534
   0.00036956647
   0.00036384188
   0.00035820046
   0.00035264107
   0.00034716262
   0.00034176402
   0.00033644418
   0.00033120205
   0.00032603658
   0.00032094673
   0.00031593146
   0.00031098978
   0.00030612068
   0.00030132317
   0.00029659628
   0.00029193904
   0.00028735051
   0.00028282974
   0.00027837581
   0.00027398779
   0.00026966479
   0.00026540591
   0.00026121027
   0.00025707699
   0.00025300522
   0.00024899411
   0.00024504281
   0.00024115050
   0.00023731637
   0.00023353959
   0.00022981938
   0.00022615495
   0.00022254552
   0.00021899033
   0.00021548861
   0.00021203961
   0.00020864261
   0.00020529686
   0.00020200166
   0.00019875628
   0.00019556004
   0.00019241222
   0.00018931217
   0.00018625918
   0.00018325262
   0.00018029180
   0.00017737609
   0.00017450485
   0.00017167744
   0.00016889324
   0.00016615163
   0.00016345201
   0.00016079378
   0.00015817634
   0.00015559911
   0.00015306151
   0.00015056298
   0.00014810296
   0.00014568088
   0.00014329621
   0.00014094840
   0.00013863692
   0.00013636125
   0.00013412087
   0.00013191527
   0.00012974393
   0.00012760638
   0.00012550210
   0.00012343063
   0.00012139147
   0.00011938417
   0.00011740825
   0.00011546325
   0.00011354873
   0.00011166423
   0.00010980931
   0.00010798355
   0.00010618650
   0.00010441776
   0.00010267689
   0.00010096349
   9.9277159e-05
   9.7617486e-05
   9.5984081e-05
   9.4376554e-05
   9.2794519e-05
   9.1237599e-05
   8.9705420e-05
   8.8197612e-05
   8.6713812e-05
   8.5253662e-05
   8.3816808e-05
   8.2402902e-05
   8.1011598e-05
   7.9642559e-05
   7.8295450e-05
   7.6969941e-05
   7.5665706e-05
   7.4382426e-05
   7.3119783e-05
   7.1877467e-05
   7.0655170e-05
   6.9452588e-05
   6.8269424e-05
   6.7105381e-05
   6.5960170e-05
   6.4833505e-05
   6.3725102e-05
   6.2634685e-05
   6.1561977e-05
   6.0506709e-05
   5.9468614e-05
   5.8447429e-05
   5.7442894e-05
   5.6454755e-05
   5.5482760e-05
   5.4526659e-05
   5.3586210e-05
   5.2661169e-05
   5.1751300e-05
   5.0856368e-05
   4.9976142e-05
   4.9110395e-05
   4.8258902e-05
   4.7421442e-05
   4.6597797e-05
   4.5787753e-05
   4.4991097e-05
   4.4207621e-05
   4.3437119e-05
   4.2679389e-05
   4.1934231e-05
   4.1201449e-05
   4.0480848e-05
   3.9772238e-05
   3.9075430e-05
   3.8390238e-05
   3.7716481e-05
   3.7053977e-05
   3.6402550e-05
   3.5762024e-05
   3.5132228e-05
   3.4512991e-05
   3.3904146e-05
   3.3305530e-05
   3.2716978e-05
   3.2138332e-05
   3.1569434e-05
   3.1010128e-05
   3.0460263e-05
   2.9919686e-05
   2.9388251e-05
   2.8865810e-05
   2.8352220e-05
   2.7847339e-05
   2.7351028e-05
   2.6863148e-05
   2.6383564e-05
   2.5912144e-05
   2.5448754e-05
   2.4993267e-05
   2.4545553e-05
   2.4105489e-05
   2.3672950e-05
   2.3247813e-05
   2.2829960e-05
   2.2419273e-05
   2.2015633e-05
   2.1618928e-05
   2.1229045e-05
   2.0845871e-05
   2.0469299e-05
   2.0099219e-05
   1.9735527e-05
   1.9378116e-05
   1.9026886e-05
   1.8681734e-05
   1.8342560e-05
   1.8009267e-05
   1.7681757e-05
   1.7359936e-05
   1.7043710e-05
   1.6732987e-05
   1.6427675e-05
   1.6127686e-05
   1.5832931e-05
   1.5543323e-05
   1.5258778e-05
   1.4979211e-05
   1.4704540e-05
   1.4434683e-05
   1.4169560e-05
   1.3909093e-05
   1.3653203e-05
   1.3401814e-05
   1.3154852e-05
   1.2912241e-05
   1.2673910e-05
   1.2439786e-05
   1.2209799e-05
   1.1983879e-05
   1.1761958e-05
   1.1543970e-05
   1.1329846e-05
   1.1119523e-05
   1.0912937e-05
   1.0710023e-05
   1.0510721e-05
   1.0314968e-05
   1.0122706e-05
   9.9338735e-06
   9.7484137e-06
   9.5662691e-06
   9.3873831e-06
   9.2117003e-06
   9.0391662e-06
   8.8697270e-06
   8.7033298e-06
   8.5399228e-06
   8.3794547e-06
   8.2218751e-06
   8.0671347e-06
   7.9151847e-06
   7.7659771e-06
   7.6194649e-06
   7.4756016e-06
   7.3343416e-06
   7.1956400e-06
   7.0594527e-06
   6.9257363e-06
   6.7944479e-06
   6.6655457e-06
   6.5389883e-06
   6.4147350e-06
   6.2927458e-06
   6.1729814e-06
   6.0554031e-06
   5.9399728e-06
   5.8266531e-06
   5.7154073e-06
   5.6061991e-06
   5.4989929e-06
   5.3937537e-06
   5.2904471e-06
   5.1890392e-06
   5.0894966e-06
   4.9917868e-06
   4.8958773e-06
   4.8017367e-06
   4.7093337e-06
   4.6186378e-06
   4.5296188e-06
   4.4422470e-06
   4.3564935e-06
   4.2723296e-06
   4.1897271e-06
   4.1086584e-06
   4.0290963e-06
   3.9510140e-06
   3.8743852e-06
   3.7991841e-06
   3.7253852e-06
   3.6529636e-06
   3.5818947e-06
   3.5121544e-06
   3.4437189e-06
   3.3765649e-06
   3.3106694e-06
   3.2460098e-06
   3.1825642e-06
   3.1203105e-06
   3.0592274e-06
   2.9992940e-06
   2.9404893e-06
   2.8827932e-06
   2.8261857e-06
   2.7706470e-06
   2.7161579e-06
   2.6626994e-06
   2.6102529e-06
   2.5587999e-06
   2.5083226e-06
   2.4588032e-06
   2.4102242e-06
   2.3625686e-06
   2.3158196e-06
   2.2699607e-06
   2.2249757e-06
   2.1808485e-06
   2.1375636e-06
   2.0951055e-06
   2.0534591e-06
   2.0126096e-06
   1.9725423e-06
   1.9332429e-06
   1.8946972e-06
   1.8568915e-06
   1.8198122e-06
   1.7834457e-06
   1.7477791e-06
   1.7127994e-06
   1.6784939e-06
   1.6448502e-06
   1.6118560e-06
   1.5794993e-06
   1.5477683e-06
   1.5166514e-06
   1.4861372e-06
   1.4562145e-06
   1.4268723e-06
   1.3980998e-06
   1.3698863e-06
   1.3422216e-06
   1.3150952e-06
   1.2884973e-06
   1.2624179e-06
   1.2368472e-06
   1.2117758e-06
   1.1871944e-06
   1.1630937e-06
   1.1394646e-06
   1.1162985e-06
   1.0935865e-06
   1.0713200e-06
   1.0494908e-06
   1.0280905e-06
   1.0071111e-06
   9.8654458e-07
   9.6638319e-07
   9.4661924e-07
   9.2724521e-07
   9.0825371e-07
   8.8963748e-07
   8.7138940e-07
   8.5350248e-07
   8.3596984e-07
   8.1878475e-07
   8.0194058e-07
   7.8543083e-07
   7.6924912e-07
   7.5338919e-07
   7.3784488e-07
   7.2261017e-07
   7.0767911e-07
   6.9304589e-07
   6.7870480e-07
   6.6465023e-07
   6.5087667e-07
   6.3737873e-07
   6.2415109e-07
   6.1118856e-07
   5.9848601e-07
   5.8603844e-07
   5.7384093e-07
   5.6188863e-07
   5.5017680e-07
   5.3870079e-07
   5.2745604e-07
   5.1643805e-07
   5.0564243e-07
   4.9506485e-07
   4.8470108e-07
   4.7454696e-07
   4.6459840e-07
   4.5485140e-07
   4.4530203e-07
   4.3594642e-07
   4.2678080e-07
   4.1780145e-07
   4.0900472e-07
   4.0038704e-07
   3.9194489e-07
   3.8367484e-07
   3.7557350e-07
   3.6763756e-07
   3.5986376e-07
   3.5224891e-07
   3.4478989e-07
   3.3748362e-07
   3.3032708e-07
   3.2331732e-07
   3.1645144e-07
   3.0972659e-07
   3.0313998e-07
   2.9668887e-07
   2.9037057e-07
   2.8418245e-07
   2.7812192e-07
   2.7218645e-07
   2.6637354e-07
   2.6068076e-07
   2.5510572e-07
   2.4964606e-07
   2.4429948e-07
   2.3906372e-07
   2.3393658e-07
   2.2891586e-07
   2.2399945e-07
   2.1918526e-07
   2.1447123e-07
   2.0985535e-07
   2.0533565e-07
   2.0091019e-07
   1.9657709e-07
   1.9233448e-07
   1.8818054e-07
   1.8411347e-07
   1.8013153e-07
   1.7623300e-07
   1.7241618e-07
   1.6867943e-07
   1.6502113e-07
   1.6143968e-07
   1.5793352e-07
   1.5450113e-07
   1.5114101e-07
   1.4785169e-07
   1.4463173e-07
   1.4147971e-07
   1.3839426e-07
   1.3537400e-07
   1.3241763e-07
   1.2952382e-07
   1.2669129e-07
   1.2391881e-07
   1.2120513e-07
   1.1854905e-07
   1.1594938e-07
   1.1340498e-07
   1.1091471e-07
   1.0847745e-07
   1.0609211e-07
   1.0375763e-07
   1.0147295e-07
   9.9237046e-08
   9.7048918e-08
   9.4907575e-08
   9.2812050e-08
   9.0761395e-08
   8.8754682e-08
   8.6791000e-08
   8.4869457e-08
   8.2989178e-08
   8.1149307e-08
   7.9349004e-08
   7.7587445e-08
   7.5863824e-08
   7.4177352e-08
   7.2527253e-08
   7.0912769e-08
   6.9333156e-08
   6.7787685e-08
   6.6275643e-08
   6.4796329e-08
   6.3349059e-08
   6.1933161e-08
   6.0547977e-08
   5.9192861e-08
   5.7867183e-08
   5.6570323e-08
   5.5301675e-08
   5.4060645e-08
   5.2846652e-08
   5.1659124e-08
   5.0497503e-08
   4.9361243e-08
   4.8249807e-08
   4.7162670e-08
   4.6099317e-08
   4.5059246e-08
   4.4041961e-08
   4.3046981e-08
   4.2073830e-08
   4.1122046e-08
   4.0191174e-08
   3.9280768e-08
   3.8390394e-08
   3.7519624e-08
   3.6668040e-08
   3.5835232e-08
   3.5020800e-08
   3.4224350e-08
   3.3445498e-08
   3.2683867e-08
   3.1939088e-08
   3.1210800e-08
   3.0498649e-08
   2.9802289e-08
