    -0.084222195
    -0.084479824
    -0.084732991
    -0.084981677
    -0.085225861
    -0.085465524
    -0.085700645
    -0.085931207
    -0.086157189
    -0.086378573
    -0.086595341
    -0.086807474
    -0.087014954
    -0.087217763
    -0.087415883
    -0.087609298
    -0.087797990
    -0.087981941
    -0.088161136
    -0.088335558
    -0.088505190
    -0.088670017
    -0.088830023
    -0.088985192
    -0.089135510
    -0.089280961
    -0.089421530
    -0.089557203
    -0.089687966
    -0.089813805
    -0.089934706
    -0.090050655
    -0.090161639
    -0.090267646
    -0.090368662
    -0.090464676
    -0.090555674
    -0.090641646
    -0.090722578
    -0.090798461
    -0.090869282
    -0.090935031
    -0.090995697
    -0.091051270
    -0.091101739
    -0.091147095
    -0.091187329
    -0.091222430
    -0.091252391
    -0.091277201
    -0.091296854
    -0.091311339
    -0.091320651
    -0.091324780
    -0.091323719
    -0.091317462
    -0.091306001
    -0.091289330
    -0.091267443
    -0.091240333
    -0.091207995
    -0.091170424
    -0.091127614
    -0.091079560
    -0.091026257
    -0.090967702
    -0.090903891
    -0.090834819
    -0.090760483
    -0.090680879
    -0.090596006
    -0.090505860
    -0.090410439
    -0.090309741
    -0.090203764
    -0.090092507
    -0.089975968
    -0.089854147
    -0.089727042
    -0.089594654
    -0.089456983
    -0.089314029
    -0.089165792
    -0.089012273
    -0.088853473
    -0.088689394
    -0.088520037
    -0.088345405
    -0.088165500
    -0.087980323
    -0.087789879
    -0.087594170
    -0.087393200
    -0.087186973
    -0.086975492
    -0.086758762
    -0.086536787
    -0.086309573
    -0.086077125
    -0.085839447
    -0.085596547
    -0.085348430
    -0.085095102
    -0.084836571
    -0.084572842
    -0.084303924
    -0.084029825
    -0.083750551
    -0.083466111
    -0.083176514
    -0.082881767
    -0.082581882
    -0.082276866
    -0.081966729
    -0.081651482
    -0.081331134
    -0.081005696
    -0.080675178
    -0.080339593
    -0.079998951
    -0.079653264
    -0.079302544
    -0.078946804
    -0.078586055
    -0.078220311
    -0.077849584
    -0.077473890
    -0.077093240
    -0.076707649
    -0.076317131
    -0.075921702
    -0.075521375
    -0.075116167
    -0.074706092
    -0.074291166
    -0.073871406
    -0.073446828
    -0.073017447
    -0.072583283
    -0.072144350
    -0.071700668
    -0.071252253
    -0.070799124
    -0.070341299
    -0.069878797
    -0.069411636
    -0.068939837
    -0.068463417
    -0.067982398
    -0.067496799
    -0.067006640
    -0.066511942
    -0.066012726
    -0.065509013
    -0.065000824
    -0.064488181
    -0.063971107
    -0.063449623
    -0.062923751
    -0.062393515
    -0.061858938
    -0.061320043
    -0.060776853
    -0.060229393
    -0.059677687
    -0.059121759
    -0.058561633
    -0.057997335
    -0.057428889
    -0.056856323
    -0.056279660
    -0.055698927
    -0.055114150
    -0.054525356
    -0.053932572
    -0.053335824
    -0.052735141
    -0.052130548
    -0.051522075
    -0.050909749
    -0.050293599
    -0.049673652
    -0.049049939
    -0.048422487
    -0.047791327
    -0.047156487
    -0.046517998
    -0.045875890
    -0.045230192
    -0.044580936
    -0.043928152
    -0.043271871
    -0.042612124
    -0.041948943
    -0.041282359
    -0.040612405
    -0.039939112
    -0.039262513
    -0.038582641
    -0.037899528
    -0.037213208
    -0.036523713
    -0.035831078
    -0.035135336
    -0.034436520
    -0.033734666
    -0.033029807
    -0.032321979
    -0.031611215
    -0.030897552
    -0.030181023
    -0.029461666
    -0.028739515
    -0.028014606
    -0.027286975
    -0.026556659
    -0.025823694
    -0.025088117
    -0.024349965
    -0.023609274
    -0.022866083
    -0.022120428
    -0.021372347
    -0.020621878
    -0.019869059
    -0.019113928
    -0.018356524
    -0.017596885
    -0.016835050
    -0.016071058
    -0.015304948
    -0.014536759
    -0.013766532
    -0.012994304
    -0.012220117
    -0.011444011
    -0.010666024
   -0.0098861985
   -0.0091045740
   -0.0083211913
   -0.0075360913
   -0.0067493148
   -0.0059609030
   -0.0051708972
   -0.0043793386
   -0.0035862690
   -0.0027917299
   -0.0019957633
   -0.0011984112
  -0.00039971556
   0.00040028122
    0.0012015367
    0.0020040085
    0.0028076538
    0.0036124298
    0.0044182937
    0.0052252023
    0.0060331124
    0.0068419808
    0.0076517640
    0.0084624186
    0.0092739007
     0.010086167
     0.010899173
     0.011712875
     0.012527228
     0.013342190
     0.014157715
     0.014973758
     0.015790277
     0.016607225
     0.017424558
     0.018242231
     0.019060200
     0.019878420
     0.020696844
     0.021515430
     0.022334130
     0.023152900
     0.023971694
     0.024790467
     0.025609174
     0.026427769
     0.027246206
     0.028064439
     0.028882423
     0.029700112
     0.030517460
     0.031334421
     0.032150948
     0.032966997
     0.033782521
     0.034597473
     0.035411808
     0.036225479
     0.037038440
     0.037850645
     0.038662047
     0.039472600
     0.040282257
     0.041090973
     0.041898700
     0.042705392
     0.043511003
     0.044315486
     0.045118795
     0.045920883
     0.046721703
     0.047521209
     0.048319354
     0.049116093
     0.049911377
     0.050705161
     0.051497399
     0.052288042
     0.053077046
     0.053864363
     0.054649947
     0.055433752
     0.056215730
     0.056995836
     0.057774023
     0.058550244
     0.059324454
     0.060096605
     0.060866652
     0.061634548
     0.062400248
     0.063163704
     0.063924871
     0.064683702
     0.065440152
     0.066194174
     0.066945723
     0.067694752
     0.068441216
     0.069185069
     0.069926266
     0.070664760
     0.071400506
     0.072133459
     0.072863573
     0.073590802
     0.074315102
     0.075036428
     0.075754733
     0.076469974
     0.077182105
     0.077891081
     0.078596858
     0.079299391
     0.079998635
     0.080694546
     0.081387080
     0.082076192
     0.082761838
     0.083443975
     0.084122557
     0.084797543
     0.085468887
     0.086136546
     0.086800477
     0.087460637
     0.088116982
     0.088769469
     0.089418056
     0.090062699
     0.090703357
     0.091339986
     0.091972544
     0.092600988
     0.093225278
     0.093845371
     0.094461225
     0.095072798
     0.095680050
     0.096282938
     0.096881423
     0.097475462
     0.098065015
     0.098650041
     0.099230501
     0.099806353
      0.10037756
      0.10094407
      0.10150586
      0.10206289
      0.10261511
      0.10316248
      0.10370497
      0.10424253
      0.10477514
      0.10530274
      0.10582531
      0.10634280
      0.10685517
      0.10736240
      0.10786443
      0.10836124
      0.10885279
      0.10933904
      0.10981995
      0.11029549
      0.11076562
      0.11123031
      0.11168951
      0.11214320
      0.11259134
      0.11303390
      0.11347083
      0.11390211
      0.11432770
      0.11474757
      0.11516169
      0.11557001
      0.11597251
      0.11636915
      0.11675991
      0.11714474
      0.11752362
      0.11789652
      0.11826339
      0.11862422
      0.11897897
      0.11932761
      0.11967011
      0.12000644
      0.12033657
      0.12066046
      0.12097810
      0.12128944
      0.12159447
      0.12189314
      0.12218545
      0.12247134
      0.12275081
      0.12302382
      0.12329034
      0.12355035
      0.12380382
      0.12405072
      0.12429103
      0.12452472
      0.12475176
      0.12497214
      0.12518583
      0.12539280
      0.12559303
      0.12578649
      0.12597316
      0.12615302
      0.12632604
      0.12649221
      0.12665149
      0.12680387
      0.12694933
      0.12708785
      0.12721940
      0.12734396
      0.12746151
      0.12757204
      0.12767552
      0.12777194
      0.12786127
      0.12794350
      0.12801861
      0.12808657
      0.12814738
      0.12820102
      0.12824746
      0.12828670
      0.12831872
      0.12834349
      0.12836101
      0.12837126
      0.12837422
      0.12836989
      0.12835824
      0.12833927
      0.12831295
      0.12827928
      0.12823825
      0.12818984
      0.12813403
      0.12807083
      0.12800021
      0.12792217
      0.12783670
      0.12774379
      0.12764342
      0.12753558
      0.12742028
      0.12729750
      0.12716723
      0.12702946
      0.12688419
      0.12673141
      0.12657112
      0.12640330
      0.12622795
      0.12604507
      0.12585465
      0.12565669
      0.12545118
      0.12523812
      0.12501750
      0.12478932
      0.12455358
      0.12431028
      0.12405942
      0.12380098
      0.12353498
      0.12326141
      0.12298027
      0.12269157
      0.12239529
      0.12209145
      0.12178004
      0.12146106
      0.12113453
      0.12080043
      0.12045877
      0.12010957
      0.11975281
      0.11938850
      0.11901665
      0.11863727
      0.11825036
      0.11785592
      0.11745395
      0.11704448
      0.11662750
      0.11620302
      0.11577105
      0.11533160
      0.11488467
      0.11443028
      0.11396843
      0.11349913
      0.11302240
      0.11253824
      0.11204667
      0.11154769
      0.11104133
      0.11052758
      0.11000647
      0.10947801
      0.10894220
      0.10839907
      0.10784863
      0.10729089
      0.10672586
      0.10615358
      0.10557404
      0.10498727
      0.10439328
      0.10379209
      0.10318371
      0.10256818
      0.10194550
      0.10131569
      0.10067877
      0.10003476
     0.099383688
     0.098725566
     0.098060417
     0.097388263
     0.096709124
     0.096023024
     0.095329984
     0.094630028
     0.093923179
     0.093209460
     0.092488897
     0.091761512
     0.091027332
     0.090286381
     0.089538686
     0.088784272
     0.088023167
     0.087255396
     0.086480988
     0.085699970
     0.084912371
     0.084118218
     0.083317542
     0.082510371
     0.081696734
     0.080876664
     0.080050189
     0.079217341
     0.078378151
     0.077532651
     0.076680873
     0.075822849
     0.074958614
     0.074088199
     0.073211639
     0.072328967
     0.071440219
     0.070545429
     0.069644632
     0.068737864
     0.067825162
     0.066906561
     0.065982098
     0.065051811
     0.064115736
     0.063173913
     0.062226379
     0.061273173
     0.060314334
     0.059349902
     0.058379917
     0.057404417
     0.056423445
     0.055437042
     0.054445247
     0.053448104
     0.052445654
     0.051437939
     0.050425003
     0.049406888
     0.048383638
     0.047355297
     0.046321909
     0.045283518
     0.044240170
     0.043191910
     0.042138783
     0.041080835
     0.040018113
     0.038950663
     0.037878533
     0.036801769
     0.035720420
     0.034634533
     0.033544157
     0.032449341
     0.031350133
     0.030246582
     0.029138740
     0.028026655
     0.026910378
     0.025789960
     0.024665452
     0.023536905
     0.022404371
     0.021267901
     0.020127548
     0.018983365
     0.017835405
     0.016683721
     0.015528365
     0.014369394
     0.013206859
     0.012040816
     0.010871320
    0.0096984261
    0.0085221889
    0.0073426643
    0.0061599084
    0.0049739775
    0.0037849279
    0.0025928166
    0.0013977007
   0.00019963749
   -0.0010013153
   -0.0022050997
   -0.0034116576
   -0.0046209304
   -0.0058328594
   -0.0070473856
   -0.0082644496
   -0.0094839918
    -0.010705953
    -0.011930272
    -0.013156889
    -0.014385743
    -0.015616774
    -0.016849921
    -0.018085122
    -0.019322315
    -0.020561439
    -0.021802431
    -0.023045230
    -0.024289773
    -0.025535996
    -0.026783838
    -0.028033234
    -0.029284121
    -0.030536436
    -0.031790115
    -0.033045093
    -0.034301306
    -0.035558689
    -0.036817179
    -0.038076709
    -0.039337215
    -0.040598631
    -0.041860892
    -0.043123931
    -0.044387684
    -0.045652083
    -0.046917063
    -0.048182556
    -0.049448497
    -0.050714817
    -0.051981451
    -0.053248331
    -0.054515389
    -0.055782557
    -0.057049769
    -0.058316956
    -0.059584050
    -0.060850982
    -0.062117685
    -0.063384090
    -0.064650128
    -0.065915729
    -0.067180826
    -0.068445350
    -0.069709229
    -0.070972397
    -0.072234782
    -0.073496315
    -0.074756926
    -0.076016546
    -0.077275104
    -0.078532531
    -0.079788755
    -0.081043707
    -0.082297316
    -0.083549511
    -0.084800222
    -0.086049377
    -0.087296907
    -0.088542740
    -0.089786804
    -0.091029030
    -0.092269344
    -0.093507677
    -0.094743957
    -0.095978112
    -0.097210071
    -0.098439761
    -0.099667112
     -0.10089205
     -0.10211451
     -0.10333441
     -0.10455168
     -0.10576626
     -0.10697806
     -0.10818702
     -0.10939307
     -0.11059613
     -0.11179613
     -0.11299300
     -0.11418666
     -0.11537705
     -0.11656408
     -0.11774770
     -0.11892783
     -0.12010439
     -0.12127731
     -0.12244652
     -0.12361195
     -0.12477353
     -0.12593117
     -0.12708482
     -0.12823440
     -0.12937983
     -0.13052105
     -0.13165798
     -0.13279054
     -0.13391868
     -0.13504231
     -0.13616136
     -0.13727576
     -0.13838544
     -0.13949033
     -0.14059035
     -0.14168544
     -0.14277552
     -0.14386051
     -0.14494036
     -0.14601497
     -0.14708430
     -0.14814825
     -0.14920677
     -0.15025977
     -0.15130720
     -0.15234897
     -0.15338502
     -0.15441527
     -0.15543966
     -0.15645811
     -0.15747055
     -0.15847691
     -0.15947713
     -0.16047112
     -0.16145883
     -0.16244017
     -0.16341509
     -0.16438351
     -0.16534535
     -0.16630056
     -0.16724906
     -0.16819078
     -0.16912565
     -0.17005361
     -0.17097458
     -0.17188850
     -0.17279529
     -0.17369489
     -0.17458723
     -0.17547224
     -0.17634986
     -0.17722001
     -0.17808263
     -0.17893765
     -0.17978500
     -0.18062462
     -0.18145643
     -0.18228038
     -0.18309639
     -0.18390441
     -0.18470435
     -0.18549616
     -0.18627978
     -0.18705513
     -0.18782215
     -0.18858077
     -0.18933093
     -0.19007257
     -0.19080562
     -0.19153001
     -0.19224569
     -0.19295258
     -0.19365063
     -0.19433978
     -0.19501995
     -0.19569108
     -0.19635312
     -0.19700600
     -0.19764966
     -0.19828403
     -0.19890906
     -0.19952468
     -0.20013083
     -0.20072746
     -0.20131450
     -0.20189189
     -0.20245957
     -0.20301748
     -0.20356556
     -0.20410376
     -0.20463201
     -0.20515026
     -0.20565844
     -0.20615651
     -0.20664439
     -0.20712204
     -0.20758940
     -0.20804641
     -0.20849302
     -0.20892916
     -0.20935479
     -0.20976984
     -0.21017427
     -0.21056801
     -0.21095102
     -0.21132323
     -0.21168461
     -0.21203508
     -0.21237460
     -0.21270312
     -0.21302059
     -0.21332694
     -0.21362214
     -0.21390613
     -0.21417885
     -0.21444026
     -0.21469031
     -0.21492895
     -0.21515613
     -0.21537179
     -0.21557590
     -0.21576840
     -0.21594924
     -0.21611838
     -0.21627577
     -0.21642136
     -0.21655511
     -0.21667697
     -0.21678689
     -0.21688484
     -0.21697076
     -0.21704461
     -0.21710634
     -0.21715592
     -0.21719330
     -0.21721844
     -0.21723129
     -0.21723182
     -0.21721997
     -0.21719572
     -0.21715902
     -0.21710983
     -0.21704810
     -0.21697381
     -0.21688691
     -0.21678736
     -0.21667513
     -0.21655018
     -0.21641247
     -0.21626196
     -0.21609862
     -0.21592241
     -0.21573330
     -0.21553125
     -0.21531623
     -0.21508820
     -0.21484713
     -0.21459299
     -0.21432574
     -0.21404536
     -0.21375181
     -0.21344505
     -0.21312507
     -0.21279183
     -0.21244529
     -0.21208544
     -0.21171223
     -0.21132565
     -0.21092567
     -0.21051225
     -0.21008538
     -0.20964502
     -0.20919115
     -0.20872374
     -0.20824277
     -0.20774822
     -0.20724006
     -0.20671827
     -0.20618282
     -0.20563370
     -0.20507087
     -0.20449433
     -0.20390404
     -0.20330000
     -0.20268217
     -0.20205054
     -0.20140509
     -0.20074581
     -0.20007267
     -0.19938566
     -0.19868476
     -0.19796996
     -0.19724124
     -0.19649858
     -0.19574197
     -0.19497140
     -0.19418685
     -0.19338831
     -0.19257577
     -0.19174921
     -0.19090863
     -0.19005401
     -0.18918535
     -0.18830263
     -0.18740584
     -0.18649498
     -0.18557004
     -0.18463100
     -0.18367788
     -0.18271064
     -0.18172930
     -0.18073385
     -0.17972427
     -0.17870057
     -0.17766275
     -0.17661079
     -0.17554470
     -0.17446448
     -0.17337012
     -0.17226162
     -0.17113898
     -0.17000221
     -0.16885130
     -0.16768625
     -0.16650707
     -0.16531376
     -0.16410632
     -0.16288475
     -0.16164907
     -0.16039927
     -0.15913535
     -0.15785734
     -0.15656522
     -0.15525901
     -0.15393872
     -0.15260435
     -0.15125591
     -0.14989341
     -0.14851687
     -0.14712628
     -0.14572167
     -0.14430304
     -0.14287040
     -0.14142378
     -0.13996317
     -0.13848860
     -0.13700008
     -0.13549762
     -0.13398125
     -0.13245096
     -0.13090679
     -0.12934875
     -0.12777685
     -0.12619112
     -0.12459157
     -0.12297822
     -0.12135110
     -0.11971022
     -0.11805560
     -0.11638727
     -0.11470524
     -0.11300955
     -0.11130021
     -0.10957725
     -0.10784069
     -0.10609055
     -0.10432687
     -0.10254967
     -0.10075898
    -0.098954815
    -0.097137212
    -0.095306199
    -0.093461803
    -0.091604055
    -0.089732984
    -0.087848622
    -0.085950998
    -0.084040146
    -0.082116096
    -0.080178883
    -0.078228540
    -0.076265100
    -0.074288598
    -0.072299069
    -0.070296549
    -0.068281074
    -0.066252681
    -0.064211406
    -0.062157289
    -0.060090366
    -0.058010678
    -0.055918264
    -0.053813163
    -0.051695416
    -0.049565065
    -0.047422151
    -0.045266716
    -0.043098803
    -0.040918455
    -0.038725717
    -0.036520632
    -0.034303246
    -0.032073603
    -0.029831750
    -0.027577734
    -0.025311601
    -0.023033399
    -0.020743176
    -0.018440981
    -0.016126863
    -0.013800872
    -0.011463057
   -0.0091134697
   -0.0067521612
   -0.0043791833
   -0.0019945882
   0.00040157116
    0.0028092416
    0.0052283692
    0.0076588997
     0.010100778
     0.012553949
     0.015018357
     0.017493945
     0.019980657
     0.022478435
     0.024987221
     0.027506957
     0.030037584
     0.032579042
     0.035131272
     0.037694214
     0.040267806
     0.042851987
     0.045446696
     0.048051870
     0.050667446
     0.053293361
     0.055929552
     0.058575954
     0.061232502
     0.063899132
     0.066575777
     0.069262372
     0.071958850
     0.074665143
     0.077381186
     0.080106909
     0.082842244
     0.085587123
     0.088341476
     0.091105233
     0.093878325
     0.096660680
     0.099452228
      0.10225290
      0.10506261
      0.10788131
      0.11070891
      0.11354534
      0.11639052
      0.11924439
      0.12210687
      0.12497788
      0.12785735
      0.13074520
      0.13364136
      0.13654574
      0.13945828
      0.14237890
      0.14530751
      0.14824404
      0.15118841
      0.15414055
      0.15710036
      0.16006778
      0.16304272
      0.16602510
      0.16901485
      0.17201187
      0.17501609
      0.17802743
      0.18104580
      0.18407112
      0.18710331
      0.19014229
      0.19318796
      0.19624025
      0.19929908
      0.20236435
      0.20543598
      0.20851389
      0.21159798
      0.21468819
      0.21778440
      0.22088656
      0.22399455
      0.22710830
      0.23022772
      0.23335271
      0.23648320
      0.23961909
      0.24276030
      0.24590673
      0.24905829
      0.25221490
      0.25537646
      0.25854288
      0.26171408
      0.26488996
      0.26807043
      0.27125540
      0.27444477
      0.27763846
      0.28083637
      0.28403841
      0.28724449
      0.29045450
      0.29366837
      0.29688599
      0.30010728
      0.30333213
      0.30656045
      0.30979215
      0.31302713
      0.31626530
      0.31950657
      0.32275083
      0.32599799
      0.32924795
      0.33250063
      0.33575591
      0.33901371
      0.34227393
      0.34553647
      0.34880123
      0.35206812
      0.35533704
      0.35860789
      0.36188057
      0.36515498
      0.36843104
      0.37170863
      0.37498766
      0.37826803
      0.38154964
      0.38483239
      0.38811619
      0.39140092
      0.39468651
      0.39797283
      0.40125980
      0.40454732
      0.40783528
      0.41112358
      0.41441213
      0.41770082
      0.42098955
      0.42427822
      0.42756674
      0.43085499
      0.43414289
      0.43743032
      0.44071719
      0.44400339
      0.44728883
      0.45057341
      0.45385701
      0.45713955
      0.46042091
      0.46370100
      0.46697971
      0.47025695
      0.47353261
      0.47680659
      0.48007879
      0.48334911
      0.48661744
      0.48988368
      0.49314773
      0.49640949
      0.49966885
      0.50292572
      0.50617999
      0.50943156
      0.51268033
      0.51592620
      0.51916905
      0.52240880
      0.52564535
      0.52887857
      0.53210839
      0.53533468
      0.53855736
      0.54177632
      0.54499146
      0.54820267
      0.55140986
      0.55461292
      0.55781176
      0.56100626
      0.56419633
      0.56738187
      0.57056277
      0.57373894
      0.57691027
      0.58007666
      0.58323801
      0.58639422
      0.58954519
      0.59269082
      0.59583100
      0.59896564
      0.60209464
      0.60521790
      0.60833530
      0.61144677
      0.61455219
      0.61765147
      0.62074450
      0.62383119
      0.62691143
      0.62998514
      0.63305220
      0.63611252
      0.63916600
      0.64221255
      0.64525206
      0.64828443
      0.65130957
      0.65432738
      0.65733776
      0.66034061
      0.66333584
      0.66632335
      0.66930305
      0.67227482
      0.67523859
      0.67819425
      0.68114170
      0.68408085
      0.68701161
      0.68993387
      0.69284755
      0.69575255
      0.69864877
      0.70153612
      0.70441450
      0.70728382
      0.71014399
      0.71299491
      0.71583649
      0.71866864
      0.72149126
      0.72430426
      0.72710755
      0.72990103
      0.73268462
      0.73545822
      0.73822174
      0.74097510
      0.74371819
      0.74645094
      0.74917324
      0.75188501
      0.75458617
      0.75727661
      0.75995626
      0.76262502
      0.76528281
      0.76792954
      0.77056512
      0.77318946
      0.77580248
      0.77840409
      0.78099420
      0.78357273
      0.78613960
      0.78869471
      0.79123798
      0.79376934
      0.79628869
      0.79879595
      0.80129104
      0.80377387
      0.80624436
      0.80870244
      0.81114801
      0.81358100
      0.81600133
      0.81840891
      0.82080367
      0.82318553
      0.82555440
      0.82791020
      0.83025287
      0.83258231
      0.83489846
      0.83720123
      0.83949055
      0.84176635
      0.84402854
      0.84627705
      0.84851180
      0.85073272
      0.85293974
      0.85513279
      0.85731178
      0.85947664
      0.86162731
      0.86376371
      0.86588577
      0.86799342
      0.87008658
      0.87216519
      0.87422918
      0.87627848
      0.87831301
      0.88033272
      0.88233753
      0.88432737
      0.88630219
      0.88826191
      0.89020646
      0.89213578
      0.89404981
      0.89594848
      0.89783173
      0.89969949
      0.90155171
      0.90338831
      0.90520924
      0.90701444
      0.90880384
      0.91057738
      0.91233501
      0.91407666
      0.91580229
      0.91751181
      0.91920519
      0.92088237
      0.92254327
      0.92418786
      0.92581608
      0.92742786
      0.92902316
      0.93060192
      0.93216409
      0.93370961
      0.93523844
      0.93675052
      0.93824579
      0.93972422
      0.94118575
      0.94263032
      0.94405790
      0.94546843
      0.94686186
      0.94823815
      0.94959725
      0.95093912
      0.95226370
      0.95357096
      0.95486085
      0.95613333
      0.95738835
      0.95862586
      0.95984584
      0.96104824
      0.96223301
      0.96340011
      0.96454951
      0.96568117
      0.96679505
      0.96789111
      0.96896931
      0.97002962
      0.97107200
      0.97209642
      0.97310283
      0.97409122
      0.97506153
      0.97601375
      0.97694783
      0.97786375
      0.97876148
      0.97964097
      0.98050222
      0.98134517
      0.98216982
      0.98297612
      0.98376405
      0.98453358
      0.98528470
      0.98601736
      0.98673155
      0.98742725
      0.98810442
      0.98876305
      0.98940311
      0.99002459
      0.99062745
      0.99121169
      0.99177727
      0.99232419
      0.99285242
      0.99336194
      0.99385274
      0.99432480
      0.99477810
      0.99521264
      0.99562838
      0.99602533
      0.99640346
      0.99676276
      0.99710323
      0.99742484
      0.99772760
      0.99801148
      0.99827648
      0.99852258
      0.99874979
      0.99895810
      0.99914749
      0.99931795
      0.99946949
      0.99960211
      0.99971578
      0.99981051
      0.99988631
      0.99994315
      0.99998105
       1.0000000
       1.0000000
      0.99998105
      0.99994315
      0.99988631
      0.99981051
      0.99971578
      0.99960211
      0.99946949
      0.99931795
      0.99914749
      0.99895810
      0.99874979
      0.99852258
      0.99827648
      0.99801148
      0.99772760
      0.99742484
      0.99710323
      0.99676276
      0.99640346
      0.99602533
      0.99562838
      0.99521264
      0.99477810
      0.99432480
      0.99385274
      0.99336194
      0.99285242
      0.99232419
      0.99177727
      0.99121169
      0.99062745
      0.99002459
      0.98940311
      0.98876305
      0.98810442
      0.98742725
      0.98673155
      0.98601736
      0.98528470
      0.98453358
      0.98376405
      0.98297612
      0.98216982
      0.98134517
      0.98050222
      0.97964097
      0.97876148
      0.97786375
      0.97694783
      0.97601375
      0.97506153
      0.97409122
      0.97310283
      0.97209642
      0.97107200
      0.97002962
      0.96896931
      0.96789111
      0.96679505
      0.96568117
      0.96454951
      0.96340011
      0.96223301
      0.96104824
      0.95984584
      0.95862586
      0.95738835
      0.95613333
      0.95486085
      0.95357096
      0.95226370
      0.95093912
      0.94959725
      0.94823815
      0.94686186
      0.94546843
      0.94405790
      0.94263032
      0.94118575
      0.93972422
      0.93824579
      0.93675052
      0.93523844
      0.93370961
      0.93216409
      0.93060192
      0.92902316
      0.92742786
      0.92581608
      0.92418786
      0.92254327
      0.92088237
      0.91920519
      0.91751181
      0.91580229
      0.91407666
      0.91233501
      0.91057738
      0.90880384
      0.90701444
      0.90520924
      0.90338831
      0.90155171
      0.89969949
      0.89783173
      0.89594848
      0.89404981
      0.89213578
      0.89020646
      0.88826191
      0.88630219
      0.88432737
      0.88233753
      0.88033272
      0.87831301
      0.87627848
      0.87422918
      0.87216519
      0.87008658
      0.86799342
      0.86588577
      0.86376371
      0.86162731
      0.85947664
      0.85731178
      0.85513279
      0.85293974
      0.85073272
      0.84851180
      0.84627705
      0.84402854
      0.84176635
      0.83949055
      0.83720123
      0.83489846
      0.83258231
      0.83025287
      0.82791020
      0.82555440
      0.82318553
      0.82080367
      0.81840891
      0.81600133
      0.81358100
      0.81114801
      0.80870244
      0.80624436
      0.80377387
      0.80129104
      0.79879595
      0.79628869
      0.79376934
      0.79123798
      0.78869471
      0.78613960
      0.78357273
      0.78099420
      0.77840409
      0.77580248
      0.77318946
      0.77056512
      0.76792954
      0.76528281
      0.76262502
      0.75995626
      0.75727661
      0.75458617
      0.75188501
      0.74917324
      0.74645094
      0.74371819
      0.74097510
      0.73822174
      0.73545822
      0.73268462
      0.72990103
      0.72710755
      0.72430426
      0.72149126
      0.71866864
      0.71583649
      0.71299491
      0.71014399
      0.70728382
      0.70441450
      0.70153612
      0.69864877
      0.69575255
      0.69284755
      0.68993387
      0.68701161
      0.68408085
      0.68114170
      0.67819425
      0.67523859
      0.67227482
      0.66930305
      0.66632335
      0.66333584
      0.66034061
      0.65733776
      0.65432738
      0.65130957
      0.64828443
      0.64525206
      0.64221255
      0.63916600
      0.63611252
      0.63305220
      0.62998514
      0.62691143
      0.62383119
      0.62074450
      0.61765147
      0.61455219
      0.61144677
      0.60833530
      0.60521790
      0.60209464
      0.59896564
      0.59583100
      0.59269082
      0.58954519
      0.58639422
      0.58323801
      0.58007666
      0.57691027
      0.57373894
      0.57056277
      0.56738187
      0.56419633
      0.56100626
      0.55781176
      0.55461292
      0.55140986
      0.54820267
      0.54499146
      0.54177632
      0.53855736
      0.53533468
      0.53210839
      0.52887857
      0.52564535
      0.52240880
      0.51916905
      0.51592620
      0.51268033
      0.50943156
      0.50617999
      0.50292572
      0.49966885
      0.49640949
      0.49314773
      0.48988368
      0.48661744
      0.48334911
      0.48007879
      0.47680659
      0.47353261
      0.47025695
      0.46697971
      0.46370100
      0.46042091
      0.45713955
      0.45385701
      0.45057341
      0.44728883
      0.44400339
      0.44071719
      0.43743032
      0.43414289
      0.43085499
      0.42756674
      0.42427822
      0.42098955
      0.41770082
      0.41441213
      0.41112358
      0.40783528
      0.40454732
      0.40125980
      0.39797283
      0.39468651
      0.39140092
      0.38811619
      0.38483239
      0.38154964
      0.37826803
      0.37498766
      0.37170863
      0.36843104
      0.36515498
      0.36188057
      0.35860789
      0.35533704
      0.35206812
      0.34880123
      0.34553647
      0.34227393
      0.33901371
      0.33575591
      0.33250063
      0.32924795
      0.32599799
      0.32275083
      0.31950657
      0.31626530
      0.31302713
      0.30979215
      0.30656045
      0.30333213
      0.30010728
      0.29688599
      0.29366837
      0.29045450
      0.28724449
      0.28403841
      0.28083637
      0.27763846
      0.27444477
      0.27125540
      0.26807043
      0.26488996
      0.26171408
      0.25854288
      0.25537646
      0.25221490
      0.24905829
      0.24590673
      0.24276030
      0.23961909
      0.23648320
      0.23335271
      0.23022772
      0.22710830
      0.22399455
      0.22088656
      0.21778440
      0.21468819
      0.21159798
      0.20851389
      0.20543598
      0.20236435
      0.19929908
      0.19624025
      0.19318796
      0.19014229
      0.18710331
      0.18407112
      0.18104580
      0.17802743
      0.17501609
      0.17201187
      0.16901485
      0.16602510
      0.16304272
      0.16006778
      0.15710036
      0.15414055
      0.15118841
      0.14824404
      0.14530751
      0.14237890
      0.13945828
      0.13654574
      0.13364136
      0.13074520
      0.12785735
      0.12497788
      0.12210687
      0.11924439
      0.11639052
      0.11354534
      0.11070891
      0.10788131
      0.10506261
      0.10225290
     0.099452228
     0.096660680
     0.093878325
     0.091105233
     0.088341476
     0.085587123
     0.082842244
     0.080106909
     0.077381186
     0.074665143
     0.071958849
     0.069262372
     0.066575777
     0.063899132
     0.061232502
     0.058575954
     0.055929552
     0.053293361
     0.050667446
     0.048051870
     0.045446696
     0.042851987
     0.040267806
     0.037694214
     0.035131272
     0.032579042
     0.030037584
     0.027506957
     0.024987221
     0.022478435
     0.019980657
     0.017493945
     0.015018357
     0.012553949
     0.010100778
    0.0076588997
    0.0052283692
    0.0028092416
   0.00040157114
   -0.0019945883
   -0.0043791833
   -0.0067521612
   -0.0091134697
    -0.011463057
    -0.013800872
    -0.016126863
    -0.018440981
    -0.020743176
    -0.023033399
    -0.025311601
    -0.027577734
    -0.029831750
    -0.032073603
    -0.034303246
    -0.036520632
    -0.038725717
    -0.040918455
    -0.043098803
    -0.045266716
    -0.047422151
    -0.049565065
    -0.051695416
    -0.053813163
    -0.055918264
    -0.058010678
    -0.060090366
    -0.062157289
    -0.064211406
    -0.066252681
    -0.068281074
    -0.070296549
    -0.072299069
    -0.074288598
    -0.076265100
    -0.078228540
    -0.080178883
    -0.082116096
    -0.084040146
    -0.085950998
    -0.087848622
    -0.089732984
    -0.091604055
    -0.093461803
    -0.095306199
    -0.097137212
    -0.098954815
     -0.10075898
     -0.10254967
     -0.10432687
     -0.10609055
     -0.10784069
     -0.10957725
     -0.11130021
     -0.11300955
     -0.11470524
     -0.11638727
     -0.11805560
     -0.11971022
     -0.12135110
     -0.12297822
     -0.12459157
     -0.12619112
     -0.12777685
     -0.12934875
     -0.13090679
     -0.13245096
     -0.13398125
     -0.13549762
     -0.13700008
     -0.13848860
     -0.13996317
     -0.14142378
     -0.14287041
     -0.14430304
     -0.14572167
     -0.14712628
     -0.14851687
     -0.14989341
     -0.15125591
     -0.15260435
     -0.15393872
     -0.15525901
     -0.15656522
     -0.15785734
     -0.15913535
     -0.16039927
     -0.16164907
     -0.16288475
     -0.16410632
     -0.16531376
     -0.16650707
     -0.16768625
     -0.16885130
     -0.17000221
     -0.17113898
     -0.17226162
     -0.17337012
     -0.17446448
     -0.17554470
     -0.17661079
     -0.17766275
     -0.17870057
     -0.17972427
     -0.18073385
     -0.18172930
     -0.18271064
     -0.18367788
     -0.18463100
     -0.18557004
     -0.18649498
     -0.18740584
     -0.18830263
     -0.18918535
     -0.19005401
     -0.19090863
     -0.19174921
     -0.19257577
     -0.19338831
     -0.19418685
     -0.19497140
     -0.19574197
     -0.19649858
     -0.19724124
     -0.19796996
     -0.19868476
     -0.19938566
     -0.20007267
     -0.20074581
     -0.20140509
     -0.20205054
     -0.20268217
     -0.20330000
     -0.20390404
     -0.20449433
     -0.20507087
     -0.20563370
     -0.20618282
     -0.20671827
     -0.20724006
     -0.20774822
     -0.20824277
     -0.20872374
     -0.20919115
     -0.20964502
     -0.21008538
     -0.21051225
     -0.21092567
     -0.21132565
     -0.21171223
     -0.21208544
     -0.21244529
     -0.21279183
     -0.21312507
     -0.21344505
     -0.21375181
     -0.21404536
     -0.21432574
     -0.21459299
     -0.21484713
     -0.21508820
     -0.21531623
     -0.21553125
     -0.21573330
     -0.21592241
     -0.21609862
     -0.21626196
     -0.21641247
     -0.21655018
     -0.21667513
     -0.21678736
     -0.21688691
     -0.21697381
     -0.21704810
     -0.21710983
     -0.21715902
     -0.21719572
     -0.21721997
     -0.21723182
     -0.21723129
     -0.21721844
     -0.21719330
     -0.21715592
     -0.21710634
     -0.21704461
     -0.21697076
     -0.21688484
     -0.21678689
     -0.21667697
     -0.21655511
     -0.21642136
     -0.21627577
     -0.21611838
     -0.21594924
     -0.21576840
     -0.21557590
     -0.21537179
     -0.21515613
     -0.21492895
     -0.21469031
     -0.21444026
     -0.21417885
     -0.21390613
     -0.21362214
     -0.21332694
     -0.21302059
     -0.21270312
     -0.21237460
     -0.21203508
     -0.21168461
     -0.21132323
     -0.21095102
     -0.21056801
     -0.21017427
     -0.20976984
     -0.20935479
     -0.20892916
     -0.20849302
     -0.20804641
     -0.20758940
     -0.20712204
     -0.20664439
     -0.20615651
     -0.20565844
     -0.20515026
     -0.20463201
     -0.20410376
     -0.20356556
     -0.20301748
     -0.20245957
     -0.20189189
     -0.20131450
     -0.20072746
     -0.20013083
     -0.19952468
     -0.19890906
     -0.19828403
     -0.19764966
     -0.19700600
     -0.19635312
     -0.19569108
     -0.19501995
     -0.19433978
     -0.19365063
     -0.19295258
     -0.19224569
     -0.19153001
     -0.19080562
     -0.19007257
     -0.18933093
     -0.18858077
     -0.18782215
     -0.18705513
     -0.18627978
     -0.18549616
     -0.18470435
     -0.18390441
     -0.18309639
     -0.18228038
     -0.18145643
     -0.18062462
     -0.17978500
     -0.17893765
     -0.17808263
     -0.17722001
     -0.17634986
     -0.17547224
     -0.17458723
     -0.17369489
     -0.17279529
     -0.17188850
     -0.17097458
     -0.17005361
     -0.16912565
     -0.16819078
     -0.16724906
     -0.16630056
     -0.16534535
     -0.16438351
     -0.16341509
     -0.16244017
     -0.16145883
     -0.16047112
     -0.15947713
     -0.15847691
     -0.15747055
     -0.15645811
     -0.15543966
     -0.15441527
     -0.15338502
     -0.15234897
     -0.15130720
     -0.15025977
     -0.14920677
     -0.14814825
     -0.14708430
     -0.14601497
     -0.14494036
     -0.14386051
     -0.14277552
     -0.14168544
     -0.14059035
     -0.13949033
     -0.13838544
     -0.13727576
     -0.13616136
     -0.13504231
     -0.13391868
     -0.13279054
     -0.13165798
     -0.13052105
     -0.12937983
     -0.12823440
     -0.12708482
     -0.12593117
     -0.12477353
     -0.12361195
     -0.12244652
     -0.12127731
     -0.12010439
     -0.11892783
     -0.11774770
     -0.11656408
     -0.11537705
     -0.11418666
     -0.11299300
     -0.11179613
     -0.11059613
     -0.10939307
     -0.10818702
     -0.10697806
     -0.10576626
     -0.10455168
     -0.10333441
     -0.10211451
     -0.10089205
    -0.099667112
    -0.098439761
    -0.097210071
    -0.095978112
    -0.094743957
    -0.093507677
    -0.092269344
    -0.091029030
    -0.089786804
    -0.088542740
    -0.087296907
    -0.086049377
    -0.084800221
    -0.083549511
    -0.082297315
    -0.081043707
    -0.079788755
    -0.078532531
    -0.077275104
    -0.076016546
    -0.074756926
    -0.073496315
    -0.072234782
    -0.070972397
    -0.069709229
    -0.068445350
    -0.067180826
    -0.065915729
    -0.064650127
    -0.063384090
    -0.062117685
    -0.060850982
    -0.059584050
    -0.058316956
    -0.057049769
    -0.055782557
    -0.054515388
    -0.053248331
    -0.051981451
    -0.050714817
    -0.049448497
    -0.048182556
    -0.046917063
    -0.045652083
    -0.044387684
    -0.043123931
    -0.041860892
    -0.040598631
    -0.039337215
    -0.038076709
    -0.036817179
    -0.035558689
    -0.034301306
    -0.033045093
    -0.031790115
    -0.030536436
    -0.029284121
    -0.028033234
    -0.026783838
    -0.025535996
    -0.024289773
    -0.023045230
    -0.021802431
    -0.020561439
    -0.019322315
    -0.018085122
    -0.016849921
    -0.015616774
    -0.014385743
    -0.013156889
    -0.011930272
    -0.010705953
   -0.0094839918
   -0.0082644495
   -0.0070473855
   -0.0058328594
   -0.0046209304
   -0.0034116576
   -0.0022050997
   -0.0010013153
   0.00019963754
    0.0013977007
    0.0025928167
    0.0037849280
    0.0049739775
    0.0061599085
    0.0073426644
    0.0085221889
    0.0096984262
     0.010871320
     0.012040816
     0.013206859
     0.014369394
     0.015528365
     0.016683721
     0.017835405
     0.018983365
     0.020127548
     0.021267901
     0.022404371
     0.023536905
     0.024665452
     0.025789960
     0.026910378
     0.028026655
     0.029138740
     0.030246582
     0.031350133
     0.032449341
     0.033544157
     0.034634533
     0.035720420
     0.036801769
     0.037878533
     0.038950664
     0.040018113
     0.041080835
     0.042138783
     0.043191910
     0.044240170
     0.045283518
     0.046321909
     0.047355297
     0.048383638
     0.049406888
     0.050425003
     0.051437939
     0.052445654
     0.053448104
     0.054445247
     0.055437042
     0.056423446
     0.057404418
     0.058379917
     0.059349902
     0.060314335
     0.061273173
     0.062226379
     0.063173913
     0.064115736
     0.065051811
     0.065982098
     0.066906561
     0.067825162
     0.068737865
     0.069644632
     0.070545429
     0.071440219
     0.072328967
     0.073211639
     0.074088199
     0.074958614
     0.075822850
     0.076680873
     0.077532651
     0.078378151
     0.079217341
     0.080050189
     0.080876664
     0.081696734
     0.082510371
     0.083317542
     0.084118218
     0.084912371
     0.085699970
     0.086480988
     0.087255396
     0.088023167
     0.088784272
     0.089538686
     0.090286381
     0.091027332
     0.091761512
     0.092488897
     0.093209461
     0.093923179
     0.094630028
     0.095329984
     0.096023024
     0.096709124
     0.097388263
     0.098060418
     0.098725566
     0.099383688
      0.10003476
      0.10067877
      0.10131569
      0.10194550
      0.10256818
      0.10318371
      0.10379209
      0.10439328
      0.10498727
      0.10557404
      0.10615358
      0.10672586
      0.10729089
      0.10784863
      0.10839907
      0.10894220
      0.10947801
      0.11000647
      0.11052758
      0.11104133
      0.11154770
      0.11204667
      0.11253824
      0.11302240
      0.11349913
      0.11396843
      0.11443028
      0.11488467
      0.11533160
      0.11577105
      0.11620302
      0.11662750
      0.11704448
      0.11745395
      0.11785592
      0.11825036
      0.11863727
      0.11901665
      0.11938850
      0.11975281
      0.12010957
      0.12045877
      0.12080043
      0.12113453
      0.12146106
      0.12178004
      0.12209145
      0.12239529
      0.12269157
      0.12298027
      0.12326141
      0.12353498
      0.12380098
      0.12405942
      0.12431028
      0.12455358
      0.12478932
      0.12501750
      0.12523812
      0.12545118
      0.12565669
      0.12585465
      0.12604507
      0.12622795
      0.12640330
      0.12657112
      0.12673141
      0.12688419
      0.12702946
      0.12716723
      0.12729750
      0.12742028
      0.12753559
      0.12764342
      0.12774379
      0.12783670
      0.12792217
      0.12800021
      0.12807083
      0.12813403
      0.12818984
      0.12823825
      0.12827928
      0.12831295
      0.12833927
      0.12835824
      0.12836989
      0.12837422
      0.12837126
      0.12836101
      0.12834349
      0.12831872
      0.12828670
      0.12824746
      0.12820102
      0.12814738
      0.12808657
      0.12801861
      0.12794350
      0.12786127
      0.12777194
      0.12767552
      0.12757204
      0.12746151
      0.12734396
      0.12721940
      0.12708785
      0.12694933
      0.12680387
      0.12665149
      0.12649221
      0.12632604
      0.12615302
      0.12597316
      0.12578649
      0.12559303
      0.12539280
      0.12518583
      0.12497214
      0.12475177
      0.12452472
      0.12429103
      0.12405072
      0.12380382
      0.12355035
      0.12329034
      0.12302382
      0.12275081
      0.12247134
      0.12218545
      0.12189314
      0.12159447
      0.12128944
      0.12097810
      0.12066046
      0.12033657
      0.12000644
      0.11967011
      0.11932761
      0.11897897
      0.11862422
      0.11826339
      0.11789652
      0.11752362
      0.11714474
      0.11675991
      0.11636915
      0.11597251
      0.11557001
      0.11516169
      0.11474757
      0.11432770
      0.11390211
      0.11347083
      0.11303390
      0.11259134
      0.11214320
      0.11168951
      0.11123031
      0.11076562
      0.11029549
      0.10981995
      0.10933904
      0.10885279
      0.10836124
      0.10786443
      0.10736240
      0.10685517
      0.10634280
      0.10582531
      0.10530274
      0.10477514
      0.10424253
      0.10370497
      0.10316248
      0.10261511
      0.10206289
      0.10150587
      0.10094407
      0.10037756
     0.099806353
     0.099230501
     0.098650041
     0.098065015
     0.097475462
     0.096881423
     0.096282938
     0.095680050
     0.095072798
     0.094461225
     0.093845371
     0.093225278
     0.092600989
     0.091972544
     0.091339986
     0.090703357
     0.090062700
     0.089418056
     0.088769470
     0.088116982
     0.087460637
     0.086800477
     0.086136546
     0.085468887
     0.084797543
     0.084122558
     0.083443975
     0.082761838
     0.082076192
     0.081387080
     0.080694546
     0.079998635
     0.079299391
     0.078596858
     0.077891081
     0.077182105
     0.076469974
     0.075754733
     0.075036428
     0.074315102
     0.073590802
     0.072863573
     0.072133459
     0.071400506
     0.070664760
     0.069926266
     0.069185070
     0.068441216
     0.067694752
     0.066945723
     0.066194174
     0.065440152
     0.064683702
     0.063924871
     0.063163704
     0.062400248
     0.061634549
     0.060866652
     0.060096605
     0.059324454
     0.058550244
     0.057774023
     0.056995836
     0.056215730
     0.055433752
     0.054649947
     0.053864363
     0.053077046
     0.052288042
     0.051497399
     0.050705161
     0.049911377
     0.049116093
     0.048319355
     0.047521209
     0.046721703
     0.045920883
     0.045118795
     0.044315486
     0.043511003
     0.042705392
     0.041898700
     0.041090973
     0.040282257
     0.039472600
     0.038662047
     0.037850645
     0.037038440
     0.036225479
     0.035411808
     0.034597473
     0.033782521
     0.032966997
     0.032150949
     0.031334421
     0.030517460
     0.029700112
     0.028882423
     0.028064439
     0.027246206
     0.026427769
     0.025609174
     0.024790468
     0.023971694
     0.023152900
     0.022334130
     0.021515430
     0.020696844
     0.019878420
     0.019060200
     0.018242231
     0.017424558
     0.016607225
     0.015790277
     0.014973759
     0.014157715
     0.013342190
     0.012527228
     0.011712875
     0.010899173
     0.010086167
    0.0092739008
    0.0084624187
    0.0076517641
    0.0068419809
    0.0060331125
    0.0052252024
    0.0044182938
    0.0036124299
    0.0028076539
    0.0020040086
    0.0012015369
   0.00040028132
  -0.00039971545
   -0.0011984111
   -0.0019957632
   -0.0027917298
   -0.0035862689
   -0.0043793385
   -0.0051708971
   -0.0059609029
   -0.0067493147
   -0.0075360912
   -0.0083211912
   -0.0091045739
   -0.0098861984
    -0.010666024
    -0.011444010
    -0.012220117
    -0.012994304
    -0.013766532
    -0.014536759
    -0.015304948
    -0.016071058
    -0.016835050
    -0.017596885
    -0.018356524
    -0.019113928
    -0.019869059
    -0.020621878
    -0.021372347
    -0.022120428
    -0.022866083
    -0.023609274
    -0.024349965
    -0.025088117
    -0.025823694
    -0.026556659
    -0.027286975
    -0.028014606
    -0.028739515
    -0.029461666
    -0.030181023
    -0.030897551
    -0.031611215
    -0.032321979
    -0.033029807
    -0.033734666
    -0.034436520
    -0.035135335
    -0.035831078
    -0.036523713
    -0.037213208
    -0.037899528
    -0.038582641
    -0.039262513
    -0.039939112
    -0.040612405
    -0.041282359
    -0.041948943
    -0.042612124
    -0.043271871
    -0.043928152
    -0.044580936
    -0.045230192
    -0.045875890
    -0.046517998
    -0.047156487
    -0.047791327
    -0.048422487
    -0.049049939
    -0.049673652
    -0.050293598
    -0.050909749
    -0.051522075
    -0.052130548
    -0.052735140
    -0.053335824
    -0.053932572
    -0.054525356
    -0.055114150
    -0.055698927
    -0.056279660
    -0.056856322
    -0.057428889
    -0.057997335
    -0.058561633
    -0.059121758
    -0.059677687
    -0.060229393
    -0.060776853
    -0.061320043
    -0.061858938
    -0.062393515
    -0.062923751
    -0.063449622
    -0.063971107
    -0.064488181
    -0.065000824
    -0.065509013
    -0.066012726
    -0.066511942
    -0.067006640
    -0.067496799
    -0.067982398
    -0.068463417
    -0.068939837
    -0.069411636
    -0.069878797
    -0.070341299
    -0.070799124
    -0.071252253
    -0.071700668
    -0.072144350
    -0.072583282
    -0.073017447
    -0.073446828
    -0.073871406
    -0.074291166
    -0.074706092
    -0.075116167
    -0.075521375
    -0.075921702
    -0.076317131
    -0.076707649
    -0.077093240
    -0.077473889
    -0.077849584
    -0.078220311
    -0.078586055
    -0.078946804
    -0.079302544
    -0.079653264
    -0.079998951
    -0.080339593
    -0.080675178
    -0.081005696
    -0.081331134
    -0.081651482
    -0.081966729
    -0.082276866
    -0.082581882
    -0.082881767
    -0.083176513
    -0.083466111
    -0.083750551
    -0.084029825
    -0.084303924
    -0.084572842
    -0.084836571
    -0.085095102
    -0.085348430
    -0.085596547
    -0.085839447
    -0.086077124
    -0.086309573
    -0.086536787
    -0.086758762
    -0.086975492
    -0.087186973
    -0.087393200
    -0.087594170
    -0.087789879
    -0.087980323
    -0.088165500
    -0.088345405
    -0.088520037
    -0.088689394
    -0.088853473
    -0.089012273
    -0.089165792
    -0.089314029
    -0.089456983
    -0.089594654
    -0.089727042
    -0.089854147
    -0.089975968
    -0.090092507
    -0.090203764
    -0.090309741
    -0.090410439
    -0.090505860
    -0.090596006
    -0.090680879
    -0.090760483
    -0.090834819
    -0.090903891
    -0.090967702
    -0.091026257
    -0.091079560
    -0.091127614
    -0.091170424
    -0.091207995
    -0.091240333
    -0.091267443
    -0.091289330
    -0.091306001
    -0.091317462
    -0.091323719
    -0.091324780
    -0.091320651
    -0.091311339
    -0.091296854
    -0.091277201
    -0.091252391
    -0.091222430
    -0.091187329
    -0.091147095
    -0.091101739
    -0.091051270
    -0.090995697
    -0.090935031
    -0.090869282
    -0.090798461
    -0.090722578
    -0.090641646
    -0.090555674
    -0.090464676
    -0.090368662
    -0.090267646
    -0.090161639
    -0.090050655
    -0.089934706
    -0.089813805
    -0.089687966
    -0.089557203
    -0.089421530
    -0.089280961
    -0.089135510
    -0.088985192
    -0.088830023
    -0.088670017
    -0.088505190
    -0.088335558
    -0.088161136
    -0.087981941
    -0.087797990
    -0.087609298
    -0.087415883
    -0.087217763
    -0.087014954
    -0.086807474
    -0.086595341
    -0.086378573
    -0.086157189
    -0.085931207
    -0.085700645
    -0.085465524
    -0.085225861
    -0.084981677
    -0.084732991
    -0.084479824
    -0.084222195
    -0.084092267
