    -0.040670046
    -0.040035703
    -0.039400321
    -0.038763902
    -0.038126447
    -0.037487957
    -0.036848433
    -0.036207876
    -0.035566287
    -0.034923667
    -0.034280018
    -0.033635340
    -0.032989635
    -0.032342904
    -0.031695148
    -0.031046367
    -0.030396564
    -0.029745739
    -0.029093894
    -0.028441029
    -0.027787145
    -0.027132245
    -0.026476328
    -0.025819397
    -0.025161451
    -0.024502494
    -0.023842525
    -0.023181545
    -0.022519557
    -0.021856561
    -0.021192558
    -0.020527549
    -0.019861537
    -0.019194521
    -0.018526503
    -0.017857485
    -0.017187467
    -0.016516450
    -0.015844437
    -0.015171427
    -0.014497423
    -0.013822426
    -0.013146436
    -0.012469456
    -0.011791485
    -0.011112526
    -0.010432580
   -0.0097516476
   -0.0090697305
   -0.0083868298
   -0.0077029468
   -0.0070180828
   -0.0063322390
   -0.0056454167
   -0.0049576172
   -0.0042688417
   -0.0035790915
   -0.0028883679
   -0.0021966722
   -0.0015040056
  -0.00081036944
  -0.00011576505
   0.00057980630
    0.0012763433
    0.0019738447
    0.0026723091
    0.0033717352
    0.0040721217
    0.0047734674
    0.0054757708
    0.0061790307
    0.0068832456
    0.0075884144
    0.0082945356
    0.0090016079
    0.0097096299
     0.010418600
     0.011128518
     0.011839381
     0.012551189
     0.013263939
     0.013977631
     0.014692264
     0.015407835
     0.016124344
     0.016841789
     0.017560168
     0.018279481
     0.018999726
     0.019720902
     0.020443006
     0.021166039
     0.021889997
     0.022614881
     0.023340688
     0.024067417
     0.024795067
     0.025523637
     0.026253124
     0.026983527
     0.027714846
     0.028447078
     0.029180222
     0.029914277
     0.030649241
     0.031385113
     0.032121891
     0.032859574
     0.033598161
     0.034337649
     0.035078038
     0.035819325
     0.036561511
     0.037304592
     0.038048568
     0.038793437
     0.039539198
     0.040285848
     0.041033387
     0.041781814
     0.042531126
     0.043281322
     0.044032400
     0.044784360
     0.045537199
     0.046290917
     0.047045510
     0.047800979
     0.048557321
     0.049314536
     0.050072620
     0.050831574
     0.051591394
     0.052352081
     0.053113631
     0.053876045
     0.054639319
     0.055403453
     0.056168445
     0.056934294
     0.057700997
     0.058468553
     0.059236962
     0.060006220
     0.060776327
     0.061547281
     0.062319080
     0.063091723
     0.063865208
     0.064639534
     0.065414698
     0.066190700
     0.066967538
     0.067745210
     0.068523715
     0.069303050
     0.070083215
     0.070864207
     0.071646025
     0.072428668
     0.073212134
     0.073996420
     0.074781527
     0.075567451
     0.076354191
     0.077141746
     0.077930113
     0.078719292
     0.079509280
     0.080300077
     0.081091679
     0.081884087
     0.082677297
     0.083471308
     0.084266119
     0.085061727
     0.085858132
     0.086655332
     0.087453324
     0.088252107
     0.089051680
     0.089852040
     0.090653186
     0.091455117
     0.092257830
     0.093061324
     0.093865597
     0.094670647
     0.095476474
     0.096283074
     0.097090446
     0.097898589
     0.098707501
     0.099517180
      0.10032762
      0.10113883
      0.10195080
      0.10276353
      0.10357702
      0.10439126
      0.10520626
      0.10602201
      0.10683852
      0.10765577
      0.10847377
      0.10929252
      0.11011201
      0.11093224
      0.11175321
      0.11257492
      0.11339737
      0.11422056
      0.11504447
      0.11586912
      0.11669450
      0.11752061
      0.11834744
      0.11917500
      0.12000328
      0.12083228
      0.12166200
      0.12249244
      0.12332359
      0.12415546
      0.12498803
      0.12582132
      0.12665532
      0.12749002
      0.12832542
      0.12916153
      0.12999834
      0.13083585
      0.13167405
      0.13251295
      0.13335254
      0.13419282
      0.13503380
      0.13587546
      0.13671780
      0.13756083
      0.13840454
      0.13924893
      0.14009400
      0.14093975
      0.14178617
      0.14263326
      0.14348102
      0.14432946
      0.14517855
      0.14602832
      0.14687874
      0.14772983
      0.14858158
      0.14943398
      0.15028704
      0.15114075
      0.15199512
      0.15285013
      0.15370579
      0.15456210
      0.15541905
      0.15627664
      0.15713487
      0.15799374
      0.15885325
      0.15971339
      0.16057416
      0.16143556
      0.16229759
      0.16316025
      0.16402353
      0.16488743
      0.16575196
      0.16661710
      0.16748286
      0.16834923
      0.16921621
      0.17008381
      0.17095201
      0.17182082
      0.17269024
      0.17356026
      0.17443087
      0.17530209
      0.17617390
      0.17704631
      0.17791931
      0.17879290
      0.17966708
      0.18054185
      0.18141720
      0.18229313
      0.18316964
      0.18404673
      0.18492440
      0.18580264
      0.18668145
      0.18756084
      0.18844079
      0.18932131
      0.19020239
      0.19108404
      0.19196625
      0.19284901
      0.19373233
      0.19461620
      0.19550063
      0.19638560
      0.19727113
      0.19815720
      0.19904381
      0.19993096
      0.20081866
      0.20170689
      0.20259565
      0.20348495
      0.20437478
      0.20526514
      0.20615603
      0.20704744
      0.20793938
      0.20883184
      0.20972481
      0.21061830
      0.21151231
      0.21240683
      0.21330186
      0.21419739
      0.21509344
      0.21598998
      0.21688703
      0.21778458
      0.21868263
      0.21958117
      0.22048021
      0.22137973
      0.22227975
      0.22318025
      0.22408124
      0.22498271
      0.22588466
      0.22678709
      0.22769000
      0.22859338
      0.22949724
      0.23040156
      0.23130635
      0.23221161
      0.23311733
      0.23402351
      0.23493015
      0.23583725
      0.23674480
      0.23765280
      0.23856126
      0.23947017
      0.24037952
      0.24128931
      0.24219955
      0.24311022
      0.24402134
      0.24493289
      0.24584487
      0.24675728
      0.24767013
      0.24858340
      0.24949709
      0.25041121
      0.25132574
      0.25224070
      0.25315606
      0.25407185
      0.25498804
      0.25590465
      0.25682166
      0.25773907
      0.25865689
      0.25957511
      0.26049372
      0.26141273
      0.26233214
      0.26325193
      0.26417212
      0.26509269
      0.26601365
      0.26693499
      0.26785671
      0.26877881
      0.26970128
      0.27062413
      0.27154735
      0.27247093
      0.27339489
      0.27431921
      0.27524389
      0.27616893
      0.27709433
      0.27802008
      0.27894619
      0.27987265
      0.28079946
      0.28172661
      0.28265411
      0.28358195
      0.28451014
      0.28543865
      0.28636751
      0.28729670
      0.28822621
      0.28915606
      0.29008623
      0.29101673
      0.29194754
      0.29287868
      0.29381014
      0.29474190
      0.29567399
      0.29660638
      0.29753908
      0.29847208
      0.29940539
      0.30033900
      0.30127291
      0.30220711
      0.30314161
      0.30407640
      0.30501148
      0.30594685
      0.30688251
      0.30781844
      0.30875466
      0.30969115
      0.31062792
      0.31156496
      0.31250228
      0.31343986
      0.31437771
      0.31531582
      0.31625420
      0.31719283
      0.31813172
      0.31907087
      0.32001027
      0.32094992
      0.32188982
      0.32282996
      0.32377035
      0.32471097
      0.32565184
      0.32659294
      0.32753428
      0.32847585
      0.32941764
      0.33035967
      0.33130191
      0.33224438
      0.33318707
      0.33412998
      0.33507310
      0.33601644
      0.33695998
      0.33790374
      0.33884770
      0.33979186
      0.34073622
      0.34168079
      0.34262554
      0.34357050
      0.34451564
      0.34546097
      0.34640649
      0.34735220
      0.34829809
      0.34924415
      0.35019039
      0.35113681
      0.35208340
      0.35303017
      0.35397709
      0.35492419
      0.35587145
      0.35681887
      0.35776644
      0.35871417
      0.35966206
      0.36061010
      0.36155828
      0.36250662
      0.36345509
      0.36440371
      0.36535247
      0.36630136
      0.36725039
      0.36819955
      0.36914884
      0.37009826
      0.37104780
      0.37199746
      0.37294725
      0.37389715
      0.37484717
      0.37579730
      0.37674754
      0.37769789
      0.37864834
      0.37959890
      0.38054956
      0.38150031
      0.38245117
      0.38340211
      0.38435315
      0.38530428
      0.38625549
      0.38720679
      0.38815816
      0.38910962
      0.39006115
      0.39101276
      0.39196444
      0.39291619
      0.39386800
      0.39481988
      0.39577183
      0.39672383
      0.39767589
      0.39862800
      0.39958017
      0.40053238
      0.40148465
      0.40243696
      0.40338931
      0.40434170
      0.40529413
      0.40624660
      0.40719909
      0.40815162
      0.40910418
      0.41005676
      0.41100936
      0.41196199
      0.41291464
      0.41386730
      0.41481997
      0.41577265
      0.41672535
      0.41767804
      0.41863075
      0.41958345
      0.42053615
      0.42148885
      0.42244154
      0.42339423
      0.42434690
      0.42529956
      0.42625220
      0.42720483
      0.42815743
      0.42911001
      0.43006257
      0.43101510
      0.43196759
      0.43292006
      0.43387248
      0.43482487
      0.43577722
      0.43672953
      0.43768179
      0.43863400
      0.43958616
      0.44053827
      0.44149032
      0.44244232
      0.44339426
      0.44434613
      0.44529794
      0.44624968
      0.44720135
      0.44815295
      0.44910447
      0.45005592
      0.45100728
      0.45195857
      0.45290976
      0.45386087
      0.45481190
      0.45576283
      0.45671366
      0.45766440
      0.45861503
      0.45956557
      0.46051600
      0.46146632
      0.46241654
      0.46336664
      0.46431663
      0.46526650
      0.46621625
      0.46716588
      0.46811538
      0.46906476
      0.47001401
      0.47096313
      0.47191211
      0.47286095
      0.47380966
      0.47475822
      0.47570665
      0.47665492
      0.47760304
      0.47855102
      0.47949884
      0.48044650
      0.48139400
      0.48234134
      0.48328852
      0.48423553
      0.48518237
      0.48612904
      0.48707554
      0.48802186
      0.48896800
      0.48991396
      0.49085974
      0.49180533
      0.49275073
      0.49369594
      0.49464096
      0.49558578
      0.49653040
      0.49747482
      0.49841903
      0.49936304
      0.50030685
      0.50125044
      0.50219381
      0.50313697
      0.50407992
      0.50502264
      0.50596513
      0.50690740
      0.50784945
      0.50879126
      0.50973284
      0.51067418
      0.51161528
      0.51255615
      0.51349677
      0.51443714
      0.51537727
      0.51631714
      0.51725676
      0.51819613
      0.51913524
      0.52007408
      0.52101266
      0.52195098
      0.52288903
      0.52382681
      0.52476432
      0.52570155
      0.52663850
      0.52757517
      0.52851156
      0.52944766
      0.53038347
      0.53131900
      0.53225423
      0.53318916
      0.53412380
      0.53505814
      0.53599217
      0.53692590
      0.53785932
      0.53879244
      0.53972523
      0.54065772
      0.54158988
      0.54252173
      0.54345325
      0.54438444
      0.54531531
      0.54624585
      0.54717606
      0.54810593
      0.54903546
      0.54996466
      0.55089351
      0.55182202
      0.55275017
      0.55367798
      0.55460544
      0.55553254
      0.55645929
      0.55738567
      0.55831169
      0.55923735
      0.56016264
      0.56108756
      0.56201211
      0.56293628
      0.56386008
      0.56478350
      0.56570653
      0.56662918
      0.56755145
      0.56847332
      0.56939481
      0.57031589
      0.57123659
      0.57215688
      0.57307677
      0.57399626
      0.57491534
      0.57583401
      0.57675227
      0.57767011
      0.57858754
      0.57950455
      0.58042114
      0.58133730
      0.58225304
      0.58316835
      0.58408323
      0.58499767
      0.58591168
      0.58682525
      0.58773838
      0.58865107
      0.58956331
      0.59047510
      0.59138644
      0.59229733
      0.59320776
      0.59411773
      0.59502725
      0.59593630
      0.59684488
      0.59775300
      0.59866064
      0.59956782
      0.60047451
      0.60138074
      0.60228648
      0.60319173
      0.60409651
      0.60500079
      0.60590459
      0.60680789
      0.60771070
      0.60861301
      0.60951482
      0.61041613
      0.61131694
      0.61221723
      0.61311702
      0.61401630
      0.61491506
      0.61581331
      0.61671104
      0.61760824
      0.61850493
      0.61940108
      0.62029671
      0.62119180
      0.62208637
      0.62298039
      0.62387388
      0.62476683
      0.62565923
      0.62655109
      0.62744240
      0.62833316
      0.62922337
      0.63011302
      0.63100211
      0.63189065
      0.63277862
      0.63366602
      0.63455286
      0.63543913
      0.63632483
      0.63720995
      0.63809450
      0.63897847
      0.63986185
      0.64074465
      0.64162686
      0.64250849
      0.64338952
      0.64426996
      0.64514981
      0.64602905
      0.64690770
      0.64778574
      0.64866318
      0.64954000
      0.65041622
      0.65129183
      0.65216682
      0.65304119
      0.65391494
      0.65478807
      0.65566058
      0.65653245
      0.65740370
      0.65827432
      0.65914430
      0.66001365
      0.66088236
      0.66175042
      0.66261785
      0.66348462
      0.66435075
      0.66521623
      0.66608105
      0.66694522
      0.66780873
      0.66867158
      0.66953377
      0.67039530
      0.67125615
      0.67211634
      0.67297586
      0.67383470
      0.67469286
      0.67555035
      0.67640715
      0.67726327
      0.67811871
      0.67897345
      0.67982751
      0.68068087
      0.68153354
      0.68238551
      0.68323678
      0.68408735
      0.68493721
      0.68578637
      0.68663481
      0.68748255
      0.68832957
      0.68917587
      0.69002146
      0.69086633
      0.69171047
      0.69255389
      0.69339658
      0.69423854
      0.69507976
      0.69592026
      0.69676001
      0.69759903
      0.69843730
      0.69927483
      0.70011162
      0.70094765
      0.70178294
      0.70261747
      0.70345124
      0.70428426
      0.70511652
      0.70594802
      0.70677875
      0.70760872
      0.70843791
      0.70926634
      0.71009399
      0.71092086
      0.71174696
      0.71257228
      0.71339681
      0.71422056
      0.71504352
      0.71586570
      0.71668708
      0.71750766
      0.71832745
      0.71914644
      0.71996463
      0.72078202
      0.72159860
      0.72241438
      0.72322934
      0.72404350
      0.72485684
      0.72566936
      0.72648106
      0.72729194
      0.72810200
      0.72891124
      0.72971964
      0.73052722
      0.73133396
      0.73213987
      0.73294495
      0.73374918
      0.73455257
      0.73535512
      0.73615683
      0.73695768
      0.73775769
      0.73855684
      0.73935514
      0.74015259
      0.74094917
      0.74174490
      0.74253976
      0.74333375
      0.74412688
      0.74491914
      0.74571053
      0.74650104
      0.74729067
      0.74807943
      0.74886731
      0.74965430
      0.75044041
      0.75122563
      0.75200997
      0.75279341
      0.75357596
      0.75435761
      0.75513836
      0.75591821
      0.75669716
      0.75747521
      0.75825235
      0.75902858
      0.75980390
      0.76057831
      0.76135180
      0.76212438
      0.76289603
      0.76366676
      0.76443657
      0.76520546
      0.76597341
      0.76674044
      0.76750653
      0.76827169
      0.76903591
      0.76979919
      0.77056154
      0.77132294
      0.77208339
      0.77284290
      0.77360146
      0.77435906
      0.77511571
      0.77587141
      0.77662615
      0.77737993
      0.77813275
      0.77888460
      0.77963549
      0.78038541
      0.78113436
      0.78188234
      0.78262934
      0.78337537
      0.78412042
      0.78486449
      0.78560757
      0.78634967
      0.78709078
      0.78783091
      0.78857004
      0.78930818
      0.79004533
      0.79078148
      0.79151662
      0.79225077
      0.79298392
      0.79371606
      0.79444719
      0.79517731
      0.79590642
      0.79663452
      0.79736160
      0.79808767
      0.79881271
      0.79953674
      0.80025974
      0.80098171
      0.80170266
      0.80242258
      0.80314146
      0.80385932
      0.80457613
      0.80529191
      0.80600665
      0.80672035
      0.80743300
      0.80814461
      0.80885517
      0.80956469
      0.81027315
      0.81098055
      0.81168690
      0.81239220
      0.81309643
      0.81379961
      0.81450171
      0.81520276
      0.81590274
      0.81660164
      0.81729948
      0.81799624
      0.81869193
      0.81938654
      0.82008008
      0.82077253
      0.82146390
      0.82215418
      0.82284338
      0.82353149
      0.82421850
      0.82490443
      0.82558926
      0.82627300
      0.82695563
      0.82763717
      0.82831760
      0.82899693
      0.82967516
      0.83035227
      0.83102828
      0.83170318
      0.83237696
      0.83304962
      0.83372117
      0.83439160
      0.83506091
      0.83572910
      0.83639616
      0.83706210
      0.83772690
      0.83839058
      0.83905312
      0.83971453
      0.84037481
      0.84103395
      0.84169194
      0.84234880
      0.84300451
      0.84365908
      0.84431250
      0.84496477
      0.84561589
      0.84626586
      0.84691467
      0.84756233
      0.84820883
      0.84885417
      0.84949835
      0.85014136
      0.85078321
      0.85142389
      0.85206341
      0.85270175
      0.85333892
      0.85397492
      0.85460974
      0.85524339
      0.85587585
      0.85650713
      0.85713723
      0.85776615
      0.85839388
      0.85902042
      0.85964576
      0.86026992
      0.86089289
      0.86151466
      0.86213523
      0.86275460
      0.86337277
      0.86398974
      0.86460551
      0.86522007
      0.86583342
      0.86644556
      0.86705650
      0.86766621
      0.86827472
      0.86888201
      0.86948808
      0.87009293
      0.87069656
      0.87129897
      0.87190015
      0.87250010
      0.87309883
      0.87369633
      0.87429260
      0.87488763
      0.87548143
      0.87607399
      0.87666532
      0.87725540
      0.87784424
      0.87843184
      0.87901820
      0.87960331
      0.88018717
      0.88076978
      0.88135114
      0.88193124
      0.88251009
      0.88308769
      0.88366403
      0.88423910
      0.88481292
      0.88538548
      0.88595676
      0.88652679
      0.88709554
      0.88766303
      0.88822925
      0.88879419
      0.88935786
      0.88992025
      0.89048137
      0.89104121
      0.89159976
      0.89215704
      0.89271303
      0.89326774
      0.89382116
      0.89437329
      0.89492413
      0.89547368
      0.89602194
      0.89656891
      0.89711457
      0.89765894
      0.89820201
      0.89874378
      0.89928425
      0.89982342
      0.90036128
      0.90089783
      0.90143307
      0.90196701
      0.90249963
      0.90303094
      0.90356094
      0.90408962
      0.90461698
      0.90514303
      0.90566775
      0.90619115
      0.90671323
      0.90723399
      0.90775342
      0.90827152
      0.90878829
      0.90930373
      0.90981784
      0.91033062
      0.91084206
      0.91135216
      0.91186093
      0.91236836
      0.91287444
      0.91337919
      0.91388259
      0.91438465
      0.91488536
      0.91538472
      0.91588273
      0.91637939
      0.91687470
      0.91736866
      0.91786126
      0.91835251
      0.91884239
      0.91933092
      0.91981809
      0.92030390
      0.92078834
      0.92127142
      0.92175313
      0.92223348
      0.92271246
      0.92319006
      0.92366630
      0.92414116
      0.92461465
      0.92508676
      0.92555750
      0.92602686
      0.92649484
      0.92696144
      0.92742665
      0.92789049
      0.92835293
      0.92881400
      0.92927367
      0.92973196
      0.93018885
      0.93064436
      0.93109847
      0.93155119
      0.93200252
      0.93245244
      0.93290097
      0.93334810
      0.93379384
      0.93423816
      0.93468109
      0.93512261
      0.93556273
      0.93600144
      0.93643875
      0.93687464
      0.93730912
      0.93774220
      0.93817386
      0.93860410
      0.93903293
      0.93946035
      0.93988634
      0.94031092
      0.94073408
      0.94115582
      0.94157613
      0.94199502
      0.94241249
      0.94282853
      0.94324314
      0.94365633
      0.94406809
      0.94447841
      0.94488730
      0.94529476
      0.94570079
      0.94610538
      0.94650853
      0.94691025
      0.94731053
      0.94770937
      0.94810676
      0.94850272
      0.94889723
      0.94929030
      0.94968192
      0.95007210
      0.95046082
      0.95084810
      0.95123393
      0.95161831
      0.95200123
      0.95238271
      0.95276272
      0.95314129
      0.95351839
      0.95389404
      0.95426823
      0.95464096
      0.95501223
      0.95538204
      0.95575038
      0.95611726
      0.95648268
      0.95684663
      0.95720911
      0.95757013
      0.95792967
      0.95828775
      0.95864436
      0.95899949
      0.95935315
      0.95970533
      0.96005604
      0.96040528
      0.96075303
      0.96109931
      0.96144411
      0.96178743
      0.96212927
      0.96246963
      0.96280850
      0.96314589
      0.96348179
      0.96381621
      0.96414914
      0.96448059
      0.96481054
      0.96513901
      0.96546598
      0.96579147
      0.96611546
      0.96643795
      0.96675896
      0.96707846
      0.96739647
      0.96771299
      0.96802801
      0.96834152
      0.96865354
      0.96896406
      0.96927307
      0.96958059
      0.96988660
      0.97019110
      0.97049410
      0.97079560
      0.97109558
      0.97139406
      0.97169104
      0.97198650
      0.97228045
      0.97257289
      0.97286382
      0.97315324
      0.97344114
      0.97372753
      0.97401240
      0.97429576
      0.97457760
      0.97485792
      0.97513673
      0.97541402
      0.97568978
      0.97596403
      0.97623675
      0.97650795
      0.97677763
      0.97704578
      0.97731241
      0.97757752
      0.97784110
      0.97810315
      0.97836367
      0.97862267
      0.97888013
      0.97913607
      0.97939048
      0.97964335
      0.97989469
      0.98014450
      0.98039278
      0.98063952
      0.98088473
      0.98112840
      0.98137054
      0.98161114
      0.98185020
      0.98208772
      0.98232370
      0.98255815
      0.98279105
      0.98302241
      0.98325223
      0.98348051
      0.98370725
      0.98393244
      0.98415609
      0.98437819
      0.98459875
      0.98481776
      0.98503522
      0.98525114
      0.98546551
      0.98567833
      0.98588960
      0.98609932
      0.98630749
      0.98651411
      0.98671918
      0.98692269
      0.98712465
      0.98732506
      0.98752392
      0.98772122
      0.98791696
      0.98811115
      0.98830379
      0.98849487
      0.98868439
      0.98887235
      0.98905875
      0.98924359
      0.98942688
      0.98960860
      0.98978877
      0.98996737
      0.99014441
      0.99031989
      0.99049381
      0.99066617
      0.99083696
      0.99100618
      0.99117385
      0.99133994
      0.99150448
      0.99166744
      0.99182884
      0.99198867
      0.99214694
      0.99230364
      0.99245877
      0.99261233
      0.99276432
      0.99291474
      0.99306359
      0.99321088
      0.99335659
      0.99350073
      0.99364329
      0.99378429
      0.99392371
      0.99406157
      0.99419784
      0.99433255
      0.99446568
      0.99459723
      0.99472721
      0.99485562
      0.99498245
      0.99510770
      0.99523138
      0.99535348
      0.99547401
      0.99559296
      0.99571033
      0.99582612
      0.99594033
      0.99605297
      0.99616402
      0.99627350
      0.99638140
      0.99648771
      0.99659245
      0.99669561
      0.99679718
      0.99689718
      0.99699559
      0.99709242
      0.99718767
      0.99728134
      0.99737343
      0.99746393
      0.99755285
      0.99764018
      0.99772594
      0.99781011
      0.99789269
      0.99797369
      0.99805311
      0.99813094
      0.99820719
      0.99828185
      0.99835493
      0.99842642
      0.99849632
      0.99856464
      0.99863138
      0.99869652
      0.99876008
      0.99882206
      0.99888244
      0.99894124
      0.99899846
      0.99905408
      0.99910812
      0.99916057
      0.99921143
      0.99926071
      0.99930839
      0.99935449
      0.99939900
      0.99944192
      0.99948326
      0.99952300
      0.99956115
      0.99959772
      0.99963270
      0.99966609
      0.99969788
      0.99972809
      0.99975671
      0.99978374
      0.99980918
      0.99983303
      0.99985530
      0.99987597
      0.99989505
      0.99991254
      0.99992844
      0.99994275
      0.99995547
      0.99996661
      0.99997615
      0.99998410
      0.99999046
      0.99999523
      0.99999841
       1.0000000
       1.0000000
      0.99999841
      0.99999523
      0.99999046
      0.99998410
      0.99997615
      0.99996661
      0.99995547
      0.99994275
      0.99992844
      0.99991254
      0.99989505
      0.99987597
      0.99985530
      0.99983303
      0.99980918
      0.99978374
      0.99975671
      0.99972809
      0.99969788
      0.99966609
      0.99963270
      0.99959772
      0.99956115
      0.99952300
      0.99948326
      0.99944192
      0.99939900
      0.99935449
      0.99930839
      0.99926071
      0.99921143
      0.99916057
      0.99910812
      0.99905408
      0.99899846
      0.99894124
      0.99888244
      0.99882206
      0.99876008
      0.99869652
      0.99863138
      0.99856464
      0.99849632
      0.99842642
      0.99835493
      0.99828185
      0.99820719
      0.99813094
      0.99805311
      0.99797369
      0.99789269
      0.99781011
      0.99772594
      0.99764018
      0.99755285
      0.99746393
      0.99737343
      0.99728134
      0.99718767
      0.99709242
      0.99699559
      0.99689718
      0.99679718
      0.99669561
      0.99659245
      0.99648771
      0.99638140
      0.99627350
      0.99616402
      0.99605297
      0.99594033
      0.99582612
      0.99571033
      0.99559296
      0.99547401
      0.99535348
      0.99523138
      0.99510770
      0.99498245
      0.99485562
      0.99472721
      0.99459723
      0.99446568
      0.99433255
      0.99419784
      0.99406157
      0.99392371
      0.99378429
      0.99364329
      0.99350073
      0.99335659
      0.99321088
      0.99306359
      0.99291474
      0.99276432
      0.99261233
      0.99245877
      0.99230364
      0.99214694
      0.99198867
      0.99182884
      0.99166744
      0.99150448
      0.99133994
      0.99117385
      0.99100618
      0.99083696
      0.99066617
      0.99049381
      0.99031989
      0.99014441
      0.98996737
      0.98978877
      0.98960860
      0.98942688
      0.98924359
      0.98905875
      0.98887235
      0.98868439
      0.98849487
      0.98830379
      0.98811115
      0.98791696
      0.98772122
      0.98752392
      0.98732506
      0.98712465
      0.98692269
      0.98671918
      0.98651411
      0.98630749
      0.98609932
      0.98588960
      0.98567833
      0.98546551
      0.98525114
      0.98503522
      0.98481776
      0.98459875
      0.98437819
      0.98415609
      0.98393244
      0.98370725
      0.98348051
      0.98325223
      0.98302241
      0.98279105
      0.98255815
      0.98232370
      0.98208772
      0.98185020
      0.98161114
      0.98137054
      0.98112840
      0.98088473
      0.98063952
      0.98039278
      0.98014450
      0.97989469
      0.97964335
      0.97939048
      0.97913607
      0.97888013
      0.97862267
      0.97836367
      0.97810315
      0.97784110
      0.97757752
      0.97731241
      0.97704578
      0.97677763
      0.97650795
      0.97623675
      0.97596403
      0.97568978
      0.97541402
      0.97513673
      0.97485792
      0.97457760
      0.97429576
      0.97401240
      0.97372753
      0.97344114
      0.97315324
      0.97286382
      0.97257289
      0.97228045
      0.97198650
      0.97169104
      0.97139406
      0.97109558
      0.97079560
      0.97049410
      0.97019110
      0.96988660
      0.96958059
      0.96927307
      0.96896406
      0.96865354
      0.96834152
      0.96802801
      0.96771299
      0.96739647
      0.96707846
      0.96675896
      0.96643795
      0.96611546
      0.96579147
      0.96546598
      0.96513901
      0.96481054
      0.96448059
      0.96414914
      0.96381621
      0.96348179
      0.96314589
      0.96280850
      0.96246963
      0.96212927
      0.96178743
      0.96144411
      0.96109931
      0.96075303
      0.96040528
      0.96005604
      0.95970533
      0.95935315
      0.95899949
      0.95864436
      0.95828775
      0.95792967
      0.95757013
      0.95720911
      0.95684663
      0.95648268
      0.95611726
      0.95575038
      0.95538204
      0.95501223
      0.95464096
      0.95426823
      0.95389404
      0.95351839
      0.95314129
      0.95276272
      0.95238271
      0.95200123
      0.95161831
      0.95123393
      0.95084810
      0.95046082
      0.95007210
      0.94968192
      0.94929030
      0.94889723
      0.94850272
      0.94810676
      0.94770937
      0.94731053
      0.94691025
      0.94650853
      0.94610538
      0.94570079
      0.94529476
      0.94488730
      0.94447841
      0.94406809
      0.94365633
      0.94324314
      0.94282853
      0.94241249
      0.94199502
      0.94157613
      0.94115582
      0.94073408
      0.94031092
      0.93988634
      0.93946035
      0.93903293
      0.93860410
      0.93817386
      0.93774220
      0.93730912
      0.93687464
      0.93643875
      0.93600144
      0.93556273
      0.93512261
      0.93468109
      0.93423816
      0.93379384
      0.93334810
      0.93290097
      0.93245244
      0.93200252
      0.93155119
      0.93109847
      0.93064436
      0.93018885
      0.92973196
      0.92927367
      0.92881400
      0.92835293
      0.92789049
      0.92742665
      0.92696144
      0.92649484
      0.92602686
      0.92555750
      0.92508676
      0.92461465
      0.92414116
      0.92366630
      0.92319006
      0.92271246
      0.92223348
      0.92175313
      0.92127142
      0.92078834
      0.92030390
      0.91981809
      0.91933092
      0.91884239
      0.91835251
      0.91786126
      0.91736866
      0.91687470
      0.91637939
      0.91588273
      0.91538472
      0.91488536
      0.91438465
      0.91388259
      0.91337919
      0.91287444
      0.91236836
      0.91186093
      0.91135216
      0.91084206
      0.91033062
      0.90981784
      0.90930373
      0.90878829
      0.90827152
      0.90775342
      0.90723399
      0.90671323
      0.90619115
      0.90566775
      0.90514303
      0.90461698
      0.90408962
      0.90356094
      0.90303094
      0.90249963
      0.90196701
      0.90143307
      0.90089783
      0.90036128
      0.89982342
      0.89928425
      0.89874378
      0.89820201
      0.89765894
      0.89711457
      0.89656891
      0.89602194
      0.89547368
      0.89492413
      0.89437329
      0.89382116
      0.89326774
      0.89271303
      0.89215704
      0.89159976
      0.89104121
      0.89048137
      0.88992025
      0.88935786
      0.88879419
      0.88822925
      0.88766303
      0.88709554
      0.88652679
      0.88595676
      0.88538548
      0.88481292
      0.88423910
      0.88366403
      0.88308769
      0.88251009
      0.88193124
      0.88135114
      0.88076978
      0.88018717
      0.87960331
      0.87901820
      0.87843184
      0.87784424
      0.87725540
      0.87666532
      0.87607399
      0.87548143
      0.87488763
      0.87429260
      0.87369633
      0.87309883
      0.87250010
      0.87190015
      0.87129897
      0.87069656
      0.87009293
      0.86948808
      0.86888201
      0.86827472
      0.86766621
      0.86705650
      0.86644556
      0.86583342
      0.86522007
      0.86460551
      0.86398974
      0.86337277
      0.86275460
      0.86213523
      0.86151466
      0.86089289
      0.86026992
      0.85964576
      0.85902042
      0.85839388
      0.85776615
      0.85713723
      0.85650713
      0.85587585
      0.85524339
      0.85460974
      0.85397492
      0.85333892
      0.85270175
      0.85206341
      0.85142389
      0.85078321
      0.85014136
      0.84949835
      0.84885417
      0.84820883
      0.84756233
      0.84691467
      0.84626586
      0.84561589
      0.84496477
      0.84431250
      0.84365908
      0.84300451
      0.84234880
      0.84169194
      0.84103395
      0.84037481
      0.83971453
      0.83905312
      0.83839058
      0.83772690
      0.83706210
      0.83639616
      0.83572910
      0.83506091
      0.83439160
      0.83372117
      0.83304962
      0.83237696
      0.83170318
      0.83102828
      0.83035227
      0.82967516
      0.82899693
      0.82831760
      0.82763717
      0.82695563
      0.82627300
      0.82558926
      0.82490443
      0.82421850
      0.82353149
      0.82284338
      0.82215418
      0.82146390
      0.82077253
      0.82008008
      0.81938654
      0.81869193
      0.81799624
      0.81729948
      0.81660164
      0.81590274
      0.81520276
      0.81450171
      0.81379961
      0.81309643
      0.81239220
      0.81168690
      0.81098055
      0.81027315
      0.80956469
      0.80885517
      0.80814461
      0.80743300
      0.80672035
      0.80600665
      0.80529191
      0.80457613
      0.80385932
      0.80314146
      0.80242258
      0.80170266
      0.80098171
      0.80025974
      0.79953674
      0.79881271
      0.79808767
      0.79736160
      0.79663452
      0.79590642
      0.79517731
      0.79444719
      0.79371606
      0.79298392
      0.79225077
      0.79151662
      0.79078148
      0.79004533
      0.78930818
      0.78857004
      0.78783091
      0.78709078
      0.78634967
      0.78560757
      0.78486449
      0.78412042
      0.78337537
      0.78262934
      0.78188234
      0.78113436
      0.78038541
      0.77963549
      0.77888460
      0.77813275
      0.77737993
      0.77662615
      0.77587141
      0.77511571
      0.77435906
      0.77360146
      0.77284290
      0.77208339
      0.77132294
      0.77056154
      0.76979919
      0.76903591
      0.76827169
      0.76750653
      0.76674044
      0.76597341
      0.76520546
      0.76443657
      0.76366676
      0.76289603
      0.76212438
      0.76135180
      0.76057831
      0.75980390
      0.75902858
      0.75825235
      0.75747521
      0.75669717
      0.75591821
      0.75513836
      0.75435761
      0.75357596
      0.75279341
      0.75200997
      0.75122563
      0.75044041
      0.74965430
      0.74886731
      0.74807943
      0.74729067
      0.74650104
      0.74571053
      0.74491914
      0.74412688
      0.74333375
      0.74253976
      0.74174490
      0.74094917
      0.74015259
      0.73935514
      0.73855684
      0.73775769
      0.73695768
      0.73615683
      0.73535512
      0.73455257
      0.73374918
      0.73294495
      0.73213987
      0.73133396
      0.73052722
      0.72971964
      0.72891124
      0.72810200
      0.72729194
      0.72648106
      0.72566936
      0.72485684
      0.72404350
      0.72322934
      0.72241438
      0.72159861
      0.72078202
      0.71996463
      0.71914644
      0.71832745
      0.71750766
      0.71668708
      0.71586570
      0.71504352
      0.71422056
      0.71339681
      0.71257228
      0.71174696
      0.71092086
      0.71009399
      0.70926634
      0.70843791
      0.70760872
      0.70677875
      0.70594802
      0.70511652
      0.70428426
      0.70345124
      0.70261747
      0.70178294
      0.70094765
      0.70011162
      0.69927483
      0.69843730
      0.69759903
      0.69676001
      0.69592026
      0.69507976
      0.69423854
      0.69339658
      0.69255389
      0.69171047
      0.69086633
      0.69002146
      0.68917587
      0.68832957
      0.68748255
      0.68663481
      0.68578637
      0.68493721
      0.68408735
      0.68323678
      0.68238551
      0.68153354
      0.68068087
      0.67982751
      0.67897345
      0.67811871
      0.67726327
      0.67640715
      0.67555035
      0.67469286
      0.67383470
      0.67297586
      0.67211634
      0.67125615
      0.67039530
      0.66953377
      0.66867158
      0.66780873
      0.66694522
      0.66608105
      0.66521623
      0.66435075
      0.66348462
      0.66261785
      0.66175042
      0.66088236
      0.66001365
      0.65914430
      0.65827432
      0.65740370
      0.65653245
      0.65566058
      0.65478807
      0.65391494
      0.65304119
      0.65216682
      0.65129183
      0.65041622
      0.64954001
      0.64866318
      0.64778574
      0.64690770
      0.64602905
      0.64514981
      0.64426996
      0.64338952
      0.64250849
      0.64162687
      0.64074465
      0.63986185
      0.63897847
      0.63809450
      0.63720995
      0.63632483
      0.63543913
      0.63455286
      0.63366602
      0.63277862
      0.63189065
      0.63100211
      0.63011302
      0.62922337
      0.62833316
      0.62744240
      0.62655109
      0.62565923
      0.62476683
      0.62387388
      0.62298039
      0.62208637
      0.62119180
      0.62029671
      0.61940108
      0.61850493
      0.61760824
      0.61671104
      0.61581331
      0.61491506
      0.61401630
      0.61311702
      0.61221723
      0.61131694
      0.61041613
      0.60951482
      0.60861301
      0.60771070
      0.60680789
      0.60590459
      0.60500079
      0.60409651
      0.60319173
      0.60228648
      0.60138074
      0.60047451
      0.59956782
      0.59866064
      0.59775300
      0.59684488
      0.59593630
      0.59502725
      0.59411773
      0.59320776
      0.59229733
      0.59138644
      0.59047510
      0.58956331
      0.58865107
      0.58773838
      0.58682525
      0.58591168
      0.58499767
      0.58408323
      0.58316835
      0.58225304
      0.58133730
      0.58042114
      0.57950455
      0.57858754
      0.57767011
      0.57675227
      0.57583401
      0.57491534
      0.57399626
      0.57307677
      0.57215688
      0.57123659
      0.57031589
      0.56939481
      0.56847332
      0.56755145
      0.56662918
      0.56570653
      0.56478350
      0.56386008
      0.56293628
      0.56201211
      0.56108756
      0.56016264
      0.55923735
      0.55831169
      0.55738567
      0.55645929
      0.55553254
      0.55460544
      0.55367798
      0.55275017
      0.55182202
      0.55089351
      0.54996466
      0.54903546
      0.54810593
      0.54717606
      0.54624585
      0.54531531
      0.54438444
      0.54345325
      0.54252173
      0.54158988
      0.54065772
      0.53972523
      0.53879244
      0.53785932
      0.53692590
      0.53599217
      0.53505814
      0.53412380
      0.53318917
      0.53225423
      0.53131900
      0.53038347
      0.52944766
      0.52851156
      0.52757517
      0.52663850
      0.52570155
      0.52476432
      0.52382681
      0.52288903
      0.52195098
      0.52101267
      0.52007408
      0.51913524
      0.51819613
      0.51725676
      0.51631714
      0.51537727
      0.51443714
      0.51349677
      0.51255615
      0.51161528
      0.51067418
      0.50973284
      0.50879126
      0.50784945
      0.50690740
      0.50596513
      0.50502264
      0.50407992
      0.50313697
      0.50219381
      0.50125044
      0.50030685
      0.49936304
      0.49841903
      0.49747482
      0.49653040
      0.49558578
      0.49464096
      0.49369594
      0.49275073
      0.49180533
      0.49085974
      0.48991396
      0.48896800
      0.48802186
      0.48707554
      0.48612904
      0.48518237
      0.48423553
      0.48328852
      0.48234134
      0.48139400
      0.48044650
      0.47949884
      0.47855102
      0.47760304
      0.47665492
      0.47570665
      0.47475822
      0.47380966
      0.47286095
      0.47191211
      0.47096313
      0.47001401
      0.46906476
      0.46811538
      0.46716588
      0.46621625
      0.46526650
      0.46431663
      0.46336664
      0.46241654
      0.46146632
      0.46051600
      0.45956557
      0.45861503
      0.45766440
      0.45671366
      0.45576283
      0.45481190
      0.45386087
      0.45290976
      0.45195857
      0.45100728
      0.45005592
      0.44910447
      0.44815295
      0.44720135
      0.44624968
      0.44529794
      0.44434613
      0.44339426
      0.44244232
      0.44149032
      0.44053827
      0.43958616
      0.43863400
      0.43768179
      0.43672953
      0.43577722
      0.43482487
      0.43387248
      0.43292006
      0.43196759
      0.43101510
      0.43006257
      0.42911001
      0.42815743
      0.42720483
      0.42625220
      0.42529956
      0.42434690
      0.42339423
      0.42244154
      0.42148885
      0.42053615
      0.41958345
      0.41863075
      0.41767804
      0.41672535
      0.41577265
      0.41481997
      0.41386730
      0.41291464
      0.41196199
      0.41100936
      0.41005676
      0.40910418
      0.40815162
      0.40719909
      0.40624660
      0.40529413
      0.40434170
      0.40338931
      0.40243696
      0.40148465
      0.40053238
      0.39958017
      0.39862800
      0.39767589
      0.39672383
      0.39577183
      0.39481988
      0.39386800
      0.39291619
      0.39196444
      0.39101276
      0.39006115
      0.38910962
      0.38815816
      0.38720679
      0.38625549
      0.38530428
      0.38435315
      0.38340211
      0.38245117
      0.38150031
      0.38054956
      0.37959890
      0.37864834
      0.37769789
      0.37674754
      0.37579730
      0.37484717
      0.37389715
      0.37294725
      0.37199746
      0.37104780
      0.37009826
      0.36914884
      0.36819955
      0.36725039
      0.36630136
      0.36535247
      0.36440371
      0.36345509
      0.36250662
      0.36155828
      0.36061010
      0.35966206
      0.35871417
      0.35776644
      0.35681887
      0.35587145
      0.35492419
      0.35397709
      0.35303017
      0.35208340
      0.35113681
      0.35019040
      0.34924415
      0.34829809
      0.34735220
      0.34640649
      0.34546097
      0.34451564
      0.34357050
      0.34262554
      0.34168079
      0.34073622
      0.33979186
      0.33884770
      0.33790374
      0.33695998
      0.33601644
      0.33507310
      0.33412998
      0.33318707
      0.33224438
      0.33130191
      0.33035967
      0.32941764
      0.32847585
      0.32753428
      0.32659294
      0.32565184
      0.32471097
      0.32377035
      0.32282996
      0.32188982
      0.32094992
      0.32001027
      0.31907087
      0.31813172
      0.31719283
      0.31625420
      0.31531582
      0.31437771
      0.31343986
      0.31250228
      0.31156496
      0.31062792
      0.30969115
      0.30875466
      0.30781844
      0.30688251
      0.30594685
      0.30501148
      0.30407640
      0.30314161
      0.30220711
      0.30127291
      0.30033900
      0.29940539
      0.29847208
      0.29753908
      0.29660638
      0.29567399
      0.29474190
      0.29381014
      0.29287868
      0.29194754
      0.29101673
      0.29008623
      0.28915606
      0.28822621
      0.28729670
      0.28636751
      0.28543865
      0.28451014
      0.28358196
      0.28265411
      0.28172661
      0.28079946
      0.27987265
      0.27894619
      0.27802008
      0.27709433
      0.27616893
      0.27524389
      0.27431921
      0.27339489
      0.27247093
      0.27154735
      0.27062413
      0.26970128
      0.26877881
      0.26785671
      0.26693499
      0.26601365
      0.26509269
      0.26417212
      0.26325193
      0.26233214
      0.26141273
      0.26049372
      0.25957511
      0.25865689
      0.25773907
      0.25682166
      0.25590465
      0.25498804
      0.25407185
      0.25315606
      0.25224070
      0.25132574
      0.25041121
      0.24949709
      0.24858340
      0.24767013
      0.24675728
      0.24584487
      0.24493289
      0.24402134
      0.24311022
      0.24219955
      0.24128931
      0.24037952
      0.23947017
      0.23856126
      0.23765280
      0.23674480
      0.23583725
      0.23493015
      0.23402351
      0.23311733
      0.23221161
      0.23130635
      0.23040156
      0.22949724
      0.22859338
      0.22769000
      0.22678709
      0.22588466
      0.22498271
      0.22408124
      0.22318025
      0.22227975
      0.22137973
      0.22048021
      0.21958117
      0.21868263
      0.21778458
      0.21688703
      0.21598998
      0.21509344
      0.21419739
      0.21330186
      0.21240683
      0.21151231
      0.21061830
      0.20972481
      0.20883184
      0.20793938
      0.20704744
      0.20615603
      0.20526514
      0.20437478
      0.20348495
      0.20259565
      0.20170689
      0.20081866
      0.19993096
      0.19904381
      0.19815720
      0.19727113
      0.19638560
      0.19550063
      0.19461620
      0.19373233
      0.19284901
      0.19196625
      0.19108404
      0.19020239
      0.18932131
      0.18844079
      0.18756084
      0.18668145
      0.18580264
      0.18492440
      0.18404673
      0.18316964
      0.18229313
      0.18141720
      0.18054185
      0.17966708
      0.17879290
      0.17791931
      0.17704631
      0.17617390
      0.17530209
      0.17443087
      0.17356026
      0.17269024
      0.17182082
      0.17095201
      0.17008381
      0.16921621
      0.16834923
      0.16748286
      0.16661710
      0.16575196
      0.16488743
      0.16402353
      0.16316025
      0.16229759
      0.16143556
      0.16057416
      0.15971339
      0.15885325
      0.15799374
      0.15713487
      0.15627664
      0.15541905
      0.15456210
      0.15370579
      0.15285013
      0.15199512
      0.15114075
      0.15028704
      0.14943398
      0.14858158
      0.14772983
      0.14687874
      0.14602832
      0.14517855
      0.14432946
      0.14348102
      0.14263326
      0.14178617
      0.14093975
      0.14009400
      0.13924893
      0.13840454
      0.13756083
      0.13671780
      0.13587546
      0.13503380
      0.13419282
      0.13335254
      0.13251295
      0.13167405
      0.13083585
      0.12999834
      0.12916153
      0.12832542
      0.12749002
      0.12665532
      0.12582132
      0.12498803
      0.12415546
      0.12332359
      0.12249244
      0.12166200
      0.12083228
      0.12000328
      0.11917500
      0.11834744
      0.11752061
      0.11669450
      0.11586912
      0.11504447
      0.11422056
      0.11339737
      0.11257492
      0.11175321
      0.11093224
      0.11011201
      0.10929252
      0.10847377
      0.10765577
      0.10683852
      0.10602201
      0.10520626
      0.10439126
      0.10357702
      0.10276353
      0.10195080
      0.10113883
      0.10032762
     0.099517180
     0.098707501
     0.097898589
     0.097090446
     0.096283074
     0.095476474
     0.094670647
     0.093865597
     0.093061324
     0.092257830
     0.091455117
     0.090653186
     0.089852040
     0.089051680
     0.088252107
     0.087453324
     0.086655332
     0.085858132
     0.085061727
     0.084266119
     0.083471308
     0.082677297
     0.081884087
     0.081091679
     0.080300077
     0.079509280
     0.078719292
     0.077930113
     0.077141746
     0.076354191
     0.075567451
     0.074781527
     0.073996420
     0.073212134
     0.072428668
     0.071646025
     0.070864207
     0.070083215
     0.069303050
     0.068523715
     0.067745210
     0.066967538
     0.066190700
     0.065414698
     0.064639534
     0.063865208
     0.063091723
     0.062319080
     0.061547281
     0.060776327
     0.060006220
     0.059236962
     0.058468553
     0.057700997
     0.056934294
     0.056168445
     0.055403453
     0.054639319
     0.053876045
     0.053113631
     0.052352081
     0.051591394
     0.050831574
     0.050072620
     0.049314536
     0.048557321
     0.047800979
     0.047045510
     0.046290917
     0.045537199
     0.044784360
     0.044032400
     0.043281322
     0.042531126
     0.041781814
     0.041033387
     0.040285848
     0.039539198
     0.038793437
     0.038048568
     0.037304592
     0.036561511
     0.035819325
     0.035078038
     0.034337649
     0.033598161
     0.032859574
     0.032121891
     0.031385113
     0.030649241
     0.029914277
     0.029180222
     0.028447078
     0.027714846
     0.026983527
     0.026253124
     0.025523637
     0.024795067
     0.024067417
     0.023340688
     0.022614881
     0.021889997
     0.021166039
     0.020443006
     0.019720902
     0.018999726
     0.018279481
     0.017560168
     0.016841789
     0.016124344
     0.015407835
     0.014692264
     0.013977631
     0.013263939
     0.012551189
     0.011839381
     0.011128518
     0.010418600
    0.0097096299
    0.0090016079
    0.0082945356
    0.0075884144
    0.0068832456
    0.0061790307
    0.0054757708
    0.0047734674
    0.0040721218
    0.0033717352
    0.0026723091
    0.0019738447
    0.0012763433
   0.00057980631
  -0.00011576504
  -0.00081036943
   -0.0015040056
   -0.0021966721
   -0.0028883679
   -0.0035790915
   -0.0042688417
   -0.0049576172
   -0.0056454167
   -0.0063322390
   -0.0070180828
   -0.0077029468
   -0.0083868298
   -0.0090697305
   -0.0097516476
    -0.010432580
    -0.011112526
    -0.011791485
    -0.012469456
    -0.013146436
    -0.013822426
    -0.014497423
    -0.015171427
    -0.015844437
    -0.016516450
    -0.017187467
    -0.017857485
    -0.018526503
    -0.019194521
    -0.019861537
    -0.020527549
    -0.021192558
    -0.021856561
    -0.022519557
    -0.023181545
    -0.023842525
    -0.024502494
    -0.025161451
    -0.025819397
    -0.026476328
    -0.027132245
    -0.027787145
    -0.028441029
    -0.029093894
    -0.029745739
    -0.030396564
    -0.031046367
    -0.031695148
    -0.032342904
    -0.032989635
    -0.033635340
    -0.034280018
    -0.034923667
    -0.035566287
    -0.036207876
    -0.036848433
    -0.037487957
    -0.038126447
    -0.038763902
    -0.039400321
    -0.040035703
    -0.040670046
    -0.040986958
