   -0.0059503685
   -0.0057369638
   -0.0054567347
   -0.0051128419
   -0.0047091886
   -0.0042503762
   -0.0037416519
   -0.0031888488
   -0.0025983189
   -0.0019768603
   -0.0013316389
  -0.00067010556
   8.9356839e-08
   0.00067118496
    0.0013353994
    0.0019850202
    0.0026124938
    0.0032105130
    0.0037721026
    0.0042907003
    0.0047602337
    0.0051751908
    0.0055306855
    0.0058225142
    0.0060472063
    0.0062020647
    0.0062851989
    0.0062955472
    0.0062328907
    0.0060978568
    0.0058919132
    0.0056173517
    0.0052772631
    0.0048755023
    0.0044166445
    0.0039059335
    0.0033492215
    0.0027529020
    0.0021238369
    0.0014692768
   0.00079677834
   0.00011411616
  -0.00057080639
   -0.0012500489
   -0.0019157260
   -0.0025600988
   -0.0031756648
   -0.0037552451
   -0.0042920684
   -0.0047798500
   -0.0052128651
   -0.0055860160
   -0.0058948925
   -0.0061358234
   -0.0063059206
   -0.0064031132
   -0.0064261731
   -0.0063747301
   -0.0062492775
   -0.0060511674
   -0.0057825967
   -0.0054465823
   -0.0050469271
   -0.0045881779
   -0.0040755728
   -0.0035149816
   -0.0029128392
   -0.0022760709
   -0.0016120136
  -0.00092833049
  -0.00023292347
   0.00046615877
    0.0011608136
    0.0018429783
    0.0025047239
    0.0031383469
    0.0037364592
    0.0042920741
    0.0047986880
    0.0052503562
    0.0056417631
    0.0059682842
    0.0062260412
    0.0064119475
    0.0065237455
    0.0065600339
    0.0065202851
    0.0064048524
    0.0062149673
    0.0059527266
    0.0056210691
    0.0052237427
    0.0047652624
    0.0042508584
    0.0036864174
    0.0030784143
    0.0024338387
    0.0017601140
    0.0010650126
   0.00035656547
  -0.00035702987
   -0.0010675046
   -0.0017666143
   -0.0024462344
   -0.0030984549
   -0.0037156721
   -0.0042906774
   -0.0048167413
   -0.0052876922
   -0.0056979889
   -0.0060427855
   -0.0063179888
   -0.0065203066
   -0.0066472875
   -0.0066973500
   -0.0066698023
   -0.0065648520
   -0.0063836041
   -0.0061280505
   -0.0058010473
   -0.0054062837
   -0.0049482398
   -0.0044321361
   -0.0038638740
   -0.0032499685
   -0.0025974733
   -0.0019138997
   -0.0012071306
  -0.00048532933
   0.00024315464
   0.00096988208
    0.0016864218
    0.0023844486
    0.0030558395
    0.0036927687
    0.0042877987
    0.0048339668
    0.0053248669
    0.0057547242
    0.0061184637
    0.0064117693
    0.0066311357
    0.0067739098
    0.0068383227
    0.0068235118
    0.0067295320
    0.0065573563
    0.0063088660
    0.0059868303
    0.0055948752
    0.0051374432
    0.0046197425
    0.0040476880
    0.0034278338
    0.0027672980
    0.0020736811
    0.0013549786
   0.00061948859
  -0.00012428351
  -0.00086772369
   -0.0016022089
   -0.0023192072
   -0.0030103765
   -0.0036676618
   -0.0042833892
   -0.0048503550
   -0.0053619105
   -0.0058120393
   -0.0061954285
   -0.0065075312
   -0.0067446205
   -0.0069038335
   -0.0069832065
   -0.0069816984
   -0.0068992049
   -0.0067365604
   -0.0064955303
   -0.0061787916
   -0.0057899033
   -0.0053332667
   -0.0048140753
   -0.0042382559
   -0.0036124011
   -0.0029436938
   -0.0022398247
   -0.0015089040
  -0.00075936791
   1.1859103e-07
   0.00076076191
    0.0015137417
    0.0022503128
    0.0029619074
    0.0036402339
    0.0042773739
    0.0048658747
    0.0053988360
    0.0058699912
    0.0062737809
    0.0066054183
    0.0068609459
    0.0070372831
    0.0071322626
    0.0071446576
    0.0070741968
    0.0069215697
    0.0066884196
    0.0063773262
    0.0059917771
    0.0055361288
    0.0050155575
    0.0044360004
    0.0038040878
    0.0031270676
    0.0024127222
    0.0016692787
   0.00090531463
   0.00012965880
  -0.00064871063
   -0.0014207700
   -0.0021775548
   -0.0029102636
   -0.0036103604
   -0.0042696743
   -0.0048804942
   -0.0054356596
   -0.0059286442
   -0.0063536324
   -0.0067055881
   -0.0069803145
   -0.0071745035
   -0.0072857761
   -0.0073127109
   -0.0072548625
   -0.0071127681
   -0.0068879426
   -0.0065828629
   -0.0062009405
   -0.0057464834
   -0.0052246478
   -0.0046413792
   -0.0040033453
   -0.0033178594
   -0.0025927966
   -0.0018365037
   -0.0010577028
  -0.00026539118
   0.00053126313
    0.0013230270
    0.0021007091
    0.0028552672
    0.0035779122
    0.0042602114
    0.0048941864
    0.0054724065
    0.0059880756
    0.0064351122
    0.0068082209
    0.0071029553
    0.0073157705
    0.0074440662
    0.0074862180
    0.0074415979
    0.0073105833
    0.0070945542
    0.0067958785
    0.0064178868
    0.0059648346
    0.0054418550
    0.0048549005
    0.0042106749
    0.0035165573
    0.0027805175
    0.0020110242
    0.0012169482
   0.00040745949
  -0.00040807792
   -0.0012202147
   -0.0020195256
   -0.0027967186
   -0.0035427428
   -0.0042488944
   -0.0049069173
   -0.0055091003
   -0.0060483670
   -0.0065183591
   -0.0069135112
   -0.0072291167
   -0.0074613838
   -0.0076074810
   -0.0076655714
   -0.0076348357
   -0.0075154835
   -0.0073087525
   -0.0070168956
   -0.0066431570
   -0.0061917357
   -0.0056677385
   -0.0050771227
   -0.0044266278
   -0.0037236992
   -0.0029764026
   -0.0021933318
   -0.0013835100
  -0.00055628538
   0.00027877618
    0.0011120020
    0.0019337245
    0.0027343933
    0.0035046861
    0.0042356174
    0.0049186429
    0.0055457598
    0.0061095999
    0.0066035168
    0.0070216635
    0.0073590621
    0.0076116628
    0.0077763922
    0.0078511910
    0.0078350393
    0.0077279703
    0.0075310716
    0.0072464746
    0.0068773313
    0.0064277796
    0.0059028970
    0.0053086433
    0.0046517930
    0.0039398582
    0.0031810024
    0.0023839476
    0.0015578735
   0.00071231205
  -0.00014296240
  -0.00099804608
   -0.0018430205
   -0.0026680673
   -0.0034635824
   -0.0042202878
   -0.0049293394
   -0.0055824308
   -0.0061718900
   -0.0066907700
   -0.0071329301
   -0.0074931090
   -0.0077669869
   -0.0079512375
   -0.0080435682
   -0.0080427485
   -0.0079486259
   -0.0077621301
   -0.0074852632
   -0.0071210795
   -0.0066736508
   -0.0061480217
   -0.0055501525
   -0.0048868517
   -0.0041656986
   -0.0033949567
   -0.0025834791
   -0.0017406069
  -0.00087606154
   1.6686178e-07
   0.00087793530
    0.0017470650
    0.0025974595
    0.0034192217
    0.0042027693
    0.0049389461
    0.0056191292
    0.0062353299
    0.0067802874
    0.0072475541
    0.0076315722
    0.0079277395
    0.0081324645
    0.0082432098
    0.0082585234
    0.0081780577
    0.0080025750
    0.0077339412
    0.0073751057
    0.0069300696
    0.0064038406
    0.0058023771
    0.0051325208
    0.0044019188
    0.0036189367
    0.0027925622
    0.0019323027
    0.0010480758
   0.00015009474
  -0.00075124923
   -0.0016455071
   -0.0025222931
   -0.0033714053
   -0.0041829444
   -0.0049474289
   -0.0056559056
   -0.0063000549
   -0.0068722880
   -0.0073658364
   -0.0077748318
   -0.0080943760
   -0.0083205991
   -0.0084507067
   -0.0084830137
   -0.0084169666
   -0.0082531513
   -0.0079932887
   -0.0076402169
   -0.0071978603
   -0.0066711857
   -0.0060661474
   -0.0053896192
   -0.0046493168
   -0.0038537096
   -0.0030119244
   -0.0021336402
   -0.0012289772
  -0.00030838034
   0.00061750135
    0.0015379378
    0.0024422420
    0.0033198945
    0.0041606652
    0.0049547327
    0.0056927990
    0.0063661984
    0.0069669987
    0.0074880953
    0.0079232944
    0.0082673871
    0.0085162110
    0.0086667012
    0.0087169275
    0.0086661186
    0.0085146740
    0.0082641607
    0.0079172980
    0.0074779275
    0.0069509712
    0.0063423761
    0.0056590473
    0.0049087697
    0.0041001195
    0.0032423661
    0.0023453661
    0.0014194499
   0.00047530287
  -0.00047615766
   -0.0014239089
   -0.0023569499
   -0.0032644294
   -0.0041357720
   -0.0049608011
   -0.0057298575
   -0.0064339130
   -0.0070646760
   -0.0076146887
   -0.0080774159
   -0.0084473218
   -0.0087199367
   -0.0088919107
   -0.0089610547
   -0.0089263677
   -0.0087880515
   -0.0085475097
   -0.0082073346
   -0.0077712789
   -0.0072442146
   -0.0066320789
   -0.0059418070
   -0.0051812539
   -0.0043591050
   -0.0034847771
   -0.0025683105
   -0.0016202539
  -0.00065154293
   0.00032662574
    0.0013029238
    0.0022660226
    0.0032047240
    0.0041080911
    0.0049655752
    0.0057671390
    0.0065033739
    0.0071656106
    0.0077460208
    0.0082377097
    0.0086347981
    0.0089324922
    0.0091271414
    0.0092162831
    0.0091986735
    0.0090743044
    0.0088444059
    0.0085114344
    0.0080790467
    0.0075520600
    0.0069363982
    0.0062390256
    0.0054678681
    0.0046317234
    0.0037401604
    0.0028034100
    0.0018322479
   0.00083787061
  -0.00016823374
   -0.0011744177
   -0.0021690094
   -0.0031404478
   -0.0040774171
   -0.0049689783
   -0.0058046969
   -0.0065747649
   -0.0072701158
   -0.0078825313
   -0.0084047382
   -0.0088304949
   -0.0091546655
   -0.0093732821
   -0.0094835927
   -0.0094840961
   -0.0093745612
   -0.0091560331
   -0.0088308230
   -0.0084024841
   -0.0078757732
   -0.0072565977
   -0.0065519498
   -0.0057698271
   -0.0049191427
   -0.0040096230
   -0.0030516972
   -0.0020563772
   -0.0010351318
   2.4598807e-07
    0.0010377746
    0.0020654227
    0.0030712483
    0.0040435380
    0.0049709425
    0.0058426096
    0.0066483110
    0.0073785619
    0.0080247328
    0.0085791512
    0.0090351929
    0.0093873605
    0.0096313501
    0.0097641032
    0.0097838451
    0.0096901082
    0.0094837399
    0.0091668959
    0.0087430177
    0.0082167956
    0.0075941168
    0.0068819997
    0.0060885153
    0.0052226950
    0.0042944289
    0.0033143522
    0.0022937237
    0.0012442968
   0.00017818395
  -0.00089228294
   -0.0019546950
   -0.0029967100
   -0.0040061961
   -0.0049713723
   -0.0058809463
   -0.0067242464
   -0.0074913465
   -0.0081731828
   -0.0087616609
   -0.0092497517
   -0.0096315752
   -0.0099024710
    -0.010059056
    -0.010099263
    -0.010022375
   -0.0098290258
   -0.0095212056
   -0.0091022349
   -0.0085767309
   -0.0079505566
   -0.0072307553
   -0.0064254719
   -0.0055438607
   -0.0045959811
   -0.0035926835
   -0.0025454850
   -0.0014664371
  -0.00036798762
   0.00073716339
    0.0018362099
    0.0029163882
    0.0039651254
    0.0049701851
    0.0059198104
    0.0068028612
    0.0076089446
    0.0083285376
    0.0089530987
    0.0094751698
    0.0098884647
     0.010187945
     0.010369880
     0.010431897
     0.010373004
     0.010193615
    0.0098955363
    0.0094819599
    0.0089574224
    0.0083277580
    0.0076000333
    0.0067824685
    0.0058843444
    0.0049158973
    0.0038882022
    0.0028130468
    0.0017027960
   0.00057024990
  -0.00057150346
   -0.0017092394
   -0.0028297494
   -0.0039199948
   -0.0049672576
   -0.0059592896
   -0.0068844546
   -0.0077318656
   -0.0084915120
   -0.0091543782
   -0.0097125504
    -0.010159311
    -0.010489217
    -0.010698173
    -0.010783471
    -0.010743835
    -0.010579435
    -0.010291885
   -0.0098842361
   -0.0093609355
   -0.0087277842
   -0.0079918702
   -0.0071614904
   -0.0062460567
   -0.0052559895
   -0.0042025995
   -0.0030979585
   -0.0019547610
  -0.00078617890
   0.00039429050
    0.0015729801
    0.0027362110
    0.0038704512
    0.0049624730
    0.0059995067
    0.0069693901
    0.0078607111
    0.0086629413
    0.0093665606
    0.0099631702
     0.010445592
     0.010807955
     0.011045767
     0.011155970
     0.011136979
     0.010988701
     0.010712546
     0.010311408
    0.0097896397
    0.0091530016
    0.0084086015
    0.0075648144
    0.0066311880
    0.0056183355
    0.0045378148
    0.0034019969
    0.0022239241
    0.0010171611
  -0.00020436192
   -0.0014265091
   -0.0026351027
   -0.0038160878
   -0.0049556945
   -0.0060405996
   -0.0070580812
   -0.0079961680
   -0.0088437801
   -0.0095908598
    -0.010228490
    -0.010749002
    -0.011146066
    -0.011414767
    -0.011551669
    -0.011554854
    -0.011423953
    -0.011160147
    -0.010766166
    -0.010246253
   -0.0096061258
   -0.0088529080
   -0.0079950544
   -0.0070422541
   -0.0060053222
   -0.0048960768
   -0.0037272045
   -0.0025121159
   -0.0012647913
   3.7942731e-07
    0.0012687630
    0.0025256516
    0.0037564334
    0.0049467619
    0.0060827236
    0.0071509996
    0.0081390224
    0.0090351229
    0.0098286684
     0.010510188
     0.011071487
     0.011505743
     0.011807589
     0.011973181
     0.012000246
     0.011888110
     0.011637714
     0.011251604
     0.010733906
     0.010090284
    0.0093278780
    0.0084552226
    0.0074821549
    0.0064197018
    0.0052799561
    0.0040759386
    0.0028214500
    0.0015309125
   0.00021920454
   -0.0010985108
   -0.0024069605
   -0.0036909390
   -0.0049354840
   -0.0061260511
   -0.0072486835
   -0.0082901750
   -0.0092382257
    -0.010081587
    -0.010810193
    -0.011415284
    -0.011889509
    -0.012227015
    -0.012423518
    -0.012476360
    -0.012384541
    -0.012148736
    -0.011771293
    -0.011256207
    -0.010609084
   -0.0098370730
   -0.0089487931
   -0.0079542346
   -0.0068646479
   -0.0056924163
   -0.0044509154
   -0.0031543606
   -0.0018176450
  -0.00045616815
   0.00091434104
    0.0022780056
    0.0036189845
    0.0049216559
    0.0061707997
    0.0073517743
    0.0084506885
    0.0094545644
     0.010351491
     0.011130763
     0.011783013
     0.012300318
     0.012676300
     0.012906201
     0.012986945
     0.012917178
     0.012697287
     0.012329402
     0.011817375
     0.011166740
     0.010384657
    0.0094798281
    0.0084624052
    0.0073438746
    0.0061369276
    0.0048553175
    0.0035137024
    0.0021274783
   0.00071260241
  -0.00071459020
   -0.0021375748
   -0.0035398284
   -0.0049050208
   -0.0062172050
   -0.0074610030
   -0.0086217856
   -0.0096858445
    -0.010640554
    -0.011474519
    -0.012177713
    -0.012741598
    -0.013159226
    -0.013425324
    -0.013536364
    -0.013490604
    -0.013288117
    -0.012930794
    -0.012422326
    -0.011768169
    -0.010975486
    -0.010053066
   -0.0090112303
   -0.0078617139
   -0.0066175370
   -0.0052928558
   -0.0039028023
   -0.0024633117
  -0.00099093977
   0.00049732676
    0.0019842663
    0.0034526211
    0.0048852976
    0.0062655646
    0.0075772487
    0.0088049236
    0.0099340908
     0.010951351
     0.011844561
     0.012602983
     0.013217407
     0.013680266
     0.013985729
     0.014129773
     0.014110234
     0.013926838
     0.013581214
     0.013076874
     0.012419184
     0.011615305
     0.010674114
    0.0096061107
    0.0084232956
    0.0071390390
    0.0057679293
    0.0043256072
    0.0028285879
    0.0012940725
  -0.00026024950
   -0.0018164038
   -0.0033563387
   -0.0048621342
   -0.0063162103
   -0.0077015314
   -0.0090018063
    -0.010201679
    -0.011286909
    -0.012244542
    -0.013063060
    -0.013732526
    -0.014244698
    -0.014593132
    -0.014773263
    -0.014782465
    -0.014620084
    -0.014287456
    -0.013787895
    -0.013126662
    -0.012310910
    -0.011349607
    -0.010253440
   -0.0090346921
   -0.0077071096
   -0.0062857451
   -0.0047867880
   -0.0032273801
   -0.0016254202
   6.4098833e-07
    0.0016320130
    0.0032497823
    0.0048351314
    0.0063695568
    0.0078350852
    0.0092144830
     0.010491459
     0.011650856
     0.012678831
     0.013563019
     0.014292682
     0.014858838
     0.015254372
     0.015474124
     0.015514958
     0.015375798
     0.015057657
     0.014563624
     0.013898841
     0.013070445
     0.012087498
     0.010960882
    0.0097031853
    0.0083285571
    0.0068525517
    0.0052919523
    0.0036645802
    0.0019890921
   0.00028476684
   -0.0014287166
   -0.0031315051
   -0.0048038017
   -0.0064260947
   -0.0079793851
   -0.0094454088
    -0.010806850
    -0.012047547
    -0.013152682
    -0.014108957
    -0.014904756
    -0.015530281
    -0.015977679
    -0.016241131
    -0.016316934
    -0.016203547
    -0.015901620
    -0.015413989
    -0.014745656
    -0.013903736
    -0.012897383
    -0.011737691
    -0.010437571
   -0.0090116088
   -0.0074759033
   -0.0058478828
   -0.0041461088
   -0.0023900654
  -0.00059993584
    0.0012036283
    0.0029997451
    0.0047675436
    0.0064864053
    0.0081362048
    0.0096975444
     0.011151982
     0.012482246
     0.013672446
     0.014708255
     0.015577083
     0.016268233
     0.016773029
     0.017084923
     0.017199581
     0.017114941
     0.016831244
     0.016351041
     0.015679172
     0.014822718
     0.013790926
     0.012595113
     0.011248540
    0.0097662672
    0.0081649847
    0.0064628261
    0.0046791635
    0.0028343879
   0.00094967641
  -0.00095325014
   -0.0028523769
   -0.0047256488
   -0.0065512268
   -0.0083077407
   -0.0099745396
    -0.011531934
    -0.012961426
    -0.014245932
    -0.015369981
    -0.016319907
    -0.017084005
    -0.017652685
    -0.018018582
    -0.018176657
    -0.018124260
    -0.017861173
    -0.017389618
    -0.016714247
    -0.015842092
    -0.014782495
    -0.013547011
    -0.012149278
    -0.010604873
   -0.0089311333
   -0.0071469673
   -0.0052726391
   -0.0033295399
   -0.0013399442
   0.00067324432
    0.0026867561
    0.0046772237
    0.0066214523
    0.0084966895
     0.010280890
     0.011952975
     0.013493080
     0.014882789
     0.016105356
     0.017145903
     0.017991603
     0.018631837
     0.019058321
     0.019265221
     0.019249221
     0.019009578
     0.018548140
     0.017869334
     0.016980128
     0.015889957
     0.014610629
     0.013156192
     0.011542788
    0.0097884681
    0.0079129953
    0.0059376212
    0.0038848467
    0.0017781660
  -0.00035820079
   -0.0024995857
   -0.0046211567
   -0.0066982045
   -0.0087064299
    -0.010622227
    -0.012422958
    -0.014087224
    -0.015595114
    -0.016928443
    -0.018070972
    -0.019008604
    -0.019729556
    -0.020224504
    -0.020486707
    -0.020512092
    -0.020299314
    -0.019849783
    -0.019167663
    -0.018259833
    -0.017135819
    -0.015807698
    -0.014289968
    -0.012599390
    -0.010754806
   -0.0087769289
   -0.0066881102
   -0.0045120902
   -0.0022737280
   1.2809888e-06
    0.0022866990
    0.0045560474
    0.0067829127
    0.0089412522
     0.011005698
     0.012951854
     0.014756582
     0.016398278
     0.017857126
     0.019115340
     0.020157375
     0.020970122
     0.021543069
     0.021868434
     0.021941270
     0.021759534
     0.021324128
     0.020638896
     0.019710600
     0.018548852
     0.017166015
     0.015577078
     0.013799490
     0.011852973
    0.0097593013
    0.0075420623
    0.0052263904
    0.0028386835
   0.00040630366
   -0.0020427351
   -0.0044800885
   -0.0068774083
   -0.0092066707
    -0.011440503
    -0.013552502
    -0.015517549
    -0.017312102
    -0.018914477
    -0.020305114
    -0.021466806
    -0.022384916
    -0.023047558
    -0.023445745
    -0.023573515
    -0.023428007
    -0.023009516
    -0.022321504
    -0.021370574
    -0.020166413
    -0.018721691
    -0.017051936
    -0.015175362
    -0.013112677
    -0.010886854
   -0.0085228773
   -0.0060474628
   -0.0034887586
  -0.00087602620
    0.0017606925
    0.0043909191
    0.0069840889
    0.0095099049
     0.011938690
     0.014241732
     0.016391626
     0.018362594
     0.020130792
     0.021674600
     0.022974882
     0.024015223
     0.024782129
     0.025265205
     0.025457288
     0.025354549
     0.024956557
     0.024266301
     0.023290172
     0.022037913
     0.020522522
     0.018760119
     0.016769776
     0.014573316
     0.012195074
    0.0096616271
    0.0070015038
    0.0042448617
    0.0014231486
   -0.0014312541
   -0.0042854013
   -0.0071061618
   -0.0098606010
    -0.012516363
    -0.015042050
    -0.017407587
    -0.019584584
    -0.021546667
    -0.023269801
    -0.024732580
    -0.025916488
    -0.026806132
    -0.027389440
    -0.027657817
    -0.027606269
    -0.027233476
    -0.026541838
    -0.025537462
    -0.024230116
    -0.022633140
    -0.020763309
    -0.018640663
    -0.016288296
    -0.013732102
    -0.011000500
   -0.0081241117
   -0.0051354297
   -0.0020684472
    0.0010417235
    0.0041592514
    0.0072479958
     0.010271923
     0.013195525
     0.015984230
     0.018604813
     0.021025783
     0.023217766
     0.025153849
     0.026809913
     0.028164931
     0.029201225
     0.029904696
     0.030265011
     0.030275746
     0.029934482
     0.029242865
     0.028206610
     0.026835464
     0.025143116
     0.023147067
     0.020868456
     0.018331834
     0.015564906
     0.012598233
    0.0094648945
    0.0062001260
    0.0028409247
  -0.00057436557
   -0.0040064891
   -0.0074157251
    -0.010762344
    -0.014007068
    -0.017111524
    -0.020038700
    -0.022753374
    -0.025222542
    -0.027415811
    -0.029305765
    -0.030868310
    -0.032082971
    -0.032933157
    -0.033406377
    -0.033494416
    -0.033193462
    -0.032504179
    -0.031431732
    -0.029985762
    -0.028180304
    -0.026033660
    -0.023568218
    -0.020810221
    -0.017789498
    -0.014539138
    -0.011095140
   -0.0074960132
   -0.0037823547
   3.6057461e-06
    0.0038184803
    0.0076182153
     0.011358595
     0.014995751
     0.018486671
     0.021789702
     0.024865042
     0.027675215
     0.030185518
     0.032364449
     0.034184089
     0.035620457
     0.036653820
     0.037268946
     0.037455324
     0.037207319
     0.036524279
     0.035410577
     0.033875609
     0.031933720
     0.029604081
     0.026910510
     0.023881231
     0.020548588
     0.016948705
     0.013121100
    0.0091082594
    0.0049551725
   0.00070883271
   -0.0035822865
   -0.0078687778
    -0.012100862
    -0.016228959
    -0.020204260
    -0.023979299
    -0.027508506
    -0.030748758
    -0.033659889
    -0.036205183
    -0.038351826
    -0.040071319
    -0.041339847
    -0.042138591
    -0.042453995
    -0.042277963
    -0.041608009
    -0.040447332
    -0.038804834
    -0.036695065
    -0.034138114
    -0.031159428
    -0.027789563
    -0.024063888
    -0.020022219
    -0.015708402
    -0.011169851
   -0.0064570308
   -0.0016229110
    0.0032776226
    0.0081883797
     0.013052499
     0.017813097
     0.022413918
     0.026799994
     0.030918281
     0.034718295
     0.038152715
     0.041177958
     0.043754720
     0.045848470
     0.047429892
     0.048475283
     0.048966877
     0.048893111
     0.048248828
     0.047035395
     0.045260763
     0.042939443
     0.040092408
     0.036746923
     0.032936301
     0.028699581
     0.024081151
     0.019130289
     0.013900658
    0.0084497327
    0.0028381903
   -0.0028707547
   -0.0086120444
    -0.014319502
    -0.019926579
    -0.025367109
    -0.030576076
    -0.035490367
    -0.040049520
    -0.044196444
    -0.047878115
    -0.051046229
    -0.053657811
    -0.055675771
    -0.057069397
    -0.057814787
    -0.057895200
    -0.057301340
    -0.056031551
    -0.054091932
    -0.051496361
    -0.048266440
    -0.044431340
    -0.040027567
    -0.035098641
    -0.029694685
    -0.023871943
    -0.017692218
    -0.011222239
   -0.0045329656
    0.0023011618
    0.0092030256
     0.016093672
     0.022893183
     0.029521576
     0.035899710
     0.041950197
     0.047598308
     0.052772856
     0.057407057
     0.061439351
     0.064814174
     0.067482674
     0.069403364
     0.070542699
     0.070875574
     0.070385731
     0.069066077
     0.066918900
     0.063955987
     0.060198635
     0.055677556
     0.050432674
     0.044512820
     0.037975320
     0.030885484
     0.023315993
     0.015346203
    0.0070613585
   -0.0014482742
    -0.010088336
    -0.018761368
    -0.027367859
    -0.035807320
    -0.043979403
    -0.051785023
    -0.059127495
    -0.065913651
    -0.072054950
    -0.077468546
    -0.082078317
    -0.085815835
    -0.088621266
    -0.090444196
    -0.091244365
    -0.090992306
    -0.089669871
    -0.087270649
    -0.083800260
    -0.079276527
    -0.073729512
    -0.067201430
    -0.059746416
    -0.051430175
    -0.042329484
    -0.032531579
    -0.022133409
    -0.011240775
   3.2643436e-05
     0.011566362
     0.023234263
     0.034905852
     0.046447574
     0.057724206
     0.068600277
     0.078941533
     0.088616415
     0.097497534
      0.10546314
      0.11239856
      0.11819758
      0.12276381
      0.12601190
      0.12786877
      0.12827464
      0.12718400
      0.12456647
      0.12040747
      0.11470879
      0.10748901
     0.098783704
     0.088645567
     0.077144295
     0.064366342
     0.050414489
     0.035407252
     0.019478117
    0.0027746227
    -0.014542716
    -0.032301630
    -0.050319455
    -0.068404615
    -0.086358220
     -0.10397576
     -0.12104889
     -0.13736730
     -0.15272056
     -0.16690015
     -0.17970133
     -0.19092516
     -0.20038041
     -0.20788545
     -0.21327013
     -0.21637752
     -0.21706562
     -0.21520889
     -0.21069974
     -0.20344983
     -0.19339122
     -0.18047736
     -0.16468393
     -0.14600945
     -0.12447574
     -0.10012812
    -0.073035499
    -0.043290187
    -0.011007498
     0.023674805
     0.060597305
     0.099579906
      0.14042300
      0.18290883
      0.22680300
      0.27185613
      0.31780574
      0.36437813
      0.41129052
      0.45825313
      0.50497149
      0.55114869
      0.59648774
      0.64069391
      0.68347705
      0.72455399
      0.76365073
      0.80050472
      0.83486696
      0.86650403
      0.89520003
      0.92075829
      0.94300304
      0.96178083
      0.97696179
      0.98844073
      0.99613796
       1.0000000
       1.0000000
      0.99613796
      0.98844073
      0.97696179
      0.96178083
      0.94300304
      0.92075829
      0.89520003
      0.86650403
      0.83486695
      0.80050472
      0.76365073
      0.72455399
      0.68347705
      0.64069391
      0.59648774
      0.55114869
      0.50497149
      0.45825313
      0.41129052
      0.36437813
      0.31780574
      0.27185613
      0.22680300
      0.18290883
      0.14042300
     0.099579906
     0.060597305
     0.023674805
    -0.011007498
    -0.043290187
    -0.073035499
     -0.10012812
     -0.12447574
     -0.14600945
     -0.16468393
     -0.18047736
     -0.19339122
     -0.20344983
     -0.21069974
     -0.21520889
     -0.21706562
     -0.21637752
     -0.21327013
     -0.20788545
     -0.20038041
     -0.19092516
     -0.17970133
     -0.16690015
     -0.15272056
     -0.13736730
     -0.12104889
     -0.10397576
    -0.086358220
    -0.068404615
    -0.050319455
    -0.032301630
    -0.014542716
    0.0027746228
     0.019478117
     0.035407252
     0.050414489
     0.064366342
     0.077144295
     0.088645567
     0.098783704
      0.10748901
      0.11470879
      0.12040747
      0.12456647
      0.12718400
      0.12827464
      0.12786877
      0.12601190
      0.12276381
      0.11819758
      0.11239856
      0.10546314
     0.097497534
     0.088616415
     0.078941533
     0.068600276
     0.057724206
     0.046447574
     0.034905852
     0.023234263
     0.011566361
   3.2643355e-05
    -0.011240775
    -0.022133409
    -0.032531579
    -0.042329484
    -0.051430175
    -0.059746416
    -0.067201429
    -0.073729512
    -0.079276526
    -0.083800260
    -0.087270649
    -0.089669871
    -0.090992306
    -0.091244365
    -0.090444195
    -0.088621265
    -0.085815835
    -0.082078317
    -0.077468546
    -0.072054949
    -0.065913650
    -0.059127495
    -0.051785023
    -0.043979402
    -0.035807319
    -0.027367858
    -0.018761368
    -0.010088335
   -0.0014482739
    0.0070613588
     0.015346204
     0.023315993
     0.030885484
     0.037975320
     0.044512820
     0.050432674
     0.055677556
     0.060198636
     0.063955987
     0.066918900
     0.069066077
     0.070385731
     0.070875574
     0.070542699
     0.069403364
     0.067482674
     0.064814174
     0.061439351
     0.057407057
     0.052772856
     0.047598308
     0.041950197
     0.035899710
     0.029521576
     0.022893182
     0.016093671
    0.0092030252
    0.0023011614
   -0.0045329660
    -0.011222239
    -0.017692219
    -0.023871944
    -0.029694685
    -0.035098641
    -0.040027568
    -0.044431340
    -0.048266440
    -0.051496362
    -0.054091932
    -0.056031552
    -0.057301340
    -0.057895200
    -0.057814787
    -0.057069397
    -0.055675771
    -0.053657811
    -0.051046229
    -0.047878116
    -0.044196444
    -0.040049520
    -0.035490367
    -0.030576076
    -0.025367109
    -0.019926579
    -0.014319502
   -0.0086120444
   -0.0028707547
    0.0028381903
    0.0084497328
     0.013900658
     0.019130289
     0.024081151
     0.028699581
     0.032936301
     0.036746923
     0.040092408
     0.042939443
     0.045260763
     0.047035395
     0.048248828
     0.048893111
     0.048966877
     0.048475283
     0.047429892
     0.045848470
     0.043754720
     0.041177958
     0.038152715
     0.034718295
     0.030918281
     0.026799993
     0.022413918
     0.017813097
     0.013052499
    0.0081883796
    0.0032776225
   -0.0016229111
   -0.0064570309
    -0.011169851
    -0.015708402
    -0.020022219
    -0.024063889
    -0.027789563
    -0.031159428
    -0.034138115
    -0.036695065
    -0.038804834
    -0.040447333
    -0.041608009
    -0.042277963
    -0.042453995
    -0.042138591
    -0.041339847
    -0.040071319
    -0.038351826
    -0.036205183
    -0.033659889
    -0.030748758
    -0.027508506
    -0.023979299
    -0.020204260
    -0.016228959
    -0.012100862
   -0.0078687778
   -0.0035822864
   0.00070883276
    0.0049551726
    0.0091082594
     0.013121100
     0.016948705
     0.020548588
     0.023881231
     0.026910510
     0.029604081
     0.031933720
     0.033875609
     0.035410577
     0.036524279
     0.037207319
     0.037455324
     0.037268946
     0.036653820
     0.035620457
     0.034184089
     0.032364449
     0.030185518
     0.027675215
     0.024865042
     0.021789702
     0.018486671
     0.014995751
     0.011358595
    0.0076182153
    0.0038184803
   3.6057191e-06
   -0.0037823547
   -0.0074960132
    -0.011095140
    -0.014539138
    -0.017789498
    -0.020810221
    -0.023568218
    -0.026033660
    -0.028180304
    -0.029985762
    -0.031431732
    -0.032504179
    -0.033193462
    -0.033494416
    -0.033406377
    -0.032933157
    -0.032082971
    -0.030868310
    -0.029305765
    -0.027415810
    -0.025222542
    -0.022753374
    -0.020038699
    -0.017111524
    -0.014007068
    -0.010762344
   -0.0074157250
   -0.0040064889
  -0.00057436539
    0.0028409249
    0.0062001262
    0.0094648947
     0.012598233
     0.015564906
     0.018331834
     0.020868456
     0.023147068
     0.025143116
     0.026835464
     0.028206611
     0.029242865
     0.029934482
     0.030275746
     0.030265011
     0.029904696
     0.029201225
     0.028164931
     0.026809914
     0.025153849
     0.023217766
     0.021025783
     0.018604813
     0.015984230
     0.013195525
     0.010271923
    0.0072479958
    0.0041592513
    0.0010417235
   -0.0020684473
   -0.0051354297
   -0.0081241117
    -0.011000500
    -0.013732103
    -0.016288296
    -0.018640663
    -0.020763309
    -0.022633140
    -0.024230117
    -0.025537462
    -0.026541839
    -0.027233477
    -0.027606269
    -0.027657818
    -0.027389440
    -0.026806132
    -0.025916488
    -0.024732580
    -0.023269801
    -0.021546667
    -0.019584584
    -0.017407587
    -0.015042050
    -0.012516363
   -0.0098606011
   -0.0071061619
   -0.0042854014
   -0.0014312543
    0.0014231485
    0.0042448616
    0.0070015037
    0.0096616270
     0.012195074
     0.014573316
     0.016769776
     0.018760119
     0.020522522
     0.022037913
     0.023290172
     0.024266301
     0.024956557
     0.025354549
     0.025457288
     0.025265205
     0.024782129
     0.024015223
     0.022974882
     0.021674600
     0.020130792
     0.018362594
     0.016391627
     0.014241733
     0.011938690
    0.0095099050
    0.0069840890
    0.0043909192
    0.0017606927
  -0.00087602605
   -0.0034887584
   -0.0060474626
   -0.0085228771
    -0.010886854
    -0.013112677
    -0.015175362
    -0.017051936
    -0.018721691
    -0.020166413
    -0.021370574
    -0.022321504
    -0.023009516
    -0.023428007
    -0.023573514
    -0.023445745
    -0.023047557
    -0.022384916
    -0.021466806
    -0.020305114
    -0.018914477
    -0.017312101
    -0.015517549
    -0.013552502
    -0.011440503
   -0.0092066707
   -0.0068774082
   -0.0044800885
   -0.0020427351
   0.00040630370
    0.0028386835
    0.0052263904
    0.0075420623
    0.0097593012
     0.011852973
     0.013799490
     0.015577078
     0.017166015
     0.018548851
     0.019710600
     0.020638896
     0.021324128
     0.021759534
     0.021941269
     0.021868433
     0.021543069
     0.020970122
     0.020157375
     0.019115340
     0.017857126
     0.016398278
     0.014756582
     0.012951854
     0.011005698
    0.0089412520
    0.0067829125
    0.0045560473
    0.0022866988
   1.2808604e-06
   -0.0022737281
   -0.0045120903
   -0.0066881103
   -0.0087769290
    -0.010754806
    -0.012599390
    -0.014289968
    -0.015807698
    -0.017135819
    -0.018259833
    -0.019167664
    -0.019849783
    -0.020299314
    -0.020512092
    -0.020486707
    -0.020224504
    -0.019729556
    -0.019008604
    -0.018070972
    -0.016928443
    -0.015595114
    -0.014087224
    -0.012422958
    -0.010622227
   -0.0087064298
   -0.0066982045
   -0.0046211566
   -0.0024995857
  -0.00035820078
    0.0017781660
    0.0038848467
    0.0059376212
    0.0079129953
    0.0097884681
     0.011542788
     0.013156192
     0.014610629
     0.015889957
     0.016980128
     0.017869334
     0.018548140
     0.019009578
     0.019249221
     0.019265221
     0.019058321
     0.018631836
     0.017991603
     0.017145903
     0.016105355
     0.014882789
     0.013493080
     0.011952975
     0.010280890
    0.0084966894
    0.0066214523
    0.0046772236
    0.0026867560
   0.00067324423
   -0.0013399443
   -0.0033295399
   -0.0052726392
   -0.0071469674
   -0.0089311334
    -0.010604873
    -0.012149278
    -0.013547011
    -0.014782495
    -0.015842092
    -0.016714247
    -0.017389618
    -0.017861173
    -0.018124260
    -0.018176657
    -0.018018582
    -0.017652685
    -0.017084005
    -0.016319906
    -0.015369981
    -0.014245932
    -0.012961426
    -0.011531934
   -0.0099745395
   -0.0083077406
   -0.0065512267
   -0.0047256488
   -0.0028523768
  -0.00095325005
   0.00094967650
    0.0028343880
    0.0046791636
    0.0064628262
    0.0081649848
    0.0097662673
     0.011248540
     0.012595113
     0.013790926
     0.014822718
     0.015679172
     0.016351042
     0.016831245
     0.017114941
     0.017199582
     0.017084923
     0.016773029
     0.016268233
     0.015577083
     0.014708255
     0.013672446
     0.012482246
     0.011151982
    0.0096975444
    0.0081362049
    0.0064864054
    0.0047675436
    0.0029997452
    0.0012036283
  -0.00059993580
   -0.0023900653
   -0.0041461088
   -0.0058478827
   -0.0074759033
   -0.0090116088
    -0.010437571
    -0.011737691
    -0.012897383
    -0.013903736
    -0.014745656
    -0.015413989
    -0.015901620
    -0.016203547
    -0.016316934
    -0.016241131
    -0.015977679
    -0.015530281
    -0.014904756
    -0.014108957
    -0.013152682
    -0.012047547
    -0.010806850
   -0.0094454087
   -0.0079793851
   -0.0064260947
   -0.0048038017
   -0.0031315051
   -0.0014287165
   0.00028476689
    0.0019890922
    0.0036645802
    0.0052919523
    0.0068525518
    0.0083285571
    0.0097031854
     0.010960882
     0.012087498
     0.013070445
     0.013898841
     0.014563624
     0.015057657
     0.015375798
     0.015514958
     0.015474124
     0.015254372
     0.014858838
     0.014292682
     0.013563019
     0.012678831
     0.011650856
     0.010491459
    0.0092144830
    0.0078350852
    0.0063695568
    0.0048351314
    0.0032497823
    0.0016320130
   6.4098053e-07
   -0.0016254202
   -0.0032273801
   -0.0047867880
   -0.0062857451
   -0.0077071096
   -0.0090346921
    -0.010253440
    -0.011349607
    -0.012310910
    -0.013126662
    -0.013787895
    -0.014287456
    -0.014620084
    -0.014782465
    -0.014773263
    -0.014593132
    -0.014244698
    -0.013732527
    -0.013063060
    -0.012244542
    -0.011286909
    -0.010201679
   -0.0090018064
   -0.0077015315
   -0.0063162104
   -0.0048621343
   -0.0033563388
   -0.0018164039
  -0.00026024962
    0.0012940724
    0.0028285878
    0.0043256070
    0.0057679292
    0.0071390389
    0.0084232954
    0.0096061106
     0.010674114
     0.011615305
     0.012419184
     0.013076874
     0.013581213
     0.013926838
     0.014110233
     0.014129773
     0.013985729
     0.013680266
     0.013217407
     0.012602983
     0.011844561
     0.010951351
    0.0099340907
    0.0088049236
    0.0075772487
    0.0062655646
    0.0048852976
    0.0034526211
    0.0019842663
   0.00049732676
  -0.00099093977
   -0.0024633117
   -0.0039028023
   -0.0052928558
   -0.0066175370
   -0.0078617139
   -0.0090112302
    -0.010053066
    -0.010975486
    -0.011768169
    -0.012422326
    -0.012930794
    -0.013288117
    -0.013490604
    -0.013536364
    -0.013425324
    -0.013159226
    -0.012741598
    -0.012177713
    -0.011474519
    -0.010640554
   -0.0096858445
   -0.0086217856
   -0.0074610030
   -0.0062172050
   -0.0049050208
   -0.0035398284
   -0.0021375749
  -0.00071459026
   0.00071260234
    0.0021274782
    0.0035137023
    0.0048553174
    0.0061369275
    0.0073438745
    0.0084624051
    0.0094798280
     0.010384657
     0.011166740
     0.011817375
     0.012329402
     0.012697287
     0.012917178
     0.012986945
     0.012906201
     0.012676299
     0.012300318
     0.011783013
     0.011130763
     0.010351491
    0.0094545643
    0.0084506884
    0.0073517742
    0.0061707996
    0.0049216559
    0.0036189844
    0.0022780056
   0.00091434101
  -0.00045616816
   -0.0018176450
   -0.0031543606
   -0.0044509154
   -0.0056924163
   -0.0068646479
   -0.0079542345
   -0.0089487930
   -0.0098370729
    -0.010609084
    -0.011256207
    -0.011771292
    -0.012148736
    -0.012384541
    -0.012476360
    -0.012423518
    -0.012227015
    -0.011889509
    -0.011415284
    -0.010810193
    -0.010081586
   -0.0092382254
   -0.0082901747
   -0.0072486832
   -0.0061260508
   -0.0049354837
   -0.0036909387
   -0.0024069602
   -0.0010985105
   0.00021920483
    0.0015309128
    0.0028214503
    0.0040759389
    0.0052799564
    0.0064197021
    0.0074821552
    0.0084552229
    0.0093278782
     0.010090284
     0.010733906
     0.011251604
     0.011637714
     0.011888110
     0.012000246
     0.011973181
     0.011807589
     0.011505743
     0.011071487
     0.010510188
    0.0098286683
    0.0090351229
    0.0081390223
    0.0071509995
    0.0060827235
    0.0049467618
    0.0037564332
    0.0025256514
    0.0012687628
   3.7922068e-07
   -0.0012647915
   -0.0025121161
   -0.0037272047
   -0.0048960770
   -0.0060053224
   -0.0070422544
   -0.0079950546
   -0.0088529083
   -0.0096061260
    -0.010246253
    -0.010766166
    -0.011160147
    -0.011423953
    -0.011554855
    -0.011551669
    -0.011414767
    -0.011146066
    -0.010749002
    -0.010228490
   -0.0095908600
   -0.0088437802
   -0.0079961680
   -0.0070580812
   -0.0060405996
   -0.0049556945
   -0.0038160877
   -0.0026351027
   -0.0014265090
  -0.00020436180
    0.0010171612
    0.0022239243
    0.0034019971
    0.0045378150
    0.0056183358
    0.0066311883
    0.0075648147
    0.0084086018
    0.0091530019
    0.0097896400
     0.010311409
     0.010712546
     0.010988701
     0.011136979
     0.011155971
     0.011045768
     0.010807955
     0.010445592
    0.0099631705
    0.0093665610
    0.0086629416
    0.0078607114
    0.0069693904
    0.0059995070
    0.0049624732
    0.0038704515
    0.0027362112
    0.0015729803
   0.00039429068
  -0.00078617875
   -0.0019547609
   -0.0030979584
   -0.0042025995
   -0.0052559895
   -0.0062460567
   -0.0071614905
   -0.0079918703
   -0.0087277843
   -0.0093609357
   -0.0098842363
    -0.010291886
    -0.010579435
    -0.010743836
    -0.010783471
    -0.010698173
    -0.010489218
    -0.010159311
   -0.0097125508
   -0.0091543787
   -0.0084915125
   -0.0077318661
   -0.0068844552
   -0.0059592901
   -0.0049672582
   -0.0039199953
   -0.0028297500
   -0.0017092399
  -0.00057150404
   0.00057024932
    0.0017027954
    0.0028130463
    0.0038882017
    0.0049158968
    0.0058843439
    0.0067824680
    0.0076000328
    0.0083277575
    0.0089574220
    0.0094819595
    0.0098955359
     0.010193614
     0.010373004
     0.010431897
     0.010369880
     0.010187945
    0.0098884646
    0.0094751697
    0.0089530987
    0.0083285376
    0.0076089446
    0.0068028612
    0.0059198105
    0.0049701852
    0.0039651256
    0.0029163884
    0.0018362101
   0.00073716364
  -0.00036798734
   -0.0014664368
   -0.0025454846
   -0.0035926831
   -0.0045959807
   -0.0055438603
   -0.0064254715
   -0.0072307549
   -0.0079505562
   -0.0085767305
   -0.0091022345
   -0.0095212052
   -0.0098290254
    -0.010022374
    -0.010099263
    -0.010059055
   -0.0099024707
   -0.0096315748
   -0.0092497514
   -0.0087616606
   -0.0081731825
   -0.0074913462
   -0.0067242462
   -0.0058809461
   -0.0049713721
   -0.0040061959
   -0.0029967099
   -0.0019546949
  -0.00089228286
   0.00017818400
    0.0012442968
    0.0022937237
    0.0033143522
    0.0042944289
    0.0052226950
    0.0060885152
    0.0068819997
    0.0075941167
    0.0082167955
    0.0087430176
    0.0091668958
    0.0094837398
    0.0096901081
    0.0097838450
    0.0097641031
    0.0096313499
    0.0093873604
    0.0090351927
    0.0085791511
    0.0080247326
    0.0073785618
    0.0066483109
    0.0058426095
    0.0049709424
    0.0040435379
    0.0030712483
    0.0020654226
    0.0010377746
   2.4599005e-07
   -0.0010351318
   -0.0020563772
   -0.0030516971
   -0.0040096230
   -0.0049191426
   -0.0057698270
   -0.0065519496
   -0.0072565976
   -0.0078757731
   -0.0084024840
   -0.0088308228
   -0.0091560329
   -0.0093745610
   -0.0094840959
   -0.0094835926
   -0.0093732820
   -0.0091546654
   -0.0088304947
   -0.0084047381
   -0.0078825311
   -0.0072701157
   -0.0065747648
   -0.0058046968
   -0.0049689782
   -0.0040774170
   -0.0031404477
   -0.0021690093
   -0.0011744177
  -0.00016823372
   0.00083787062
    0.0018322479
    0.0028034100
    0.0037401603
    0.0046317233
    0.0054678681
    0.0062390255
    0.0069363981
    0.0075520599
    0.0080790466
    0.0085114343
    0.0088444058
    0.0090743043
    0.0091986733
    0.0092162829
    0.0091271412
    0.0089324920
    0.0086347980
    0.0082377096
    0.0077460206
    0.0071656105
    0.0065033738
    0.0057671389
    0.0049655751
    0.0041080910
    0.0032047240
    0.0022660226
    0.0013029238
   0.00032662574
  -0.00065154292
   -0.0016202539
   -0.0025683105
   -0.0034847771
   -0.0043591049
   -0.0051812538
   -0.0059418069
   -0.0066320788
   -0.0072442145
   -0.0077712787
   -0.0082073344
   -0.0085475095
   -0.0087880513
   -0.0089263675
   -0.0089610545
   -0.0088919105
   -0.0087199365
   -0.0084473216
   -0.0080774157
   -0.0076146885
   -0.0070646758
   -0.0064339129
   -0.0057298573
   -0.0049608009
   -0.0041357719
   -0.0032644293
   -0.0023569498
   -0.0014239088
  -0.00047615758
   0.00047530294
    0.0014194499
    0.0023453661
    0.0032423661
    0.0041001195
    0.0049087697
    0.0056590472
    0.0063423760
    0.0069509711
    0.0074779274
    0.0079172978
    0.0082641606
    0.0085146738
    0.0086661185
    0.0087169273
    0.0086667011
    0.0085162108
    0.0082673869
    0.0079232943
    0.0074880951
    0.0069669985
    0.0063661982
    0.0056927988
    0.0049547325
    0.0041606650
    0.0033198943
    0.0024422419
    0.0015379376
   0.00061750123
  -0.00030838045
   -0.0012289773
   -0.0021336403
   -0.0030119245
   -0.0038537097
   -0.0046493168
   -0.0053896192
   -0.0060661474
   -0.0066711857
   -0.0071978602
   -0.0076402169
   -0.0079932886
   -0.0082531512
   -0.0084169665
   -0.0084830136
   -0.0084507066
   -0.0083205990
   -0.0080943758
   -0.0077748317
   -0.0073658362
   -0.0068722878
   -0.0063000547
   -0.0056559054
   -0.0049474287
   -0.0041829443
   -0.0033714052
   -0.0025222929
   -0.0016455069
  -0.00075124909
   0.00015009487
    0.0010480759
    0.0019323028
    0.0027925623
    0.0036189368
    0.0044019189
    0.0051325209
    0.0058023771
    0.0064038406
    0.0069300696
    0.0073751058
    0.0077339412
    0.0080025750
    0.0081780577
    0.0082585235
    0.0082432098
    0.0081324645
    0.0079277395
    0.0076315722
    0.0072475541
    0.0067802874
    0.0062353299
    0.0056191292
    0.0049389461
    0.0042027693
    0.0034192217
    0.0025974595
    0.0017470651
   0.00087793538
   1.6696636e-07
  -0.00087606142
   -0.0017406067
   -0.0025834790
   -0.0033949565
   -0.0041656984
   -0.0048868515
   -0.0055501523
   -0.0061480215
   -0.0066736505
   -0.0071210792
   -0.0074852629
   -0.0077621297
   -0.0079486256
   -0.0080427482
   -0.0080435679
   -0.0079512372
   -0.0077669865
   -0.0074931086
   -0.0071329297
   -0.0066907696
   -0.0061718896
   -0.0055824304
   -0.0049293391
   -0.0042202875
   -0.0034635821
   -0.0026680670
   -0.0018430202
  -0.00099804583
  -0.00014296217
   0.00071231224
    0.0015578737
    0.0023839478
    0.0031810026
    0.0039398582
    0.0046517931
    0.0053086433
    0.0059028970
    0.0064277795
    0.0068773312
    0.0072464745
    0.0075310715
    0.0077279701
    0.0078350391
    0.0078511908
    0.0077763919
    0.0076116625
    0.0073590618
    0.0070216631
    0.0066035164
    0.0061095995
    0.0055457593
    0.0049186425
    0.0042356169
    0.0035046856
    0.0027343928
    0.0019337240
    0.0011120015
   0.00027877570
  -0.00055628585
   -0.0013835104
   -0.0021933323
   -0.0029764030
   -0.0037236996
   -0.0044266282
   -0.0050771231
   -0.0056677389
   -0.0061917360
   -0.0066431573
   -0.0070168959
   -0.0073087527
   -0.0075154837
   -0.0076348359
   -0.0076655715
   -0.0076074811
   -0.0074613839
   -0.0072291168
   -0.0069135112
   -0.0065183591
   -0.0060483670
   -0.0055091003
   -0.0049069172
   -0.0042488943
   -0.0035427427
   -0.0027967184
   -0.0020195255
   -0.0012202146
  -0.00040807773
   0.00040745970
    0.0012169484
    0.0020110245
    0.0027805177
    0.0035165575
    0.0042106751
    0.0048549007
    0.0054418552
    0.0059648348
    0.0064178870
    0.0067958787
    0.0070945543
    0.0073105835
    0.0074415980
    0.0074862181
    0.0074440662
    0.0073157705
    0.0071029553
    0.0068082210
    0.0064351122
    0.0059880756
    0.0054724064
    0.0048941863
    0.0042602113
    0.0035779120
    0.0028552670
    0.0021007090
    0.0013230268
   0.00053126295
  -0.00026539138
   -0.0010577030
   -0.0018365039
   -0.0025927968
   -0.0033178596
   -0.0040033456
   -0.0046413794
   -0.0052246480
   -0.0057464836
   -0.0062009407
   -0.0065828631
   -0.0068879428
   -0.0071127683
   -0.0072548627
   -0.0073127111
   -0.0072857763
   -0.0071745037
   -0.0069803147
   -0.0067055883
   -0.0063536325
   -0.0059286443
   -0.0054356597
   -0.0048804943
   -0.0042696743
   -0.0036103605
   -0.0029102636
   -0.0021775548
   -0.0014207700
  -0.00064871061
   0.00012965882
   0.00090531467
    0.0016692788
    0.0024127223
    0.0031270677
    0.0038040879
    0.0044360005
    0.0050155576
    0.0055361289
    0.0059917772
    0.0063773263
    0.0066884197
    0.0069215698
    0.0070741969
    0.0071446577
    0.0071322627
    0.0070372832
    0.0068609460
    0.0066054183
    0.0062737810
    0.0058699913
    0.0053988360
    0.0048658747
    0.0042773739
    0.0036402339
    0.0029619074
    0.0022503128
    0.0015137416
   0.00076076185
   1.1851195e-07
  -0.00075936800
   -0.0015089041
   -0.0022398248
   -0.0029436940
   -0.0036124013
   -0.0042382560
   -0.0048140754
   -0.0053332669
   -0.0057899035
   -0.0061787917
   -0.0064955305
   -0.0067365606
   -0.0068992051
   -0.0069816986
   -0.0069832066
   -0.0069038336
   -0.0067446206
   -0.0065075313
   -0.0061954286
   -0.0058120394
   -0.0053619106
   -0.0048503551
   -0.0042833892
   -0.0036676618
   -0.0030103764
   -0.0023192072
   -0.0016022089
  -0.00086772362
  -0.00012428342
   0.00061948870
    0.0013549787
    0.0020736813
    0.0027672982
    0.0034278340
    0.0040476882
    0.0046197427
    0.0051374435
    0.0055948755
    0.0059868306
    0.0063088663
    0.0065573566
    0.0067295323
    0.0068235122
    0.0068383231
    0.0067739102
    0.0066311361
    0.0064117697
    0.0061184641
    0.0057547246
    0.0053248672
    0.0048339672
    0.0042877991
    0.0036927691
    0.0030558398
    0.0023844489
    0.0016864222
   0.00096988242
   0.00024315497
  -0.00048532901
   -0.0012071303
   -0.0019138994
   -0.0025974730
   -0.0032499683
   -0.0038638738
   -0.0044321358
   -0.0049482396
   -0.0054062835
   -0.0058010472
   -0.0061280503
   -0.0063836040
   -0.0065648519
   -0.0066698023
   -0.0066973499
   -0.0066472875
   -0.0065203066
   -0.0063179888
   -0.0060427856
   -0.0056979890
   -0.0052876923
   -0.0048167414
   -0.0042906775
   -0.0037156723
   -0.0030984551
   -0.0024462346
   -0.0017666145
   -0.0010675048
  -0.00035703012
   0.00035656520
    0.0010650123
    0.0017601138
    0.0024338384
    0.0030784140
    0.0036864171
    0.0042508582
    0.0047652621
    0.0052237424
    0.0056210688
    0.0059527263
    0.0062149670
    0.0064048521
    0.0065202849
    0.0065600337
    0.0065237453
    0.0064119473
    0.0062260410
    0.0059682841
    0.0056417630
    0.0052503561
    0.0047986879
    0.0042920741
    0.0037364592
    0.0031383469
    0.0025047240
    0.0018429784
    0.0011608137
   0.00046615891
  -0.00023292329
  -0.00092833029
   -0.0016120133
   -0.0022760707
   -0.0029128389
   -0.0035149813
   -0.0040755725
   -0.0045881776
   -0.0050469268
   -0.0054465819
   -0.0057825964
   -0.0060511671
   -0.0062492771
   -0.0063747297
   -0.0064261727
   -0.0064031128
   -0.0063059202
   -0.0061358230
   -0.0058948921
   -0.0055860156
   -0.0052128647
   -0.0047798497
   -0.0042920681
   -0.0037552448
   -0.0031756645
   -0.0025600986
   -0.0019157258
   -0.0012500488
  -0.00057080625
   0.00011411626
   0.00079677840
    0.0014692769
    0.0021238369
    0.0027529020
    0.0033492214
    0.0039059334
    0.0044166443
    0.0048755020
    0.0052772629
    0.0056173514
    0.0058919129
    0.0060978565
    0.0062328903
    0.0062955468
    0.0062851985
    0.0062020643
    0.0060472058
    0.0058225137
    0.0055306849
    0.0051751903
    0.0047602331
    0.0042906998
    0.0037721020
    0.0032105124
    0.0026124932
    0.0019850197
    0.0013353989
   0.00067118447
   8.8881874e-08
  -0.00067010602
   -0.0013316393
   -0.0019768607
   -0.0025983193
   -0.0031888491
   -0.0037416522
   -0.0042503764
   -0.0047091888
   -0.0051128420
   -0.0054567348
   -0.0057369639
   -0.0059503686
   -0.0060400174
