    -0.025723677
    -0.025195115
    -0.024660114
    -0.024118787
    -0.023571247
    -0.023017612
    -0.022457997
    -0.021892523
    -0.021321309
    -0.020744476
    -0.020162149
    -0.019574452
    -0.018981510
    -0.018383452
    -0.017780405
    -0.017172500
    -0.016559868
    -0.015942641
    -0.015320954
    -0.014694940
    -0.014064737
    -0.013430480
    -0.012792309
    -0.012150363
    -0.011504782
    -0.010855707
    -0.010203281
   -0.0095476471
   -0.0088889497
   -0.0082273337
   -0.0075629452
   -0.0068959310
   -0.0062264385
   -0.0055546162
   -0.0048806131
   -0.0042045789
   -0.0035266642
   -0.0028470200
   -0.0021657978
   -0.0014831500
  -0.00079922918
  -0.00011418870
   0.00057181778
    0.0012586361
    0.0019461119
    0.0026340900
    0.0033224155
    0.0040109327
    0.0046994860
    0.0053879193
    0.0060760764
    0.0067638011
    0.0074509370
    0.0081373275
    0.0088228160
    0.0095072460
     0.010190461
     0.010872304
     0.011552620
     0.012231251
     0.012908042
     0.013582836
     0.014255479
     0.014925814
     0.015593687
     0.016258943
     0.016921427
     0.017580985
     0.018237465
     0.018890712
     0.019540575
     0.020186901
     0.020829539
     0.021468339
     0.022103149
     0.022733821
     0.023360206
     0.023982156
     0.024599524
     0.025212164
     0.025819930
     0.026422677
     0.027020262
     0.027612543
     0.028199377
     0.028780623
     0.029356144
     0.029925799
     0.030489451
     0.031046965
     0.031598205
     0.032143037
     0.032681330
     0.033212951
     0.033737771
     0.034255661
     0.034766494
     0.035270144
     0.035766487
     0.036255400
     0.036736762
     0.037210453
     0.037676354
     0.038134349
     0.038584322
     0.039026162
     0.039459754
     0.039884990
     0.040301761
     0.040709961
     0.041109485
     0.041500229
     0.041882093
     0.042254978
     0.042618785
     0.042973420
     0.043318788
     0.043654799
     0.043981362
     0.044298390
     0.044605797
     0.044903500
     0.045191417
     0.045469469
     0.045737579
     0.045995670
     0.046243671
     0.046481510
     0.046709118
     0.046926430
     0.047133381
     0.047329908
     0.047515953
     0.047691457
     0.047856366
     0.048010626
     0.048154188
     0.048287002
     0.048409023
     0.048520208
     0.048620515
     0.048709906
     0.048788344
     0.048855796
     0.048912229
     0.048957616
     0.048991928
     0.049015143
     0.049027238
     0.049028195
     0.049017996
     0.048996628
     0.048964078
     0.048920337
     0.048865399
     0.048799260
     0.048721917
     0.048633372
     0.048533628
     0.048422690
     0.048300568
     0.048167272
     0.048022816
     0.047867215
     0.047700489
     0.047522658
     0.047333745
     0.047133778
     0.046922785
     0.046700797
     0.046467847
     0.046223972
     0.045969211
     0.045703606
     0.045427198
     0.045140036
     0.044842168
     0.044533645
     0.044214521
     0.043884851
     0.043544696
     0.043194115
     0.042833173
     0.042461935
     0.042080469
     0.041688848
     0.041287143
     0.040875430
     0.040453788
     0.040022297
     0.039581039
     0.039130099
     0.038669564
     0.038199525
     0.037720073
     0.037231302
     0.036733308
     0.036226191
     0.035710050
     0.035184989
     0.034651114
     0.034108530
     0.033557348
     0.032997680
     0.032429638
     0.031853338
     0.031268899
     0.030676440
     0.030076082
     0.029467949
     0.028852167
     0.028228864
     0.027598168
     0.026960212
     0.026315127
     0.025663050
     0.025004116
     0.024338465
     0.023666236
     0.022987572
     0.022302615
     0.021611512
     0.020914408
     0.020211453
     0.019502796
     0.018788589
     0.018068984
     0.017344136
     0.016614201
     0.015879337
     0.015139701
     0.014395453
     0.013646755
     0.012893769
     0.012136659
     0.011375589
     0.010610726
    0.0098422365
    0.0090702889
    0.0082950522
    0.0075166969
    0.0067353939
    0.0059513156
    0.0051646348
    0.0043755256
    0.0035841625
    0.0027907212
    0.0019953777
    0.0011983092
   0.00039969315
  -0.00040029216
   -0.0012014679
   -0.0020036546
   -0.0028066725
   -0.0036103412
   -0.0044144797
   -0.0052189070
   -0.0060234415
   -0.0068279012
   -0.0076321041
   -0.0084358677
   -0.0092390095
    -0.010041347
    -0.010842697
    -0.011642876
    -0.012441702
    -0.013238992
    -0.014034563
    -0.014828232
    -0.015619817
    -0.016409134
    -0.017196002
    -0.017980239
    -0.018761663
    -0.019540092
    -0.020315346
    -0.021087244
    -0.021855605
    -0.022620251
    -0.023381002
    -0.024137680
    -0.024890106
    -0.025638104
    -0.026381497
    -0.027120109
    -0.027853766
    -0.028582293
    -0.029305517
    -0.030023266
    -0.030735367
    -0.031441652
    -0.032141950
    -0.032836093
    -0.033523914
    -0.034205246
    -0.034879926
    -0.035547788
    -0.036208672
    -0.036862415
    -0.037508858
    -0.038147843
    -0.038779212
    -0.039402810
    -0.040018483
    -0.040626079
    -0.041225447
    -0.041816436
    -0.042398900
    -0.042972693
    -0.043537669
    -0.044093688
    -0.044640607
    -0.045178287
    -0.045706592
    -0.046225387
    -0.046734537
    -0.047233911
    -0.047723381
    -0.048202818
    -0.048672097
    -0.049131095
    -0.049579690
    -0.050017764
    -0.050445199
    -0.050861880
    -0.051267696
    -0.051662536
    -0.052046292
    -0.052418857
    -0.052780130
    -0.053130008
    -0.053468394
    -0.053795191
    -0.054110305
    -0.054413644
    -0.054705121
    -0.054984649
    -0.055252144
    -0.055507525
    -0.055750713
    -0.055981633
    -0.056200210
    -0.056406375
    -0.056600058
    -0.056781196
    -0.056949724
    -0.057105584
    -0.057248717
    -0.057379070
    -0.057496591
    -0.057601230
    -0.057692943
    -0.057771685
    -0.057837416
    -0.057890098
    -0.057929697
    -0.057956182
    -0.057969522
    -0.057969693
    -0.057956670
    -0.057930434
    -0.057890968
    -0.057838257
    -0.057772289
    -0.057693057
    -0.057600554
    -0.057494779
    -0.057375732
    -0.057243416
    -0.057097838
    -0.056939007
    -0.056766936
    -0.056581640
    -0.056383137
    -0.056171448
    -0.055946600
    -0.055708617
    -0.055457532
    -0.055193377
    -0.054916189
    -0.054626007
    -0.054322874
    -0.054006835
    -0.053677937
    -0.053336234
    -0.052981777
    -0.052614626
    -0.052234840
    -0.051842482
    -0.051437619
    -0.051020318
    -0.050590653
    -0.050148697
    -0.049694529
    -0.049228229
    -0.048749880
    -0.048259569
    -0.047757384
    -0.047243419
    -0.046717767
    -0.046180525
    -0.045631795
    -0.045071680
    -0.044500284
    -0.043917717
    -0.043324090
    -0.042719517
    -0.042104113
    -0.041478000
    -0.040841297
    -0.040194131
    -0.039536627
    -0.038868915
    -0.038191128
    -0.037503399
    -0.036805866
    -0.036098669
    -0.035381949
    -0.034655851
    -0.033920521
    -0.033176108
    -0.032422763
    -0.031660641
    -0.030889897
    -0.030110689
    -0.029323178
    -0.028527525
    -0.027723895
    -0.026912455
    -0.026093374
    -0.025266823
    -0.024432973
    -0.023592000
    -0.022744080
    -0.021889392
    -0.021028116
    -0.020160435
    -0.019286531
    -0.018406591
    -0.017520802
    -0.016629353
    -0.015732435
    -0.014830240
    -0.013922962
    -0.013010795
    -0.012093937
    -0.011172586
    -0.010246941
   -0.0093172027
   -0.0083835740
   -0.0074462579
   -0.0065054591
   -0.0055613833
   -0.0046142374
   -0.0036642295
   -0.0027115684
   -0.0017564643
  -0.00079912803
   0.00016022849
    0.0011213926
    0.0020841507
    0.0030482886
    0.0040135912
    0.0049798430
    0.0059468275
    0.0069143279
    0.0078821268
    0.0088500063
    0.0098177482
     0.010785134
     0.011751943
     0.012717958
     0.013682959
     0.014646725
     0.015609037
     0.016569675
     0.017528419
     0.018485048
     0.019439343
     0.020391083
     0.021340049
     0.022286022
     0.023228781
     0.024168107
     0.025103783
     0.026035589
     0.026963308
     0.027886722
     0.028805615
     0.029719769
     0.030628970
     0.031533002
     0.032431652
     0.033324705
     0.034211949
     0.035093173
     0.035968165
     0.036836716
     0.037698616
     0.038553658
     0.039401636
     0.040242344
     0.041075577
     0.041901134
     0.042718811
     0.043528409
     0.044329728
     0.045122573
     0.045906745
     0.046682052
     0.047448300
     0.048205298
     0.048952856
     0.049690788
     0.050418906
     0.051137027
     0.051844968
     0.052542549
     0.053229592
     0.053905920
     0.054571359
     0.055225736
     0.055868881
     0.056500627
     0.057120806
     0.057729257
     0.058325816
     0.058910327
     0.059482631
     0.060042574
     0.060590006
     0.061124776
     0.061646738
     0.062155747
     0.062651663
     0.063134346
     0.063603659
     0.064059470
     0.064501648
     0.064930063
     0.065344592
     0.065745111
     0.066131501
     0.066503646
     0.066861432
     0.067204748
     0.067533485
     0.067847541
     0.068146813
     0.068431201
     0.068700612
     0.068954953
     0.069194134
     0.069418070
     0.069626677
     0.069819877
     0.069997594
     0.070159753
     0.070306287
     0.070437128
     0.070552214
     0.070651485
     0.070734885
     0.070802361
     0.070853865
     0.070889350
     0.070908774
     0.070912099
     0.070899288
     0.070870311
     0.070825139
     0.070763747
     0.070686114
     0.070592223
     0.070482060
     0.070355614
     0.070212878
     0.070053850
     0.069878530
     0.069686922
     0.069479034
     0.069254876
     0.069014466
     0.068757820
     0.068484961
     0.068195916
     0.067890713
     0.067569387
     0.067231975
     0.066878516
     0.066509056
     0.066123643
     0.065722327
     0.065305165
     0.064872215
     0.064423540
     0.063959207
     0.063479284
     0.062983846
     0.062472970
     0.061946737
     0.061405230
     0.060848538
     0.060276752
     0.059689967
     0.059088282
     0.058471799
     0.057840624
     0.057194866
     0.056534637
     0.055860053
     0.055171235
     0.054468305
     0.053751389
     0.053020618
     0.052276124
     0.051518044
     0.050746519
     0.049961690
     0.049163705
     0.048352713
     0.047528867
     0.046692324
     0.045843242
     0.044981785
     0.044108117
     0.043222407
     0.042324827
     0.041415552
     0.040494760
     0.039562631
     0.038619349
     0.037665100
     0.036700074
     0.035724463
     0.034738463
     0.033742270
     0.032736086
     0.031720113
     0.030694557
     0.029659628
     0.028615535
     0.027562492
     0.026500716
     0.025430424
     0.024351838
     0.023265181
     0.022170677
     0.021068556
     0.019959046
     0.018842381
     0.017718793
     0.016588520
     0.015451801
     0.014308874
     0.013159984
     0.012005373
     0.010845288
    0.0096799767
    0.0085096889
    0.0073346757
    0.0061551900
    0.0049714862
    0.0037838206
    0.0025924505
    0.0013976349
   0.00019963408
   -0.0010012902
   -0.0022048752
   -0.0034108566
   -0.0046189692
   -0.0058289466
   -0.0070405214
   -0.0082534251
   -0.0094673884
    -0.010682141
    -0.011897412
    -0.013112929
    -0.014328420
    -0.015543612
    -0.016758231
    -0.017972002
    -0.019184651
    -0.020395903
    -0.021605481
    -0.022813111
    -0.024018516
    -0.025221420
    -0.026421546
    -0.027618618
    -0.028812360
    -0.030002495
    -0.031188747
    -0.032370840
    -0.033548497
    -0.034721445
    -0.035889407
    -0.037052108
    -0.038209275
    -0.039360634
    -0.040505911
    -0.041644835
    -0.042777134
    -0.043902536
    -0.045020772
    -0.046131573
    -0.047234670
    -0.048329797
    -0.049416688
    -0.050495077
    -0.051564701
    -0.052625298
    -0.053676607
    -0.054718369
    -0.055750324
    -0.056772217
    -0.057783793
    -0.058784797
    -0.059774979
    -0.060754089
    -0.061721878
    -0.062678101
    -0.063622512
    -0.064554870
    -0.065474934
    -0.066382467
    -0.067277232
    -0.068158995
    -0.069027525
    -0.069882593
    -0.070723972
    -0.071551438
    -0.072364769
    -0.073163745
    -0.073948150
    -0.074717770
    -0.075472394
    -0.076211812
    -0.076935820
    -0.077644215
    -0.078336796
    -0.079013366
    -0.079673732
    -0.080317703
    -0.080945091
    -0.081555712
    -0.082149383
    -0.082725928
    -0.083285170
    -0.083826940
    -0.084351068
    -0.084857390
    -0.085345745
    -0.085815976
    -0.086267928
    -0.086701451
    -0.087116399
    -0.087512629
    -0.087890000
    -0.088248379
    -0.088587632
    -0.088907633
    -0.089208258
    -0.089489386
    -0.089750902
    -0.089992693
    -0.090214652
    -0.090416676
    -0.090598663
    -0.090760519
    -0.090902153
    -0.091023476
    -0.091124407
    -0.091204866
    -0.091264779
    -0.091304076
    -0.091322691
    -0.091320563
    -0.091297634
    -0.091253853
    -0.091189171
    -0.091103545
    -0.090996934
    -0.090869306
    -0.090720628
    -0.090550877
    -0.090360030
    -0.090148072
    -0.089914990
    -0.089660777
    -0.089385431
    -0.089088954
    -0.088771351
    -0.088432636
    -0.088072822
    -0.087691932
    -0.087289990
    -0.086867026
    -0.086423076
    -0.085958178
    -0.085472377
    -0.084965721
    -0.084438264
    -0.083890065
    -0.083321186
    -0.082731694
    -0.082121664
    -0.081491170
    -0.080840296
    -0.080169127
    -0.079477756
    -0.078766277
    -0.078034792
    -0.077283405
    -0.076512227
    -0.075721372
    -0.074910959
    -0.074081112
    -0.073231960
    -0.072363635
    -0.071476275
    -0.070570023
    -0.069645025
    -0.068701432
    -0.067739399
    -0.066759088
    -0.065760663
    -0.064744293
    -0.063710152
    -0.062658417
    -0.061589271
    -0.060502901
    -0.059399497
    -0.058279254
    -0.057142373
    -0.055989057
    -0.054819514
    -0.053633956
    -0.052432599
    -0.051215664
    -0.049983374
    -0.048735959
    -0.047473650
    -0.046196684
    -0.044905301
    -0.043599745
    -0.042280264
    -0.040947110
    -0.039600538
    -0.038240808
    -0.036868181
    -0.035482924
    -0.034085308
    -0.032675605
    -0.031254093
    -0.029821052
    -0.028376765
    -0.026921520
    -0.025455606
    -0.023979318
    -0.022492951
    -0.020996806
    -0.019491185
    -0.017976394
    -0.016452742
    -0.014920540
    -0.013380102
    -0.011831746
    -0.010275792
   -0.0087125614
   -0.0071423801
   -0.0055655756
   -0.0039824778
   -0.0023934192
  -0.00079873451
   0.00080123916
    0.0024061626
    0.0040156944
    0.0056294911
    0.0072472073
    0.0088684955
     0.010493006
     0.012120389
     0.013750291
     0.015382357
     0.017016231
     0.018651556
     0.020287973
     0.021925121
     0.023562639
     0.025200163
     0.026837330
     0.028473774
     0.030109128
     0.031743027
     0.033375102
     0.035004983
     0.036632302
     0.038256688
     0.039877770
     0.041495177
     0.043108538
     0.044717480
     0.046321632
     0.047920620
     0.049514073
     0.051101617
     0.052682880
     0.054257490
     0.055825074
     0.057385261
     0.058937680
     0.060481958
     0.062017726
     0.063544614
     0.065062252
     0.066570271
     0.068068305
     0.069555987
     0.071032950
     0.072498831
     0.073953265
     0.075395891
     0.076826348
     0.078244275
     0.079649316
     0.081041114
     0.082419313
     0.083783562
     0.085133508
     0.086468802
     0.087789096
     0.089094047
     0.090383309
     0.091656542
     0.092913407
     0.094153568
     0.095376691
     0.096582444
     0.097770498
     0.098940527
      0.10009221
      0.10122522
      0.10233924
      0.10343396
      0.10450907
      0.10556426
      0.10659921
      0.10761364
      0.10860724
      0.10957971
      0.11053076
      0.11146011
      0.11236747
      0.11325256
      0.11411510
      0.11495481
      0.11577144
      0.11656470
      0.11733435
      0.11808012
      0.11880176
      0.11949902
      0.12017165
      0.12081942
      0.12144209
      0.12203942
      0.12261120
      0.12315720
      0.12367719
      0.12417098
      0.12463834
      0.12507908
      0.12549300
      0.12587990
      0.12623960
      0.12657192
      0.12687666
      0.12715368
      0.12740278
      0.12762382
      0.12781664
      0.12798108
      0.12811700
      0.12822425
      0.12830271
      0.12835225
      0.12837273
      0.12836405
      0.12832608
      0.12825873
      0.12816190
      0.12803548
      0.12787939
      0.12769354
      0.12747787
      0.12723229
      0.12695674
      0.12665118
      0.12631553
      0.12594976
      0.12555382
      0.12512768
      0.12467132
      0.12418471
      0.12366784
      0.12312069
      0.12254327
      0.12193557
      0.12129762
      0.12062941
      0.11993099
      0.11920238
      0.11844360
      0.11765472
      0.11683576
      0.11598680
      0.11510789
      0.11419910
      0.11326051
      0.11229219
      0.11129423
      0.11026674
      0.10920981
      0.10812355
      0.10700806
      0.10586349
      0.10468994
      0.10348757
      0.10225649
      0.10099688
     0.099708865
     0.098392623
     0.097048317
     0.095676119
     0.094276210
     0.092848777
     0.091394012
     0.089912116
     0.088403293
     0.086867758
     0.085305728
     0.083717429
     0.082103094
     0.080462960
     0.078797271
     0.077106279
     0.075390241
     0.073649420
     0.071884087
     0.070094517
     0.068280991
     0.066443800
     0.064583236
     0.062699601
     0.060793202
     0.058864350
     0.056913364
     0.054940570
     0.052946297
     0.050930882
     0.048894667
     0.046838000
     0.044761234
     0.042664729
     0.040548850
     0.038413967
     0.036260457
     0.034088701
     0.031899086
     0.029692004
     0.027467853
     0.025227036
     0.022969961
     0.020697042
     0.018408697
     0.016105349
     0.013787426
     0.011455362
    0.0091095959
    0.0067505693
    0.0043787302
    0.0019945309
  -0.00040157182
   -0.0028091167
   -0.0052276378
   -0.0076566653
    -0.010095725
    -0.012544337
    -0.015002020
    -0.017468287
    -0.019942647
    -0.022424605
    -0.024913663
    -0.027409318
    -0.029911064
    -0.032418393
    -0.034930790
    -0.037447739
    -0.039968721
    -0.042493213
    -0.045020688
    -0.047550616
    -0.050082466
    -0.052615702
    -0.055149786
    -0.057684178
    -0.060218333
    -0.062751706
    -0.065283749
    -0.067813910
    -0.070341636
    -0.072866372
    -0.075387561
    -0.077904643
    -0.080417057
    -0.082924239
    -0.085425625
    -0.087920649
    -0.090408742
    -0.092889336
    -0.095361859
    -0.097825739
     -0.10028040
     -0.10272528
     -0.10515979
     -0.10758336
     -0.10999542
     -0.11239538
     -0.11478266
     -0.11715670
     -0.11951691
     -0.12186272
     -0.12419354
     -0.12650879
     -0.12880791
     -0.13109030
     -0.13335540
     -0.13560261
     -0.13783138
     -0.14004112
     -0.14223125
     -0.14440120
     -0.14655039
     -0.14867826
     -0.15078423
     -0.15286773
     -0.15492820
     -0.15696505
     -0.15897774
     -0.16096569
     -0.16292834
     -0.16486513
     -0.16677550
     -0.16865890
     -0.17051477
     -0.17234256
     -0.17414172
     -0.17591170
     -0.17765196
     -0.17936195
     -0.18104114
     -0.18268900
     -0.18430498
     -0.18588856
     -0.18743921
     -0.18895642
     -0.19043965
     -0.19188839
     -0.19330214
     -0.19468038
     -0.19602261
     -0.19732832
     -0.19859703
     -0.19982823
     -0.20102144
     -0.20217617
     -0.20329195
     -0.20436830
     -0.20540475
     -0.20640084
     -0.20735609
     -0.20827007
     -0.20914231
     -0.20997237
     -0.21075982
     -0.21150421
     -0.21220511
     -0.21286211
     -0.21347478
     -0.21404271
     -0.21456549
     -0.21504273
     -0.21547401
     -0.21585897
     -0.21619721
     -0.21648835
     -0.21673202
     -0.21692787
     -0.21707553
     -0.21717465
     -0.21722488
     -0.21722589
     -0.21717734
     -0.21707891
     -0.21693029
     -0.21673115
     -0.21648121
     -0.21618015
     -0.21582769
     -0.21542355
     -0.21496745
     -0.21445913
     -0.21389833
     -0.21328478
     -0.21261825
     -0.21189850
     -0.21112531
     -0.21029843
     -0.20941768
     -0.20848283
     -0.20749368
     -0.20645006
     -0.20535177
     -0.20419865
     -0.20299052
     -0.20172722
     -0.20040862
     -0.19903456
     -0.19760492
     -0.19611957
     -0.19457839
     -0.19298128
     -0.19132813
     -0.18961886
     -0.18785338
     -0.18603163
     -0.18415353
     -0.18221903
     -0.18022809
     -0.17818066
     -0.17607671
     -0.17391623
     -0.17169920
     -0.16942562
     -0.16709550
     -0.16470885
     -0.16226569
     -0.15976605
     -0.15720998
     -0.15459754
     -0.15192877
     -0.14920374
     -0.14642255
     -0.14358526
     -0.14069198
     -0.13774281
     -0.13473787
     -0.13167727
     -0.12856116
     -0.12538967
     -0.12216295
     -0.11888116
     -0.11554447
     -0.11215306
     -0.10870711
     -0.10520682
     -0.10165240
    -0.098044046
    -0.094381996
    -0.090666477
    -0.086897729
    -0.083076002
    -0.079201554
    -0.075274653
    -0.071295574
    -0.067264603
    -0.063182034
    -0.059048170
    -0.054863321
    -0.050627809
    -0.046341962
    -0.042006118
    -0.037620623
    -0.033185832
    -0.028702110
    -0.024169827
    -0.019589365
    -0.014961113
    -0.010285467
   -0.0055628349
  -0.00079362979
    0.0040217257
    0.0088828009
     0.013789157
     0.018740347
     0.023735916
     0.028775400
     0.033858330
     0.038984225
     0.044152599
     0.049362958
     0.054614800
     0.059907614
     0.065240883
     0.070614082
     0.076026680
     0.081478135
     0.086967901
     0.092495424
     0.098060143
      0.10366149
      0.10929888
      0.11497175
      0.12067949
      0.12642152
      0.13219723
      0.13800601
      0.14384724
      0.14972031
      0.15562458
      0.16155942
      0.16752419
      0.17351824
      0.17954092
      0.18559157
      0.19166952
      0.19777410
      0.20390465
      0.21006046
      0.21624087
      0.22244517
      0.22867267
      0.23492266
      0.24119445
      0.24748730
      0.25380052
      0.26013337
      0.26648512
      0.27285506
      0.27924243
      0.28564651
      0.29206654
      0.29850179
      0.30495148
      0.31141488
      0.31789122
      0.32437974
      0.33087966
      0.33739023
      0.34391066
      0.35044018
      0.35697801
      0.36352337
      0.37007547
      0.37663352
      0.38319674
      0.38976432
      0.39633548
      0.40290942
      0.40948533
      0.41606241
      0.42263987
      0.42921689
      0.43579267
      0.44236641
      0.44893728
      0.45550448
      0.46206720
      0.46862462
      0.47517593
      0.48172032
      0.48825696
      0.49478506
      0.50130378
      0.50781231
      0.51430984
      0.52079555
      0.52726862
      0.53372823
      0.54017358
      0.54660385
      0.55301821
      0.55941587
      0.56579600
      0.57215779
      0.57850044
      0.58482313
      0.59112506
      0.59740542
      0.60366340
      0.60989821
      0.61610904
      0.62229509
      0.62845557
      0.63458968
      0.64069664
      0.64677564
      0.65282591
      0.65884666
      0.66483711
      0.67079648
      0.67672400
      0.68261889
      0.68848039
      0.69430774
      0.70010017
      0.70585692
      0.71157724
      0.71726039
      0.72290562
      0.72851218
      0.73407935
      0.73960638
      0.74509256
      0.75053715
      0.75593945
      0.76129873
      0.76661430
      0.77188544
      0.77711147
      0.78229168
      0.78742540
      0.79251194
      0.79755062
      0.80254079
      0.80748176
      0.81237290
      0.81721354
      0.82200305
      0.82674077
      0.83142609
      0.83605838
      0.84063701
      0.84516138
      0.84963087
      0.85404490
      0.85840287
      0.86270420
      0.86694830
      0.87113462
      0.87526259
      0.87933165
      0.88334126
      0.88729088
      0.89117997
      0.89500802
      0.89877451
      0.90247893
      0.90612078
      0.90969957
      0.91321482
      0.91666605
      0.92005280
      0.92337461
      0.92663103
      0.92982161
      0.93294594
      0.93600359
      0.93899413
      0.94191718
      0.94477232
      0.94755918
      0.95027738
      0.95292654
      0.95550631
      0.95801634
      0.96045629
      0.96282582
      0.96512462
      0.96735237
      0.96950877
      0.97159352
      0.97360635
      0.97554698
      0.97741514
      0.97921058
      0.98093306
      0.98258234
      0.98415820
      0.98566042
      0.98708880
      0.98844314
      0.98972327
      0.99092899
      0.99206016
      0.99311662
      0.99409821
      0.99500482
      0.99583631
      0.99659257
      0.99727349
      0.99787900
      0.99840900
      0.99886341
      0.99924219
      0.99954527
      0.99977262
      0.99992420
       1.0000000
       1.0000000
      0.99992420
      0.99977262
      0.99954527
      0.99924219
      0.99886341
      0.99840900
      0.99787900
      0.99727349
      0.99659257
      0.99583631
      0.99500482
      0.99409821
      0.99311662
      0.99206016
      0.99092899
      0.98972327
      0.98844314
      0.98708880
      0.98566042
      0.98415820
      0.98258234
      0.98093306
      0.97921058
      0.97741514
      0.97554698
      0.97360635
      0.97159352
      0.96950877
      0.96735237
      0.96512462
      0.96282582
      0.96045629
      0.95801634
      0.95550631
      0.95292654
      0.95027738
      0.94755918
      0.94477232
      0.94191718
      0.93899413
      0.93600359
      0.93294594
      0.92982161
      0.92663103
      0.92337461
      0.92005280
      0.91666605
      0.91321482
      0.90969957
      0.90612078
      0.90247893
      0.89877451
      0.89500802
      0.89117997
      0.88729088
      0.88334126
      0.87933165
      0.87526259
      0.87113462
      0.86694830
      0.86270420
      0.85840287
      0.85404490
      0.84963087
      0.84516138
      0.84063701
      0.83605838
      0.83142609
      0.82674077
      0.82200305
      0.81721354
      0.81237290
      0.80748176
      0.80254079
      0.79755062
      0.79251194
      0.78742540
      0.78229168
      0.77711147
      0.77188544
      0.76661430
      0.76129873
      0.75593945
      0.75053715
      0.74509256
      0.73960638
      0.73407935
      0.72851218
      0.72290562
      0.71726039
      0.71157724
      0.70585692
      0.70010017
      0.69430774
      0.68848039
      0.68261889
      0.67672400
      0.67079648
      0.66483711
      0.65884666
      0.65282591
      0.64677564
      0.64069664
      0.63458968
      0.62845557
      0.62229509
      0.61610904
      0.60989821
      0.60366340
      0.59740542
      0.59112506
      0.58482313
      0.57850044
      0.57215779
      0.56579600
      0.55941587
      0.55301821
      0.54660385
      0.54017358
      0.53372823
      0.52726862
      0.52079555
      0.51430984
      0.50781231
      0.50130378
      0.49478506
      0.48825696
      0.48172032
      0.47517593
      0.46862462
      0.46206720
      0.45550448
      0.44893728
      0.44236640
      0.43579267
      0.42921689
      0.42263987
      0.41606241
      0.40948533
      0.40290942
      0.39633548
      0.38976432
      0.38319674
      0.37663352
      0.37007547
      0.36352337
      0.35697801
      0.35044018
      0.34391066
      0.33739023
      0.33087966
      0.32437974
      0.31789122
      0.31141488
      0.30495148
      0.29850179
      0.29206654
      0.28564651
      0.27924243
      0.27285506
      0.26648512
      0.26013337
      0.25380052
      0.24748730
      0.24119445
      0.23492266
      0.22867267
      0.22244517
      0.21624087
      0.21006046
      0.20390465
      0.19777410
      0.19166952
      0.18559157
      0.17954092
      0.17351824
      0.16752419
      0.16155942
      0.15562458
      0.14972031
      0.14384724
      0.13800601
      0.13219723
      0.12642152
      0.12067949
      0.11497175
      0.10929888
      0.10366149
     0.098060143
     0.092495424
     0.086967901
     0.081478135
     0.076026680
     0.070614082
     0.065240883
     0.059907614
     0.054614800
     0.049362958
     0.044152599
     0.038984225
     0.033858329
     0.028775400
     0.023735916
     0.018740347
     0.013789157
    0.0088828009
    0.0040217257
  -0.00079362985
   -0.0055628350
    -0.010285467
    -0.014961113
    -0.019589365
    -0.024169827
    -0.028702110
    -0.033185832
    -0.037620623
    -0.042006118
    -0.046341962
    -0.050627809
    -0.054863321
    -0.059048170
    -0.063182034
    -0.067264603
    -0.071295574
    -0.075274653
    -0.079201554
    -0.083076002
    -0.086897729
    -0.090666477
    -0.094381996
    -0.098044046
     -0.10165240
     -0.10520682
     -0.10870711
     -0.11215306
     -0.11554447
     -0.11888116
     -0.12216295
     -0.12538967
     -0.12856116
     -0.13167727
     -0.13473787
     -0.13774281
     -0.14069198
     -0.14358526
     -0.14642255
     -0.14920374
     -0.15192877
     -0.15459754
     -0.15720998
     -0.15976605
     -0.16226569
     -0.16470885
     -0.16709550
     -0.16942562
     -0.17169920
     -0.17391623
     -0.17607671
     -0.17818066
     -0.18022809
     -0.18221903
     -0.18415353
     -0.18603163
     -0.18785338
     -0.18961886
     -0.19132813
     -0.19298128
     -0.19457839
     -0.19611957
     -0.19760492
     -0.19903456
     -0.20040862
     -0.20172722
     -0.20299052
     -0.20419865
     -0.20535177
     -0.20645006
     -0.20749368
     -0.20848283
     -0.20941768
     -0.21029843
     -0.21112531
     -0.21189850
     -0.21261825
     -0.21328478
     -0.21389833
     -0.21445913
     -0.21496745
     -0.21542355
     -0.21582769
     -0.21618015
     -0.21648121
     -0.21673115
     -0.21693029
     -0.21707891
     -0.21717734
     -0.21722589
     -0.21722488
     -0.21717465
     -0.21707553
     -0.21692787
     -0.21673202
     -0.21648835
     -0.21619721
     -0.21585897
     -0.21547401
     -0.21504273
     -0.21456549
     -0.21404271
     -0.21347478
     -0.21286211
     -0.21220511
     -0.21150421
     -0.21075982
     -0.20997237
     -0.20914231
     -0.20827007
     -0.20735609
     -0.20640084
     -0.20540475
     -0.20436830
     -0.20329195
     -0.20217617
     -0.20102144
     -0.19982823
     -0.19859703
     -0.19732832
     -0.19602261
     -0.19468038
     -0.19330214
     -0.19188839
     -0.19043965
     -0.18895642
     -0.18743921
     -0.18588856
     -0.18430498
     -0.18268900
     -0.18104114
     -0.17936195
     -0.17765196
     -0.17591170
     -0.17414172
     -0.17234256
     -0.17051477
     -0.16865890
     -0.16677550
     -0.16486513
     -0.16292834
     -0.16096569
     -0.15897774
     -0.15696505
     -0.15492820
     -0.15286773
     -0.15078423
     -0.14867826
     -0.14655039
     -0.14440120
     -0.14223125
     -0.14004112
     -0.13783138
     -0.13560261
     -0.13335540
     -0.13109030
     -0.12880791
     -0.12650879
     -0.12419354
     -0.12186272
     -0.11951691
     -0.11715670
     -0.11478266
     -0.11239538
     -0.10999542
     -0.10758336
     -0.10515979
     -0.10272528
     -0.10028040
    -0.097825739
    -0.095361859
    -0.092889336
    -0.090408742
    -0.087920649
    -0.085425625
    -0.082924239
    -0.080417056
    -0.077904643
    -0.075387561
    -0.072866372
    -0.070341636
    -0.067813910
    -0.065283749
    -0.062751706
    -0.060218333
    -0.057684178
    -0.055149786
    -0.052615702
    -0.050082466
    -0.047550616
    -0.045020688
    -0.042493213
    -0.039968721
    -0.037447739
    -0.034930790
    -0.032418392
    -0.029911064
    -0.027409318
    -0.024913662
    -0.022424605
    -0.019942647
    -0.017468287
    -0.015002020
    -0.012544337
    -0.010095725
   -0.0076566652
   -0.0052276378
   -0.0028091166
  -0.00040157176
    0.0019945310
    0.0043787303
    0.0067505694
    0.0091095960
     0.011455363
     0.013787426
     0.016105349
     0.018408697
     0.020697042
     0.022969961
     0.025227036
     0.027467853
     0.029692004
     0.031899086
     0.034088701
     0.036260457
     0.038413967
     0.040548850
     0.042664729
     0.044761234
     0.046838000
     0.048894667
     0.050930882
     0.052946297
     0.054940570
     0.056913364
     0.058864350
     0.060793202
     0.062699601
     0.064583236
     0.066443800
     0.068280991
     0.070094517
     0.071884087
     0.073649421
     0.075390241
     0.077106279
     0.078797271
     0.080462960
     0.082103094
     0.083717429
     0.085305728
     0.086867758
     0.088403293
     0.089912116
     0.091394012
     0.092848777
     0.094276210
     0.095676119
     0.097048317
     0.098392623
     0.099708865
      0.10099688
      0.10225649
      0.10348757
      0.10468994
      0.10586349
      0.10700806
      0.10812355
      0.10920981
      0.11026674
      0.11129423
      0.11229219
      0.11326051
      0.11419910
      0.11510789
      0.11598680
      0.11683576
      0.11765472
      0.11844360
      0.11920238
      0.11993099
      0.12062941
      0.12129762
      0.12193557
      0.12254327
      0.12312069
      0.12366784
      0.12418471
      0.12467132
      0.12512769
      0.12555382
      0.12594976
      0.12631553
      0.12665118
      0.12695674
      0.12723229
      0.12747787
      0.12769354
      0.12787939
      0.12803548
      0.12816190
      0.12825873
      0.12832608
      0.12836405
      0.12837273
      0.12835225
      0.12830271
      0.12822425
      0.12811700
      0.12798108
      0.12781664
      0.12762382
      0.12740278
      0.12715368
      0.12687666
      0.12657192
      0.12623960
      0.12587990
      0.12549300
      0.12507908
      0.12463834
      0.12417098
      0.12367719
      0.12315720
      0.12261120
      0.12203942
      0.12144209
      0.12081942
      0.12017165
      0.11949902
      0.11880176
      0.11808012
      0.11733435
      0.11656470
      0.11577144
      0.11495481
      0.11411510
      0.11325256
      0.11236747
      0.11146011
      0.11053076
      0.10957971
      0.10860724
      0.10761364
      0.10659921
      0.10556426
      0.10450907
      0.10343396
      0.10233924
      0.10122522
      0.10009221
     0.098940527
     0.097770498
     0.096582444
     0.095376691
     0.094153568
     0.092913407
     0.091656542
     0.090383309
     0.089094047
     0.087789096
     0.086468802
     0.085133508
     0.083783562
     0.082419313
     0.081041114
     0.079649316
     0.078244275
     0.076826348
     0.075395891
     0.073953265
     0.072498831
     0.071032950
     0.069555987
     0.068068305
     0.066570271
     0.065062252
     0.063544614
     0.062017726
     0.060481958
     0.058937680
     0.057385261
     0.055825074
     0.054257490
     0.052682880
     0.051101617
     0.049514073
     0.047920620
     0.046321632
     0.044717480
     0.043108538
     0.041495177
     0.039877770
     0.038256688
     0.036632302
     0.035004983
     0.033375102
     0.031743027
     0.030109128
     0.028473773
     0.026837330
     0.025200163
     0.023562639
     0.021925121
     0.020287973
     0.018651556
     0.017016231
     0.015382357
     0.013750291
     0.012120389
     0.010493006
    0.0088684954
    0.0072472072
    0.0056294910
    0.0040156943
    0.0024061625
   0.00080123909
  -0.00079873458
   -0.0023934193
   -0.0039824779
   -0.0055655757
   -0.0071423802
   -0.0087125614
    -0.010275792
    -0.011831746
    -0.013380102
    -0.014920540
    -0.016452742
    -0.017976394
    -0.019491185
    -0.020996806
    -0.022492951
    -0.023979318
    -0.025455606
    -0.026921520
    -0.028376765
    -0.029821052
    -0.031254093
    -0.032675605
    -0.034085308
    -0.035482924
    -0.036868181
    -0.038240808
    -0.039600538
    -0.040947110
    -0.042280264
    -0.043599745
    -0.044905301
    -0.046196684
    -0.047473650
    -0.048735959
    -0.049983374
    -0.051215664
    -0.052432599
    -0.053633956
    -0.054819514
    -0.055989057
    -0.057142374
    -0.058279255
    -0.059399497
    -0.060502901
    -0.061589271
    -0.062658417
    -0.063710152
    -0.064744294
    -0.065760664
    -0.066759089
    -0.067739399
    -0.068701432
    -0.069645025
    -0.070570023
    -0.071476275
    -0.072363635
    -0.073231960
    -0.074081112
    -0.074910959
    -0.075721372
    -0.076512227
    -0.077283405
    -0.078034792
    -0.078766277
    -0.079477756
    -0.080169127
    -0.080840296
    -0.081491170
    -0.082121664
    -0.082731695
    -0.083321186
    -0.083890065
    -0.084438264
    -0.084965721
    -0.085472377
    -0.085958178
    -0.086423076
    -0.086867026
    -0.087289990
    -0.087691932
    -0.088072822
    -0.088432636
    -0.088771352
    -0.089088954
    -0.089385431
    -0.089660777
    -0.089914990
    -0.090148072
    -0.090360030
    -0.090550877
    -0.090720628
    -0.090869306
    -0.090996934
    -0.091103545
    -0.091189171
    -0.091253853
    -0.091297634
    -0.091320563
    -0.091322691
    -0.091304076
    -0.091264779
    -0.091204866
    -0.091124407
    -0.091023476
    -0.090902153
    -0.090760519
    -0.090598663
    -0.090416676
    -0.090214652
    -0.089992693
    -0.089750902
    -0.089489386
    -0.089208258
    -0.088907633
    -0.088587632
    -0.088248379
    -0.087890000
    -0.087512629
    -0.087116399
    -0.086701452
    -0.086267928
    -0.085815976
    -0.085345745
    -0.084857390
    -0.084351068
    -0.083826940
    -0.083285170
    -0.082725928
    -0.082149383
    -0.081555712
    -0.080945091
    -0.080317703
    -0.079673733
    -0.079013366
    -0.078336796
    -0.077644215
    -0.076935820
    -0.076211812
    -0.075472394
    -0.074717770
    -0.073948150
    -0.073163745
    -0.072364769
    -0.071551438
    -0.070723972
    -0.069882593
    -0.069027525
    -0.068158995
    -0.067277232
    -0.066382467
    -0.065474934
    -0.064554870
    -0.063622512
    -0.062678101
    -0.061721878
    -0.060754089
    -0.059774979
    -0.058784797
    -0.057783793
    -0.056772217
    -0.055750324
    -0.054718369
    -0.053676607
    -0.052625298
    -0.051564701
    -0.050495077
    -0.049416688
    -0.048329797
    -0.047234670
    -0.046131573
    -0.045020772
    -0.043902536
    -0.042777134
    -0.041644835
    -0.040505911
    -0.039360634
    -0.038209275
    -0.037052108
    -0.035889407
    -0.034721445
    -0.033548497
    -0.032370840
    -0.031188747
    -0.030002495
    -0.028812360
    -0.027618618
    -0.026421546
    -0.025221420
    -0.024018516
    -0.022813111
    -0.021605481
    -0.020395903
    -0.019184651
    -0.017972002
    -0.016758231
    -0.015543612
    -0.014328420
    -0.013112929
    -0.011897412
    -0.010682141
   -0.0094673884
   -0.0082534251
   -0.0070405214
   -0.0058289466
   -0.0046189692
   -0.0034108566
   -0.0022048751
   -0.0010012902
   0.00019963411
    0.0013976349
    0.0025924505
    0.0037838206
    0.0049714863
    0.0061551900
    0.0073346757
    0.0085096889
    0.0096799767
     0.010845288
     0.012005373
     0.013159984
     0.014308874
     0.015451801
     0.016588521
     0.017718793
     0.018842381
     0.019959046
     0.021068556
     0.022170677
     0.023265181
     0.024351838
     0.025430424
     0.026500716
     0.027562492
     0.028615535
     0.029659628
     0.030694557
     0.031720113
     0.032736086
     0.033742270
     0.034738463
     0.035724463
     0.036700074
     0.037665100
     0.038619349
     0.039562631
     0.040494760
     0.041415552
     0.042324827
     0.043222407
     0.044108117
     0.044981785
     0.045843242
     0.046692324
     0.047528867
     0.048352713
     0.049163705
     0.049961690
     0.050746519
     0.051518045
     0.052276124
     0.053020618
     0.053751389
     0.054468305
     0.055171235
     0.055860053
     0.056534637
     0.057194866
     0.057840624
     0.058471799
     0.059088282
     0.059689967
     0.060276752
     0.060848538
     0.061405230
     0.061946737
     0.062472970
     0.062983847
     0.063479284
     0.063959207
     0.064423541
     0.064872215
     0.065305165
     0.065722327
     0.066123643
     0.066509056
     0.066878517
     0.067231975
     0.067569388
     0.067890713
     0.068195916
     0.068484961
     0.068757820
     0.069014466
     0.069254877
     0.069479034
     0.069686922
     0.069878530
     0.070053850
     0.070212878
     0.070355614
     0.070482060
     0.070592223
     0.070686114
     0.070763747
     0.070825139
     0.070870311
     0.070899288
     0.070912099
     0.070908774
     0.070889350
     0.070853865
     0.070802361
     0.070734885
     0.070651485
     0.070552214
     0.070437128
     0.070306287
     0.070159754
     0.069997594
     0.069819878
     0.069626677
     0.069418070
     0.069194134
     0.068954953
     0.068700612
     0.068431202
     0.068146813
     0.067847541
     0.067533486
     0.067204748
     0.066861432
     0.066503646
     0.066131502
     0.065745111
     0.065344592
     0.064930063
     0.064501648
     0.064059470
     0.063603660
     0.063134346
     0.062651663
     0.062155747
     0.061646738
     0.061124776
     0.060590006
     0.060042574
     0.059482631
     0.058910327
     0.058325817
     0.057729257
     0.057120806
     0.056500627
     0.055868881
     0.055225736
     0.054571359
     0.053905920
     0.053229592
     0.052542550
     0.051844968
     0.051137027
     0.050418906
     0.049690788
     0.048952856
     0.048205298
     0.047448300
     0.046682052
     0.045906745
     0.045122573
     0.044329728
     0.043528409
     0.042718811
     0.041901134
     0.041075577
     0.040242344
     0.039401636
     0.038553658
     0.037698616
     0.036836716
     0.035968165
     0.035093173
     0.034211950
     0.033324705
     0.032431652
     0.031533003
     0.030628970
     0.029719769
     0.028805615
     0.027886722
     0.026963308
     0.026035589
     0.025103783
     0.024168107
     0.023228781
     0.022286022
     0.021340049
     0.020391083
     0.019439343
     0.018485048
     0.017528419
     0.016569675
     0.015609038
     0.014646725
     0.013682959
     0.012717958
     0.011751943
     0.010785134
    0.0098177482
    0.0088500064
    0.0078821269
    0.0069143280
    0.0059468275
    0.0049798430
    0.0040135913
    0.0030482887
    0.0020841508
    0.0011213926
   0.00016022856
  -0.00079912797
   -0.0017564642
   -0.0027115683
   -0.0036642294
   -0.0046142374
   -0.0055613832
   -0.0065054590
   -0.0074462579
   -0.0083835739
   -0.0093172027
    -0.010246941
    -0.011172586
    -0.012093937
    -0.013010795
    -0.013922962
    -0.014830240
    -0.015732435
    -0.016629353
    -0.017520802
    -0.018406591
    -0.019286531
    -0.020160435
    -0.021028116
    -0.021889392
    -0.022744080
    -0.023592000
    -0.024432973
    -0.025266823
    -0.026093374
    -0.026912455
    -0.027723895
    -0.028527525
    -0.029323177
    -0.030110689
    -0.030889897
    -0.031660641
    -0.032422763
    -0.033176108
    -0.033920521
    -0.034655851
    -0.035381949
    -0.036098669
    -0.036805866
    -0.037503399
    -0.038191128
    -0.038868915
    -0.039536627
    -0.040194131
    -0.040841297
    -0.041478000
    -0.042104113
    -0.042719517
    -0.043324090
    -0.043917717
    -0.044500284
    -0.045071680
    -0.045631795
    -0.046180525
    -0.046717767
    -0.047243419
    -0.047757384
    -0.048259569
    -0.048749880
    -0.049228229
    -0.049694529
    -0.050148697
    -0.050590653
    -0.051020318
    -0.051437619
    -0.051842482
    -0.052234840
    -0.052614626
    -0.052981777
    -0.053336234
    -0.053677937
    -0.054006835
    -0.054322874
    -0.054626007
    -0.054916189
    -0.055193377
    -0.055457532
    -0.055708617
    -0.055946600
    -0.056171448
    -0.056383137
    -0.056581640
    -0.056766936
    -0.056939007
    -0.057097838
    -0.057243416
    -0.057375732
    -0.057494779
    -0.057600554
    -0.057693057
    -0.057772289
    -0.057838257
    -0.057890968
    -0.057930434
    -0.057956670
    -0.057969693
    -0.057969522
    -0.057956182
    -0.057929697
    -0.057890098
    -0.057837416
    -0.057771685
    -0.057692943
    -0.057601230
    -0.057496591
    -0.057379070
    -0.057248717
    -0.057105584
    -0.056949724
    -0.056781196
    -0.056600058
    -0.056406375
    -0.056200210
    -0.055981633
    -0.055750713
    -0.055507525
    -0.055252144
    -0.054984649
    -0.054705121
    -0.054413644
    -0.054110305
    -0.053795191
    -0.053468394
    -0.053130008
    -0.052780130
    -0.052418857
    -0.052046292
    -0.051662536
    -0.051267696
    -0.050861880
    -0.050445199
    -0.050017764
    -0.049579690
    -0.049131095
    -0.048672097
    -0.048202818
    -0.047723381
    -0.047233911
    -0.046734537
    -0.046225387
    -0.045706592
    -0.045178287
    -0.044640607
    -0.044093688
    -0.043537669
    -0.042972693
    -0.042398900
    -0.041816436
    -0.041225447
    -0.040626079
    -0.040018483
    -0.039402810
    -0.038779212
    -0.038147843
    -0.037508858
    -0.036862415
    -0.036208672
    -0.035547788
    -0.034879926
    -0.034205246
    -0.033523914
    -0.032836093
    -0.032141950
    -0.031441652
    -0.030735367
    -0.030023266
    -0.029305517
    -0.028582293
    -0.027853766
    -0.027120109
    -0.026381497
    -0.025638104
    -0.024890106
    -0.024137680
    -0.023381002
    -0.022620251
    -0.021855605
    -0.021087244
    -0.020315346
    -0.019540092
    -0.018761663
    -0.017980239
    -0.017196002
    -0.016409134
    -0.015619817
    -0.014828232
    -0.014034563
    -0.013238992
    -0.012441702
    -0.011642876
    -0.010842697
    -0.010041347
   -0.0092390095
   -0.0084358677
   -0.0076321041
   -0.0068279012
   -0.0060234414
   -0.0052189070
   -0.0044144797
   -0.0036103411
   -0.0028066725
   -0.0020036546
   -0.0012014679
  -0.00040029213
   0.00039969318
    0.0011983092
    0.0019953778
    0.0027907212
    0.0035841626
    0.0043755256
    0.0051646349
    0.0059513156
    0.0067353940
    0.0075166969
    0.0082950523
    0.0090702889
    0.0098422366
     0.010610726
     0.011375589
     0.012136659
     0.012893769
     0.013646755
     0.014395453
     0.015139701
     0.015879337
     0.016614202
     0.017344136
     0.018068984
     0.018788589
     0.019502796
     0.020211453
     0.020914408
     0.021611512
     0.022302615
     0.022987572
     0.023666236
     0.024338465
     0.025004116
     0.025663050
     0.026315127
     0.026960212
     0.027598168
     0.028228864
     0.028852167
     0.029467949
     0.030076082
     0.030676440
     0.031268899
     0.031853338
     0.032429638
     0.032997680
     0.033557348
     0.034108530
     0.034651114
     0.035184990
     0.035710050
     0.036226191
     0.036733308
     0.037231302
     0.037720073
     0.038199525
     0.038669564
     0.039130099
     0.039581039
     0.040022297
     0.040453788
     0.040875430
     0.041287143
     0.041688848
     0.042080469
     0.042461935
     0.042833173
     0.043194115
     0.043544696
     0.043884851
     0.044214521
     0.044533645
     0.044842168
     0.045140036
     0.045427198
     0.045703606
     0.045969212
     0.046223972
     0.046467847
     0.046700797
     0.046922785
     0.047133778
     0.047333746
     0.047522658
     0.047700489
     0.047867215
     0.048022816
     0.048167272
     0.048300568
     0.048422690
     0.048533628
     0.048633372
     0.048721917
     0.048799260
     0.048865399
     0.048920337
     0.048964078
     0.048996628
     0.049017996
     0.049028195
     0.049027239
     0.049015143
     0.048991928
     0.048957616
     0.048912229
     0.048855796
     0.048788344
     0.048709906
     0.048620515
     0.048520208
     0.048409024
     0.048287002
     0.048154188
     0.048010626
     0.047856366
     0.047691457
     0.047515953
     0.047329908
     0.047133381
     0.046926430
     0.046709118
     0.046481510
     0.046243671
     0.045995670
     0.045737579
     0.045469469
     0.045191418
     0.044903500
     0.044605797
     0.044298390
     0.043981362
     0.043654799
     0.043318788
     0.042973420
     0.042618785
     0.042254978
     0.041882093
     0.041500229
     0.041109485
     0.040709961
     0.040301761
     0.039884990
     0.039459754
     0.039026162
     0.038584323
     0.038134349
     0.037676354
     0.037210453
     0.036736762
     0.036255400
     0.035766487
     0.035270144
     0.034766494
     0.034255661
     0.033737771
     0.033212951
     0.032681330
     0.032143037
     0.031598205
     0.031046965
     0.030489451
     0.029925799
     0.029356144
     0.028780623
     0.028199377
     0.027612543
     0.027020262
     0.026422677
     0.025819930
     0.025212164
     0.024599525
     0.023982157
     0.023360206
     0.022733821
     0.022103149
     0.021468339
     0.020829539
     0.020186901
     0.019540575
     0.018890712
     0.018237465
     0.017580985
     0.016921427
     0.016258943
     0.015593687
     0.014925814
     0.014255479
     0.013582836
     0.012908042
     0.012231251
     0.011552620
     0.010872304
     0.010190461
    0.0095072460
    0.0088228160
    0.0081373275
    0.0074509370
    0.0067638012
    0.0060760765
    0.0053879193
    0.0046994860
    0.0040109328
    0.0033224155
    0.0026340901
    0.0019461119
    0.0012586362
   0.00057181782
  -0.00011418866
  -0.00079922914
   -0.0014831499
   -0.0021657978
   -0.0028470199
   -0.0035266642
   -0.0042045789
   -0.0048806130
   -0.0055546161
   -0.0062264385
   -0.0068959309
   -0.0075629452
   -0.0082273337
   -0.0088889497
   -0.0095476471
    -0.010203281
    -0.010855707
    -0.011504782
    -0.012150363
    -0.012792309
    -0.013430480
    -0.014064737
    -0.014694940
    -0.015320954
    -0.015942641
    -0.016559868
    -0.017172500
    -0.017780405
    -0.018383452
    -0.018981510
    -0.019574452
    -0.020162149
    -0.020744476
    -0.021321309
    -0.021892523
    -0.022457997
    -0.023017612
    -0.023571247
    -0.024118787
    -0.024660114
    -0.025195115
    -0.025723677
    -0.025986334
