  -0.00033309160
  -0.00099451281
   -0.0016411228
   -0.0022626982
   -0.0028493968
   -0.0033919138
   -0.0038816289
   -0.0043107436
   -0.0046724051
   -0.0049608158
   -0.0051713262
   -0.0053005097
   -0.0053462184
   -0.0053076188
   -0.0051852065
   -0.0049808004
   -0.0046975155
   -0.0043397159
   -0.0039129470
   -0.0034238504
   -0.0028800600
   -0.0022900830
   -0.0016631669
   -0.0010091547
  -0.00033833026
   0.00033874338
    0.0010113902
    0.0016689896
    0.0023011439
    0.0028978429
    0.0034496221
    0.0039477132
    0.0043841828
    0.0047520593
    0.0050454439
    0.0052596051
    0.0053910552
    0.0054376066
    0.0053984088
    0.0052739628
    0.0050661157
    0.0047780330
    0.0044141509
    0.0039801074
    0.0034826557
    0.0029295586
    0.0023294677
    0.0016917881
    0.0010265309
   0.00034415622
  -0.00034459134
   -0.0010288517
   -0.0016978208
   -0.0023409207
   -0.0029479672
   -0.0035093307
   -0.0040160895
   -0.0044601709
   -0.0048344801
   -0.0051330135
   -0.0053509547
   -0.0054847525
   -0.0055321785
   -0.0054923640
   -0.0053658158
   -0.0051544102
   -0.0048613647
   -0.0044911899
   -0.0040496198
   -0.0035435227
   -0.0029807950
   -0.0023702376
   -0.0017214186
   -0.0010445231
  -0.00035019353
   0.00035063745
    0.0010469194
    0.0017276582
    0.0023820893
    0.0029998484
    0.0035711351
    0.0040868687
    0.0045388320
    0.0049198028
    0.0052236688
    0.0054455258
    0.0055817567
    0.0056300905
    0.0055896400
    0.0054609176
    0.0052458294
    0.0049476472
    0.0045709584
    0.0041215960
    0.0036065478
    0.0030338482
    0.0024124527
    0.0017520982
    0.0010631499
   0.00035643919
  -0.00035690676
   -0.0010656403
   -0.0017585703
   -0.0024247391
   -0.0030535958
   -0.0036351628
   -0.0041601947
   -0.0046203249
   -0.0050081988
   -0.0053175915
   -0.0055435076
   -0.0056822618
   -0.0057315387
   -0.0056904318
   -0.0055594593
   -0.0053405583
   -0.0050370562
   -0.0046536202
   -0.0041961856
   -0.0036718641
   -0.0030888330
   -0.0024562079
   -0.0017839004
   -0.0010824624
  -0.00036292113
   0.00036339477
    0.0010850331
    0.0017905989
    0.0024689341
    0.0031092942
    0.0037015183
    0.0042361899
    0.0047047874
    0.0050998191
    0.0054149432
    0.0056450697
    0.0057864423
    0.0058366997
    0.0057949151
    0.0056616126
    0.0054387612
    0.0051297460
    0.0047393169
    0.0042735150
    0.0037395803
    0.0031458382
    0.0025015704
    0.0018168694
    0.0011024808
   0.00036963461
  -0.00037013135
   -0.0011051530
   -0.0018238236
   -0.0025147776
   -0.0031670696
   -0.0037703481
   -0.0043150198
   -0.0047924018
   -0.0051948600
   -0.0055159315
   -0.0057504279
   -0.0058945192
   -0.0059457964
   -0.0059033113
   -0.0057675941
   -0.0055406468
   -0.0052259144
   -0.0048282318
   -0.0043537506
   -0.0038098433
   -0.0032049890
   -0.0025486415
   -0.0018510813
   -0.0011232546
  -0.00037660198
   0.00037712183
    0.0011260327
    0.0018583045
    0.0025623558
    0.0032270329
    0.0038417867
    0.0043968398
    0.0048833420
    0.0052935115
    0.0056207593
    0.0058597949
    0.0060067115
    0.0060590504
    0.0060158413
    0.0058776205
    0.0056464242
    0.0053257589
    0.0049205485
    0.0044370583
    0.0038827988
    0.0032664085
    0.0025975197
    0.0018866079
    0.0011448279
   0.00038383855
  -0.00038437998
   -0.0011477152
   -0.0018941129
   -0.0026117677
   -0.0032893094
   -0.0039159835
   -0.0044818214
   -0.0049777991
   -0.0053959812
   -0.0057296476
   -0.0059734014
   -0.0061232563
   -0.0061767016
   -0.0061327439
   -0.0059919255
   -0.0057563180
   -0.0054294920
   -0.0050164632
   -0.0045236154
   -0.0039586020
   -0.0033302270
   -0.0026483083
   -0.0019235239
   -0.0011672449
  -0.00039135756
   0.00039192417
    0.0011702503
    0.0019313297
    0.0026631241
    0.0033540383
    0.0039931041
    0.0045701543
    0.0050759841
    0.0055024981
    0.0058428399
    0.0060915020
    0.0062444151
    0.0062990142
    0.0062542820
    0.0061107666
    0.0058705765
    0.0055373485
    0.0051161938
    0.0046136190
    0.0040374262
    0.0033965914
    0.0027011250
    0.0019619158
    0.0011905599
   0.00039917950
  -0.00039976797
   -0.0011936857
   -0.0019700359
   -0.0027165383
   -0.0034213635
   -0.0040733211
   -0.0046620370
   -0.0051781181
   -0.0056133029
   -0.0059605927
   -0.0062143650
   -0.0063704636
   -0.0064262673
   -0.0063807333
   -0.0062344160
   -0.0059894616
   -0.0056495761
   -0.0052199695
   -0.0047072763
   -0.0041194530
   -0.0034656543
   -0.0027560914
   -0.0020018717
   -0.0012148257
  -0.00040732117
   0.00040793124
    0.0012180777
    0.0020103240
    0.0027721374
    0.0034914451
    0.0041568251
    0.0047576878
    0.0052844442
    0.0057286593
    0.0060831865
    0.0063422830
    0.0065017024
    0.0065587645
    0.0065123996
    0.0063631689
    0.0061132573
    0.0057664426
    0.0053280379
    0.0048048104
    0.0042048772
    0.0035375793
    0.0028133363
    0.0020434839
    0.0012400961
   0.00041579657
  -0.00041644024
   -0.0012434929
   -0.0020522998
   -0.0028300657
   -0.0035644636
   -0.0042438303
   -0.0048573516
   -0.0053952344
   -0.0058488625
   -0.0062109351
   -0.0064755840
   -0.0066384685
   -0.0066968466
   -0.0066496207
   -0.0064973582
   -0.0062422849
   -0.0058882528
   -0.0054406821
   -0.0049064784
   -0.0042939259
   -0.0036125596
   -0.0028730165
   -0.0020868696
   -0.0012664471
  -0.00042463916
   0.00042530471
    0.0012699841
    0.0020960587
    0.0028904593
    0.0036405940
    0.0043345479
    0.0049612727
    0.0055107618
    0.0059742104
    0.0063441564
    0.0066146008
    0.0067811040
    0.0068408596
    0.0067927406
    0.0066373208
    0.0063768680
    0.0060153116
    0.0055581835
    0.0050125330
    0.0043868190
    0.0036907783
    0.0029352745
    0.0021321284
    0.0012939331
   0.00043385681
  -0.00043456404
   -0.0012976379
   -0.0021417337
   -0.0029534960
   -0.0037200567
   -0.0044292381
   -0.0050697470
   -0.0056313543
   -0.0061050579
   -0.0064832273
   -0.0067597264
   -0.0069300126
   -0.0069912116
   -0.0069421657
   -0.0067834549
   -0.0065173908
   -0.0061479834
   -0.0056808806
   -0.0051232820
   -0.0044838283
   -0.0037724671
   -0.0030002983
   -0.0021794013
   -0.0013226459
  -0.00044349068
   0.00044422856
    0.0013265161
    0.0021894370
    0.0030193373
    0.0038030595
    0.0045281518
    0.0051830651
    0.0057573373
    0.0062417602
    0.0066285270
    0.0069113582
    0.0070856032
    0.0071483168
    0.0070983085
    0.0069361648
    0.0066642426
    0.0062866359
    0.0058091137
    0.0052390324
    0.0045852222
    0.0038578510
    0.0030682656
    0.0022288157
    0.0013526598
   0.00045356005
  -0.00045433462
   -0.0013567106
   -0.0022393154
   -0.0030881824
   -0.0038898522
   -0.0046315856
   -0.0053015659
   -0.0058890872
   -0.0063847256
   -0.0067804896
   -0.0070699495
   -0.0072483415
   -0.0073126458
   -0.0072616374
   -0.0070959091
   -0.0068178652
   -0.0064316870
   -0.0059432699
   -0.0053601341
   -0.0046913080
   -0.0039471895
   -0.0031393839
   -0.0022805228
   -0.0013840675
  -0.00046409727
   0.00046491125
    0.0013883118
    0.0022915194
    0.0031602405
    0.0039806991
    0.0047398553
    0.0054256122
    0.0060270084
    0.0065343938
    0.0069395835
    0.0072359902
    0.0074187311
    0.0074847080
    0.0074326596
    0.0072631850
    0.0069787375
    0.0065835897
    0.0060837692
    0.0054869670
    0.0048024191
    0.0040407640
    0.0032138772
    0.0023346862
    0.0014169685
   0.00047513580
  -0.00047599198
   -0.0014214202
   -0.0023462155
   -0.0032357415
   -0.0040758908
   -0.0048533080
   -0.0055556022
   -0.0061715445
   -0.0066912471
   -0.0071063223
   -0.0074100172
   -0.0075973240
   -0.0076650619
   -0.0076119313
   -0.0074385373
   -0.0071473845
   -0.0067428405
   -0.0062310713
   -0.0056199467
   -0.0049189200
   -0.0041388817
   -0.0032919905
   -0.0023914835
   -0.0014514701
  -0.00048671054
   0.00048761565
    0.0014561483
    0.0024035886
    0.0033149407
    0.0041757491
    0.0049723276
    0.0056919766
    0.0063231862
    0.0068558190
    0.0072812740
    0.0075926245
    0.0077847310
    0.0078543258
    0.0078000683
    0.0076225699
    0.0073243883
    0.0069099907
    0.0063856876
    0.0057595365
    0.0050412182
    0.0042418875
    0.0033740000
    0.0024511179
    0.0014876986
   0.00049886814
  -0.00049981633
   -0.0014926109
   -0.0024638330
   -0.0033981092
   -0.0042806184
   -0.0050973265
   -0.0058352098
   -0.0064824626
   -0.0070286854
   -0.0074650527
   -0.0077844546
   -0.0079816129
   -0.0080531682
   -0.0079977364
   -0.0078159350
   -0.0075103771
   -0.0070856341
   -0.0065481681
   -0.0059062330
   -0.0051697486
   -0.0043501472
   -0.0034601959
   -0.0025137985
   -0.0015257781
  -0.00051164485
   0.00051264698
    0.0015309501
    0.0025271786
    0.0034855619
    0.0043908941
    0.0052287756
    0.0059858411
    0.0066499738
    0.0072104982
    0.0076583520
    0.0079862324
    0.0081887150
    0.0082623431
    0.0082056868
    0.0080193691
    0.0077060609
    0.0072704430
    0.0067191361
    0.0060606009
    0.0053050079
    0.0044640808
    0.0035509148
    0.0025797725
    0.0015658617
   0.00052509681
  -0.00052615007
   -0.0015713071
   -0.0025938637
   -0.0035776309
   -0.0045069980
   -0.0053671796
   -0.0061444513
   -0.0068263677
   -0.0074019624
   -0.0078619235
   -0.0081987445
   -0.0084068463
   -0.0084826695
   -0.0084247350
   -0.0082336713
   -0.0079122098
   -0.0074651455
   -0.0068992662
   -0.0062232495
   -0.0054475298
   -0.0045841377
   -0.0036465133
   -0.0026492973
   -0.0016081025
  -0.00053926953
   0.00054038953
    0.0016138553
    0.0026641694
    0.0036747018
    0.0046294147
    0.0055131162
    0.0063117020
    0.0070123808
    0.0076038785
    0.0080766197
    0.0084228822
    0.0086369236
    0.0087150753
    0.0086558056
    0.0084597486
    0.0081296984
    0.0076705703
    0.0070893275
    0.0063948760
    0.0055979282
    0.0047108379
    0.0037474090
    0.0027226807
    0.0016526931
   0.00055423616
  -0.00055541349
   -0.0016587641
   -0.0027383846
   -0.0037771795
   -0.0047586593
   -0.0056672028
   -0.0064883047
   -0.0072088074
   -0.0078171117
   -0.0083033631
   -0.0086596115
   -0.0088799407
   -0.0089605666
   -0.0088999013
   -0.0086985837
   -0.0083594738
   -0.0078876130
   -0.0072901494
   -0.0065762297
   -0.0057568595
   -0.0048447336
   -0.0038540398
   -0.0028002381
   -0.0016998200
  -0.00057005033
   0.00057130350
    0.0017062505
    0.0028168597
    0.0038855430
    0.0048953338
    0.0058301562
    0.0066750804
    0.0074165610
    0.0080426544
    0.0085432105
    0.0089100371
    0.0091370339
    0.0092202934
    0.0091581677
    0.0089512999
    0.0086026190
    0.0081172993
    0.0075026835
    0.0067681725
    0.0059250814
    0.0049864654
    0.0039669182
    0.0028823451
    0.0017497147
   0.00058679434
  -0.00058812892
   -0.0017565355
   -0.0028999652
   -0.0040003081
   -0.0050400920
   -0.0060027590
   -0.0068729291
   -0.0076366460
   -0.0082816004
   -0.0087973282
   -0.0091753802
   -0.0094094600
   -0.0094955288
   -0.0094318741
   -0.0092191426
   -0.0088603355
   -0.0083607669
   -0.0077279854
   -0.0069716603
   -0.0061034341
   -0.0051367436
   -0.0040866122
   -0.0029694165
   -0.0018026311
  -0.00060455587
   0.00060597133
    0.0018098703
    0.0029881193
    0.0041220550
    0.0051936682
    0.0061858893
    0.0070828606
    0.0078701886
    0.0085351754
    0.0090670232
    0.0094570089
    0.0096986273
    0.0097876989
    0.0097224418
    0.0095035057
    0.0091339675
    0.0086192888
    0.0079672355
    0.0071877614
    0.0062928557
    0.0052963598
    0.0042137527
    0.0030619114
    0.0018588473
   0.00062342576
  -0.00062493037
   -0.0018665454
   -0.0030818006
   -0.0042514445
   -0.0053568968
   -0.0063805439
   -0.0073060193
   -0.0081184644
   -0.0088047675
   -0.0093537748
   -0.0097564713
    -0.010006128
    -0.010098417
    -0.010031479
   -0.0098059662
   -0.0094250357
   -0.0088943046
   -0.0082217690
   -0.0074176840
   -0.0064944073
   -0.0054662095
   -0.0043490540
   -0.0031603494
   -0.0019186782
  -0.00064350697
   0.00064511874
    0.0019268893
    0.0031815509
    0.0043892249
    0.0055307231
    0.0065878520
    0.0075437023
    0.0083829197
    0.0090919505
    0.0096592610
     0.010075524
     0.010333772
     0.010429513
     0.010360811
     0.010128316
    0.0097352695
    0.0091874528
    0.0084931066
    0.0076628063
    0.0067093008
    0.0056473178
    0.0044933362
    0.0032653306
    0.0019824922
   0.00066492829
  -0.00066665172
   -0.0019912622
   -0.0032879713
   -0.0045362317
   -0.0057162058
   -0.0068090806
   -0.0077973673
   -0.0086651813
   -0.0093984964
   -0.0099853718
    -0.010416146
    -0.010683596
    -0.010783055
    -0.010712498
    -0.010472577
    -0.010066619
   -0.0095005806
   -0.0087829623
   -0.0079246798
   -0.0069388993
   -0.0058408354
   -0.0046475170
   -0.0033775229
   -0.0020506937
  -0.00068782154
   0.00068967527
    0.0020600883
    0.0034017612
    0.0046934309
    0.0059145651
    0.0070456878
    0.0080686896
    0.0089671175
    0.0097264389
     0.010334277
     0.010780610
     0.011057939
     0.011161411
     0.011088905
     0.010841069
     0.010421324
    0.0098358108
    0.0090933067
    0.0082050907
    0.0071847739
    0.0060480915
    0.0048126599
    0.0034977044
    0.0021237603
   0.00071235264
  -0.00071434077
   -0.0021338375
   -0.0035237043
   -0.0048619113
   -0.0061271809
   -0.0072993257
   -0.0083595699
   -0.0092908504
    -0.010078090
    -0.010708442
    -0.011171499
    -0.011459463
    -0.011567280
    -0.011492722
    -0.011236434
    -0.010801934
    -0.010195559
   -0.0094263823
   -0.0085060699
   -0.0074487095
   -0.0062705934
   -0.0049899676
   -0.0036267504
   -0.0022022223
  -0.00073869461
   0.00074083959
    0.0022130665
    0.0036547186
    0.0050429415
    0.0063556563
    0.0075719104
    0.0086722109
    0.0096388372
     0.010456126
     0.011110723
     0.011591804
     0.011891250
     0.012003784
     0.011927065
     0.011661732
     0.011211403
     0.010582627
    0.0097847900
    0.0088299751
    0.0077327804
    0.0065100959
    0.0051808441
    0.0037656877
    0.0022867086
   0.00076706413
  -0.00076937551
   -0.0022984013
   -0.0037958468
   -0.0052379694
   -0.0066018261
   -0.0078656388
   -0.0090091406
    -0.010013901
    -0.010863623
    -0.011544404
    -0.012044967
    -0.012356844
    -0.012474519
    -0.012395523
    -0.012120487
    -0.011653134
    -0.011000239
    -0.010171525
   -0.0091795201
   -0.0080393727
   -0.0067686156
   -0.0053868996
   -0.0039156896
   -0.0023779315
  -0.00079769518
   0.00080020228
    0.0023905854
    0.0039483166
    0.0054486931
    0.0068678379
    0.0081830793
    0.0093733129
     0.010419339
     0.011304173
     0.012013318
     0.012535006
     0.012860388
     0.012983684
     0.012902288
     0.012616815
     0.012131104
     0.011452167
     0.010590090
    0.0095578823
    0.0083712825
    0.0070485180
    0.0056100262
    0.0040781388
    0.0024767362
   0.00083087527
  -0.00083360176
   -0.0024904726
   -0.0041135475
   -0.0056770824
   -0.0071561871
   -0.0085272204
   -0.0097681679
    -0.010858994
    -0.011781966
    -0.012521941
    -0.013066612
    -0.013406716
    -0.013536185
    -0.013452258
    -0.013155531
    -0.012649964
    -0.011942823
    -0.011044586
   -0.0099687801
   -0.0087317828
   -0.0073525732
   -0.0058524402
   -0.0042546556
   -0.0025841130
  -0.00086694097
   0.00086990497
    0.0025990650
    0.0042932053
    0.0059254494
    0.0074698037
    0.0089015713
     0.010197746
     0.011337380
     0.012301924
     0.013075528
     0.013645297
     0.014001513
     0.014137790
     0.014051193
     0.013742296
     0.013215182
     0.012477397
     0.011539835
     0.010416586
    0.0091247213
    0.0076840350
    0.0061167419
    0.0044471360
    0.0027012139
   0.00090627157
  -0.00090952228
   -0.0027175672
   -0.0044892809
   -0.0061965501
   -0.0078121762
   -0.0093103075
    -0.010666852
    -0.011859865
    -0.012869901
    -0.013680333
    -0.014277622
    -0.014651544
    -0.014795363
    -0.014705952
    -0.014383852
    -0.013833279
    -0.013062074
    -0.012081589
    -0.010906521
   -0.0095546966
   -0.0080467979
   -0.0064060496
   -0.0046578616
   -0.0028294359
  -0.00094934439
   0.00095291647
    0.0028473880
    0.0047041201
    0.0064936438
    0.0081874381
    0.0097583836
     0.011181196
     0.012432832
     0.013492862
     0.014343800
     0.014971396
     0.015364868
     0.015517090
     0.015424713
     0.015088241
     0.014512030
     0.013704239
     0.012676714
     0.011444817
     0.010027198
    0.0084455092
    0.0067240825
    0.0048895503
    0.0029704369
   0.00099671532
   -0.0010006593
   -0.0029902348
   -0.0049405560
   -0.0068206608
   -0.0086005712
    -0.010251770
    -0.011747656
    -0.013063972
    -0.014179198
    -0.015074901
    -0.015736038
    -0.016151205
    -0.016312839
    -0.016217345
    -0.015865173
    -0.015260827
    -0.014412810
    -0.013333508
    -0.012039008
    -0.010548862
   -0.0088857917
   -0.0070753427
   -0.0051454942
   -0.0031262276
   -0.0010490615
    0.0010534391
    0.0031481720
    0.0052020177
    0.0071823623
    0.0090576139
     0.010797705
     0.012374575
     0.013762618
     0.014939102
     0.015884535
     0.016582990
     0.017022371
     0.017194618
     0.017095854
     0.016726463
     0.016091103
     0.015198651
     0.014062081
     0.012698278
     0.011127788
    0.0093745077
    0.0074653277
    0.0054297161
    0.0032992676
    0.0011072139
   -0.0011120934
   -0.0033237198
   -0.0054926963
   -0.0075845710
   -0.0095659548
    -0.011405053
    -0.013072174
    -0.014540208
    -0.015785065
    -0.016786068
    -0.017526296
    -0.017992870
    -0.018177169
    -0.018074990
    -0.017686633
    -0.017016917
    -0.016075125
    -0.014874876
    -0.013433934
    -0.011773944
   -0.0099201086
   -0.0079008093
   -0.0057471706
   -0.0034925838
   -0.0011721898
    0.0011776663
    0.0035200034
    0.0058177844
    0.0080345004
     0.010134749
     0.012084798
     0.013853127
     0.015410930
     0.016732590
     0.017796093
     0.018583394
     0.019080722
     0.019278818
     0.019173097
     0.018763753
     0.018055770
     0.017058873
     0.015787394
     0.014260069
     0.012499765
     0.010533142
    0.0083902438
    0.0061040498
    0.0037099628
    0.0012452657
   -0.0012514582
   -0.0037409270
   -0.0061837762
   -0.0085411794
    -0.010775463
    -0.012850708
    -0.014733321
    -0.016392580
    -0.017801135
    -0.018935449
    -0.019776197
    -0.020308586
    -0.020522618
    -0.020413264
    -0.019980577
    -0.019229714
    -0.018170879
    -0.016819191
    -0.015194473
    -0.013320958
    -0.011226936
   -0.0089443243
   -0.0065081883
   -0.0039562002
   -0.0013280615
    0.0013351130
    0.0039914363
    0.0065989052
    0.0091160626
     0.011502654
     0.013720267
     0.015732952
     0.017507796
     0.019015463
     0.020230673
     0.021132624
     0.021705346
     0.021937976
     0.021824959
     0.021366167
     0.020566926
     0.019437968
     0.017995287
     0.016259919
     0.014257636
     0.012018571
    0.0095767602
    0.0069696350
    0.0042374471
    0.0014226507
   -0.0014307536
   -0.0042779047
   -0.0070737829
   -0.0097739188
    -0.012335098
    -0.014716048
    -0.016878105
    -0.018785830
    -0.020407595
    -0.021716100
    -0.022688827
    -0.023308426
    -0.023563019
    -0.023446416
    -0.022958250
    -0.022104016
    -0.020895018
    -0.019348229
    -0.017486053
    -0.015336007
    -0.012930317
    -0.010305440
   -0.0075015133
   -0.0045617446
   -0.0015317498
    0.0015411512
    0.0046086699
    0.0076223050
     0.010534105
     0.013297427
     0.015867681
     0.018203045
     0.020265142
     0.022019664
     0.023436943
     0.024492444
     0.025167183
     0.025448068
     0.025328134
     0.024806699
     0.023889412
     0.022588204
     0.020921144
     0.018912188
     0.016590846
     0.013991749
     0.011154137
    0.0081212744
    0.0049397902
    0.0016589681
   -0.0016700132
   -0.0049948740
   -0.0082630496
    -0.011422517
    -0.014422618
    -0.017214866
    -0.019753726
    -0.021997351
    -0.023908267
    -0.025453991
    -0.026607579
    -0.027348091
    -0.027660955
    -0.027538249
    -0.026978864
    -0.025988576
    -0.024579998
    -0.022772431
    -0.020591610
    -0.018069336
    -0.015243029
    -0.012155168
   -0.0088526658
   -0.0053861578
   -0.0018092325
    0.0018223913
    0.0054517266
    0.0090214064
     0.012474585
     0.015755834
     0.018812033
     0.021593212
     0.024053372
     0.026151233
     0.027850921
     0.029122571
     0.029942847
     0.030295353
     0.030170949
     0.029567946
     0.028492192
     0.026957033
     0.024983168
     0.022598373
     0.019837124
     0.016740099
     0.013353595
    0.0097288377
    0.0059212137
    0.0019894346
   -0.0020053628
   -0.0060005586
   -0.0099330236
    -0.013740109
    -0.017360635
    -0.020735868
    -0.023810461
    -0.026533355
    -0.028858616
    -0.030746201
    -0.032162633
    -0.033081588
    -0.033484364
    -0.033360240
    -0.032706713
    -0.031529603
    -0.029843035
    -0.027669288
    -0.025038511
    -0.021988318
    -0.018563260
    -0.014814186
    -0.010797494
   -0.0065742976
   -0.0022095032
    0.0022291771
    0.0066722646
     0.011049591
     0.015291395
     0.019329424
     0.023098017
     0.026535166
     0.029583517
     0.032191320
     0.034313287
     0.035911370
     0.036955421
     0.037423741
     0.037303497
     0.036591010
     0.035291899
     0.033421076
     0.031002603
     0.028069404
     0.024662827
     0.020832079
     0.016633529
     0.012129891
    0.0073893044
    0.0024843128
   -0.0025092287
   -0.0075133119
    -0.012448979
    -0.017237554
    -0.021801877
    -0.026067534
    -0.029964051
    -0.033426039
    -0.036394277
    -0.038816697
    -0.040649282
    -0.041856838
    -0.042413638
    -0.042303925
    -0.041522264
    -0.040073739
    -0.037973987
    -0.035249059
    -0.031935135
    -0.028078055
    -0.023732718
    -0.018962310
    -0.013837413
   -0.0084349785
   -0.0028371911
    0.0028697572
    0.0085969740
     0.014254227
     0.019751344
     0.024999622
     0.029913236
     0.034410616
     0.038415771
     0.041859549
     0.044680794
     0.046827401
     0.048257240
     0.048938934
     0.048852481
     0.047989703
     0.046354519
     0.043963036
     0.040843445
     0.037035731
     0.032591198
     0.027571809
     0.022049352
     0.016104449
    0.0098254034
    0.0033069273
   -0.0033512575
    -0.010045909
    -0.016671832
    -0.023123488
    -0.029296643
    -0.035090009
    -0.040406861
    -0.045156611
    -0.049256299
    -0.052631999
    -0.055220088
    -0.056968387
    -0.057837133
    -0.057799776
    -0.056843579
    -0.054970014
    -0.052194953
    -0.048548620
    -0.044075341
    -0.038833063
    -0.032892651
    -0.026336987
    -0.019259865
    -0.011764695
   -0.0039630547
    0.0040269231
     0.012082276
     0.020077045
     0.027884179
     0.035377483
     0.042433592
     0.048933923
     0.054766591
     0.059828249
     0.064025827
     0.067278147
     0.069517374
     0.070690292
     0.070759379
     0.069703653
     0.067519291
     0.064219982
     0.059837034
     0.054419203
     0.048032261
     0.040758291
     0.032694728
     0.023953146
     0.014657808
    0.0049440008
   -0.0050438312
    -0.015154122
    -0.025230365
    -0.035113417
    -0.044643872
    -0.053664496
    -0.062022669
    -0.069572809
    -0.076178731
    -0.081715922
    -0.086073671
    -0.089157051
    -0.090888693
    -0.091210342
    -0.090084150
    -0.087493707
    -0.083444758
    -0.077965619
    -0.071107264
    -0.062943074
    -0.053568257
    -0.043098927
    -0.031670865
    -0.019437952
   -0.0065703109
    0.0067478345
     0.020320553
     0.033942826
     0.047403358
     0.060487547
     0.072980568
     0.084670532
     0.095351688
      0.10482760
      0.11291427
      0.11944319
      0.12426419
      0.12724816
      0.12828951
      0.12730837
      0.12425249
      0.11909879
      0.11185458
      0.10255836
     0.091280252
     0.078121962
     0.063216371
     0.046726663
     0.028845045
    0.0097910370
    -0.010190622
    -0.030832465
    -0.051847128
    -0.072930520
    -0.093765266
     -0.11402441
     -0.13337532
     -0.15148373
     -0.16801796
     -0.18265307
     -0.19507514
     -0.20498541
     -0.21210440
     -0.21617575
     -0.21696998
     -0.21428789
     -0.20796372
     -0.19786789
     -0.18390944
     -0.16603792
     -0.14424495
     -0.11856521
    -0.089076971
    -0.055902080
    -0.019205473
     0.020805879
     0.063884506
      0.10974449
      0.15806399
      0.20848823
      0.26063286
      0.31408781
      0.36842136
      0.42318458
      0.47791600
      0.53214648
      0.58540418
      0.63721963
      0.68713081
      0.73468820
      0.77945966
      0.82103522
      0.85903163
      0.89309656
      0.92291258
      0.94820068
      0.96872337
      0.98428741
      0.99474590
       1.0000000
       1.0000000
      0.99474590
      0.98428741
      0.96872337
      0.94820068
      0.92291258
      0.89309656
      0.85903163
      0.82103522
      0.77945966
      0.73468820
      0.68713081
      0.63721963
      0.58540418
      0.53214648
      0.47791600
      0.42318458
      0.36842136
      0.31408781
      0.26063286
      0.20848823
      0.15806399
      0.10974449
     0.063884506
     0.020805879
    -0.019205473
    -0.055902081
    -0.089076971
     -0.11856521
     -0.14424495
     -0.16603792
     -0.18390944
     -0.19786789
     -0.20796372
     -0.21428789
     -0.21696998
     -0.21617575
     -0.21210440
     -0.20498541
     -0.19507514
     -0.18265307
     -0.16801796
     -0.15148373
     -0.13337532
     -0.11402441
    -0.093765265
    -0.072930519
    -0.051847128
    -0.030832464
    -0.010190622
    0.0097910373
     0.028845045
     0.046726664
     0.063216371
     0.078121962
     0.091280252
      0.10255836
      0.11185458
      0.11909879
      0.12425249
      0.12730837
      0.12828951
      0.12724816
      0.12426419
      0.11944319
      0.11291427
      0.10482760
     0.095351688
     0.084670532
     0.072980567
     0.060487547
     0.047403358
     0.033942825
     0.020320553
    0.0067478343
   -0.0065703111
    -0.019437952
    -0.031670866
    -0.043098928
    -0.053568257
    -0.062943075
    -0.071107265
    -0.077965620
    -0.083444758
    -0.087493707
    -0.090084150
    -0.091210342
    -0.090888694
    -0.089157051
    -0.086073671
    -0.081715922
    -0.076178731
    -0.069572809
    -0.062022669
    -0.053664495
    -0.044643872
    -0.035113417
    -0.025230365
    -0.015154121
   -0.0050438310
    0.0049440011
     0.014657809
     0.023953147
     0.032694729
     0.040758291
     0.048032261
     0.054419204
     0.059837034
     0.064219982
     0.067519291
     0.069703654
     0.070759379
     0.070690292
     0.069517374
     0.067278147
     0.064025828
     0.059828249
     0.054766591
     0.048933923
     0.042433592
     0.035377483
     0.027884179
     0.020077046
     0.012082276
    0.0040269231
   -0.0039630548
    -0.011764695
    -0.019259865
    -0.026336987
    -0.032892651
    -0.038833063
    -0.044075342
    -0.048548620
    -0.052194953
    -0.054970015
    -0.056843579
    -0.057799777
    -0.057837134
    -0.056968387
    -0.055220088
    -0.052631999
    -0.049256300
    -0.045156611
    -0.040406862
    -0.035090009
    -0.029296643
    -0.023123488
    -0.016671832
    -0.010045910
   -0.0033512578
    0.0033069271
    0.0098254032
     0.016104449
     0.022049352
     0.027571809
     0.032591198
     0.037035731
     0.040843445
     0.043963036
     0.046354519
     0.047989702
     0.048852481
     0.048938934
     0.048257240
     0.046827401
     0.044680794
     0.041859549
     0.038415771
     0.034410616
     0.029913236
     0.024999622
     0.019751344
     0.014254227
    0.0085969740
    0.0028697572
   -0.0028371911
   -0.0084349785
    -0.013837413
    -0.018962310
    -0.023732718
    -0.028078055
    -0.031935135
    -0.035249059
    -0.037973987
    -0.040073739
    -0.041522264
    -0.042303925
    -0.042413638
    -0.041856839
    -0.040649282
    -0.038816697
    -0.036394277
    -0.033426039
    -0.029964051
    -0.026067534
    -0.021801877
    -0.017237554
    -0.012448979
   -0.0075133119
   -0.0025092287
    0.0024843127
    0.0073893044
     0.012129891
     0.016633529
     0.020832079
     0.024662827
     0.028069404
     0.031002603
     0.033421076
     0.035291899
     0.036591010
     0.037303497
     0.037423741
     0.036955421
     0.035911370
     0.034313287
     0.032191320
     0.029583517
     0.026535166
     0.023098017
     0.019329424
     0.015291395
     0.011049591
    0.0066722647
    0.0022291772
   -0.0022095031
   -0.0065742975
    -0.010797494
    -0.014814186
    -0.018563260
    -0.021988318
    -0.025038511
    -0.027669288
    -0.029843035
    -0.031529603
    -0.032706713
    -0.033360240
    -0.033484364
    -0.033081588
    -0.032162633
    -0.030746201
    -0.028858617
    -0.026533356
    -0.023810462
    -0.020735868
    -0.017360635
    -0.013740109
   -0.0099330237
   -0.0060005586
   -0.0020053629
    0.0019894345
    0.0059212137
    0.0097288377
     0.013353595
     0.016740099
     0.019837124
     0.022598373
     0.024983168
     0.026957033
     0.028492192
     0.029567947
     0.030170949
     0.030295353
     0.029942847
     0.029122571
     0.027850921
     0.026151233
     0.024053372
     0.021593212
     0.018812033
     0.015755835
     0.012474585
    0.0090214066
    0.0054517268
    0.0018223915
   -0.0018092323
   -0.0053861576
   -0.0088526657
    -0.012155168
    -0.015243029
    -0.018069336
    -0.020591609
    -0.022772431
    -0.024579998
    -0.025988576
    -0.026978864
    -0.027538249
    -0.027660955
    -0.027348091
    -0.026607579
    -0.025453991
    -0.023908267
    -0.021997351
    -0.019753726
    -0.017214866
    -0.014422618
    -0.011422517
   -0.0082630496
   -0.0049948740
   -0.0016700132
    0.0016589682
    0.0049397903
    0.0081212745
     0.011154137
     0.013991749
     0.016590846
     0.018912188
     0.020921144
     0.022588204
     0.023889412
     0.024806699
     0.025328134
     0.025448068
     0.025167183
     0.024492444
     0.023436943
     0.022019664
     0.020265142
     0.018203045
     0.015867681
     0.013297427
     0.010534105
    0.0076223051
    0.0046086700
    0.0015411512
   -0.0015317497
   -0.0045617445
   -0.0075015133
    -0.010305440
    -0.012930317
    -0.015336007
    -0.017486053
    -0.019348229
    -0.020895018
    -0.022104016
    -0.022958250
    -0.023446416
    -0.023563019
    -0.023308427
    -0.022688827
    -0.021716100
    -0.020407596
    -0.018785830
    -0.016878105
    -0.014716049
    -0.012335098
   -0.0097739190
   -0.0070737831
   -0.0042779050
   -0.0014307538
    0.0014226505
    0.0042374468
    0.0069696348
    0.0095767600
     0.012018571
     0.014257636
     0.016259918
     0.017995287
     0.019437968
     0.020566926
     0.021366167
     0.021824959
     0.021937976
     0.021705346
     0.021132624
     0.020230673
     0.019015463
     0.017507796
     0.015732952
     0.013720267
     0.011502654
    0.0091160628
    0.0065989055
    0.0039914365
    0.0013351133
   -0.0013280612
   -0.0039561999
   -0.0065081880
   -0.0089443241
    -0.011226935
    -0.013320958
    -0.015194473
    -0.016819191
    -0.018170879
    -0.019229714
    -0.019980577
    -0.020413264
    -0.020522617
    -0.020308586
    -0.019776197
    -0.018935449
    -0.017801135
    -0.016392580
    -0.014733320
    -0.012850708
    -0.010775463
   -0.0085411794
   -0.0061837762
   -0.0037409270
   -0.0012514582
    0.0012452657
    0.0037099628
    0.0061040497
    0.0083902438
     0.010533142
     0.012499765
     0.014260069
     0.015787394
     0.017058873
     0.018055770
     0.018763753
     0.019173097
     0.019278818
     0.019080722
     0.018583394
     0.017796092
     0.016732590
     0.015410930
     0.013853127
     0.012084798
     0.010134749
    0.0080345004
    0.0058177843
    0.0035200034
    0.0011776663
   -0.0011721898
   -0.0034925838
   -0.0057471707
   -0.0079008093
   -0.0099201086
    -0.011773944
    -0.013433934
    -0.014874876
    -0.016075125
    -0.017016917
    -0.017686633
    -0.018074990
    -0.018177169
    -0.017992870
    -0.017526297
    -0.016786068
    -0.015785065
    -0.014540209
    -0.013072175
    -0.011405053
   -0.0095659549
   -0.0075845711
   -0.0054926964
   -0.0033237199
   -0.0011120935
    0.0011072138
    0.0032992675
    0.0054297160
    0.0074653276
    0.0093745077
     0.011127788
     0.012698278
     0.014062081
     0.015198651
     0.016091103
     0.016726463
     0.017095854
     0.017194618
     0.017022371
     0.016582990
     0.015884535
     0.014939102
     0.013762618
     0.012374575
     0.010797705
    0.0090576139
    0.0071823624
    0.0052020177
    0.0031481720
    0.0010534392
   -0.0010490614
   -0.0031262276
   -0.0051454942
   -0.0070753426
   -0.0088857917
    -0.010548862
    -0.012039008
    -0.013333508
    -0.014412810
    -0.015260827
    -0.015865173
    -0.016217345
    -0.016312839
    -0.016151205
    -0.015736038
    -0.015074901
    -0.014179198
    -0.013063972
    -0.011747656
    -0.010251770
   -0.0086005713
   -0.0068206609
   -0.0049405561
   -0.0029902350
   -0.0010006594
   0.00099671520
    0.0029704367
    0.0048895502
    0.0067240824
    0.0084455091
     0.010027198
     0.011444817
     0.012676714
     0.013704239
     0.014512030
     0.015088241
     0.015424713
     0.015517090
     0.015364868
     0.014971396
     0.014343800
     0.013492862
     0.012432832
     0.011181196
    0.0097583837
    0.0081874382
    0.0064936439
    0.0047041203
    0.0028473882
   0.00095291660
  -0.00094934426
   -0.0028294357
   -0.0046578615
   -0.0064060495
   -0.0080467977
   -0.0095546965
    -0.010906521
    -0.012081589
    -0.013062074
    -0.013833279
    -0.014383851
    -0.014705952
    -0.014795363
    -0.014651544
    -0.014277622
    -0.013680333
    -0.012869901
    -0.011859865
    -0.010666852
   -0.0093103075
   -0.0078121762
   -0.0061965501
   -0.0044892809
   -0.0027175672
  -0.00090952228
   0.00090627156
    0.0027012139
    0.0044471360
    0.0061167419
    0.0076840350
    0.0091247213
     0.010416586
     0.011539835
     0.012477397
     0.013215182
     0.013742296
     0.014051193
     0.014137790
     0.014001513
     0.013645297
     0.013075528
     0.012301924
     0.011337380
     0.010197746
    0.0089015714
    0.0074698038
    0.0059254495
    0.0042932054
    0.0025990651
   0.00086990507
  -0.00086694088
   -0.0025841129
   -0.0042546555
   -0.0058524401
   -0.0073525731
   -0.0087317828
   -0.0099687800
    -0.011044586
    -0.011942823
    -0.012649964
    -0.013155531
    -0.013452258
    -0.013536185
    -0.013406716
    -0.013066612
    -0.012521941
    -0.011781966
    -0.010858994
   -0.0097681679
   -0.0085272205
   -0.0071561871
   -0.0056770825
   -0.0041135475
   -0.0024904727
  -0.00083360181
   0.00083087523
    0.0024767362
    0.0040781388
    0.0056100262
    0.0070485180
    0.0083712824
    0.0095578823
     0.010590090
     0.011452167
     0.012131104
     0.012616815
     0.012902288
     0.012983684
     0.012860388
     0.012535006
     0.012013318
     0.011304173
     0.010419339
    0.0093733130
    0.0081830794
    0.0068678379
    0.0054486932
    0.0039483167
    0.0023905855
   0.00080020232
  -0.00079769516
   -0.0023779315
   -0.0039156896
   -0.0053868996
   -0.0067686156
   -0.0080393727
   -0.0091795202
    -0.010171525
    -0.011000239
    -0.011653134
    -0.012120487
    -0.012395524
    -0.012474519
    -0.012356844
    -0.012044967
    -0.011544404
    -0.010863623
    -0.010013901
   -0.0090091408
   -0.0078656390
   -0.0066018263
   -0.0052379696
   -0.0037958471
   -0.0022984016
  -0.00076937572
   0.00076706393
    0.0022867085
    0.0037656875
    0.0051808440
    0.0065100958
    0.0077327803
    0.0088299750
    0.0097847899
     0.010582627
     0.011211403
     0.011661732
     0.011927065
     0.012003784
     0.011891250
     0.011591804
     0.011110723
     0.010456126
    0.0096388373
    0.0086722110
    0.0075719105
    0.0063556565
    0.0050429416
    0.0036547187
    0.0022130667
   0.00074083974
  -0.00073869447
   -0.0022022221
   -0.0036267502
   -0.0049899675
   -0.0062705932
   -0.0074487094
   -0.0085060698
   -0.0094263822
    -0.010195559
    -0.010801934
    -0.011236434
    -0.011492722
    -0.011567280
    -0.011459463
    -0.011171499
    -0.010708442
    -0.010078090
   -0.0092908505
   -0.0083595701
   -0.0072993258
   -0.0061271810
   -0.0048619114
   -0.0035237044
   -0.0021338377
  -0.00071434097
   0.00071235244
    0.0021237601
    0.0034977041
    0.0048126597
    0.0060480913
    0.0071847737
    0.0082050905
    0.0090933065
    0.0098358106
     0.010421324
     0.010841069
     0.011088905
     0.011161411
     0.011057939
     0.010780610
     0.010334277
    0.0097264389
    0.0089671175
    0.0080686896
    0.0070456878
    0.0059145652
    0.0046934309
    0.0034017612
    0.0020600884
   0.00068967537
  -0.00068782143
   -0.0020506936
   -0.0033775228
   -0.0046475168
   -0.0058408353
   -0.0069388992
   -0.0079246797
   -0.0087829621
   -0.0095005805
    -0.010066619
    -0.010472577
    -0.010712498
    -0.010783055
    -0.010683595
    -0.010416146
   -0.0099853717
   -0.0093984963
   -0.0086651812
   -0.0077973672
   -0.0068090805
   -0.0057162057
   -0.0045362316
   -0.0032879712
   -0.0019912621
  -0.00066665165
   0.00066492837
    0.0019824922
    0.0032653307
    0.0044933362
    0.0056473179
    0.0067093009
    0.0076628064
    0.0084931068
    0.0091874529
    0.0097352696
     0.010128316
     0.010360811
     0.010429514
     0.010333772
     0.010075524
    0.0096592611
    0.0090919507
    0.0083829199
    0.0075437025
    0.0065878522
    0.0055307233
    0.0043892251
    0.0031815511
    0.0019268895
   0.00064511894
  -0.00064350678
   -0.0019186780
   -0.0031603492
   -0.0043490539
   -0.0054662094
   -0.0064944072
   -0.0074176839
   -0.0082217689
   -0.0088943045
   -0.0094250357
   -0.0098059663
    -0.010031479
    -0.010098417
    -0.010006129
   -0.0097564714
   -0.0093537750
   -0.0088047678
   -0.0081184647
   -0.0073060195
   -0.0063805442
   -0.0053568971
   -0.0042514448
   -0.0030818010
   -0.0018665457
  -0.00062493073
   0.00062342541
    0.0018588470
    0.0030619110
    0.0042137524
    0.0052963595
    0.0062928554
    0.0071877611
    0.0079672353
    0.0086192885
    0.0091339673
    0.0095035055
    0.0097224417
    0.0097876988
    0.0096986272
    0.0094570089
    0.0090670232
    0.0085351755
    0.0078701887
    0.0070828607
    0.0061858895
    0.0051936684
    0.0041220553
    0.0029881196
    0.0018098707
   0.00060597172
  -0.00060455545
   -0.0018026307
   -0.0029694160
   -0.0040866117
   -0.0051367431
   -0.0061034336
   -0.0069716598
   -0.0077279849
   -0.0083607664
   -0.0088603350
   -0.0092191421
   -0.0094318736
   -0.0094955284
   -0.0094094596
   -0.0091753798
   -0.0087973278
   -0.0082816001
   -0.0076366457
   -0.0068729289
   -0.0060027588
   -0.0050400919
   -0.0040003080
   -0.0028999651
   -0.0017565356
  -0.00058812899
   0.00058679423
    0.0017497145
    0.0028823449
    0.0039669180
    0.0049864651
    0.0059250810
    0.0067681721
    0.0075026831
    0.0081172988
    0.0086026186
    0.0089512994
    0.0091581672
    0.0092202929
    0.0091370334
    0.0089100366
    0.0085432100
    0.0080426539
    0.0074165605
    0.0066750798
    0.0058301557
    0.0048953334
    0.0038855425
    0.0028168592
    0.0017062501
   0.00057130308
  -0.00057005072
   -0.0016998204
   -0.0028002385
   -0.0038540401
   -0.0048447339
   -0.0057568598
   -0.0065762300
   -0.0072901496
   -0.0078876132
   -0.0083594740
   -0.0086985839
   -0.0088999015
   -0.0089605667
   -0.0088799408
   -0.0086596115
   -0.0083033631
   -0.0078171117
   -0.0072088074
   -0.0064883047
   -0.0056672028
   -0.0047586593
   -0.0037771794
   -0.0027383846
   -0.0016587641
  -0.00055541343
   0.00055423622
    0.0016526932
    0.0027226808
    0.0037474091
    0.0047108380
    0.0055979283
    0.0063948761
    0.0070893276
    0.0076705704
    0.0081296986
    0.0084597488
    0.0086558058
    0.0087150754
    0.0086369237
    0.0084228824
    0.0080766199
    0.0076038787
    0.0070123810
    0.0063117022
    0.0055131164
    0.0046294150
    0.0036747021
    0.0026641696
    0.0016138556
   0.00054038978
  -0.00053926928
   -0.0016081023
   -0.0026492971
   -0.0036465130
   -0.0045841374
   -0.0054475295
   -0.0062232492
   -0.0068992660
   -0.0074651453
   -0.0079122096
   -0.0082336712
   -0.0084247348
   -0.0084826694
   -0.0084068462
   -0.0081987444
   -0.0078619234
   -0.0074019623
   -0.0068263677
   -0.0061444512
   -0.0053671796
   -0.0045069980
   -0.0035776310
   -0.0025938638
   -0.0015713072
  -0.00052615017
   0.00052509670
    0.0015658615
    0.0025797724
    0.0035509147
    0.0044640807
    0.0053050077
    0.0060606007
    0.0067191360
    0.0072704428
    0.0077060608
    0.0080193689
    0.0082056866
    0.0082623430
    0.0081887148
    0.0079862322
    0.0076583519
    0.0072104981
    0.0066499737
    0.0059858411
    0.0052287755
    0.0043908941
    0.0034855619
    0.0025271787
    0.0015309502
   0.00051264705
  -0.00051164476
   -0.0015257780
   -0.0025137984
   -0.0034601958
   -0.0043501470
   -0.0051697485
   -0.0059062328
   -0.0065481679
   -0.0070856339
   -0.0075103769
   -0.0078159348
   -0.0079977362
   -0.0080531680
   -0.0079816127
   -0.0077844544
   -0.0074650525
   -0.0070286853
   -0.0064824624
   -0.0058352097
   -0.0050973264
   -0.0042806183
   -0.0033981091
   -0.0024638329
   -0.0014926108
  -0.00049981633
   0.00049886812
    0.0014876986
    0.0024511179
    0.0033739999
    0.0042418874
    0.0050412181
    0.0057595364
    0.0063856875
    0.0069099905
    0.0073243881
    0.0076225698
    0.0078000682
    0.0078543257
    0.0077847309
    0.0075926244
    0.0072812739
    0.0068558189
    0.0063231860
    0.0056919765
    0.0049723274
    0.0041757490
    0.0033149406
    0.0024035885
    0.0014561482
   0.00048761561
  -0.00048671055
   -0.0014514701
   -0.0023914835
   -0.0032919904
   -0.0041388817
   -0.0049189199
   -0.0056199465
   -0.0062310711
   -0.0067428404
   -0.0071473843
   -0.0074385371
   -0.0076119311
   -0.0076650617
   -0.0075973238
   -0.0074100170
   -0.0071063220
   -0.0066912469
   -0.0061715443
   -0.0055556020
   -0.0048533077
   -0.0040758906
   -0.0032357413
   -0.0023462153
   -0.0014214200
  -0.00047599182
   0.00047513595
    0.0014169686
    0.0023346863
    0.0032138773
    0.0040407641
    0.0048024191
    0.0054869670
    0.0060837692
    0.0065835897
    0.0069787375
    0.0072631849
    0.0074326595
    0.0074847079
    0.0074187310
    0.0072359901
    0.0069395833
    0.0065343936
    0.0060270082
    0.0054256119
    0.0047398551
    0.0039806989
    0.0031602402
    0.0022915192
    0.0013883116
   0.00046491101
  -0.00046409750
   -0.0013840677
   -0.0022805230
   -0.0031393841
   -0.0039471897
   -0.0046913082
   -0.0053601342
   -0.0059432701
   -0.0064316871
   -0.0068178653
   -0.0070959091
   -0.0072616374
   -0.0073126458
   -0.0072483415
   -0.0070699495
   -0.0067804896
   -0.0063847255
   -0.0058890871
   -0.0053015658
   -0.0046315855
   -0.0038898521
   -0.0030881823
   -0.0022393152
   -0.0013567104
  -0.00045433442
   0.00045356026
    0.0013526600
    0.0022288159
    0.0030682659
    0.0038578512
    0.0045852224
    0.0052390326
    0.0058091139
    0.0062866361
    0.0066642428
    0.0069361649
    0.0070983087
    0.0071483170
    0.0070856034
    0.0069113583
    0.0066285271
    0.0062417603
    0.0057573374
    0.0051830652
    0.0045281519
    0.0038030596
    0.0030193373
    0.0021894370
    0.0013265161
   0.00044422854
  -0.00044349071
   -0.0013226460
   -0.0021794014
   -0.0030002983
   -0.0037724671
   -0.0044838284
   -0.0051232821
   -0.0056808806
   -0.0061479834
   -0.0065173908
   -0.0067834549
   -0.0069421657
   -0.0069912116
   -0.0069300126
   -0.0067597264
   -0.0064832273
   -0.0061050578
   -0.0056313542
   -0.0050697469
   -0.0044292380
   -0.0037200565
   -0.0029534959
   -0.0021417335
   -0.0012976377
  -0.00043456380
   0.00043385708
    0.0012939334
    0.0021321287
    0.0029352748
    0.0036907787
    0.0043868194
    0.0050125334
    0.0055581839
    0.0060153120
    0.0063768684
    0.0066373212
    0.0067927410
    0.0068408600
    0.0067811044
    0.0066146011
    0.0063441568
    0.0059742107
    0.0055107621
    0.0049612730
    0.0043345482
    0.0036405942
    0.0028904595
    0.0020960589
    0.0012699842
   0.00042530476
  -0.00042463916
   -0.0012664471
   -0.0020868697
   -0.0028730166
   -0.0036125598
   -0.0042939262
   -0.0049064786
   -0.0054406824
   -0.0058882532
   -0.0062422853
   -0.0064973587
   -0.0066496212
   -0.0066968471
   -0.0066384691
   -0.0064755846
   -0.0062109357
   -0.0058488631
   -0.0053952350
   -0.0048573522
   -0.0042438309
   -0.0035644641
   -0.0028300663
   -0.0020523004
   -0.0012434934
  -0.00041644076
   0.00041579608
    0.0012400957
    0.0020434835
    0.0028133360
    0.0035375790
    0.0042048769
    0.0048048102
    0.0053280377
    0.0057664425
    0.0061132572
    0.0063631688
    0.0065123996
    0.0065587645
    0.0065017025
    0.0063422831
    0.0060831867
    0.0057286595
    0.0052844445
    0.0047576881
    0.0041568254
    0.0034914454
    0.0027721378
    0.0020103243
    0.0012180781
   0.00040793160
  -0.00040732081
   -0.0012148254
   -0.0020018714
   -0.0027560911
   -0.0034656540
   -0.0041194527
   -0.0047072761
   -0.0052199693
   -0.0056495759
   -0.0059894615
   -0.0062344159
   -0.0063807332
   -0.0064262673
   -0.0063704636
   -0.0062143650
   -0.0059605928
   -0.0056133030
   -0.0051781183
   -0.0046620372
   -0.0040733214
   -0.0034213638
   -0.0027165386
   -0.0019700362
   -0.0011936860
  -0.00039976831
   0.00039917915
    0.0011905596
    0.0019619154
    0.0027011247
    0.0033965910
    0.0040374259
    0.0046136187
    0.0051161935
    0.0055373482
    0.0058705762
    0.0061107664
    0.0062542818
    0.0062990141
    0.0062444150
    0.0060915019
    0.0058428398
    0.0055024981
    0.0050759841
    0.0045701543
    0.0039931042
    0.0033540384
    0.0026631242
    0.0019313299
    0.0011702505
   0.00039192436
  -0.00039135736
   -0.0011672447
   -0.0019235236
   -0.0026483081
   -0.0033302268
   -0.0039586018
   -0.0045236152
   -0.0050164630
   -0.0054294918
   -0.0057563178
   -0.0059919254
   -0.0061327438
   -0.0061767015
   -0.0061232563
   -0.0059734014
   -0.0057296476
   -0.0053959813
   -0.0049777992
   -0.0044818215
   -0.0039159836
   -0.0032893096
   -0.0026117679
   -0.0018941131
   -0.0011477154
  -0.00038438023
   0.00038383829
    0.0011448276
    0.0018866076
    0.0025975194
    0.0032664082
    0.0038827985
    0.0044370581
    0.0049205482
    0.0053257587
    0.0056464240
    0.0058776203
    0.0060158412
    0.0060590502
    0.0060067114
    0.0058597948
    0.0056207593
    0.0052935115
    0.0048833420
    0.0043968398
    0.0038417868
    0.0032270330
    0.0025623559
    0.0018583047
    0.0011260329
   0.00037712203
  -0.00037660176
   -0.0011232544
   -0.0018510810
   -0.0025486413
   -0.0032049888
   -0.0038098431
   -0.0043537504
   -0.0048282316
   -0.0052259142
   -0.0055406466
   -0.0057675939
   -0.0059033111
   -0.0059457962
   -0.0058945191
   -0.0057504278
   -0.0055159314
   -0.0051948600
   -0.0047924017
   -0.0043150198
   -0.0037703481
   -0.0031670696
   -0.0025147776
   -0.0018238237
   -0.0011051530
  -0.00037013145
   0.00036963450
    0.0011024807
    0.0018168692
    0.0025015702
    0.0031458381
    0.0037395802
    0.0042735150
    0.0047393168
    0.0051297460
    0.0054387612
    0.0056616126
    0.0057949152
    0.0058366998
    0.0057864424
    0.0056450699
    0.0054149434
    0.0050998194
    0.0047047877
    0.0042361903
    0.0037015186
    0.0031092947
    0.0024689346
    0.0017905994
    0.0010850336
   0.00036339528
  -0.00036292060
   -0.0010824619
   -0.0017838998
   -0.0024562074
   -0.0030888324
   -0.0036718636
   -0.0041961851
   -0.0046536197
   -0.0050370557
   -0.0053405579
   -0.0055594589
   -0.0056904315
   -0.0057315385
   -0.0056822616
   -0.0055435075
   -0.0053175914
   -0.0050081987
   -0.0046203249
   -0.0041601948
   -0.0036351630
   -0.0030535960
   -0.0024247394
   -0.0017585706
   -0.0010656407
  -0.00035690721
   0.00035643870
    0.0010631493
    0.0017520976
    0.0024124521
    0.0030338475
    0.0036065471
    0.0041215953
    0.0045709578
    0.0049476465
    0.0052458288
    0.0054609169
    0.0055896394
    0.0056300900
    0.0055817562
    0.0054455254
    0.0052236684
    0.0049198025
    0.0045388317
    0.0040868684
    0.0035711350
    0.0029998483
    0.0023820893
    0.0017276582
    0.0010469195
   0.00035063764
  -0.00035019327
   -0.0010445227
   -0.0017214182
   -0.0023702372
   -0.0029807945
   -0.0035435222
   -0.0040496192
   -0.0044911893
   -0.0048613640
   -0.0051544095
   -0.0053658152
   -0.0054923633
   -0.0055321778
   -0.0054847518
   -0.0053509540
   -0.0051330128
   -0.0048344795
   -0.0044601704
   -0.0040160890
   -0.0035093302
   -0.0029479667
   -0.0023409203
   -0.0016978205
   -0.0010288515
  -0.00034459113
   0.00034415636
    0.0010265310
    0.0016917881
    0.0023294677
    0.0029295585
    0.0034826555
    0.0039801072
    0.0044141506
    0.0047780327
    0.0050661153
    0.0052739624
    0.0053984084
    0.0054376062
    0.0053910547
    0.0052596046
    0.0050454434
    0.0047520588
    0.0043841823
    0.0039477127
    0.0034496216
    0.0028978424
    0.0023011434
    0.0016689892
    0.0010113898
   0.00033874301
  -0.00033833060
   -0.0010091550
   -0.0016631672
   -0.0022900832
   -0.0028800602
   -0.0034238506
   -0.0039129472
   -0.0043397160
   -0.0046975156
   -0.0049808005
   -0.0051852065
   -0.0053076188
   -0.0053462184
   -0.0053005096
   -0.0051713261
   -0.0049608158
   -0.0046724051
   -0.0043107436
   -0.0038816289
   -0.0033919137
   -0.0028493968
   -0.0022626981
   -0.0016411228
  -0.00099451278
  -0.00033309159
   2.5015304e-08
