  -0.00033348676
   -0.0010004902
   -0.0016669618
   -0.0023319536
   -0.0029945188
   -0.0036537123
   -0.0043085931
   -0.0049582245
   -0.0056016764
   -0.0062380261
   -0.0068663598
   -0.0074857736
   -0.0080953754
   -0.0086942857
   -0.0092816390
   -0.0098565850
    -0.010418290
    -0.010965938
    -0.011498731
    -0.012015893
    -0.012516667
    -0.013000319
    -0.013466140
    -0.013913442
    -0.014341566
    -0.014749876
    -0.015137766
    -0.015504657
    -0.015849998
    -0.016173270
    -0.016473983
    -0.016751680
    -0.017005933
    -0.017236351
    -0.017442572
    -0.017624271
    -0.017781157
    -0.017912971
    -0.018019494
    -0.018100538
    -0.018155953
    -0.018185626
    -0.018189480
    -0.018167473
    -0.018119600
    -0.018045896
    -0.017946428
    -0.017821302
    -0.017670662
    -0.017494686
    -0.017293589
    -0.017067622
    -0.016817072
    -0.016542261
    -0.016243546
    -0.015921319
    -0.015576005
    -0.015208062
    -0.014817982
    -0.014406288
    -0.013973537
    -0.013520312
    -0.013047231
    -0.012554937
    -0.012044104
    -0.011515431
    -0.010969645
    -0.010407498
   -0.0098297657
   -0.0092372470
   -0.0086307636
   -0.0080111576
   -0.0073792913
   -0.0067360453
   -0.0060823178
   -0.0054190232
   -0.0047470905
   -0.0040674624
   -0.0033810940
   -0.0026889512
   -0.0019920093
   -0.0012912520
  -0.00058766973
   0.00011774162
   0.00082398222
    0.0015300496
    0.0022349403
    0.0029376507
    0.0036371794
    0.0043325276
    0.0050227013
    0.0057067125
    0.0063835802
    0.0070523326
    0.0077120078
    0.0083616552
    0.0090003376
    0.0096271317
     0.010241130
     0.010841441
     0.011427193
     0.011997532
     0.012551626
     0.013088665
     0.013607860
     0.014108448
     0.014589691
     0.015050878
     0.015491325
     0.015910375
     0.016307402
     0.016681811
     0.017033037
     0.017360546
     0.017663841
     0.017942454
     0.018195955
     0.018423946
     0.018626066
     0.018801992
     0.018951434
     0.019074143
     0.019169905
     0.019238545
     0.019279926
     0.019293949
     0.019280554
     0.019239722
     0.019171469
     0.019075853
     0.018952970
     0.018802955
     0.018625980
     0.018422259
     0.018192040
     0.017935614
     0.017653305
     0.017345477
     0.017012530
     0.016654900
     0.016273059
     0.015867514
     0.015438806
     0.014987511
     0.014514235
     0.014019621
     0.013504338
     0.012969088
     0.012414603
     0.011841642
     0.011250991
     0.010643464
     0.010019900
    0.0093811599
    0.0087281293
    0.0080617149
    0.0073828438
    0.0066924621
    0.0059915336
    0.0052810388
    0.0045619728
    0.0038353448
    0.0031021758
    0.0023634981
    0.0016203530
   0.00087378977
   0.00012486421
  -0.00062536301
   -0.0013758278
   -0.0021254640
   -0.0028732053
   -0.0036179863
   -0.0043587441
   -0.0050944200
   -0.0058239611
   -0.0065463214
   -0.0072604636
   -0.0079653604
   -0.0086599962
   -0.0093433685
    -0.010014489
    -0.010672386
    -0.011316104
    -0.011944706
    -0.012557278
    -0.013152923
    -0.013730770
    -0.014289970
    -0.014829701
    -0.015349166
    -0.015847595
    -0.016324249
    -0.016778417
    -0.017209418
    -0.017616605
    -0.017999364
    -0.018357112
    -0.018689302
    -0.018995424
    -0.019275003
    -0.019527600
    -0.019752815
    -0.019950286
    -0.020119689
    -0.020260740
    -0.020373195
    -0.020456851
    -0.020511543
    -0.020537149
    -0.020533587
    -0.020500819
    -0.020438844
    -0.020347705
    -0.020227487
    -0.020078315
    -0.019900356
    -0.019693819
    -0.019458952
    -0.019196044
    -0.018905425
    -0.018587466
    -0.018242575
    -0.017871200
    -0.017473827
    -0.017050980
    -0.016603221
    -0.016131145
    -0.015635387
    -0.015116612
    -0.014575522
    -0.014012851
    -0.013429364
    -0.012825858
    -0.012203157
    -0.011562118
    -0.010903621
    -0.010228575
   -0.0095379127
   -0.0088325908
   -0.0081135882
   -0.0073819049
   -0.0066385603
   -0.0058845923
   -0.0051210551
   -0.0043490185
   -0.0035695660
   -0.0027837932
   -0.0019928067
   -0.0011977219
  -0.00039966211
   0.00040024349
    0.0012008612
    0.0020010547
    0.0027996862
    0.0035956184
    0.0043877160
    0.0051748474
    0.0059558861
    0.0067297127
    0.0074952158
    0.0082512943
    0.0089968589
    0.0097308330
     0.010452155
     0.011159780
     0.011852679
     0.012529845
     0.013190290
     0.013833048
     0.014457177
     0.015061760
     0.015645907
     0.016208754
     0.016749466
     0.017267239
     0.017761300
     0.018230908
     0.018675356
     0.019093972
     0.019486117
     0.019851192
     0.020188634
     0.020497917
     0.020778556
     0.021030105
     0.021252159
     0.021444353
     0.021606366
     0.021737917
     0.021838769
     0.021908728
     0.021947643
     0.021955408
     0.021931961
     0.021877282
     0.021791397
     0.021674378
     0.021526337
     0.021347435
     0.021137874
     0.020897899
     0.020627803
     0.020327918
     0.019998620
     0.019640328
     0.019253504
     0.018838647
     0.018396302
     0.017927050
     0.017431513
     0.016910351
     0.016364261
     0.015793977
     0.015200269
     0.014583941
     0.013945830
     0.013286806
     0.012607770
     0.011909653
     0.011193415
     0.010460043
    0.0097105484
    0.0089459703
    0.0081673689
    0.0073758267
    0.0065724461
    0.0057583486
    0.0049346725
    0.0041025718
    0.0032632144
    0.0024177803
    0.0015674605
   0.00071345461
  -0.00014303021
   -0.0010007813
   -0.0018585822
   -0.0027152143
   -0.0035694583
   -0.0044200965
   -0.0052659140
   -0.0061057009
   -0.0069382536
   -0.0077623766
   -0.0085768846
   -0.0093806036
    -0.010172373
    -0.010951047
    -0.011715497
    -0.012464612
    -0.013197301
    -0.013912494
    -0.014609145
    -0.015286232
    -0.015942758
    -0.016577755
    -0.017190284
    -0.017779434
    -0.018344328
    -0.018884120
    -0.019398000
    -0.019885192
    -0.020344957
    -0.020776594
    -0.021179440
    -0.021552872
    -0.021896307
    -0.022209205
    -0.022491067
    -0.022741438
    -0.022959906
    -0.023146106
    -0.023299714
    -0.023420455
    -0.023508099
    -0.023562463
    -0.023583410
    -0.023570851
    -0.023524745
    -0.023445097
    -0.023331960
    -0.023185435
    -0.023005671
    -0.022792864
    -0.022547256
    -0.022269139
    -0.021958848
    -0.021616768
    -0.021243326
    -0.020838997
    -0.020404300
    -0.019939797
    -0.019446096
    -0.018923844
    -0.018373731
    -0.017796490
    -0.017192891
    -0.016563744
    -0.015909896
    -0.015232231
    -0.014531670
    -0.013809165
    -0.013065703
    -0.012302302
    -0.011520011
    -0.010719905
   -0.0099030908
   -0.0090706965
   -0.0082238767
   -0.0073638078
   -0.0064916877
   -0.0056087330
   -0.0047161784
   -0.0038152742
   -0.0029072849
   -0.0019934874
   -0.0010751693
  -0.00015362682
   0.00076983680
    0.0016939132
    0.0026172907
    0.0035386561
    0.0044566969
    0.0053701026
    0.0062775670
    0.0071777899
    0.0080694788
    0.0089513512
    0.0098221358
     0.010680575
     0.011525426
     0.012355464
     0.013169480
     0.013966290
     0.014744729
     0.015503656
     0.016241957
     0.016958543
     0.017652357
     0.018322370
     0.018967584
     0.019587037
     0.020179800
     0.020744980
     0.021281723
     0.021789211
     0.022266669
     0.022713361
     0.023128594
     0.023511719
     0.023862130
     0.024179267
     0.024462616
     0.024711710
     0.024926130
     0.025105504
     0.025249512
     0.025357881
     0.025430388
     0.025466861
     0.025467180
     0.025431274
     0.025359125
     0.025250766
     0.025106280
     0.024925804
     0.024709523
     0.024457676
     0.024170552
     0.023848490
     0.023491880
     0.023101162
     0.022676824
     0.022219404
     0.021729486
     0.021207705
     0.020654738
     0.020071310
     0.019458191
     0.018816193
     0.018146171
     0.017449024
     0.016725687
     0.015977137
     0.015204387
     0.014408487
     0.013590524
     0.012751614
     0.011892908
     0.011015588
     0.010120861
    0.0092099660
    0.0082841632
    0.0073447387
    0.0063929998
    0.0054302741
    0.0044579071
    0.0034772609
    0.0024897120
    0.0014966494
   0.00049947272
  -0.00050040978
   -0.0015015832
   -0.0025026281
   -0.0035021221
   -0.0044986424
   -0.0054907675
   -0.0064770793
   -0.0074561651
   -0.0084266196
   -0.0093870467
    -0.010336062
    -0.011272295
    -0.012194389
    -0.013101005
    -0.013990826
    -0.014862552
    -0.015714909
    -0.016546647
    -0.017356542
    -0.018143399
    -0.018906054
    -0.019643373
    -0.020354258
    -0.021037645
    -0.021692507
    -0.022317855
    -0.022912740
    -0.023476254
    -0.024007534
    -0.024505757
    -0.024970148
    -0.025399977
    -0.025794563
    -0.026153272
    -0.026475520
    -0.026760774
    -0.027008552
    -0.027218425
    -0.027390015
    -0.027522999
    -0.027617107
    -0.027672126
    -0.027687895
    -0.027664310
    -0.027601321
    -0.027498937
    -0.027357219
    -0.027176287
    -0.026956315
    -0.026697533
    -0.026400228
    -0.026064740
    -0.025691465
    -0.025280854
    -0.024833411
    -0.024349693
    -0.023830311
    -0.023275927
    -0.022687253
    -0.022065054
    -0.021410141
    -0.020723375
    -0.020005663
    -0.019257959
    -0.018481261
    -0.017676609
    -0.016845088
    -0.015987819
    -0.015105965
    -0.014200727
    -0.013273339
    -0.012325071
    -0.011357225
    -0.010371133
   -0.0093681555
   -0.0083496817
   -0.0073171239
   -0.0062719182
   -0.0052155216
   -0.0041494101
   -0.0030750768
   -0.0019940295
  -0.00090778899
   0.00018211336
    0.0012741376
    0.0023667376
    0.0034583627
    0.0045474605
    0.0056324787
    0.0067118674
    0.0077840813
    0.0088475818
    0.0099008393
     0.010942335
     0.011970565
     0.012984039
     0.013981285
     0.014960850
     0.015921305
     0.016861243
     0.017779283
     0.018674073
     0.019544291
     0.020388646
     0.021205881
     0.021994774
     0.022754143
     0.023482842
     0.024179768
     0.024843860
     0.025474101
     0.026069520
     0.026629193
     0.027152244
     0.027637847
     0.028085230
     0.028493670
     0.028862498
     0.029191101
     0.029478922
     0.029725458
     0.029930265
     0.030092959
     0.030213211
     0.030290754
     0.030325381
     0.030316943
     0.030265355
     0.030170590
     0.030032684
     0.029851734
     0.029627897
     0.029361392
     0.029052501
     0.028701562
     0.028308978
     0.027875209
     0.027400777
     0.026886259
     0.026332295
     0.025739578
     0.025108861
     0.024440950
     0.023736707
     0.022997046
     0.022222936
     0.021415396
     0.020575492
     0.019704342
     0.018803110
     0.017873005
     0.016915279
     0.015931226
     0.014922183
     0.013889522
     0.012834655
     0.011759026
     0.010664114
    0.0095514271
    0.0084225032
    0.0072789068
    0.0061222265
    0.0049540736
    0.0037760794
    0.0025898928
    0.0013971786
   0.00019961453
   -0.0010011105
   -0.0022032994
   -0.0034052485
   -0.0046052508
   -0.0058015976
   -0.0069925816
   -0.0081764987
   -0.0093516508
    -0.010516348
    -0.011668912
    -0.012807676
    -0.013930989
    -0.015037220
    -0.016124756
    -0.017192007
    -0.018237409
    -0.019259423
    -0.020256541
    -0.021227286
    -0.022170216
    -0.023083923
    -0.023967038
    -0.024818232
    -0.025636217
    -0.026419750
    -0.027167633
    -0.027878717
    -0.028551899
    -0.029186131
    -0.029780414
    -0.030333806
    -0.030845420
    -0.031314424
    -0.031740045
    -0.032121572
    -0.032458353
    -0.032749795
    -0.032995373
    -0.033194621
    -0.033347141
    -0.033452598
    -0.033510723
    -0.033521314
    -0.033484237
    -0.033399421
    -0.033266868
    -0.033086644
    -0.032858882
    -0.032583787
    -0.032261626
    -0.031892738
    -0.031477527
    -0.031016463
    -0.030510083
    -0.029958990
    -0.029363851
    -0.028725398
    -0.028044426
    -0.027321791
    -0.026558411
    -0.025755265
    -0.024913390
    -0.024033881
    -0.023117887
    -0.022166616
    -0.021181324
    -0.020163322
    -0.019113970
    -0.018034675
    -0.016926891
    -0.015792116
    -0.014631890
    -0.013447792
    -0.012241441
    -0.011014490
   -0.0097686268
   -0.0085055698
   -0.0072270663
   -0.0059348900
   -0.0046308390
   -0.0033167326
   -0.0019944094
  -0.00066572441
   0.00066745343
    0.0020032438
    0.0033397576
    0.0046750999
    0.0060073721
    0.0073346750
    0.0086551113
    0.0099667884
     0.011267821
     0.012556334
     0.013830464
     0.015088364
     0.016328205
     0.017548178
     0.018746498
     0.019921404
     0.021071166
     0.022194083
     0.023288488
     0.024352750
     0.025385276
     0.026384513
     0.027348952
     0.028277127
     0.029167623
     0.030019071
     0.030830155
     0.031599612
     0.032326234
     0.033008873
     0.033646437
     0.034237895
     0.034782280
     0.035278689
     0.035726281
     0.036124287
     0.036472002
     0.036768791
     0.037014090
     0.037207407
     0.037348320
     0.037436483
     0.037471620
     0.037453531
     0.037382093
     0.037257254
     0.037079040
     0.036847553
     0.036562969
     0.036225539
     0.035835593
     0.035393534
     0.034899838
     0.034355059
     0.033759822
     0.033114828
     0.032420847
     0.031678725
     0.030889373
     0.030053776
     0.029172985
     0.028248119
     0.027280361
     0.026270961
     0.025221229
     0.024132537
     0.023006315
     0.021844052
     0.020647290
     0.019417627
     0.018156711
     0.016866238
     0.015547953
     0.014203643
     0.012835138
     0.011444310
     0.010033064
    0.0086033420
    0.0071571179
    0.0056963942
    0.0042231998
    0.0027395875
    0.0012476310
  -0.00025057807
   -0.0017529330
   -0.0032573150
   -0.0047615959
   -0.0062636413
   -0.0077613136
   -0.0092524748
    -0.010734990
    -0.012206730
    -0.013665573
    -0.015109412
    -0.016536152
    -0.017943717
    -0.019330052
    -0.020693125
    -0.022030931
    -0.023341495
    -0.024622874
    -0.025873160
    -0.027090485
    -0.028273018
    -0.029418976
    -0.030526618
    -0.031594256
    -0.032620251
    -0.033603016
    -0.034541024
    -0.035432804
    -0.036276946
    -0.037072104
    -0.037816997
    -0.038510409
    -0.039151195
    -0.039738280
    -0.040270662
    -0.040747413
    -0.041167679
    -0.041530687
    -0.041835738
    -0.042082216
    -0.042269583
    -0.042397387
    -0.042465254
    -0.042472897
    -0.042420111
    -0.042306776
    -0.042132859
    -0.041898411
    -0.041603568
    -0.041248554
    -0.040833676
    -0.040359329
    -0.039825992
    -0.039234229
    -0.038584689
    -0.037878103
    -0.037115288
    -0.036297140
    -0.035424638
    -0.034498840
    -0.033520884
    -0.032491983
    -0.031413429
    -0.030286587
    -0.029112894
    -0.027893858
    -0.026631057
    -0.025326136
    -0.023980805
    -0.022596835
    -0.021176060
    -0.019720370
    -0.018231712
    -0.016712085
    -0.015163540
    -0.013588174
    -0.011988130
    -0.010365594
   -0.0087227874
   -0.0070619720
   -0.0053854405
   -0.0036955161
   -0.0019945487
  -0.00028491189
    0.0014310005
    0.0031507776
    0.0048719947
    0.0065922169
    0.0083090021
     0.010019905
     0.011722480
     0.013414284
     0.015092882
     0.016755849
     0.018400773
     0.020025259
     0.021626933
     0.023203445
     0.024752472
     0.026271721
     0.027758935
     0.029211891
     0.030628410
     0.032006355
     0.033343635
     0.034638211
     0.035888095
     0.037091357
     0.038246125
     0.039350588
     0.040403000
     0.041401684
     0.042345029
     0.043231499
     0.044059633
     0.044828045
     0.045535429
     0.046180563
     0.046762303
     0.047279596
     0.047731471
     0.048117050
     0.048435543
     0.048686251
     0.048868570
     0.048981989
     0.049026093
     0.049000562
     0.048905175
     0.048739806
     0.048504430
     0.048199118
     0.047824042
     0.047379472
     0.046865776
     0.046283424
     0.045632980
     0.044915110
     0.044130576
     0.043280236
     0.042365046
     0.041386055
     0.040344406
     0.039241337
     0.038078175
     0.036856336
     0.035577327
     0.034242740
     0.032854250
     0.031413615
     0.029922675
     0.028383347
     0.026797622
     0.025167565
     0.023495313
     0.021783069
     0.020033101
     0.018247740
     0.016429374
     0.014580450
     0.012703464
     0.010800964
    0.0088755419
    0.0069298344
    0.0049665154
    0.0029882949
   0.00099791431
   -0.0010018567
   -0.0030082244
   -0.0050183744
   -0.0070294759
   -0.0090386855
    -0.011043151
    -0.013040015
    -0.015026420
    -0.016999511
    -0.018956441
    -0.020894374
    -0.022810487
    -0.024701980
    -0.026566074
    -0.028400018
    -0.030201090
    -0.031966607
    -0.033693921
    -0.035380429
    -0.037023575
    -0.038620853
    -0.040169809
    -0.041668050
    -0.043113242
    -0.044503118
    -0.045835477
    -0.047108192
    -0.048319209
    -0.049466552
    -0.050548329
    -0.051562728
    -0.052508028
    -0.053382596
    -0.054184890
    -0.054913466
    -0.055566977
    -0.056144172
    -0.056643907
    -0.057065140
    -0.057406932
    -0.057668456
    -0.057848992
    -0.057947931
    -0.057964775
    -0.057899142
    -0.057750760
    -0.057519476
    -0.057205250
    -0.056808160
    -0.056328401
    -0.055766283
    -0.055122234
    -0.054396800
    -0.053590643
    -0.052704540
    -0.051739385
    -0.050696187
    -0.049576070
    -0.048380268
    -0.047110129
    -0.045767112
    -0.044352783
    -0.042868817
    -0.041316993
    -0.039699193
    -0.038017402
    -0.036273702
    -0.034470273
    -0.032609387
    -0.030693408
    -0.028724788
    -0.026706065
    -0.024639858
    -0.022528865
    -0.020375860
    -0.018183687
    -0.015955261
    -0.013693559
    -0.011401619
   -0.0090825376
   -0.0067394620
   -0.0043755889
   -0.0019941589
   0.00040154720
    0.0028082130
    0.0052224910
    0.0076410070
     0.010060364
     0.012477150
     0.014887936
     0.017289288
     0.019677768
     0.022049938
     0.024402369
     0.026731639
     0.029034345
     0.031307103
     0.033546555
     0.035749371
     0.037912260
     0.040031966
     0.042105279
     0.044129040
     0.046100141
     0.048015533
     0.049872230
     0.051667312
     0.053397931
     0.055061316
     0.056654775
     0.058175699
     0.059621569
     0.060989958
     0.062278532
     0.063485061
     0.064607415
     0.065643572
     0.066591619
     0.067449758
     0.068216305
     0.068889697
     0.069468492
     0.069951374
     0.070337151
     0.070624764
     0.070813283
     0.070901912
     0.070889990
     0.070776994
     0.070562539
     0.070246377
     0.069828405
     0.069308657
     0.068687313
     0.067964692
     0.067141260
     0.066217623
     0.065194531
     0.064072877
     0.062853697
     0.061538166
     0.060127603
     0.058623465
     0.057027347
     0.055340982
     0.053566238
     0.051705117
     0.049759752
     0.047732406
     0.045625466
     0.043441448
     0.041182985
     0.038852833
     0.036453859
     0.033989044
     0.031461480
     0.028874360
     0.026230980
     0.023534735
     0.020789110
     0.017997681
     0.015164107
     0.012292129
    0.0093855607
    0.0064482887
    0.0034842636
   0.00049749693
   -0.0025079445
   -0.0055279437
   -0.0085583391
    -0.011594930
    -0.014633481
    -0.017669729
    -0.020699390
    -0.023718161
    -0.026721729
    -0.029705776
    -0.032665984
    -0.035598042
    -0.038497652
    -0.041360535
    -0.044182434
    -0.046959126
    -0.049686422
    -0.052360175
    -0.054976287
    -0.057530716
    -0.060019477
    -0.062438651
    -0.064784394
    -0.067052935
    -0.069240587
    -0.071343753
    -0.073358929
    -0.075282708
    -0.077111790
    -0.078842984
    -0.080473212
    -0.081999518
    -0.083419069
    -0.084729159
    -0.085927218
    -0.087010814
    -0.087977653
    -0.088825592
    -0.089552634
    -0.090156936
    -0.090636814
    -0.090990742
    -0.091217358
    -0.091315466
    -0.091284040
    -0.091122223
    -0.090829334
    -0.090404867
    -0.089848493
    -0.089160064
    -0.088339610
    -0.087387345
    -0.086303664
    -0.085089146
    -0.083744556
    -0.082270839
    -0.080669128
    -0.078940737
    -0.077087164
    -0.075110090
    -0.073011377
    -0.070793068
    -0.068457384
    -0.066006723
    -0.063443658
    -0.060770935
    -0.057991471
    -0.055108349
    -0.052124817
    -0.049044286
    -0.045870323
    -0.042606651
    -0.039257142
    -0.035825817
    -0.032316835
    -0.028734495
    -0.025083231
    -0.021367600
    -0.017592285
    -0.013762086
   -0.0098819141
   -0.0059567869
   -0.0019918222
    0.0020077679
    0.0060366837
     0.010089544
     0.014160891
     0.018245201
     0.022336888
     0.026430309
     0.030519777
     0.034599562
     0.038663903
     0.042707011
     0.046723080
     0.050706292
     0.054650828
     0.058550872
     0.062400619
     0.066194285
     0.069926114
     0.073590385
     0.077181421
     0.080693593
     0.084121333
     0.087459140
     0.090701587
     0.093843327
     0.096879104
     0.099803760
      0.10261224
      0.10529960
      0.10786102
      0.11029180
      0.11258739
      0.11474335
      0.11675542
      0.11861947
      0.12033155
      0.12188787
      0.12328482
      0.12451894
      0.12558701
      0.12648594
      0.12721290
      0.12776521
      0.12814043
      0.12833631
      0.12835085
      0.12818224
      0.12782890
      0.12728951
      0.12656294
      0.12564833
      0.12454505
      0.12325272
      0.12177118
      0.12010057
      0.11824122
      0.11619376
      0.11395904
      0.11153820
      0.10893260
      0.10614389
      0.10317395
      0.10002493
     0.096699229
     0.093199517
     0.089528705
     0.085689963
     0.081686713
     0.077522626
     0.073201623
     0.068727869
     0.064105773
     0.059339983
     0.054435384
     0.049397094
     0.044230457
     0.038941044
     0.033534643
     0.028017259
     0.022395106
     0.016674599
     0.010862355
    0.0049651810
   -0.0010099303
   -0.0070558065
    -0.013165103
    -0.019330310
    -0.025543760
    -0.031797633
    -0.038083971
    -0.044394677
    -0.050721528
    -0.057056186
    -0.063390201
    -0.069715023
    -0.076022009
    -0.082302437
    -0.088547507
    -0.094748360
     -0.10089608
     -0.10698170
     -0.11299623
     -0.11893066
     -0.12477594
     -0.13052303
     -0.13616290
     -0.14168653
     -0.14708492
     -0.15234912
     -0.15747022
     -0.16243936
     -0.16724774
     -0.17188667
     -0.17634752
     -0.18062175
     -0.18470096
     -0.18857683
     -0.19224120
     -0.19568604
     -0.19890346
     -0.20188572
     -0.20462527
     -0.20711472
     -0.20934687
     -0.21131473
     -0.21301148
     -0.21443056
     -0.21556559
     -0.21641044
     -0.21695922
     -0.21720628
     -0.21714624
     -0.21677396
     -0.21608458
     -0.21507353
     -0.21373651
     -0.21206950
     -0.21006881
     -0.20773101
     -0.20505302
     -0.20203205
     -0.19866564
     -0.19495163
     -0.19088822
     -0.18647394
     -0.18170762
     -0.17658847
     -0.17111602
     -0.16529017
     -0.15911113
     -0.15257949
     -0.14569618
     -0.13846249
     -0.13088006
     -0.12295087
     -0.11467727
     -0.10606197
    -0.097108020
    -0.087818824
    -0.078198141
    -0.068250079
    -0.057979091
    -0.047389976
    -0.036487876
    -0.025278268
    -0.013766967
   -0.0019601177
     0.010135809
     0.022514020
     0.035167405
     0.048088545
     0.061269712
     0.074702883
     0.088379738
      0.10229167
      0.11642981
      0.13078499
      0.14534779
      0.16010855
      0.17505734
      0.19018401
      0.20547817
      0.22092920
      0.23652630
      0.25225844
      0.26811441
      0.28408282
      0.30015210
      0.31631054
      0.33254627
      0.34884727
      0.36520141
      0.38159645
      0.39802002
      0.41445968
      0.43090290
      0.44733709
      0.46374960
      0.48012773
      0.49645875
      0.51272991
      0.52892847
      0.54504166
      0.56105675
      0.57696105
      0.59274188
      0.60838664
      0.62388279
      0.63921786
      0.65437949
      0.66935540
      0.68413344
      0.69870159
      0.71304796
      0.72716081
      0.74102857
      0.75463984
      0.76798341
      0.78104825
      0.79382357
      0.80629877
      0.81846349
      0.83030761
      0.84182124
      0.85299479
      0.86381890
      0.87428450
      0.88438283
      0.89410539
      0.90344401
      0.91239082
      0.92093828
      0.92907917
      0.93680662
      0.94411409
      0.95099540
      0.95744470
      0.96345654
      0.96902580
      0.97414777
      0.97881808
      0.98303277
      0.98678825
      0.99008132
      0.99290919
      0.99526943
      0.99716004
      0.99857942
      0.99952634
       1.0000000
       1.0000000
      0.99952634
      0.99857942
      0.99716004
      0.99526943
      0.99290919
      0.99008132
      0.98678825
      0.98303277
      0.97881808
      0.97414777
      0.96902580
      0.96345654
      0.95744470
      0.95099540
      0.94411409
      0.93680662
      0.92907917
      0.92093828
      0.91239082
      0.90344401
      0.89410539
      0.88438283
      0.87428450
      0.86381890
      0.85299479
      0.84182124
      0.83030761
      0.81846349
      0.80629877
      0.79382357
      0.78104825
      0.76798341
      0.75463984
      0.74102857
      0.72716081
      0.71304796
      0.69870159
      0.68413344
      0.66935540
      0.65437949
      0.63921786
      0.62388279
      0.60838664
      0.59274188
      0.57696105
      0.56105675
      0.54504166
      0.52892847
      0.51272991
      0.49645875
      0.48012773
      0.46374960
      0.44733709
      0.43090290
      0.41445968
      0.39802002
      0.38159645
      0.36520141
      0.34884727
      0.33254627
      0.31631054
      0.30015210
      0.28408282
      0.26811441
      0.25225844
      0.23652630
      0.22092920
      0.20547817
      0.19018401
      0.17505734
      0.16010855
      0.14534779
      0.13078499
      0.11642981
      0.10229167
     0.088379738
     0.074702883
     0.061269713
     0.048088545
     0.035167405
     0.022514020
     0.010135809
   -0.0019601176
    -0.013766967
    -0.025278268
    -0.036487875
    -0.047389976
    -0.057979091
    -0.068250079
    -0.078198141
    -0.087818824
    -0.097108020
     -0.10606197
     -0.11467727
     -0.12295087
     -0.13088006
     -0.13846249
     -0.14569618
     -0.15257949
     -0.15911113
     -0.16529017
     -0.17111602
     -0.17658847
     -0.18170762
     -0.18647394
     -0.19088822
     -0.19495163
     -0.19866564
     -0.20203205
     -0.20505302
     -0.20773101
     -0.21006881
     -0.21206950
     -0.21373651
     -0.21507353
     -0.21608458
     -0.21677396
     -0.21714624
     -0.21720628
     -0.21695922
     -0.21641044
     -0.21556559
     -0.21443056
     -0.21301148
     -0.21131473
     -0.20934687
     -0.20711472
     -0.20462527
     -0.20188572
     -0.19890346
     -0.19568604
     -0.19224120
     -0.18857683
     -0.18470096
     -0.18062175
     -0.17634752
     -0.17188667
     -0.16724774
     -0.16243936
     -0.15747022
     -0.15234912
     -0.14708492
     -0.14168653
     -0.13616290
     -0.13052303
     -0.12477594
     -0.11893066
     -0.11299624
     -0.10698170
     -0.10089608
    -0.094748360
    -0.088547508
    -0.082302437
    -0.076022010
    -0.069715023
    -0.063390201
    -0.057056186
    -0.050721529
    -0.044394677
    -0.038083971
    -0.031797634
    -0.025543760
    -0.019330310
    -0.013165103
   -0.0070558068
   -0.0010099305
    0.0049651808
     0.010862355
     0.016674599
     0.022395106
     0.028017259
     0.033534643
     0.038941043
     0.044230457
     0.049397094
     0.054435384
     0.059339983
     0.064105773
     0.068727869
     0.073201623
     0.077522626
     0.081686713
     0.085689963
     0.089528705
     0.093199516
     0.096699228
      0.10002493
      0.10317395
      0.10614389
      0.10893260
      0.11153820
      0.11395904
      0.11619376
      0.11824122
      0.12010057
      0.12177118
      0.12325272
      0.12454505
      0.12564833
      0.12656294
      0.12728951
      0.12782890
      0.12818224
      0.12835085
      0.12833631
      0.12814043
      0.12776521
      0.12721290
      0.12648594
      0.12558701
      0.12451894
      0.12328482
      0.12188787
      0.12033155
      0.11861947
      0.11675542
      0.11474335
      0.11258739
      0.11029180
      0.10786102
      0.10529960
      0.10261224
     0.099803760
     0.096879104
     0.093843327
     0.090701587
     0.087459140
     0.084121333
     0.080693593
     0.077181421
     0.073590385
     0.069926114
     0.066194285
     0.062400619
     0.058550872
     0.054650828
     0.050706292
     0.046723080
     0.042707011
     0.038663903
     0.034599563
     0.030519777
     0.026430309
     0.022336888
     0.018245201
     0.014160891
     0.010089544
    0.0060366838
    0.0020077680
   -0.0019918222
   -0.0059567868
   -0.0098819140
    -0.013762086
    -0.017592285
    -0.021367600
    -0.025083230
    -0.028734495
    -0.032316834
    -0.035825816
    -0.039257142
    -0.042606651
    -0.045870323
    -0.049044286
    -0.052124817
    -0.055108349
    -0.057991471
    -0.060770935
    -0.063443658
    -0.066006723
    -0.068457384
    -0.070793068
    -0.073011377
    -0.075110090
    -0.077087164
    -0.078940737
    -0.080669128
    -0.082270839
    -0.083744556
    -0.085089146
    -0.086303664
    -0.087387344
    -0.088339610
    -0.089160064
    -0.089848493
    -0.090404867
    -0.090829334
    -0.091122223
    -0.091284040
    -0.091315466
    -0.091217358
    -0.090990742
    -0.090636814
    -0.090156936
    -0.089552634
    -0.088825592
    -0.087977653
    -0.087010814
    -0.085927218
    -0.084729159
    -0.083419069
    -0.081999518
    -0.080473212
    -0.078842984
    -0.077111790
    -0.075282708
    -0.073358929
    -0.071343753
    -0.069240587
    -0.067052935
    -0.064784394
    -0.062438651
    -0.060019477
    -0.057530716
    -0.054976287
    -0.052360174
    -0.049686421
    -0.046959126
    -0.044182434
    -0.041360535
    -0.038497652
    -0.035598042
    -0.032665984
    -0.029705776
    -0.026721729
    -0.023718161
    -0.020699390
    -0.017669729
    -0.014633481
    -0.011594930
   -0.0085583391
   -0.0055279437
   -0.0025079444
   0.00049749699
    0.0034842637
    0.0064482888
    0.0093855608
     0.012292129
     0.015164107
     0.017997681
     0.020789110
     0.023534735
     0.026230980
     0.028874360
     0.031461480
     0.033989044
     0.036453859
     0.038852833
     0.041182985
     0.043441448
     0.045625466
     0.047732406
     0.049759752
     0.051705118
     0.053566238
     0.055340982
     0.057027347
     0.058623465
     0.060127603
     0.061538166
     0.062853697
     0.064072877
     0.065194531
     0.066217623
     0.067141260
     0.067964692
     0.068687313
     0.069308657
     0.069828405
     0.070246377
     0.070562539
     0.070776994
     0.070889990
     0.070901912
     0.070813283
     0.070624764
     0.070337151
     0.069951374
     0.069468492
     0.068889697
     0.068216305
     0.067449758
     0.066591619
     0.065643572
     0.064607415
     0.063485061
     0.062278532
     0.060989958
     0.059621569
     0.058175699
     0.056654775
     0.055061316
     0.053397931
     0.051667312
     0.049872230
     0.048015533
     0.046100141
     0.044129040
     0.042105279
     0.040031966
     0.037912260
     0.035749371
     0.033546555
     0.031307103
     0.029034345
     0.026731639
     0.024402369
     0.022049938
     0.019677768
     0.017289288
     0.014887936
     0.012477150
     0.010060364
    0.0076410069
    0.0052224910
    0.0028082130
   0.00040154717
   -0.0019941589
   -0.0043755889
   -0.0067394621
   -0.0090825376
    -0.011401619
    -0.013693559
    -0.015955261
    -0.018183687
    -0.020375860
    -0.022528865
    -0.024639858
    -0.026706065
    -0.028724788
    -0.030693408
    -0.032609387
    -0.034470273
    -0.036273702
    -0.038017402
    -0.039699193
    -0.041316993
    -0.042868817
    -0.044352783
    -0.045767112
    -0.047110129
    -0.048380268
    -0.049576070
    -0.050696187
    -0.051739385
    -0.052704540
    -0.053590643
    -0.054396801
    -0.055122235
    -0.055766283
    -0.056328401
    -0.056808161
    -0.057205250
    -0.057519476
    -0.057750760
    -0.057899142
    -0.057964776
    -0.057947931
    -0.057848992
    -0.057668456
    -0.057406932
    -0.057065140
    -0.056643908
    -0.056144172
    -0.055566977
    -0.054913467
    -0.054184890
    -0.053382596
    -0.052508028
    -0.051562728
    -0.050548329
    -0.049466552
    -0.048319209
    -0.047108192
    -0.045835478
    -0.044503118
    -0.043113242
    -0.041668050
    -0.040169809
    -0.038620853
    -0.037023576
    -0.035380430
    -0.033693921
    -0.031966607
    -0.030201091
    -0.028400018
    -0.026566075
    -0.024701980
    -0.022810487
    -0.020894374
    -0.018956441
    -0.016999511
    -0.015026420
    -0.013040015
    -0.011043151
   -0.0090386856
   -0.0070294760
   -0.0050183744
   -0.0030082244
   -0.0010018568
   0.00099791427
    0.0029882948
    0.0049665154
    0.0069298344
    0.0088755419
     0.010800964
     0.012703464
     0.014580450
     0.016429374
     0.018247740
     0.020033101
     0.021783069
     0.023495313
     0.025167565
     0.026797622
     0.028383347
     0.029922675
     0.031413615
     0.032854250
     0.034242740
     0.035577327
     0.036856336
     0.038078175
     0.039241337
     0.040344406
     0.041386055
     0.042365046
     0.043280237
     0.044130576
     0.044915111
     0.045632980
     0.046283424
     0.046865777
     0.047379472
     0.047824042
     0.048199118
     0.048504430
     0.048739806
     0.048905175
     0.049000563
     0.049026093
     0.048981989
     0.048868570
     0.048686251
     0.048435543
     0.048117051
     0.047731472
     0.047279596
     0.046762303
     0.046180563
     0.045535429
     0.044828045
     0.044059633
     0.043231499
     0.042345029
     0.041401684
     0.040403001
     0.039350588
     0.038246125
     0.037091357
     0.035888095
     0.034638211
     0.033343635
     0.032006355
     0.030628410
     0.029211891
     0.027758935
     0.026271722
     0.024752472
     0.023203446
     0.021626934
     0.020025259
     0.018400773
     0.016755849
     0.015092882
     0.013414284
     0.011722480
     0.010019905
    0.0083090022
    0.0065922170
    0.0048719949
    0.0031507778
    0.0014310007
  -0.00028491174
   -0.0019945486
   -0.0036955160
   -0.0053854404
   -0.0070619719
   -0.0087227873
    -0.010365593
    -0.011988130
    -0.013588174
    -0.015163540
    -0.016712085
    -0.018231711
    -0.019720370
    -0.021176060
    -0.022596835
    -0.023980805
    -0.025326136
    -0.026631057
    -0.027893858
    -0.029112893
    -0.030286587
    -0.031413429
    -0.032491983
    -0.033520884
    -0.034498840
    -0.035424638
    -0.036297140
    -0.037115288
    -0.037878103
    -0.038584689
    -0.039234229
    -0.039825992
    -0.040359329
    -0.040833676
    -0.041248554
    -0.041603568
    -0.041898411
    -0.042132859
    -0.042306776
    -0.042420111
    -0.042472897
    -0.042465254
    -0.042397387
    -0.042269584
    -0.042082216
    -0.041835738
    -0.041530687
    -0.041167680
    -0.040747413
    -0.040270662
    -0.039738280
    -0.039151195
    -0.038510409
    -0.037816997
    -0.037072105
    -0.036276946
    -0.035432804
    -0.034541024
    -0.033603016
    -0.032620251
    -0.031594257
    -0.030526619
    -0.029418976
    -0.028273018
    -0.027090485
    -0.025873161
    -0.024622874
    -0.023341495
    -0.022030931
    -0.020693125
    -0.019330052
    -0.017943718
    -0.016536152
    -0.015109412
    -0.013665574
    -0.012206730
    -0.010734990
   -0.0092524751
   -0.0077613138
   -0.0062636415
   -0.0047615962
   -0.0032573153
   -0.0017529333
  -0.00025057834
    0.0012476308
    0.0027395872
    0.0042231995
    0.0056963939
    0.0071571177
    0.0086033418
     0.010033064
     0.011444310
     0.012835138
     0.014203643
     0.015547953
     0.016866238
     0.018156711
     0.019417627
     0.020647290
     0.021844051
     0.023006315
     0.024132537
     0.025221229
     0.026270961
     0.027280361
     0.028248118
     0.029172985
     0.030053776
     0.030889373
     0.031678724
     0.032420847
     0.033114828
     0.033759822
     0.034355058
     0.034899838
     0.035393533
     0.035835593
     0.036225539
     0.036562969
     0.036847553
     0.037079040
     0.037257254
     0.037382093
     0.037453531
     0.037471620
     0.037436483
     0.037348320
     0.037207407
     0.037014090
     0.036768791
     0.036472002
     0.036124287
     0.035726281
     0.035278689
     0.034782280
     0.034237895
     0.033646437
     0.033008873
     0.032326235
     0.031599612
     0.030830155
     0.030019071
     0.029167623
     0.028277127
     0.027348952
     0.026384513
     0.025385276
     0.024352751
     0.023288489
     0.022194083
     0.021071166
     0.019921404
     0.018746498
     0.017548178
     0.016328205
     0.015088364
     0.013830464
     0.012556334
     0.011267821
    0.0099667887
    0.0086551116
    0.0073346753
    0.0060073724
    0.0046751002
    0.0033397579
    0.0020032441
   0.00066745371
  -0.00066572413
   -0.0019944091
   -0.0033167323
   -0.0046308387
   -0.0059348898
   -0.0072270660
   -0.0085055695
   -0.0097686265
    -0.011014490
    -0.012241440
    -0.013447792
    -0.014631889
    -0.015792116
    -0.016926891
    -0.018034675
    -0.019113970
    -0.020163322
    -0.021181324
    -0.022166615
    -0.023117887
    -0.024033880
    -0.024913390
    -0.025755265
    -0.026558411
    -0.027321791
    -0.028044426
    -0.028725398
    -0.029363851
    -0.029958990
    -0.030510083
    -0.031016462
    -0.031477526
    -0.031892738
    -0.032261626
    -0.032583786
    -0.032858882
    -0.033086643
    -0.033266868
    -0.033399421
    -0.033484236
    -0.033521314
    -0.033510723
    -0.033452598
    -0.033347141
    -0.033194621
    -0.032995373
    -0.032749795
    -0.032458352
    -0.032121572
    -0.031740045
    -0.031314424
    -0.030845420
    -0.030333806
    -0.029780414
    -0.029186131
    -0.028551899
    -0.027878717
    -0.027167633
    -0.026419750
    -0.025636217
    -0.024818232
    -0.023967038
    -0.023083923
    -0.022170216
    -0.021227286
    -0.020256541
    -0.019259423
    -0.018237409
    -0.017192007
    -0.016124756
    -0.015037220
    -0.013930989
    -0.012807676
    -0.011668912
    -0.010516348
   -0.0093516509
   -0.0081764988
   -0.0069925817
   -0.0058015978
   -0.0046052509
   -0.0034052487
   -0.0022032995
   -0.0010011107
   0.00019961433
    0.0013971784
    0.0025898926
    0.0037760792
    0.0049540734
    0.0061222263
    0.0072789065
    0.0084225030
    0.0095514268
     0.010664114
     0.011759026
     0.012834655
     0.013889522
     0.014922183
     0.015931226
     0.016915278
     0.017873005
     0.018803110
     0.019704342
     0.020575492
     0.021415395
     0.022222936
     0.022997046
     0.023736706
     0.024440950
     0.025108861
     0.025739578
     0.026332295
     0.026886259
     0.027400776
     0.027875209
     0.028308978
     0.028701562
     0.029052500
     0.029361392
     0.029627896
     0.029851733
     0.030032684
     0.030170590
     0.030265355
     0.030316943
     0.030325381
     0.030290754
     0.030213211
     0.030092959
     0.029930265
     0.029725457
     0.029478921
     0.029191101
     0.028862498
     0.028493669
     0.028085230
     0.027637847
     0.027152243
     0.026629192
     0.026069520
     0.025474101
     0.024843860
     0.024179768
     0.023482842
     0.022754143
     0.021994774
     0.021205881
     0.020388646
     0.019544291
     0.018674073
     0.017779283
     0.016861243
     0.015921305
     0.014960850
     0.013981284
     0.012984039
     0.011970565
     0.010942335
    0.0099008393
    0.0088475817
    0.0077840812
    0.0067118674
    0.0056324787
    0.0045474605
    0.0034583627
    0.0023667376
    0.0012741377
   0.00018211339
  -0.00090778895
   -0.0019940295
   -0.0030750767
   -0.0041494100
   -0.0052155215
   -0.0062719181
   -0.0073171238
   -0.0083496816
   -0.0093681554
    -0.010371132
    -0.011357225
    -0.012325071
    -0.013273339
    -0.014200727
    -0.015105965
    -0.015987819
    -0.016845087
    -0.017676609
    -0.018481261
    -0.019257959
    -0.020005663
    -0.020723375
    -0.021410141
    -0.022065054
    -0.022687253
    -0.023275927
    -0.023830311
    -0.024349693
    -0.024833411
    -0.025280854
    -0.025691465
    -0.026064740
    -0.026400228
    -0.026697533
    -0.026956315
    -0.027176287
    -0.027357219
    -0.027498937
    -0.027601321
    -0.027664309
    -0.027687895
    -0.027672126
    -0.027617107
    -0.027522998
    -0.027390014
    -0.027218424
    -0.027008552
    -0.026760774
    -0.026475519
    -0.026153271
    -0.025794563
    -0.025399977
    -0.024970148
    -0.024505757
    -0.024007534
    -0.023476254
    -0.022912739
    -0.022317854
    -0.021692507
    -0.021037645
    -0.020354258
    -0.019643373
    -0.018906053
    -0.018143399
    -0.017356542
    -0.016546647
    -0.015714909
    -0.014862552
    -0.013990826
    -0.013101005
    -0.012194388
    -0.011272295
    -0.010336062
   -0.0093870466
   -0.0084266195
   -0.0074561650
   -0.0064770792
   -0.0054907674
   -0.0044986423
   -0.0035021220
   -0.0025026280
   -0.0015015832
  -0.00050040972
   0.00049947278
    0.0014966494
    0.0024897120
    0.0034772609
    0.0044579071
    0.0054302741
    0.0063929999
    0.0073447387
    0.0082841632
    0.0092099660
     0.010120861
     0.011015588
     0.011892908
     0.012751614
     0.013590524
     0.014408487
     0.015204387
     0.015977137
     0.016725687
     0.017449024
     0.018146171
     0.018816193
     0.019458191
     0.020071310
     0.020654738
     0.021207705
     0.021729486
     0.022219404
     0.022676824
     0.023101162
     0.023491880
     0.023848490
     0.024170552
     0.024457676
     0.024709523
     0.024925804
     0.025106280
     0.025250766
     0.025359125
     0.025431274
     0.025467180
     0.025466861
     0.025430387
     0.025357881
     0.025249512
     0.025105504
     0.024926130
     0.024711710
     0.024462616
     0.024179267
     0.023862130
     0.023511719
     0.023128594
     0.022713361
     0.022266669
     0.021789211
     0.021281723
     0.020744980
     0.020179800
     0.019587037
     0.018967584
     0.018322370
     0.017652357
     0.016958543
     0.016241957
     0.015503656
     0.014744729
     0.013966290
     0.013169480
     0.012355464
     0.011525426
     0.010680575
    0.0098221359
    0.0089513512
    0.0080694789
    0.0071777899
    0.0062775671
    0.0053701027
    0.0044566970
    0.0035386562
    0.0026172907
    0.0016939133
   0.00076983690
  -0.00015362672
   -0.0010751692
   -0.0019934873
   -0.0029072848
   -0.0038152740
   -0.0047161783
   -0.0056087329
   -0.0064916875
   -0.0073638077
   -0.0082238765
   -0.0090706964
   -0.0099030906
    -0.010719905
    -0.011520010
    -0.012302302
    -0.013065702
    -0.013809164
    -0.014531669
    -0.015232231
    -0.015909895
    -0.016563743
    -0.017192891
    -0.017796490
    -0.018373731
    -0.018923843
    -0.019446096
    -0.019939797
    -0.020404300
    -0.020838997
    -0.021243326
    -0.021616768
    -0.021958848
    -0.022269139
    -0.022547256
    -0.022792864
    -0.023005671
    -0.023185435
    -0.023331960
    -0.023445097
    -0.023524745
    -0.023570851
    -0.023583410
    -0.023562463
    -0.023508099
    -0.023420455
    -0.023299713
    -0.023146105
    -0.022959906
    -0.022741438
    -0.022491067
    -0.022209205
    -0.021896307
    -0.021552871
    -0.021179440
    -0.020776594
    -0.020344957
    -0.019885192
    -0.019398000
    -0.018884120
    -0.018344327
    -0.017779434
    -0.017190283
    -0.016577755
    -0.015942758
    -0.015286231
    -0.014609145
    -0.013912494
    -0.013197300
    -0.012464612
    -0.011715497
    -0.010951047
    -0.010172373
   -0.0093806034
   -0.0085768844
   -0.0077623765
   -0.0069382534
   -0.0061057008
   -0.0052659139
   -0.0044200963
   -0.0035694581
   -0.0027152141
   -0.0018585821
   -0.0010007812
  -0.00014303011
   0.00071345470
    0.0015674606
    0.0024177804
    0.0032632144
    0.0041025719
    0.0049346726
    0.0057583487
    0.0065724462
    0.0073758267
    0.0081673689
    0.0089459703
    0.0097105484
     0.010460043
     0.011193415
     0.011909653
     0.012607770
     0.013286806
     0.013945830
     0.014583941
     0.015200269
     0.015793977
     0.016364261
     0.016910351
     0.017431513
     0.017927050
     0.018396302
     0.018838647
     0.019253503
     0.019640328
     0.019998620
     0.020327918
     0.020627803
     0.020897899
     0.021137873
     0.021347435
     0.021526337
     0.021674378
     0.021791397
     0.021877281
     0.021931960
     0.021955408
     0.021947643
     0.021908727
     0.021838768
     0.021737917
     0.021606366
     0.021444353
     0.021252159
     0.021030105
     0.020778556
     0.020497917
     0.020188634
     0.019851192
     0.019486117
     0.019093971
     0.018675356
     0.018230908
     0.017761299
     0.017267238
     0.016749465
     0.016208753
     0.015645907
     0.015061760
     0.014457177
     0.013833048
     0.013190290
     0.012529845
     0.011852679
     0.011159779
     0.010452155
    0.0097308326
    0.0089968585
    0.0082512940
    0.0074952154
    0.0067297123
    0.0059558858
    0.0051748470
    0.0043877156
    0.0035956180
    0.0027996858
    0.0020010544
    0.0012008609
   0.00040024315
  -0.00039966244
   -0.0011977222
   -0.0019928070
   -0.0027837936
   -0.0035695663
   -0.0043490188
   -0.0051210554
   -0.0058845926
   -0.0066385606
   -0.0073819052
   -0.0081135885
   -0.0088325911
   -0.0095379130
    -0.010228575
    -0.010903621
    -0.011562118
    -0.012203158
    -0.012825858
    -0.013429364
    -0.014012851
    -0.014575523
    -0.015116612
    -0.015635387
    -0.016131146
    -0.016603221
    -0.017050981
    -0.017473827
    -0.017871200
    -0.018242575
    -0.018587466
    -0.018905426
    -0.019196044
    -0.019458952
    -0.019693819
    -0.019900357
    -0.020078315
    -0.020227487
    -0.020347705
    -0.020438844
    -0.020500819
    -0.020533587
    -0.020537149
    -0.020511543
    -0.020456851
    -0.020373195
    -0.020260740
    -0.020119689
    -0.019950286
    -0.019752815
    -0.019527600
    -0.019275003
    -0.018995424
    -0.018689302
    -0.018357111
    -0.017999364
    -0.017616605
    -0.017209418
    -0.016778416
    -0.016324249
    -0.015847595
    -0.015349166
    -0.014829701
    -0.014289970
    -0.013730770
    -0.013152923
    -0.012557278
    -0.011944706
    -0.011316103
    -0.010672386
    -0.010014489
   -0.0093433683
   -0.0086599960
   -0.0079653602
   -0.0072604633
   -0.0065463212
   -0.0058239609
   -0.0050944198
   -0.0043587438
   -0.0036179860
   -0.0028732051
   -0.0021254638
   -0.0013758275
  -0.00062536275
   0.00012486448
   0.00087379003
    0.0016203532
    0.0023634984
    0.0031021761
    0.0038353450
    0.0045619731
    0.0052810391
    0.0059915339
    0.0066924624
    0.0073828441
    0.0080617152
    0.0087281296
    0.0093811602
     0.010019900
     0.010643465
     0.011250991
     0.011841642
     0.012414603
     0.012969088
     0.013504338
     0.014019621
     0.014514236
     0.014987511
     0.015438806
     0.015867514
     0.016273060
     0.016654901
     0.017012531
     0.017345478
     0.017653306
     0.017935614
     0.018192041
     0.018422259
     0.018625980
     0.018802955
     0.018952971
     0.019075854
     0.019171470
     0.019239722
     0.019280555
     0.019293949
     0.019279926
     0.019238545
     0.019169905
     0.019074143
     0.018951435
     0.018801992
     0.018626066
     0.018423946
     0.018195955
     0.017942454
     0.017663841
     0.017360547
     0.017033037
     0.016681811
     0.016307402
     0.015910375
     0.015491325
     0.015050879
     0.014589692
     0.014108448
     0.013607860
     0.013088665
     0.012551627
     0.011997532
     0.011427193
     0.010841441
     0.010241130
    0.0096271318
    0.0090003377
    0.0083616553
    0.0077120078
    0.0070523327
    0.0063835803
    0.0057067125
    0.0050227014
    0.0043325276
    0.0036371794
    0.0029376508
    0.0022349403
    0.0015300497
   0.00082398226
   0.00011774165
  -0.00058766970
   -0.0012912519
   -0.0019920092
   -0.0026889511
   -0.0033810940
   -0.0040674624
   -0.0047470905
   -0.0054190232
   -0.0060823178
   -0.0067360453
   -0.0073792913
   -0.0080111576
   -0.0086307636
   -0.0092372471
   -0.0098297657
    -0.010407498
    -0.010969645
    -0.011515431
    -0.012044104
    -0.012554937
    -0.013047231
    -0.013520312
    -0.013973537
    -0.014406288
    -0.014817982
    -0.015208062
    -0.015576005
    -0.015921319
    -0.016243546
    -0.016542261
    -0.016817072
    -0.017067622
    -0.017293589
    -0.017494686
    -0.017670662
    -0.017821302
    -0.017946428
    -0.018045896
    -0.018119600
    -0.018167473
    -0.018189480
    -0.018185627
    -0.018155953
    -0.018100538
    -0.018019494
    -0.017912971
    -0.017781157
    -0.017624271
    -0.017442572
    -0.017236351
    -0.017005933
    -0.016751680
    -0.016473983
    -0.016173270
    -0.015849998
    -0.015504657
    -0.015137766
    -0.014749876
    -0.014341566
    -0.013913442
    -0.013466140
    -0.013000319
    -0.012516667
    -0.012015893
    -0.011498731
    -0.010965938
    -0.010418290
   -0.0098565850
   -0.0092816390
   -0.0086942858
   -0.0080953755
   -0.0074857736
   -0.0068663598
   -0.0062380262
   -0.0056016765
   -0.0049582245
   -0.0043085931
   -0.0036537123
   -0.0029945188
   -0.0023319536
   -0.0016669618
   -0.0010004902
  -0.00033348676
   2.9438212e-08
