   0.00036013091
   0.00036395715
   0.00036782145
   0.00037172416
   0.00037566562
   0.00037964621
   0.00038366627
   0.00038772617
   0.00039182626
   0.00039596692
   0.00040014852
   0.00040437143
   0.00040863602
   0.00041294268
   0.00041729178
   0.00042168372
   0.00042611888
   0.00043059765
   0.00043512044
   0.00043968762
   0.00044429962
   0.00044895682
   0.00045365965
   0.00045840850
   0.00046320381
   0.00046804597
   0.00047293543
   0.00047787259
   0.00048285789
   0.00048789175
   0.00049297463
   0.00049810694
   0.00050328914
   0.00050852167
   0.00051380499
   0.00051913953
   0.00052452576
   0.00052996414
   0.00053545513
   0.00054099920
   0.00054659683
   0.00055224847
   0.00055795463
   0.00056371576
   0.00056953237
   0.00057540494
   0.00058133397
   0.00058731996
   0.00059336339
   0.00059946479
   0.00060562466
   0.00061184351
   0.00061812187
   0.00062446025
   0.00063085917
   0.00063731918
   0.00064384080
   0.00065042457
   0.00065707103
   0.00066378073
   0.00067055423
   0.00067739206
   0.00068429481
   0.00069126302
   0.00069829726
   0.00070539812
   0.00071256616
   0.00071980196
   0.00072710612
   0.00073447922
   0.00074192186
   0.00074943463
   0.00075701814
   0.00076467300
   0.00077239982
   0.00078019922
   0.00078807182
   0.00079601825
   0.00080403913
   0.00081213512
   0.00082030684
   0.00082855495
   0.00083688009
   0.00084528292
   0.00085376411
   0.00086232432
   0.00087096421
   0.00087968447
   0.00088848578
   0.00089736882
   0.00090633428
   0.00091538287
   0.00092451528
   0.00093373222
   0.00094303440
   0.00095242253
   0.00096189735
   0.00097145958
   0.00098110996
   0.00099084921
    0.0010006781
    0.0010105974
    0.0010206077
    0.0010307100
    0.0010409050
    0.0010511933
    0.0010615759
    0.0010720535
    0.0010826268
    0.0010932968
    0.0011040641
    0.0011149296
    0.0011258941
    0.0011369584
    0.0011481233
    0.0011593897
    0.0011707584
    0.0011822303
    0.0011938061
    0.0012054868
    0.0012172733
    0.0012291662
    0.0012411667
    0.0012532755
    0.0012654934
    0.0012778215
    0.0012902606
    0.0013028116
    0.0013154754
    0.0013282530
    0.0013411452
    0.0013541530
    0.0013672773
    0.0013805191
    0.0013938793
    0.0014073589
    0.0014209588
    0.0014346800
    0.0014485236
    0.0014624904
    0.0014765814
    0.0014907977
    0.0015051403
    0.0015196102
    0.0015342083
    0.0015489358
    0.0015637937
    0.0015787829
    0.0015939045
    0.0016091597
    0.0016245494
    0.0016400747
    0.0016557368
    0.0016715366
    0.0016874753
    0.0017035540
    0.0017197737
    0.0017361357
    0.0017526409
    0.0017692907
    0.0017860859
    0.0018030280
    0.0018201178
    0.0018373568
    0.0018547459
    0.0018722864
    0.0018899795
    0.0019078263
    0.0019258281
    0.0019439860
    0.0019623013
    0.0019807752
    0.0019994089
    0.0020182037
    0.0020371608
    0.0020562815
    0.0020755670
    0.0020950187
    0.0021146377
    0.0021344254
    0.0021543831
    0.0021745121
    0.0021948136
    0.0022152891
    0.0022359399
    0.0022567672
    0.0022777726
    0.0022989572
    0.0023203225
    0.0023418698
    0.0023636006
    0.0023855162
    0.0024076180
    0.0024299075
    0.0024523861
    0.0024750551
    0.0024979161
    0.0025209705
    0.0025442198
    0.0025676653
    0.0025913086
    0.0026151513
    0.0026391947
    0.0026634403
    0.0026878898
    0.0027125446
    0.0027374063
    0.0027624763
    0.0027877563
    0.0028132478
    0.0028389524
    0.0028648717
    0.0028910072
    0.0029173606
    0.0029439335
    0.0029707275
    0.0029977442
    0.0030249853
    0.0030524524
    0.0030801472
    0.0031080714
    0.0031362266
    0.0031646146
    0.0031932371
    0.0032220957
    0.0032511922
    0.0032805283
    0.0033101058
    0.0033399264
    0.0033699920
    0.0034003042
    0.0034308649
    0.0034616758
    0.0034927388
    0.0035240558
    0.0035556285
    0.0035874587
    0.0036195484
    0.0036518994
    0.0036845136
    0.0037173928
    0.0037505391
    0.0037839541
    0.0038176400
    0.0038515987
    0.0038858320
    0.0039203419
    0.0039551305
    0.0039901996
    0.0040255513
    0.0040611876
    0.0040971105
    0.0041333220
    0.0041698242
    0.0042066191
    0.0042437087
    0.0042810952
    0.0043187807
    0.0043567671
    0.0043950567
    0.0044336516
    0.0044725538
    0.0045117656
    0.0045512891
    0.0045911265
    0.0046312799
    0.0046717516
    0.0047125437
    0.0047536585
    0.0047950982
    0.0048368651
    0.0048789614
    0.0049213893
    0.0049641513
    0.0050072495
    0.0050506863
    0.0050944640
    0.0051385849
    0.0051830514
    0.0052278658
    0.0052730306
    0.0053185481
    0.0053644206
    0.0054106507
    0.0054572408
    0.0055041932
    0.0055515104
    0.0055991950
    0.0056472493
    0.0056956759
    0.0057444773
    0.0057936560
    0.0058432146
    0.0058931555
    0.0059434814
    0.0059941948
    0.0060452983
    0.0060967945
    0.0061486860
    0.0062009755
    0.0062536656
    0.0063067590
    0.0063602583
    0.0064141662
    0.0064684854
    0.0065232187
    0.0065783687
    0.0066339383
    0.0066899301
    0.0067463469
    0.0068031915
    0.0068604668
    0.0069181755
    0.0069763205
    0.0070349046
    0.0070939306
    0.0071534015
    0.0072133201
    0.0072736893
    0.0073345121
    0.0073957913
    0.0074575300
    0.0075197310
    0.0075823975
    0.0076455322
    0.0077091383
    0.0077732188
    0.0078377768
    0.0079028151
    0.0079683370
    0.0080343456
    0.0081008438
    0.0081678348
    0.0082353218
    0.0083033079
    0.0083717963
    0.0084407900
    0.0085102924
    0.0085803066
    0.0086508358
    0.0087218833
    0.0087934523
    0.0088655461
    0.0089381680
    0.0090113213
    0.0090850092
    0.0091592351
    0.0092340024
    0.0093093144
    0.0093851745
    0.0094615861
    0.0095385526
    0.0096160774
    0.0096941639
    0.0097728157
    0.0098520362
    0.0099318288
     0.010012197
     0.010093145
     0.010174675
     0.010256791
     0.010339498
     0.010422798
     0.010506695
     0.010591192
     0.010676294
     0.010762004
     0.010848326
     0.010935262
     0.011022818
     0.011110997
     0.011199802
     0.011289237
     0.011379306
     0.011470013
     0.011561361
     0.011653355
     0.011745998
     0.011839294
     0.011933247
     0.012027861
     0.012123140
     0.012219087
     0.012315707
     0.012413003
     0.012510980
     0.012609641
     0.012708991
     0.012809033
     0.012909772
     0.013011211
     0.013113355
     0.013216207
     0.013319773
     0.013424055
     0.013529059
     0.013634787
     0.013741246
     0.013848437
     0.013956367
     0.014065039
     0.014174456
     0.014284625
     0.014395548
     0.014507230
     0.014619676
     0.014732889
     0.014846875
     0.014961637
     0.015077180
     0.015193508
     0.015310625
     0.015428537
     0.015547247
     0.015666760
     0.015787080
     0.015908213
     0.016030162
     0.016152932
     0.016276527
     0.016400953
     0.016526213
     0.016652312
     0.016779256
     0.016907048
     0.017035693
     0.017165196
     0.017295561
     0.017426794
     0.017558899
     0.017691881
     0.017825744
     0.017960493
     0.018096134
     0.018232670
     0.018370107
     0.018508450
     0.018647703
     0.018787871
     0.018928959
     0.019070973
     0.019213916
     0.019357795
     0.019502613
     0.019648377
     0.019795090
     0.019942758
     0.020091387
     0.020240980
     0.020391543
     0.020543082
     0.020695601
     0.020849105
     0.021003600
     0.021159090
     0.021315582
     0.021473079
     0.021631588
     0.021791113
     0.021951660
     0.022113234
     0.022275840
     0.022439483
     0.022604170
     0.022769905
     0.022936693
     0.023104540
     0.023273451
     0.023443432
     0.023614488
     0.023786624
     0.023959847
     0.024134161
     0.024309571
     0.024486084
     0.024663705
     0.024842439
     0.025022292
     0.025203269
     0.025385377
     0.025568620
     0.025753004
     0.025938535
     0.026125219
     0.026313061
     0.026502067
     0.026692242
     0.026883592
     0.027076123
     0.027269841
     0.027464751
     0.027660860
     0.027858172
     0.028056694
     0.028256432
     0.028457390
     0.028659577
     0.028862996
     0.029067654
     0.029273557
     0.029480711
     0.029689122
     0.029898795
     0.030109736
     0.030321953
     0.030535449
     0.030750232
     0.030966308
     0.031183682
     0.031402361
     0.031622351
     0.031843657
     0.032066286
     0.032290244
     0.032515536
     0.032742170
     0.032970151
     0.033199486
     0.033430180
     0.033662240
     0.033895672
     0.034130482
     0.034366677
     0.034604262
     0.034843244
     0.035083630
     0.035325424
     0.035568635
     0.035813268
     0.036059329
     0.036306824
     0.036555761
     0.036806145
     0.037057983
     0.037311281
     0.037566046
     0.037822283
     0.038080000
     0.038339203
     0.038599898
     0.038862092
     0.039125791
     0.039391002
     0.039657731
     0.039925985
     0.040195770
     0.040467093
     0.040739960
     0.041014378
     0.041290353
     0.041567892
     0.041847002
     0.042127689
     0.042409960
     0.042693821
     0.042979280
     0.043266342
     0.043555014
     0.043845303
     0.044137216
     0.044430760
     0.044725940
     0.045022764
     0.045321238
     0.045621370
     0.045923166
     0.046226632
     0.046531776
     0.046838603
     0.047147122
     0.047457338
     0.047769259
     0.048082891
     0.048398241
     0.048715316
     0.049034123
     0.049354668
     0.049676959
     0.050001001
     0.050326803
     0.050654371
     0.050983711
     0.051314831
     0.051647738
     0.051982437
     0.052318937
     0.052657245
     0.052997366
     0.053339308
     0.053683078
     0.054028683
     0.054376129
     0.054725425
     0.055076576
     0.055429589
     0.055784472
     0.056141231
     0.056499873
     0.056860406
     0.057222836
     0.057587171
     0.057953417
     0.058321581
     0.058691670
     0.059063691
     0.059437651
     0.059813558
     0.060191418
     0.060571238
     0.060953025
     0.061336786
     0.061722528
     0.062110259
     0.062499984
     0.062891712
     0.063285449
     0.063681202
     0.064078978
     0.064478785
     0.064880629
     0.065284517
     0.065690456
     0.066098453
     0.066508516
     0.066920651
     0.067334866
     0.067751166
     0.068169560
     0.068590055
     0.069012656
     0.069437372
     0.069864210
     0.070293176
     0.070724277
     0.071157521
     0.071592914
     0.072030463
     0.072470176
     0.072912059
     0.073356119
     0.073802364
     0.074250800
     0.074701434
     0.075154274
     0.075609325
     0.076066596
     0.076526093
     0.076987824
     0.077451794
     0.077918011
     0.078386482
     0.078857214
     0.079330213
     0.079805488
     0.080283043
     0.080762888
     0.081245027
     0.081729469
     0.082216220
     0.082705287
     0.083196677
     0.083690397
     0.084186453
     0.084684853
     0.085185602
     0.085688709
     0.086194180
     0.086702021
     0.087212240
     0.087724843
     0.088239837
     0.088757229
     0.089277025
     0.089799232
     0.090323858
     0.090850908
     0.091380389
     0.091912308
     0.092446672
     0.092983488
     0.093522761
     0.094064499
     0.094608709
     0.095155396
     0.095704567
     0.096256230
     0.096810390
     0.097367055
     0.097926230
     0.098487922
     0.099052138
     0.099618884
      0.10018817
      0.10075999
      0.10133437
      0.10191130
      0.10249079
      0.10307285
      0.10365749
      0.10424471
      0.10483452
      0.10542692
      0.10602192
      0.10661952
      0.10721974
      0.10782258
      0.10842805
      0.10903614
      0.10964687
      0.11026025
      0.11087628
      0.11149496
      0.11211630
      0.11274032
      0.11336700
      0.11399637
      0.11462842
      0.11526317
      0.11590061
      0.11654076
      0.11718362
      0.11782919
      0.11847748
      0.11912850
      0.11978226
      0.12043875
      0.12109799
      0.12175997
      0.12242472
      0.12309222
      0.12376249
      0.12443554
      0.12511136
      0.12578997
      0.12647137
      0.12715556
      0.12784255
      0.12853235
      0.12922496
      0.12992038
      0.13061863
      0.13131970
      0.13202361
      0.13273035
      0.13343994
      0.13415238
      0.13486767
      0.13558581
      0.13630682
      0.13703070
      0.13775745
      0.13848708
      0.13921959
      0.13995500
      0.14069329
      0.14143448
      0.14217858
      0.14292558
      0.14367549
      0.14442832
      0.14518408
      0.14594275
      0.14670436
      0.14746891
      0.14823639
      0.14900682
      0.14978019
      0.15055652
      0.15133581
      0.15211806
      0.15290327
      0.15369145
      0.15448261
      0.15527675
      0.15607387
      0.15687397
      0.15767706
      0.15848315
      0.15929224
      0.16010433
      0.16091943
      0.16173753
      0.16255865
      0.16338279
      0.16420994
      0.16504012
      0.16587333
      0.16670957
      0.16754885
      0.16839116
      0.16923652
      0.17008492
      0.17093637
      0.17179087
      0.17264842
      0.17350904
      0.17437271
      0.17523945
      0.17610926
      0.17698213
      0.17785808
      0.17873710
      0.17961921
      0.18050439
      0.18139266
      0.18228401
      0.18317845
      0.18407599
      0.18497661
      0.18588034
      0.18678716
      0.18769708
      0.18861011
      0.18952625
      0.19044549
      0.19136784
      0.19229330
      0.19322187
      0.19415357
      0.19508838
      0.19602630
      0.19696735
      0.19791153
      0.19885882
      0.19980924
      0.20076279
      0.20171947
      0.20267928
      0.20364222
      0.20460830
      0.20557750
      0.20654985
      0.20752533
      0.20850394
      0.20948570
      0.21047059
      0.21145863
      0.21244980
      0.21344412
      0.21444158
      0.21544218
      0.21644592
      0.21745281
      0.21846285
      0.21947602
      0.22049235
      0.22151182
      0.22253443
      0.22356019
      0.22458909
      0.22562114
      0.22665633
      0.22769467
      0.22873615
      0.22978078
      0.23082855
      0.23187947
      0.23293352
      0.23399072
      0.23505107
      0.23611455
      0.23718117
      0.23825093
      0.23932383
      0.24039987
      0.24147904
      0.24256135
      0.24364679
      0.24473536
      0.24582707
      0.24692190
      0.24801986
      0.24912095
      0.25022517
      0.25133250
      0.25244296
      0.25355654
      0.25467323
      0.25579304
      0.25691596
      0.25804199
      0.25917114
      0.26030338
      0.26143874
      0.26257719
      0.26371874
      0.26486339
      0.26601113
      0.26716196
      0.26831588
      0.26947289
      0.27063297
      0.27179614
      0.27296238
      0.27413169
      0.27530407
      0.27647951
      0.27765802
      0.27883959
      0.28002421
      0.28121188
      0.28240260
      0.28359636
      0.28479316
      0.28599299
      0.28719586
      0.28840175
      0.28961067
      0.29082260
      0.29203754
      0.29325550
      0.29447646
      0.29570041
      0.29692736
      0.29815731
      0.29939023
      0.30062614
      0.30186502
      0.30310687
      0.30435168
      0.30559945
      0.30685017
      0.30810385
      0.30936046
      0.31062001
      0.31188249
      0.31314789
      0.31441621
      0.31568744
      0.31696158
      0.31823862
      0.31951855
      0.32080137
      0.32208707
      0.32337564
      0.32466708
      0.32596138
      0.32725853
      0.32855853
      0.32986137
      0.33116704
      0.33247553
      0.33378684
      0.33510097
      0.33641789
      0.33773761
      0.33906012
      0.34038541
      0.34171347
      0.34304429
      0.34437787
      0.34571419
      0.34705326
      0.34839505
      0.34973957
      0.35108681
      0.35243675
      0.35378938
      0.35514471
      0.35650271
      0.35786339
      0.35922672
      0.36059271
      0.36196134
      0.36333261
      0.36470650
      0.36608300
      0.36746211
      0.36884382
      0.37022811
      0.37161498
      0.37300441
      0.37439640
      0.37579094
      0.37718801
      0.37858761
      0.37998973
      0.38139434
      0.38280146
      0.38421105
      0.38562312
      0.38703765
      0.38845463
      0.38987405
      0.39129590
      0.39272017
      0.39414684
      0.39557591
      0.39700736
      0.39844118
      0.39987737
      0.40131590
      0.40275676
      0.40419996
      0.40564546
      0.40709326
      0.40854336
      0.40999573
      0.41145036
      0.41290724
      0.41436636
      0.41582770
      0.41729126
      0.41875702
      0.42022496
      0.42169508
      0.42316736
      0.42464179
      0.42611835
      0.42759703
      0.42907782
      0.43056070
      0.43204566
      0.43353269
      0.43502177
      0.43651288
      0.43800602
      0.43950117
      0.44099832
      0.44249745
      0.44399854
      0.44550159
      0.44700657
      0.44851348
      0.45002230
      0.45153301
      0.45304559
      0.45456004
      0.45607634
      0.45759447
      0.45911442
      0.46063617
      0.46215971
      0.46368502
      0.46521208
      0.46674088
      0.46827141
      0.46980364
      0.47133757
      0.47287317
      0.47441043
      0.47594934
      0.47748987
      0.47903201
      0.48057574
      0.48212105
      0.48366792
      0.48521634
      0.48676628
      0.48831773
      0.48987067
      0.49142508
      0.49298096
      0.49453827
      0.49609701
      0.49765716
      0.49921869
      0.50078159
      0.50234584
      0.50391143
      0.50547834
      0.50704654
      0.50861603
      0.51018677
      0.51175876
      0.51333198
      0.51490640
      0.51648201
      0.51805880
      0.51963673
      0.52121579
      0.52279597
      0.52437725
      0.52595960
      0.52754301
      0.52912745
      0.53071291
      0.53229938
      0.53388682
      0.53547522
      0.53706456
      0.53865482
      0.54024599
      0.54183803
      0.54343094
      0.54502469
      0.54661926
      0.54821463
      0.54981078
      0.55140769
      0.55300535
      0.55460372
      0.55620279
      0.55780255
      0.55940296
      0.56100401
      0.56260567
      0.56420794
      0.56581077
      0.56741416
      0.56901809
      0.57062253
      0.57222745
      0.57383285
      0.57543870
      0.57704497
      0.57865165
      0.58025871
      0.58186613
      0.58347390
      0.58508198
      0.58669036
      0.58829902
      0.58990792
      0.59151706
      0.59312641
      0.59473595
      0.59634565
      0.59795549
      0.59956545
      0.60117551
      0.60278565
      0.60439583
      0.60600605
      0.60761628
      0.60922648
      0.61083666
      0.61244677
      0.61405679
      0.61566671
      0.61727650
      0.61888614
      0.62049560
      0.62210487
      0.62371391
      0.62532270
      0.62693123
      0.62853946
      0.63014738
      0.63175495
      0.63336217
      0.63496900
      0.63657542
      0.63818140
      0.63978693
      0.64139197
      0.64299651
      0.64460053
      0.64620398
      0.64780686
      0.64940914
      0.65101080
      0.65261180
      0.65421214
      0.65581177
      0.65741068
      0.65900884
      0.66060624
      0.66220284
      0.66379862
      0.66539355
      0.66698762
      0.66858079
      0.67017304
      0.67176436
      0.67335470
      0.67494405
      0.67653239
      0.67811968
      0.67970591
      0.68129105
      0.68287507
      0.68445795
      0.68603966
      0.68762018
      0.68919949
      0.69077755
      0.69235435
      0.69392986
      0.69550405
      0.69707689
      0.69864837
      0.70021846
      0.70178713
      0.70335436
      0.70492012
      0.70648438
      0.70804713
      0.70960833
      0.71116796
      0.71272599
      0.71428241
      0.71583718
      0.71739027
      0.71894167
      0.72049135
      0.72203927
      0.72358542
      0.72512978
      0.72667230
      0.72821298
      0.72975178
      0.73128868
      0.73282364
      0.73435666
      0.73588769
      0.73741672
      0.73894372
      0.74046866
      0.74199152
      0.74351227
      0.74503089
      0.74654735
      0.74806162
      0.74957368
      0.75108350
      0.75259106
      0.75409633
      0.75559928
      0.75709990
      0.75859814
      0.76009400
      0.76158744
      0.76307843
      0.76456695
      0.76605298
      0.76753649
      0.76901745
      0.77049584
      0.77197162
      0.77344479
      0.77491530
      0.77638314
      0.77784827
      0.77931068
      0.78077033
      0.78222721
      0.78368128
      0.78513252
      0.78658090
      0.78802640
      0.78946899
      0.79090865
      0.79234535
      0.79377906
      0.79520977
      0.79663744
      0.79806204
      0.79948356
      0.80090197
      0.80231724
      0.80372934
      0.80513826
      0.80654396
      0.80794642
      0.80934561
      0.81074151
      0.81213410
      0.81352335
      0.81490922
      0.81629171
      0.81767078
      0.81904640
      0.82041856
      0.82178723
      0.82315237
      0.82451397
      0.82587201
      0.82722645
      0.82857727
      0.82992445
      0.83126796
      0.83260777
      0.83394387
      0.83527623
      0.83660481
      0.83792961
      0.83925059
      0.84056772
      0.84188099
      0.84319037
      0.84449583
      0.84579735
      0.84709491
      0.84838848
      0.84967804
      0.85096355
      0.85224501
      0.85352238
      0.85479564
      0.85606477
      0.85732974
      0.85859052
      0.85984710
      0.86109945
      0.86234755
      0.86359137
      0.86483088
      0.86606607
      0.86729692
      0.86852339
      0.86974546
      0.87096312
      0.87217633
      0.87338508
      0.87458934
      0.87578909
      0.87698430
      0.87817496
      0.87936103
      0.88054250
      0.88171934
      0.88289153
      0.88405905
      0.88522187
      0.88637998
      0.88753334
      0.88868194
      0.88982576
      0.89096477
      0.89209895
      0.89322828
      0.89435274
      0.89547230
      0.89658694
      0.89769664
      0.89880138
      0.89990114
      0.90099589
      0.90208562
      0.90317030
      0.90424991
      0.90532443
      0.90639384
      0.90745811
      0.90851724
      0.90957118
      0.91061994
      0.91166347
      0.91270177
      0.91373481
      0.91476258
      0.91578504
      0.91680219
      0.91781400
      0.91882044
      0.91982151
      0.92081718
      0.92180743
      0.92279224
      0.92377159
      0.92474547
      0.92571385
      0.92667670
      0.92763403
      0.92858579
      0.92953199
      0.93047258
      0.93140757
      0.93233692
      0.93326063
      0.93417866
      0.93509101
      0.93599765
      0.93689857
      0.93779374
      0.93868315
      0.93956679
      0.94044463
      0.94131665
      0.94218284
      0.94304319
      0.94389766
      0.94474625
      0.94558894
      0.94642571
      0.94725655
      0.94808143
      0.94890034
      0.94971327
      0.95052019
      0.95132109
      0.95211596
      0.95290478
      0.95368753
      0.95446419
      0.95523475
      0.95599920
      0.95675752
      0.95750969
      0.95825570
      0.95899552
      0.95972916
      0.96045659
      0.96117779
      0.96189276
      0.96260147
      0.96330392
      0.96400009
      0.96468996
      0.96537351
      0.96605075
      0.96672164
      0.96738619
      0.96804437
      0.96869616
      0.96934157
      0.96998057
      0.97061315
      0.97123929
      0.97185899
      0.97247223
      0.97307900
      0.97367929
      0.97427308
      0.97486036
      0.97544112
      0.97601535
      0.97658303
      0.97714415
      0.97769871
      0.97824669
      0.97878807
      0.97932286
      0.97985102
      0.98037257
      0.98088748
      0.98139574
      0.98189734
      0.98239228
      0.98288054
      0.98336211
      0.98383698
      0.98430515
      0.98476659
      0.98522131
      0.98566929
      0.98611053
      0.98654501
      0.98697272
      0.98739367
      0.98780782
      0.98821519
      0.98861576
      0.98900952
      0.98939646
      0.98977658
      0.99014986
      0.99051631
      0.99087591
      0.99122865
      0.99157453
      0.99191353
      0.99224566
      0.99257091
      0.99288926
      0.99320072
      0.99350527
      0.99380291
      0.99409364
      0.99437744
      0.99465431
      0.99492424
      0.99518724
      0.99544328
      0.99569238
      0.99593452
      0.99616970
      0.99639791
      0.99661915
      0.99683341
      0.99704069
      0.99724098
      0.99743429
      0.99762060
      0.99779991
      0.99797222
      0.99813753
      0.99829583
      0.99844711
      0.99859139
      0.99872864
      0.99885887
      0.99898208
      0.99909826
      0.99920741
      0.99930953
      0.99940462
      0.99949267
      0.99957368
      0.99964766
      0.99971460
      0.99977449
      0.99982734
      0.99987314
      0.99991190
      0.99994362
      0.99996828
      0.99998590
      0.99999648
       1.0000000
      0.99999648
      0.99998590
      0.99996828
      0.99994362
      0.99991190
      0.99987314
      0.99982734
      0.99977449
      0.99971460
      0.99964766
      0.99957368
      0.99949267
      0.99940462
      0.99930953
      0.99920741
      0.99909826
      0.99898208
      0.99885887
      0.99872864
      0.99859139
      0.99844711
      0.99829583
      0.99813753
      0.99797222
      0.99779991
      0.99762060
      0.99743429
      0.99724098
      0.99704069
      0.99683341
      0.99661915
      0.99639791
      0.99616970
      0.99593452
      0.99569238
      0.99544328
      0.99518724
      0.99492424
      0.99465431
      0.99437744
      0.99409364
      0.99380291
      0.99350527
      0.99320072
      0.99288926
      0.99257091
      0.99224566
      0.99191353
      0.99157453
      0.99122865
      0.99087591
      0.99051631
      0.99014986
      0.98977658
      0.98939646
      0.98900952
      0.98861576
      0.98821519
      0.98780782
      0.98739367
      0.98697272
      0.98654501
      0.98611053
      0.98566929
      0.98522131
      0.98476659
      0.98430515
      0.98383698
      0.98336211
      0.98288054
      0.98239228
      0.98189734
      0.98139574
      0.98088748
      0.98037257
      0.97985102
      0.97932286
      0.97878807
      0.97824669
      0.97769871
      0.97714415
      0.97658303
      0.97601535
      0.97544112
      0.97486036
      0.97427308
      0.97367929
      0.97307900
      0.97247223
      0.97185899
      0.97123929
      0.97061315
      0.96998057
      0.96934157
      0.96869616
      0.96804437
      0.96738619
      0.96672164
      0.96605075
      0.96537351
      0.96468996
      0.96400009
      0.96330392
      0.96260147
      0.96189276
      0.96117779
      0.96045659
      0.95972916
      0.95899552
      0.95825570
      0.95750969
      0.95675752
      0.95599920
      0.95523475
      0.95446419
      0.95368753
      0.95290478
      0.95211596
      0.95132109
      0.95052019
      0.94971327
      0.94890034
      0.94808143
      0.94725655
      0.94642571
      0.94558894
      0.94474625
      0.94389766
      0.94304319
      0.94218284
      0.94131665
      0.94044463
      0.93956679
      0.93868315
      0.93779374
      0.93689857
      0.93599765
      0.93509101
      0.93417866
      0.93326063
      0.93233692
      0.93140757
      0.93047258
      0.92953199
      0.92858579
      0.92763403
      0.92667670
      0.92571385
      0.92474547
      0.92377159
      0.92279224
      0.92180743
      0.92081718
      0.91982151
      0.91882044
      0.91781400
      0.91680219
      0.91578504
      0.91476258
      0.91373481
      0.91270177
      0.91166347
      0.91061994
      0.90957118
      0.90851724
      0.90745811
      0.90639384
      0.90532443
      0.90424991
      0.90317030
      0.90208562
      0.90099589
      0.89990114
      0.89880138
      0.89769664
      0.89658694
      0.89547230
      0.89435274
      0.89322828
      0.89209895
      0.89096477
      0.88982576
      0.88868194
      0.88753334
      0.88637998
      0.88522187
      0.88405905
      0.88289153
      0.88171934
      0.88054250
      0.87936103
      0.87817496
      0.87698430
      0.87578909
      0.87458934
      0.87338508
      0.87217633
      0.87096312
      0.86974546
      0.86852339
      0.86729692
      0.86606607
      0.86483088
      0.86359137
      0.86234755
      0.86109945
      0.85984710
      0.85859052
      0.85732974
      0.85606477
      0.85479564
      0.85352238
      0.85224501
      0.85096355
      0.84967804
      0.84838848
      0.84709491
      0.84579735
      0.84449583
      0.84319037
      0.84188099
      0.84056772
      0.83925059
      0.83792961
      0.83660481
      0.83527623
      0.83394387
      0.83260777
      0.83126796
      0.82992445
      0.82857727
      0.82722645
      0.82587201
      0.82451397
      0.82315237
      0.82178723
      0.82041856
      0.81904640
      0.81767078
      0.81629171
      0.81490922
      0.81352335
      0.81213410
      0.81074151
      0.80934561
      0.80794642
      0.80654396
      0.80513826
      0.80372934
      0.80231724
      0.80090197
      0.79948356
      0.79806204
      0.79663744
      0.79520977
      0.79377906
      0.79234535
      0.79090865
      0.78946899
      0.78802640
      0.78658090
      0.78513252
      0.78368128
      0.78222721
      0.78077033
      0.77931068
      0.77784827
      0.77638314
      0.77491530
      0.77344479
      0.77197162
      0.77049584
      0.76901745
      0.76753649
      0.76605298
      0.76456695
      0.76307843
      0.76158744
      0.76009400
      0.75859814
      0.75709990
      0.75559928
      0.75409633
      0.75259106
      0.75108350
      0.74957368
      0.74806162
      0.74654735
      0.74503089
      0.74351227
      0.74199152
      0.74046866
      0.73894372
      0.73741672
      0.73588769
      0.73435666
      0.73282364
      0.73128868
      0.72975178
      0.72821298
      0.72667230
      0.72512978
      0.72358542
      0.72203927
      0.72049135
      0.71894167
      0.71739027
      0.71583718
      0.71428241
      0.71272599
      0.71116796
      0.70960833
      0.70804713
      0.70648438
      0.70492012
      0.70335436
      0.70178713
      0.70021846
      0.69864837
      0.69707689
      0.69550405
      0.69392986
      0.69235435
      0.69077755
      0.68919949
      0.68762018
      0.68603966
      0.68445795
      0.68287507
      0.68129105
      0.67970591
      0.67811968
      0.67653239
      0.67494405
      0.67335470
      0.67176436
      0.67017304
      0.66858079
      0.66698762
      0.66539355
      0.66379862
      0.66220284
      0.66060624
      0.65900884
      0.65741068
      0.65581177
      0.65421214
      0.65261180
      0.65101080
      0.64940914
      0.64780686
      0.64620398
      0.64460053
      0.64299651
      0.64139197
      0.63978693
      0.63818140
      0.63657542
      0.63496900
      0.63336217
      0.63175495
      0.63014738
      0.62853946
      0.62693123
      0.62532270
      0.62371391
      0.62210487
      0.62049560
      0.61888614
      0.61727650
      0.61566671
      0.61405679
      0.61244677
      0.61083666
      0.60922648
      0.60761628
      0.60600605
      0.60439583
      0.60278565
      0.60117551
      0.59956545
      0.59795549
      0.59634565
      0.59473595
      0.59312641
      0.59151706
      0.58990792
      0.58829902
      0.58669036
      0.58508198
      0.58347390
      0.58186613
      0.58025871
      0.57865165
      0.57704497
      0.57543870
      0.57383285
      0.57222745
      0.57062253
      0.56901809
      0.56741416
      0.56581077
      0.56420794
      0.56260567
      0.56100401
      0.55940296
      0.55780255
      0.55620279
      0.55460372
      0.55300535
      0.55140769
      0.54981078
      0.54821463
      0.54661926
      0.54502469
      0.54343094
      0.54183803
      0.54024599
      0.53865482
      0.53706456
      0.53547522
      0.53388682
      0.53229938
      0.53071291
      0.52912745
      0.52754301
      0.52595960
      0.52437725
      0.52279597
      0.52121579
      0.51963673
      0.51805880
      0.51648201
      0.51490640
      0.51333198
      0.51175876
      0.51018677
      0.50861603
      0.50704654
      0.50547834
      0.50391143
      0.50234584
      0.50078159
      0.49921869
      0.49765716
      0.49609701
      0.49453827
      0.49298096
      0.49142508
      0.48987067
      0.48831773
      0.48676628
      0.48521634
      0.48366792
      0.48212105
      0.48057574
      0.47903201
      0.47748987
      0.47594934
      0.47441043
      0.47287317
      0.47133757
      0.46980364
      0.46827141
      0.46674088
      0.46521208
      0.46368502
      0.46215971
      0.46063617
      0.45911442
      0.45759447
      0.45607634
      0.45456004
      0.45304559
      0.45153301
      0.45002230
      0.44851348
      0.44700657
      0.44550159
      0.44399854
      0.44249745
      0.44099832
      0.43950117
      0.43800602
      0.43651288
      0.43502177
      0.43353269
      0.43204566
      0.43056070
      0.42907782
      0.42759703
      0.42611835
      0.42464179
      0.42316736
      0.42169508
      0.42022496
      0.41875702
      0.41729126
      0.41582770
      0.41436636
      0.41290724
      0.41145036
      0.40999573
      0.40854336
      0.40709326
      0.40564546
      0.40419996
      0.40275676
      0.40131590
      0.39987737
      0.39844118
      0.39700736
      0.39557591
      0.39414684
      0.39272017
      0.39129590
      0.38987405
      0.38845463
      0.38703765
      0.38562312
      0.38421105
      0.38280146
      0.38139434
      0.37998973
      0.37858761
      0.37718801
      0.37579094
      0.37439640
      0.37300441
      0.37161498
      0.37022811
      0.36884382
      0.36746211
      0.36608300
      0.36470650
      0.36333261
      0.36196134
      0.36059271
      0.35922672
      0.35786339
      0.35650271
      0.35514471
      0.35378938
      0.35243675
      0.35108681
      0.34973957
      0.34839505
      0.34705326
      0.34571419
      0.34437787
      0.34304429
      0.34171347
      0.34038541
      0.33906012
      0.33773761
      0.33641789
      0.33510097
      0.33378684
      0.33247553
      0.33116704
      0.32986137
      0.32855853
      0.32725853
      0.32596138
      0.32466708
      0.32337564
      0.32208707
      0.32080137
      0.31951855
      0.31823862
      0.31696158
      0.31568744
      0.31441621
      0.31314789
      0.31188249
      0.31062001
      0.30936046
      0.30810385
      0.30685017
      0.30559945
      0.30435168
      0.30310687
      0.30186502
      0.30062614
      0.29939023
      0.29815731
      0.29692736
      0.29570041
      0.29447646
      0.29325550
      0.29203754
      0.29082260
      0.28961067
      0.28840175
      0.28719586
      0.28599299
      0.28479316
      0.28359636
      0.28240260
      0.28121188
      0.28002421
      0.27883959
      0.27765802
      0.27647951
      0.27530407
      0.27413169
      0.27296238
      0.27179614
      0.27063297
      0.26947289
      0.26831588
      0.26716196
      0.26601113
      0.26486339
      0.26371874
      0.26257719
      0.26143874
      0.26030338
      0.25917114
      0.25804199
      0.25691596
      0.25579304
      0.25467323
      0.25355654
      0.25244296
      0.25133250
      0.25022517
      0.24912095
      0.24801986
      0.24692190
      0.24582707
      0.24473536
      0.24364679
      0.24256135
      0.24147904
      0.24039987
      0.23932383
      0.23825093
      0.23718117
      0.23611455
      0.23505107
      0.23399072
      0.23293352
      0.23187947
      0.23082855
      0.22978078
      0.22873615
      0.22769467
      0.22665633
      0.22562114
      0.22458909
      0.22356019
      0.22253443
      0.22151182
      0.22049235
      0.21947602
      0.21846285
      0.21745281
      0.21644592
      0.21544218
      0.21444158
      0.21344412
      0.21244980
      0.21145863
      0.21047059
      0.20948570
      0.20850394
      0.20752533
      0.20654985
      0.20557750
      0.20460830
      0.20364222
      0.20267928
      0.20171947
      0.20076279
      0.19980924
      0.19885882
      0.19791153
      0.19696735
      0.19602630
      0.19508838
      0.19415357
      0.19322187
      0.19229330
      0.19136784
      0.19044549
      0.18952625
      0.18861011
      0.18769708
      0.18678716
      0.18588034
      0.18497661
      0.18407599
      0.18317845
      0.18228401
      0.18139266
      0.18050439
      0.17961921
      0.17873710
      0.17785808
      0.17698213
      0.17610926
      0.17523945
      0.17437271
      0.17350904
      0.17264842
      0.17179087
      0.17093637
      0.17008492
      0.16923652
      0.16839116
      0.16754885
      0.16670957
      0.16587333
      0.16504012
      0.16420994
      0.16338279
      0.16255865
      0.16173753
      0.16091943
      0.16010433
      0.15929224
      0.15848315
      0.15767706
      0.15687397
      0.15607387
      0.15527675
      0.15448261
      0.15369145
      0.15290327
      0.15211806
      0.15133581
      0.15055652
      0.14978019
      0.14900682
      0.14823639
      0.14746891
      0.14670436
      0.14594275
      0.14518408
      0.14442832
      0.14367549
      0.14292558
      0.14217858
      0.14143448
      0.14069329
      0.13995500
      0.13921959
      0.13848708
      0.13775745
      0.13703070
      0.13630682
      0.13558581
      0.13486767
      0.13415238
      0.13343994
      0.13273035
      0.13202361
      0.13131970
      0.13061863
      0.12992038
      0.12922496
      0.12853235
      0.12784255
      0.12715556
      0.12647137
      0.12578997
      0.12511136
      0.12443554
      0.12376249
      0.12309222
      0.12242472
      0.12175997
      0.12109799
      0.12043875
      0.11978226
      0.11912850
      0.11847748
      0.11782919
      0.11718362
      0.11654076
      0.11590061
      0.11526317
      0.11462842
      0.11399637
      0.11336700
      0.11274032
      0.11211630
      0.11149496
      0.11087628
      0.11026025
      0.10964687
      0.10903614
      0.10842805
      0.10782258
      0.10721974
      0.10661952
      0.10602192
      0.10542692
      0.10483452
      0.10424471
      0.10365749
      0.10307285
      0.10249079
      0.10191130
      0.10133437
      0.10075999
      0.10018817
     0.099618884
     0.099052138
     0.098487922
     0.097926230
     0.097367055
     0.096810390
     0.096256230
     0.095704567
     0.095155396
     0.094608709
     0.094064499
     0.093522761
     0.092983488
     0.092446672
     0.091912308
     0.091380389
     0.090850908
     0.090323858
     0.089799232
     0.089277025
     0.088757229
     0.088239837
     0.087724843
     0.087212240
     0.086702021
     0.086194180
     0.085688709
     0.085185602
     0.084684853
     0.084186453
     0.083690397
     0.083196677
     0.082705287
     0.082216220
     0.081729469
     0.081245027
     0.080762888
     0.080283043
     0.079805488
     0.079330213
     0.078857214
     0.078386482
     0.077918011
     0.077451794
     0.076987824
     0.076526093
     0.076066596
     0.075609325
     0.075154274
     0.074701434
     0.074250800
     0.073802364
     0.073356119
     0.072912059
     0.072470176
     0.072030463
     0.071592914
     0.071157521
     0.070724277
     0.070293176
     0.069864210
     0.069437372
     0.069012656
     0.068590055
     0.068169560
     0.067751166
     0.067334866
     0.066920651
     0.066508516
     0.066098453
     0.065690456
     0.065284517
     0.064880629
     0.064478785
     0.064078978
     0.063681202
     0.063285449
     0.062891712
     0.062499984
     0.062110259
     0.061722528
     0.061336786
     0.060953025
     0.060571238
     0.060191418
     0.059813558
     0.059437651
     0.059063691
     0.058691670
     0.058321581
     0.057953417
     0.057587171
     0.057222836
     0.056860406
     0.056499873
     0.056141231
     0.055784472
     0.055429589
     0.055076576
     0.054725425
     0.054376129
     0.054028683
     0.053683078
     0.053339308
     0.052997366
     0.052657245
     0.052318937
     0.051982437
     0.051647738
     0.051314831
     0.050983711
     0.050654371
     0.050326803
     0.050001001
     0.049676959
     0.049354668
     0.049034123
     0.048715316
     0.048398241
     0.048082891
     0.047769259
     0.047457338
     0.047147122
     0.046838603
     0.046531776
     0.046226632
     0.045923166
     0.045621370
     0.045321238
     0.045022764
     0.044725940
     0.044430760
     0.044137216
     0.043845303
     0.043555014
     0.043266342
     0.042979280
     0.042693821
     0.042409960
     0.042127689
     0.041847002
     0.041567892
     0.041290353
     0.041014378
     0.040739960
     0.040467093
     0.040195770
     0.039925985
     0.039657731
     0.039391002
     0.039125791
     0.038862092
     0.038599898
     0.038339203
     0.038080000
     0.037822283
     0.037566046
     0.037311281
     0.037057983
     0.036806145
     0.036555761
     0.036306824
     0.036059329
     0.035813268
     0.035568635
     0.035325424
     0.035083630
     0.034843244
     0.034604262
     0.034366677
     0.034130482
     0.033895672
     0.033662240
     0.033430180
     0.033199486
     0.032970151
     0.032742170
     0.032515536
     0.032290244
     0.032066286
     0.031843657
     0.031622351
     0.031402361
     0.031183682
     0.030966308
     0.030750232
     0.030535449
     0.030321953
     0.030109736
     0.029898795
     0.029689122
     0.029480711
     0.029273557
     0.029067654
     0.028862996
     0.028659577
     0.028457390
     0.028256432
     0.028056694
     0.027858172
     0.027660860
     0.027464751
     0.027269841
     0.027076123
     0.026883592
     0.026692242
     0.026502067
     0.026313061
     0.026125219
     0.025938535
     0.025753004
     0.025568620
     0.025385377
     0.025203269
     0.025022292
     0.024842439
     0.024663705
     0.024486084
     0.024309571
     0.024134161
     0.023959847
     0.023786624
     0.023614488
     0.023443432
     0.023273451
     0.023104540
     0.022936693
     0.022769905
     0.022604170
     0.022439483
     0.022275840
     0.022113234
     0.021951660
     0.021791113
     0.021631588
     0.021473079
     0.021315582
     0.021159090
     0.021003600
     0.020849105
     0.020695601
     0.020543082
     0.020391543
     0.020240980
     0.020091387
     0.019942758
     0.019795090
     0.019648377
     0.019502613
     0.019357795
     0.019213916
     0.019070973
     0.018928959
     0.018787871
     0.018647703
     0.018508450
     0.018370107
     0.018232670
     0.018096134
     0.017960493
     0.017825744
     0.017691881
     0.017558899
     0.017426794
     0.017295561
     0.017165196
     0.017035693
     0.016907048
     0.016779256
     0.016652312
     0.016526213
     0.016400953
     0.016276527
     0.016152932
     0.016030162
     0.015908213
     0.015787080
     0.015666760
     0.015547247
     0.015428537
     0.015310625
     0.015193508
     0.015077180
     0.014961637
     0.014846875
     0.014732889
     0.014619676
     0.014507230
     0.014395548
     0.014284625
     0.014174456
     0.014065039
     0.013956367
     0.013848437
     0.013741246
     0.013634787
     0.013529059
     0.013424055
     0.013319773
     0.013216207
     0.013113355
     0.013011211
     0.012909772
     0.012809033
     0.012708991
     0.012609641
     0.012510980
     0.012413003
     0.012315707
     0.012219087
     0.012123140
     0.012027861
     0.011933247
     0.011839294
     0.011745998
     0.011653355
     0.011561361
     0.011470013
     0.011379306
     0.011289237
     0.011199802
     0.011110997
     0.011022818
     0.010935262
     0.010848326
     0.010762004
     0.010676294
     0.010591192
     0.010506695
     0.010422798
     0.010339498
     0.010256791
     0.010174675
     0.010093145
     0.010012197
    0.0099318288
    0.0098520362
    0.0097728157
    0.0096941639
    0.0096160774
    0.0095385526
    0.0094615861
    0.0093851745
    0.0093093144
    0.0092340024
    0.0091592351
    0.0090850092
    0.0090113213
    0.0089381680
    0.0088655461
    0.0087934523
    0.0087218833
    0.0086508358
    0.0085803066
    0.0085102924
    0.0084407900
    0.0083717963
    0.0083033079
    0.0082353218
    0.0081678348
    0.0081008438
    0.0080343456
    0.0079683370
    0.0079028151
    0.0078377768
    0.0077732188
    0.0077091383
    0.0076455322
    0.0075823975
    0.0075197310
    0.0074575300
    0.0073957913
    0.0073345121
    0.0072736893
    0.0072133201
    0.0071534015
    0.0070939306
    0.0070349046
    0.0069763205
    0.0069181755
    0.0068604668
    0.0068031915
    0.0067463469
    0.0066899301
    0.0066339383
    0.0065783687
    0.0065232187
    0.0064684854
    0.0064141662
    0.0063602583
    0.0063067590
    0.0062536656
    0.0062009755
    0.0061486860
    0.0060967945
    0.0060452983
    0.0059941948
    0.0059434814
    0.0058931555
    0.0058432146
    0.0057936560
    0.0057444773
    0.0056956759
    0.0056472493
    0.0055991950
    0.0055515104
    0.0055041932
    0.0054572408
    0.0054106507
    0.0053644206
    0.0053185481
    0.0052730306
    0.0052278658
    0.0051830514
    0.0051385849
    0.0050944640
    0.0050506863
    0.0050072495
    0.0049641513
    0.0049213893
    0.0048789614
    0.0048368651
    0.0047950982
    0.0047536585
    0.0047125437
    0.0046717516
    0.0046312799
    0.0045911265
    0.0045512891
    0.0045117656
    0.0044725538
    0.0044336516
    0.0043950567
    0.0043567671
    0.0043187807
    0.0042810952
    0.0042437087
    0.0042066191
    0.0041698242
    0.0041333220
    0.0040971105
    0.0040611876
    0.0040255513
    0.0039901996
    0.0039551305
    0.0039203419
    0.0038858320
    0.0038515987
    0.0038176400
    0.0037839541
    0.0037505391
    0.0037173928
    0.0036845136
    0.0036518994
    0.0036195484
    0.0035874587
    0.0035556285
    0.0035240558
    0.0034927388
    0.0034616758
    0.0034308649
    0.0034003042
    0.0033699920
    0.0033399264
    0.0033101058
    0.0032805283
    0.0032511922
    0.0032220957
    0.0031932371
    0.0031646146
    0.0031362266
    0.0031080714
    0.0030801472
    0.0030524524
    0.0030249853
    0.0029977442
    0.0029707275
    0.0029439335
    0.0029173606
    0.0028910072
    0.0028648717
    0.0028389524
    0.0028132478
    0.0027877563
    0.0027624763
    0.0027374063
    0.0027125446
    0.0026878898
    0.0026634403
    0.0026391947
    0.0026151513
    0.0025913086
    0.0025676653
    0.0025442198
    0.0025209705
    0.0024979161
    0.0024750551
    0.0024523861
    0.0024299075
    0.0024076180
    0.0023855162
    0.0023636006
    0.0023418698
    0.0023203225
    0.0022989572
    0.0022777726
    0.0022567672
    0.0022359399
    0.0022152891
    0.0021948136
    0.0021745121
    0.0021543831
    0.0021344254
    0.0021146377
    0.0020950187
    0.0020755670
    0.0020562815
    0.0020371608
    0.0020182037
    0.0019994089
    0.0019807752
    0.0019623013
    0.0019439860
    0.0019258281
    0.0019078263
    0.0018899795
    0.0018722864
    0.0018547459
    0.0018373568
    0.0018201178
    0.0018030280
    0.0017860859
    0.0017692907
    0.0017526409
    0.0017361357
    0.0017197737
    0.0017035540
    0.0016874753
    0.0016715366
    0.0016557368
    0.0016400747
    0.0016245494
    0.0016091597
    0.0015939045
    0.0015787829
    0.0015637937
    0.0015489358
    0.0015342083
    0.0015196102
    0.0015051403
    0.0014907977
    0.0014765814
    0.0014624904
    0.0014485236
    0.0014346800
    0.0014209588
    0.0014073589
    0.0013938793
    0.0013805191
    0.0013672773
    0.0013541530
    0.0013411452
    0.0013282530
    0.0013154754
    0.0013028116
    0.0012902606
    0.0012778215
    0.0012654934
    0.0012532755
    0.0012411667
    0.0012291662
    0.0012172733
    0.0012054868
    0.0011938061
    0.0011822303
    0.0011707584
    0.0011593897
    0.0011481233
    0.0011369584
    0.0011258941
    0.0011149296
    0.0011040641
    0.0010932968
    0.0010826268
    0.0010720535
    0.0010615759
    0.0010511933
    0.0010409050
    0.0010307100
    0.0010206077
    0.0010105974
    0.0010006781
   0.00099084921
   0.00098110996
   0.00097145958
   0.00096189735
   0.00095242253
   0.00094303440
   0.00093373222
   0.00092451528
   0.00091538287
   0.00090633428
   0.00089736882
   0.00088848578
   0.00087968447
   0.00087096421
   0.00086232432
   0.00085376411
   0.00084528292
   0.00083688009
   0.00082855495
   0.00082030684
   0.00081213512
   0.00080403913
   0.00079601825
   0.00078807182
   0.00078019922
   0.00077239982
   0.00076467300
   0.00075701814
   0.00074943463
   0.00074192186
   0.00073447922
   0.00072710612
   0.00071980196
   0.00071256616
   0.00070539812
   0.00069829726
   0.00069126302
   0.00068429481
   0.00067739206
   0.00067055423
   0.00066378073
   0.00065707103
   0.00065042457
   0.00064384080
   0.00063731918
   0.00063085917
   0.00062446025
   0.00061812187
   0.00061184351
   0.00060562466
   0.00059946479
   0.00059336339
   0.00058731996
   0.00058133397
   0.00057540494
   0.00056953237
   0.00056371576
   0.00055795463
   0.00055224847
   0.00054659683
   0.00054099920
   0.00053545513
   0.00052996414
   0.00052452576
   0.00051913953
   0.00051380499
   0.00050852167
   0.00050328914
   0.00049810694
   0.00049297463
   0.00048789175
   0.00048285789
   0.00047787259
   0.00047293543
   0.00046804597
   0.00046320381
   0.00045840850
   0.00045365965
   0.00044895682
   0.00044429962
   0.00043968762
   0.00043512044
   0.00043059765
   0.00042611888
   0.00042168372
   0.00041729178
   0.00041294268
   0.00040863602
   0.00040437143
   0.00040014852
   0.00039596692
   0.00039182626
   0.00038772617
   0.00038366627
   0.00037964621
   0.00037566562
   0.00037172416
   0.00036782145
   0.00036395715
   0.00036013091
