      0.11548785
      0.11582060
      0.11615409
      0.11648832
      0.11682329
      0.11715899
      0.11749544
      0.11783262
      0.11817054
      0.11850921
      0.11884862
      0.11918877
      0.11952967
      0.11987131
      0.12021369
      0.12055683
      0.12090071
      0.12124534
      0.12159072
      0.12193685
      0.12228372
      0.12263135
      0.12297974
      0.12332887
      0.12367876
      0.12402941
      0.12438081
      0.12473296
      0.12508588
      0.12543955
      0.12579398
      0.12614917
      0.12650512
      0.12686183
      0.12721930
      0.12757753
      0.12793653
      0.12829629
      0.12865682
      0.12901811
      0.12938017
      0.12974299
      0.13010659
      0.13047095
      0.13083608
      0.13120198
      0.13156865
      0.13193610
      0.13230431
      0.13267330
      0.13304306
      0.13341360
      0.13378491
      0.13415700
      0.13452987
      0.13490351
      0.13527793
      0.13565313
      0.13602911
      0.13640587
      0.13678341
      0.13716174
      0.13754084
      0.13792073
      0.13830140
      0.13868286
      0.13906510
      0.13944813
      0.13983195
      0.14021655
      0.14060194
      0.14098812
      0.14137509
      0.14176285
      0.14215139
      0.14254074
      0.14293087
      0.14332179
      0.14371351
      0.14410603
      0.14449934
      0.14489344
      0.14528834
      0.14568404
      0.14608053
      0.14647782
      0.14687591
      0.14727480
      0.14767449
      0.14807498
      0.14847627
      0.14887837
      0.14928126
      0.14968496
      0.15008947
      0.15049477
      0.15090089
      0.15130780
      0.15171553
      0.15212406
      0.15253340
      0.15294354
      0.15335450
      0.15376626
      0.15417884
      0.15459222
      0.15500641
      0.15542142
      0.15583724
      0.15625387
      0.15667132
      0.15708957
      0.15750865
      0.15792854
      0.15834924
      0.15877076
      0.15919309
      0.15961625
      0.16004022
      0.16046501
      0.16089061
      0.16131704
      0.16174429
      0.16217236
      0.16260125
      0.16303095
      0.16346149
      0.16389284
      0.16432502
      0.16475802
      0.16519184
      0.16562649
      0.16606197
      0.16649827
      0.16693539
      0.16737335
      0.16781212
      0.16825173
      0.16869217
      0.16913343
      0.16957552
      0.17001844
      0.17046219
      0.17090678
      0.17135219
      0.17179843
      0.17224551
      0.17269341
      0.17314215
      0.17359172
      0.17404213
      0.17449337
      0.17494544
      0.17539835
      0.17585210
      0.17630668
      0.17676209
      0.17721834
      0.17767543
      0.17813336
      0.17859212
      0.17905172
      0.17951216
      0.17997344
      0.18043555
      0.18089851
      0.18136231
      0.18182694
      0.18229242
      0.18275874
      0.18322590
      0.18369390
      0.18416274
      0.18463243
      0.18510296
      0.18557433
      0.18604654
      0.18651960
      0.18699350
      0.18746825
      0.18794384
      0.18842028
      0.18889756
      0.18937569
      0.18985466
      0.19033448
      0.19081515
      0.19129666
      0.19177902
      0.19226223
      0.19274628
      0.19323118
      0.19371694
      0.19420354
      0.19469098
      0.19517928
      0.19566843
      0.19615842
      0.19664927
      0.19714097
      0.19763351
      0.19812691
      0.19862116
      0.19911625
      0.19961220
      0.20010900
      0.20060665
      0.20110516
      0.20160451
      0.20210472
      0.20260578
      0.20310770
      0.20361046
      0.20411408
      0.20461855
      0.20512387
      0.20563005
      0.20613708
      0.20664497
      0.20715371
      0.20766330
      0.20817375
      0.20868505
      0.20919721
      0.20971022
      0.21022408
      0.21073880
      0.21125438
      0.21177081
      0.21228809
      0.21280623
      0.21332523
      0.21384508
      0.21436579
      0.21488735
      0.21540977
      0.21593304
      0.21645717
      0.21698215
      0.21750800
      0.21803469
      0.21856225
      0.21909066
      0.21961992
      0.22015004
      0.22068102
      0.22121285
      0.22174554
      0.22227909
      0.22281349
      0.22334875
      0.22388487
      0.22442184
      0.22495967
      0.22549835
      0.22603789
      0.22657829
      0.22711954
      0.22766165
      0.22820461
      0.22874843
      0.22929311
      0.22983864
      0.23038503
      0.23093228
      0.23148038
      0.23202933
      0.23257914
      0.23312981
      0.23368133
      0.23423371
      0.23478694
      0.23534103
      0.23589597
      0.23645177
      0.23700842
      0.23756593
      0.23812429
      0.23868351
      0.23924358
      0.23980450
      0.24036628
      0.24092891
      0.24149240
      0.24205674
      0.24262193
      0.24318798
      0.24375488
      0.24432263
      0.24489123
      0.24546069
      0.24603099
      0.24660215
      0.24717417
      0.24774703
      0.24832074
      0.24889531
      0.24947072
      0.25004699
      0.25062411
      0.25120207
      0.25178089
      0.25236056
      0.25294107
      0.25352244
      0.25410465
      0.25468771
      0.25527162
      0.25585638
      0.25644198
      0.25702843
      0.25761573
      0.25820388
      0.25879287
      0.25938271
      0.25997339
      0.26056492
      0.26115729
      0.26175051
      0.26234457
      0.26293947
      0.26353522
      0.26413181
      0.26472925
      0.26532752
      0.26592664
      0.26652660
      0.26712740
      0.26772904
      0.26833152
      0.26893484
      0.26953901
      0.27014400
      0.27074984
      0.27135652
      0.27196403
      0.27257238
      0.27318157
      0.27379159
      0.27440245
      0.27501415
      0.27562667
      0.27624004
      0.27685423
      0.27746926
      0.27808513
      0.27870182
      0.27931935
      0.27993771
      0.28055690
      0.28117691
      0.28179776
      0.28241944
      0.28304194
      0.28366528
      0.28428944
      0.28491443
      0.28554024
      0.28616688
      0.28679434
      0.28742263
      0.28805174
      0.28868168
      0.28931243
      0.28994401
      0.29057641
      0.29120963
      0.29184367
      0.29247853
      0.29311421
      0.29375071
      0.29438802
      0.29502615
      0.29566510
      0.29630486
      0.29694544
      0.29758683
      0.29822903
      0.29887205
      0.29951588
      0.30016052
      0.30080596
      0.30145222
      0.30209929
      0.30274716
      0.30339585
      0.30404534
      0.30469563
      0.30534673
      0.30599863
      0.30665134
      0.30730485
      0.30795916
      0.30861428
      0.30927019
      0.30992690
      0.31058441
      0.31124272
      0.31190183
      0.31256173
      0.31322242
      0.31388391
      0.31454620
      0.31520928
      0.31587315
      0.31653780
      0.31720325
      0.31786949
      0.31853652
      0.31920433
      0.31987293
      0.32054232
      0.32121249
      0.32188344
      0.32255518
      0.32322770
      0.32390100
      0.32457507
      0.32524993
      0.32592557
      0.32660198
      0.32727916
      0.32795713
      0.32863586
      0.32931537
      0.32999565
      0.33067670
      0.33135853
      0.33204112
      0.33272447
      0.33340860
      0.33409349
      0.33477914
      0.33546556
      0.33615274
      0.33684068
      0.33752939
      0.33821885
      0.33890907
      0.33960004
      0.34029178
      0.34098426
      0.34167750
      0.34237150
      0.34306624
      0.34376173
      0.34445798
      0.34515497
      0.34585271
      0.34655119
      0.34725042
      0.34795039
      0.34865110
      0.34935256
      0.35005475
      0.35075768
      0.35146135
      0.35216576
      0.35287090
      0.35357677
      0.35428338
      0.35499071
      0.35569878
      0.35640757
      0.35711710
      0.35782734
      0.35853832
      0.35925001
      0.35996243
      0.36067557
      0.36138943
      0.36210400
      0.36281930
      0.36353530
      0.36425203
      0.36496946
      0.36568761
      0.36640646
      0.36712603
      0.36784630
      0.36856728
      0.36928896
      0.37001135
      0.37073444
      0.37145823
      0.37218271
      0.37290790
      0.37363378
      0.37436035
      0.37508762
      0.37581558
      0.37654423
      0.37727357
      0.37800360
      0.37873431
      0.37946571
      0.38019779
      0.38093055
      0.38166399
      0.38239811
      0.38313291
      0.38386838
      0.38460453
      0.38534135
      0.38607884
      0.38681700
      0.38755582
      0.38829532
      0.38903547
      0.38977629
      0.39051777
      0.39125992
      0.39200272
      0.39274617
      0.39349028
      0.39423505
      0.39498046
      0.39572653
      0.39647324
      0.39722061
      0.39796861
      0.39871726
      0.39946656
      0.40021649
      0.40096706
      0.40171827
      0.40247011
      0.40322259
      0.40397569
      0.40472943
      0.40548380
      0.40623879
      0.40699441
      0.40775065
      0.40850751
      0.40926500
      0.41002309
      0.41078181
      0.41154114
      0.41230108
      0.41306164
      0.41382280
      0.41458457
      0.41534694
      0.41610992
      0.41687350
      0.41763768
      0.41840246
      0.41916783
      0.41993380
      0.42070036
      0.42146752
      0.42223526
      0.42300358
      0.42377249
      0.42454199
      0.42531207
      0.42608272
      0.42685396
      0.42762576
      0.42839815
      0.42917110
      0.42994462
      0.43071871
      0.43149337
      0.43226859
      0.43304437
      0.43382072
      0.43459762
      0.43537507
      0.43615308
      0.43693165
      0.43771076
      0.43849042
      0.43927062
      0.44005137
      0.44083267
      0.44161450
      0.44239687
      0.44317977
      0.44396321
      0.44474718
      0.44553168
      0.44631671
      0.44710226
      0.44788833
      0.44867493
      0.44946205
      0.45024968
      0.45103783
      0.45182649
      0.45261566
      0.45340534
      0.45419552
      0.45498621
      0.45577740
      0.45656910
      0.45736129
      0.45815397
      0.45894715
      0.45974082
      0.46053497
      0.46132962
      0.46212475
      0.46292036
      0.46371645
      0.46451302
      0.46531006
      0.46610758
      0.46690557
      0.46770402
      0.46850295
      0.46930234
      0.47010219
      0.47090250
      0.47170326
      0.47250449
      0.47330616
      0.47410829
      0.47491086
      0.47571388
      0.47651734
      0.47732125
      0.47812559
      0.47893037
      0.47973558
      0.48054123
      0.48134730
      0.48215380
      0.48296073
      0.48376808
      0.48457584
      0.48538403
      0.48619263
      0.48700164
      0.48781107
      0.48862090
      0.48943114
      0.49024177
      0.49105281
      0.49186425
      0.49267609
      0.49348831
      0.49430093
      0.49511393
      0.49592733
      0.49674110
      0.49755525
      0.49836979
      0.49918470
      0.49999998
      0.50081563
      0.50163165
      0.50244804
      0.50326478
      0.50408189
      0.50489936
      0.50571718
      0.50653536
      0.50735388
      0.50817276
      0.50899197
      0.50981154
      0.51063144
      0.51145167
      0.51227225
      0.51309315
      0.51391438
      0.51473594
      0.51555783
      0.51638004
      0.51720256
      0.51802540
      0.51884856
      0.51967202
      0.52049580
      0.52131988
      0.52214426
      0.52296894
      0.52379392
      0.52461920
      0.52544476
      0.52627062
      0.52709676
      0.52792319
      0.52874990
      0.52957688
      0.53040414
      0.53123168
      0.53205949
      0.53288756
      0.53371590
      0.53454450
      0.53537335
      0.53620247
      0.53703184
      0.53786146
      0.53869132
      0.53952144
      0.54035179
      0.54118239
      0.54201322
      0.54284428
      0.54367558
      0.54450711
      0.54533886
      0.54617083
      0.54700302
      0.54783543
      0.54866805
      0.54950089
      0.55033393
      0.55116718
      0.55200063
      0.55283428
      0.55366812
      0.55450216
      0.55533640
      0.55617081
      0.55700542
      0.55784020
      0.55867517
      0.55951031
      0.56034563
      0.56118111
      0.56201676
      0.56285258
      0.56368856
      0.56452469
      0.56536099
      0.56619743
      0.56703403
      0.56787077
      0.56870765
      0.56954467
      0.57038184
      0.57121913
      0.57205656
      0.57289412
      0.57373180
      0.57456961
      0.57540753
      0.57624557
      0.57708372
      0.57792199
      0.57876036
      0.57959883
      0.58043741
      0.58127608
      0.58211485
      0.58295371
      0.58379266
      0.58463169
      0.58547081
      0.58631001
      0.58714928
      0.58798863
      0.58882804
      0.58966753
      0.59050707
      0.59134668
      0.59218635
      0.59302607
      0.59386584
      0.59470566
      0.59554552
      0.59638543
      0.59722537
      0.59806535
      0.59890536
      0.59974540
      0.60058547
      0.60142556
      0.60226567
      0.60310579
      0.60394593
      0.60478608
      0.60562623
      0.60646639
      0.60730655
      0.60814671
      0.60898686
      0.60982700
      0.61066712
      0.61150724
      0.61234733
      0.61318740
      0.61402744
      0.61486746
      0.61570744
      0.61654739
      0.61738730
      0.61822716
      0.61906699
      0.61990676
      0.62074648
      0.62158615
      0.62242575
      0.62326530
      0.62410478
      0.62494419
      0.62578353
      0.62662280
      0.62746198
      0.62830109
      0.62914011
      0.62997904
      0.63081788
      0.63165663
      0.63249527
      0.63333382
      0.63417226
      0.63501059
      0.63584881
      0.63668691
      0.63752490
      0.63836276
      0.63920050
      0.64003811
      0.64087559
      0.64171293
      0.64255013
      0.64338719
      0.64422411
      0.64506088
      0.64589749
      0.64673395
      0.64757025
      0.64840638
      0.64924235
      0.65007816
      0.65091378
      0.65174923
      0.65258451
      0.65341959
      0.65425449
      0.65508921
      0.65592372
      0.65675804
      0.65759216
      0.65842608
      0.65925979
      0.66009329
      0.66092657
      0.66175963
      0.66259248
      0.66342510
      0.66425749
      0.66508965
      0.66592157
      0.66675326
      0.66758470
      0.66841590
      0.66924685
      0.67007754
      0.67090798
      0.67173816
      0.67256808
      0.67339773
      0.67422711
      0.67505621
      0.67588504
      0.67671359
      0.67754185
      0.67836983
      0.67919751
      0.68002490
      0.68085199
      0.68167878
      0.68250526
      0.68333144
      0.68415730
      0.68498284
      0.68580807
      0.68663297
      0.68745754
      0.68828179
      0.68910570
      0.68992927
      0.69075251
      0.69157539
      0.69239793
      0.69322012
      0.69404195
      0.69486342
      0.69568454
      0.69650528
      0.69732565
      0.69814566
      0.69896528
      0.69978452
      0.70060338
      0.70142186
      0.70223994
      0.70305762
      0.70387491
      0.70469180
      0.70550828
      0.70632435
      0.70714001
      0.70795525
      0.70877007
      0.70958447
      0.71039844
      0.71121198
      0.71202508
      0.71283775
      0.71364997
      0.71446175
      0.71527308
      0.71608396
      0.71689438
      0.71770435
      0.71851384
      0.71932287
      0.72013143
      0.72093952
      0.72174713
      0.72255425
      0.72336089
      0.72416705
      0.72497271
      0.72577787
      0.72658253
      0.72738669
      0.72819034
      0.72899348
      0.72979611
      0.73059822
      0.73139981
      0.73220087
      0.73300140
      0.73380140
      0.73460086
      0.73539979
      0.73619817
      0.73699600
      0.73779328
      0.73859001
      0.73938617
      0.74018178
      0.74097682
      0.74177129
      0.74256519
      0.74335851
      0.74415125
      0.74494341
      0.74573498
      0.74652596
      0.74731634
      0.74810613
      0.74889531
      0.74968389
      0.75047185
      0.75125921
      0.75204594
      0.75283206
      0.75361755
      0.75440242
      0.75518665
      0.75597025
      0.75675320
      0.75753552
      0.75831719
      0.75909821
      0.75987857
      0.76065828
      0.76143733
      0.76221571
      0.76299343
      0.76377047
      0.76454684
      0.76532253
      0.76609753
      0.76687185
      0.76764548
      0.76841841
      0.76919065
      0.76996218
      0.77073301
      0.77150313
      0.77227254
      0.77304124
      0.77380921
      0.77457646
      0.77534298
      0.77610878
      0.77687383
      0.77763815
      0.77840173
      0.77916457
      0.77992665
      0.78068798
      0.78144856
      0.78220838
      0.78296743
      0.78372571
      0.78448323
      0.78523997
      0.78599593
      0.78675111
      0.78750551
      0.78825911
      0.78901192
      0.78976394
      0.79051516
      0.79126557
      0.79201518
      0.79276397
      0.79351195
      0.79425911
      0.79500545
      0.79575096
      0.79649565
      0.79723950
      0.79798252
      0.79872469
      0.79946602
      0.80020651
      0.80094614
      0.80168492
      0.80242284
      0.80315990
      0.80389610
      0.80463142
      0.80536587
      0.80609945
      0.80683214
      0.80756395
      0.80829488
      0.80902491
      0.80975405
      0.81048229
      0.81120964
      0.81193607
      0.81266160
      0.81338621
      0.81410991
      0.81483269
      0.81555454
      0.81627547
      0.81699547
      0.81771453
      0.81843266
      0.81914984
      0.81986609
      0.82058138
      0.82129572
      0.82200910
      0.82272153
      0.82343300
      0.82414349
      0.82485302
      0.82556158
      0.82626916
      0.82697575
      0.82768137
      0.82838600
      0.82908963
      0.82979227
      0.83049392
      0.83119456
      0.83189419
      0.83259282
      0.83329044
      0.83398704
      0.83468262
      0.83537718
      0.83607071
      0.83676321
      0.83745468
      0.83814511
      0.83883451
      0.83952285
      0.84021016
      0.84089641
      0.84158160
      0.84226574
      0.84294882
      0.84363083
      0.84431177
      0.84499164
      0.84567044
      0.84634816
      0.84702480
      0.84770035
      0.84837481
      0.84904818
      0.84972045
      0.85039162
      0.85106170
      0.85173066
      0.85239852
      0.85306526
      0.85373088
      0.85439539
      0.85505877
      0.85572102
      0.85638215
      0.85704214
      0.85770099
      0.85835871
      0.85901528
      0.85967070
      0.86032497
      0.86097809
      0.86163005
      0.86228085
      0.86293048
      0.86357895
      0.86422625
      0.86487237
      0.86551732
      0.86616108
      0.86680366
      0.86744505
      0.86808525
      0.86872426
      0.86936207
      0.86999867
      0.87063408
      0.87126827
      0.87190126
      0.87253303
      0.87316358
      0.87379291
      0.87442102
      0.87504790
      0.87567355
      0.87629796
      0.87692114
      0.87754308
      0.87816377
      0.87878322
      0.87940142
      0.88001836
      0.88063404
      0.88124847
      0.88186163
      0.88247352
      0.88308415
      0.88369350
      0.88430158
      0.88490837
      0.88551389
      0.88611812
      0.88672106
      0.88732270
      0.88792305
      0.88852210
      0.88911986
      0.88971630
      0.89031144
      0.89090526
      0.89149778
      0.89208897
      0.89267884
      0.89326739
      0.89385461
      0.89444051
      0.89502506
      0.89560829
      0.89619017
      0.89677071
      0.89734990
      0.89792775
      0.89850424
      0.89907938
      0.89965316
      0.90022558
      0.90079664
      0.90136633
      0.90193464
      0.90250159
      0.90306716
      0.90363134
      0.90419415
      0.90475557
      0.90531560
      0.90587424
      0.90643149
      0.90698734
      0.90754179
      0.90809483
      0.90864647
      0.90919670
      0.90974552
      0.91029292
      0.91083890
      0.91138346
      0.91192660
      0.91246831
      0.91300859
      0.91354744
      0.91408485
      0.91462082
      0.91515535
      0.91568844
      0.91622008
      0.91675027
      0.91727900
      0.91780628
      0.91833210
      0.91885646
      0.91937935
      0.91990078
      0.92042074
      0.92093922
      0.92145623
      0.92197175
      0.92248580
      0.92299836
      0.92350944
      0.92401902
      0.92452711
      0.92503371
      0.92553881
      0.92604241
      0.92654450
      0.92704509
      0.92754416
      0.92804173
      0.92853778
      0.92903232
      0.92952533
      0.93001682
      0.93050678
      0.93099522
      0.93148213
      0.93196750
      0.93245134
      0.93293363
      0.93341439
      0.93389360
      0.93437127
      0.93484738
      0.93532194
      0.93579495
      0.93626640
      0.93673630
      0.93720463
      0.93767139
      0.93813659
      0.93860021
      0.93906227
      0.93952275
      0.93998165
      0.94043897
      0.94089470
      0.94134886
      0.94180142
      0.94225239
      0.94270178
      0.94314956
      0.94359575
      0.94404034
      0.94448332
      0.94492470
      0.94536447
      0.94580264
      0.94623919
      0.94667412
      0.94710744
      0.94753913
      0.94796921
      0.94839766
      0.94882448
      0.94924968
      0.94967324
      0.95009517
      0.95051546
      0.95093412
      0.95135113
      0.95176650
      0.95218022
      0.95259230
      0.95300273
      0.95341150
      0.95381862
      0.95422408
      0.95462788
      0.95503002
      0.95543050
      0.95582931
      0.95622645
      0.95662192
      0.95701572
      0.95740784
      0.95779829
      0.95818706
      0.95857415
      0.95895955
      0.95934327
      0.95972529
      0.96010563
      0.96048428
      0.96086123
      0.96123649
      0.96161005
      0.96198190
      0.96235206
      0.96272050
      0.96308725
      0.96345228
      0.96381560
      0.96417721
      0.96453711
      0.96489528
      0.96525174
      0.96560648
      0.96595949
      0.96631078
      0.96666035
      0.96700818
      0.96735428
      0.96769865
      0.96804128
      0.96838218
      0.96872134
      0.96905876
      0.96939444
      0.96972837
      0.97006055
      0.97039099
      0.97071968
      0.97104661
      0.97137179
      0.97169522
      0.97201689
      0.97233680
      0.97265495
      0.97297133
      0.97328595
      0.97359881
      0.97390989
      0.97421921
      0.97452676
      0.97483253
      0.97513652
      0.97543874
      0.97573918
      0.97603785
      0.97633472
      0.97662982
      0.97692313
      0.97721465
      0.97750439
      0.97779233
      0.97807849
      0.97836284
      0.97864541
      0.97892618
      0.97920514
      0.97948231
      0.97975768
      0.98003125
      0.98030301
      0.98057296
      0.98084111
      0.98110744
      0.98137197
      0.98163468
      0.98189558
      0.98215467
      0.98241194
      0.98266739
      0.98292102
      0.98317283
      0.98342282
      0.98367098
      0.98391732
      0.98416183
      0.98440452
      0.98464537
      0.98488439
      0.98512159
      0.98535694
      0.98559047
      0.98582215
      0.98605200
      0.98628001
      0.98650618
      0.98673051
      0.98695300
      0.98717364
      0.98739244
      0.98760939
      0.98782449
      0.98803774
      0.98824915
      0.98845870
      0.98866640
      0.98887225
      0.98907624
      0.98927837
      0.98947865
      0.98967707
      0.98987363
      0.99006833
      0.99026117
      0.99045214
      0.99064125
      0.99082850
      0.99101388
      0.99119739
      0.99137903
      0.99155881
      0.99173671
      0.99191274
      0.99208690
      0.99225919
      0.99242960
      0.99259814
      0.99276480
      0.99292959
      0.99309249
      0.99325352
      0.99341267
      0.99356994
      0.99372532
      0.99387882
      0.99403044
      0.99418017
      0.99432802
      0.99447398
      0.99461806
      0.99476025
      0.99490055
      0.99503896
      0.99517547
      0.99531010
      0.99544284
      0.99557368
      0.99570263
      0.99582969
      0.99595485
      0.99607812
      0.99619949
      0.99631896
      0.99643654
      0.99655221
      0.99666599
      0.99677787
      0.99688785
      0.99699593
      0.99710210
      0.99720638
      0.99730875
      0.99740922
      0.99750778
      0.99760444
      0.99769920
      0.99779204
      0.99788299
      0.99797203
      0.99805915
      0.99814438
      0.99822769
      0.99830910
      0.99838859
      0.99846618
      0.99854186
      0.99861562
      0.99868748
      0.99875742
      0.99882546
      0.99889158
      0.99895579
      0.99901808
      0.99907847
      0.99913694
      0.99919349
      0.99924813
      0.99930086
      0.99935167
      0.99940057
      0.99944755
      0.99949262
      0.99953577
      0.99957701
      0.99961632
      0.99965373
      0.99968921
      0.99972278
      0.99975443
      0.99978416
      0.99981198
      0.99983788
      0.99986186
      0.99988392
      0.99990407
      0.99992229
      0.99993860
      0.99995299
      0.99996546
      0.99997602
      0.99998465
      0.99999137
      0.99999616
      0.99999904
       1.0000000
      0.99999904
      0.99999616
      0.99999137
      0.99998465
      0.99997602
      0.99996546
      0.99995299
      0.99993860
      0.99992229
      0.99990407
      0.99988392
      0.99986186
      0.99983788
      0.99981198
      0.99978416
      0.99975443
      0.99972278
      0.99968921
      0.99965373
      0.99961632
      0.99957701
      0.99953577
      0.99949262
      0.99944755
      0.99940057
      0.99935167
      0.99930086
      0.99924813
      0.99919349
      0.99913694
      0.99907847
      0.99901808
      0.99895579
      0.99889158
      0.99882546
      0.99875742
      0.99868748
      0.99861562
      0.99854186
      0.99846618
      0.99838859
      0.99830910
      0.99822769
      0.99814438
      0.99805915
      0.99797203
      0.99788299
      0.99779204
      0.99769920
      0.99760444
      0.99750778
      0.99740922
      0.99730875
      0.99720638
      0.99710210
      0.99699593
      0.99688785
      0.99677787
      0.99666599
      0.99655221
      0.99643654
      0.99631896
      0.99619949
      0.99607812
      0.99595485
      0.99582969
      0.99570263
      0.99557368
      0.99544284
      0.99531010
      0.99517547
      0.99503896
      0.99490055
      0.99476025
      0.99461806
      0.99447398
      0.99432802
      0.99418017
      0.99403044
      0.99387882
      0.99372532
      0.99356994
      0.99341267
      0.99325352
      0.99309249
      0.99292959
      0.99276480
      0.99259814
      0.99242960
      0.99225919
      0.99208690
      0.99191274
      0.99173671
      0.99155881
      0.99137903
      0.99119739
      0.99101388
      0.99082850
      0.99064125
      0.99045214
      0.99026117
      0.99006833
      0.98987363
      0.98967707
      0.98947865
      0.98927837
      0.98907624
      0.98887225
      0.98866640
      0.98845870
      0.98824915
      0.98803774
      0.98782449
      0.98760939
      0.98739244
      0.98717364
      0.98695300
      0.98673051
      0.98650618
      0.98628001
      0.98605200
      0.98582215
      0.98559047
      0.98535694
      0.98512159
      0.98488439
      0.98464537
      0.98440452
      0.98416183
      0.98391732
      0.98367098
      0.98342282
      0.98317283
      0.98292102
      0.98266739
      0.98241194
      0.98215467
      0.98189558
      0.98163468
      0.98137197
      0.98110744
      0.98084111
      0.98057296
      0.98030301
      0.98003125
      0.97975768
      0.97948231
      0.97920514
      0.97892618
      0.97864541
      0.97836284
      0.97807849
      0.97779233
      0.97750439
      0.97721465
      0.97692313
      0.97662982
      0.97633472
      0.97603785
      0.97573918
      0.97543874
      0.97513652
      0.97483253
      0.97452676
      0.97421921
      0.97390989
      0.97359881
      0.97328595
      0.97297133
      0.97265495
      0.97233680
      0.97201689
      0.97169522
      0.97137179
      0.97104661
      0.97071968
      0.97039099
      0.97006055
      0.96972837
      0.96939444
      0.96905876
      0.96872134
      0.96838218
      0.96804128
      0.96769865
      0.96735428
      0.96700818
      0.96666035
      0.96631078
      0.96595949
      0.96560648
      0.96525174
      0.96489528
      0.96453711
      0.96417721
      0.96381560
      0.96345228
      0.96308725
      0.96272050
      0.96235206
      0.96198190
      0.96161005
      0.96123649
      0.96086123
      0.96048428
      0.96010563
      0.95972529
      0.95934327
      0.95895955
      0.95857415
      0.95818706
      0.95779829
      0.95740784
      0.95701572
      0.95662192
      0.95622645
      0.95582931
      0.95543050
      0.95503002
      0.95462788
      0.95422408
      0.95381862
      0.95341150
      0.95300273
      0.95259230
      0.95218022
      0.95176650
      0.95135113
      0.95093412
      0.95051546
      0.95009517
      0.94967324
      0.94924968
      0.94882448
      0.94839766
      0.94796921
      0.94753913
      0.94710744
      0.94667412
      0.94623919
      0.94580264
      0.94536447
      0.94492470
      0.94448332
      0.94404034
      0.94359575
      0.94314956
      0.94270178
      0.94225239
      0.94180142
      0.94134886
      0.94089470
      0.94043897
      0.93998165
      0.93952275
      0.93906227
      0.93860021
      0.93813659
      0.93767139
      0.93720463
      0.93673630
      0.93626640
      0.93579495
      0.93532194
      0.93484738
      0.93437127
      0.93389360
      0.93341439
      0.93293363
      0.93245134
      0.93196750
      0.93148213
      0.93099522
      0.93050678
      0.93001682
      0.92952533
      0.92903232
      0.92853778
      0.92804173
      0.92754416
      0.92704509
      0.92654450
      0.92604241
      0.92553881
      0.92503371
      0.92452711
      0.92401902
      0.92350944
      0.92299836
      0.92248580
      0.92197175
      0.92145623
      0.92093922
      0.92042074
      0.91990078
      0.91937935
      0.91885646
      0.91833210
      0.91780628
      0.91727900
      0.91675027
      0.91622008
      0.91568844
      0.91515535
      0.91462082
      0.91408485
      0.91354744
      0.91300859
      0.91246831
      0.91192660
      0.91138346
      0.91083890
      0.91029292
      0.90974552
      0.90919670
      0.90864647
      0.90809483
      0.90754179
      0.90698734
      0.90643149
      0.90587424
      0.90531560
      0.90475557
      0.90419415
      0.90363134
      0.90306716
      0.90250159
      0.90193464
      0.90136633
      0.90079664
      0.90022558
      0.89965316
      0.89907938
      0.89850424
      0.89792775
      0.89734990
      0.89677071
      0.89619017
      0.89560829
      0.89502506
      0.89444051
      0.89385461
      0.89326739
      0.89267884
      0.89208897
      0.89149778
      0.89090526
      0.89031144
      0.88971630
      0.88911986
      0.88852210
      0.88792305
      0.88732270
      0.88672106
      0.88611812
      0.88551389
      0.88490837
      0.88430158
      0.88369350
      0.88308415
      0.88247352
      0.88186163
      0.88124847
      0.88063404
      0.88001836
      0.87940142
      0.87878322
      0.87816377
      0.87754308
      0.87692114
      0.87629796
      0.87567355
      0.87504790
      0.87442102
      0.87379291
      0.87316358
      0.87253303
      0.87190126
      0.87126827
      0.87063408
      0.86999867
      0.86936207
      0.86872426
      0.86808525
      0.86744505
      0.86680366
      0.86616108
      0.86551732
      0.86487237
      0.86422625
      0.86357895
      0.86293048
      0.86228085
      0.86163005
      0.86097809
      0.86032497
      0.85967070
      0.85901528
      0.85835871
      0.85770099
      0.85704214
      0.85638215
      0.85572102
      0.85505877
      0.85439539
      0.85373088
      0.85306526
      0.85239852
      0.85173066
      0.85106170
      0.85039162
      0.84972045
      0.84904818
      0.84837481
      0.84770035
      0.84702480
      0.84634816
      0.84567044
      0.84499164
      0.84431177
      0.84363083
      0.84294882
      0.84226574
      0.84158160
      0.84089641
      0.84021016
      0.83952285
      0.83883451
      0.83814511
      0.83745468
      0.83676321
      0.83607071
      0.83537718
      0.83468262
      0.83398704
      0.83329044
      0.83259282
      0.83189419
      0.83119456
      0.83049392
      0.82979227
      0.82908963
      0.82838600
      0.82768137
      0.82697575
      0.82626916
      0.82556158
      0.82485302
      0.82414349
      0.82343300
      0.82272153
      0.82200910
      0.82129572
      0.82058138
      0.81986609
      0.81914984
      0.81843266
      0.81771453
      0.81699547
      0.81627547
      0.81555454
      0.81483269
      0.81410991
      0.81338621
      0.81266160
      0.81193607
      0.81120964
      0.81048229
      0.80975405
      0.80902491
      0.80829488
      0.80756395
      0.80683214
      0.80609945
      0.80536587
      0.80463142
      0.80389610
      0.80315990
      0.80242284
      0.80168492
      0.80094614
      0.80020651
      0.79946602
      0.79872469
      0.79798252
      0.79723950
      0.79649565
      0.79575096
      0.79500545
      0.79425911
      0.79351195
      0.79276397
      0.79201518
      0.79126557
      0.79051516
      0.78976394
      0.78901192
      0.78825911
      0.78750551
      0.78675111
      0.78599593
      0.78523997
      0.78448323
      0.78372571
      0.78296743
      0.78220838
      0.78144856
      0.78068798
      0.77992665
      0.77916457
      0.77840173
      0.77763815
      0.77687383
      0.77610878
      0.77534298
      0.77457646
      0.77380921
      0.77304124
      0.77227254
      0.77150313
      0.77073301
      0.76996218
      0.76919065
      0.76841841
      0.76764548
      0.76687185
      0.76609753
      0.76532253
      0.76454684
      0.76377047
      0.76299343
      0.76221571
      0.76143733
      0.76065828
      0.75987857
      0.75909821
      0.75831719
      0.75753552
      0.75675320
      0.75597025
      0.75518665
      0.75440242
      0.75361755
      0.75283206
      0.75204594
      0.75125921
      0.75047185
      0.74968389
      0.74889531
      0.74810613
      0.74731634
      0.74652596
      0.74573498
      0.74494341
      0.74415125
      0.74335851
      0.74256519
      0.74177129
      0.74097682
      0.74018178
      0.73938617
      0.73859001
      0.73779328
      0.73699600
      0.73619817
      0.73539979
      0.73460086
      0.73380140
      0.73300140
      0.73220087
      0.73139981
      0.73059822
      0.72979611
      0.72899348
      0.72819034
      0.72738669
      0.72658253
      0.72577787
      0.72497271
      0.72416705
      0.72336089
      0.72255425
      0.72174713
      0.72093952
      0.72013143
      0.71932287
      0.71851384
      0.71770435
      0.71689438
      0.71608396
      0.71527308
      0.71446175
      0.71364997
      0.71283775
      0.71202508
      0.71121198
      0.71039844
      0.70958447
      0.70877007
      0.70795525
      0.70714001
      0.70632435
      0.70550828
      0.70469180
      0.70387491
      0.70305762
      0.70223994
      0.70142186
      0.70060338
      0.69978452
      0.69896528
      0.69814566
      0.69732565
      0.69650528
      0.69568454
      0.69486342
      0.69404195
      0.69322012
      0.69239793
      0.69157539
      0.69075251
      0.68992927
      0.68910570
      0.68828179
      0.68745754
      0.68663297
      0.68580807
      0.68498284
      0.68415730
      0.68333144
      0.68250526
      0.68167878
      0.68085199
      0.68002490
      0.67919751
      0.67836983
      0.67754185
      0.67671359
      0.67588504
      0.67505621
      0.67422711
      0.67339773
      0.67256808
      0.67173816
      0.67090798
      0.67007754
      0.66924685
      0.66841590
      0.66758470
      0.66675326
      0.66592157
      0.66508965
      0.66425749
      0.66342510
      0.66259248
      0.66175963
      0.66092657
      0.66009329
      0.65925979
      0.65842608
      0.65759216
      0.65675804
      0.65592372
      0.65508921
      0.65425449
      0.65341959
      0.65258451
      0.65174923
      0.65091378
      0.65007816
      0.64924235
      0.64840638
      0.64757025
      0.64673395
      0.64589749
      0.64506088
      0.64422411
      0.64338719
      0.64255013
      0.64171293
      0.64087559
      0.64003811
      0.63920050
      0.63836276
      0.63752490
      0.63668691
      0.63584881
      0.63501059
      0.63417226
      0.63333382
      0.63249527
      0.63165663
      0.63081788
      0.62997904
      0.62914011
      0.62830109
      0.62746198
      0.62662280
      0.62578353
      0.62494419
      0.62410478
      0.62326530
      0.62242575
      0.62158615
      0.62074648
      0.61990676
      0.61906699
      0.61822716
      0.61738730
      0.61654739
      0.61570744
      0.61486746
      0.61402744
      0.61318740
      0.61234733
      0.61150724
      0.61066712
      0.60982700
      0.60898686
      0.60814671
      0.60730655
      0.60646639
      0.60562623
      0.60478608
      0.60394593
      0.60310579
      0.60226567
      0.60142556
      0.60058547
      0.59974540
      0.59890536
      0.59806535
      0.59722537
      0.59638543
      0.59554552
      0.59470566
      0.59386584
      0.59302607
      0.59218635
      0.59134668
      0.59050707
      0.58966753
      0.58882804
      0.58798863
      0.58714928
      0.58631001
      0.58547081
      0.58463169
      0.58379266
      0.58295371
      0.58211485
      0.58127608
      0.58043741
      0.57959883
      0.57876036
      0.57792199
      0.57708372
      0.57624557
      0.57540753
      0.57456961
      0.57373180
      0.57289412
      0.57205656
      0.57121913
      0.57038184
      0.56954467
      0.56870765
      0.56787077
      0.56703403
      0.56619743
      0.56536099
      0.56452469
      0.56368856
      0.56285258
      0.56201676
      0.56118111
      0.56034563
      0.55951031
      0.55867517
      0.55784020
      0.55700542
      0.55617081
      0.55533640
      0.55450216
      0.55366812
      0.55283428
      0.55200063
      0.55116718
      0.55033393
      0.54950089
      0.54866805
      0.54783543
      0.54700302
      0.54617083
      0.54533886
      0.54450711
      0.54367558
      0.54284428
      0.54201322
      0.54118239
      0.54035179
      0.53952144
      0.53869132
      0.53786146
      0.53703184
      0.53620247
      0.53537335
      0.53454450
      0.53371590
      0.53288756
      0.53205949
      0.53123168
      0.53040414
      0.52957688
      0.52874990
      0.52792319
      0.52709676
      0.52627062
      0.52544476
      0.52461920
      0.52379392
      0.52296894
      0.52214426
      0.52131988
      0.52049580
      0.51967202
      0.51884856
      0.51802540
      0.51720256
      0.51638004
      0.51555783
      0.51473594
      0.51391438
      0.51309315
      0.51227225
      0.51145167
      0.51063144
      0.50981154
      0.50899197
      0.50817276
      0.50735388
      0.50653536
      0.50571718
      0.50489936
      0.50408189
      0.50326478
      0.50244804
      0.50163165
      0.50081563
      0.49999998
      0.49918470
      0.49836979
      0.49755525
      0.49674110
      0.49592733
      0.49511393
      0.49430093
      0.49348831
      0.49267609
      0.49186425
      0.49105281
      0.49024177
      0.48943114
      0.48862090
      0.48781107
      0.48700164
      0.48619263
      0.48538403
      0.48457584
      0.48376808
      0.48296073
      0.48215380
      0.48134730
      0.48054123
      0.47973558
      0.47893037
      0.47812559
      0.47732125
      0.47651734
      0.47571388
      0.47491086
      0.47410829
      0.47330616
      0.47250449
      0.47170326
      0.47090250
      0.47010219
      0.46930234
      0.46850295
      0.46770402
      0.46690557
      0.46610758
      0.46531006
      0.46451302
      0.46371645
      0.46292036
      0.46212475
      0.46132962
      0.46053497
      0.45974082
      0.45894715
      0.45815397
      0.45736129
      0.45656910
      0.45577740
      0.45498621
      0.45419552
      0.45340534
      0.45261566
      0.45182649
      0.45103783
      0.45024968
      0.44946205
      0.44867493
      0.44788833
      0.44710226
      0.44631671
      0.44553168
      0.44474718
      0.44396321
      0.44317977
      0.44239687
      0.44161450
      0.44083267
      0.44005137
      0.43927062
      0.43849042
      0.43771076
      0.43693165
      0.43615308
      0.43537507
      0.43459762
      0.43382072
      0.43304437
      0.43226859
      0.43149337
      0.43071871
      0.42994462
      0.42917110
      0.42839815
      0.42762576
      0.42685396
      0.42608272
      0.42531207
      0.42454199
      0.42377249
      0.42300358
      0.42223526
      0.42146752
      0.42070036
      0.41993380
      0.41916783
      0.41840246
      0.41763768
      0.41687350
      0.41610992
      0.41534694
      0.41458457
      0.41382280
      0.41306164
      0.41230108
      0.41154114
      0.41078181
      0.41002309
      0.40926500
      0.40850751
      0.40775065
      0.40699441
      0.40623879
      0.40548380
      0.40472943
      0.40397569
      0.40322259
      0.40247011
      0.40171827
      0.40096706
      0.40021649
      0.39946656
      0.39871726
      0.39796861
      0.39722061
      0.39647324
      0.39572653
      0.39498046
      0.39423505
      0.39349028
      0.39274617
      0.39200272
      0.39125992
      0.39051777
      0.38977629
      0.38903547
      0.38829532
      0.38755582
      0.38681700
      0.38607884
      0.38534135
      0.38460453
      0.38386838
      0.38313291
      0.38239811
      0.38166399
      0.38093055
      0.38019779
      0.37946571
      0.37873431
      0.37800360
      0.37727357
      0.37654423
      0.37581558
      0.37508762
      0.37436035
      0.37363378
      0.37290790
      0.37218271
      0.37145823
      0.37073444
      0.37001135
      0.36928896
      0.36856728
      0.36784630
      0.36712603
      0.36640646
      0.36568761
      0.36496946
      0.36425203
      0.36353530
      0.36281930
      0.36210400
      0.36138943
      0.36067557
      0.35996243
      0.35925001
      0.35853832
      0.35782734
      0.35711710
      0.35640757
      0.35569878
      0.35499071
      0.35428338
      0.35357677
      0.35287090
      0.35216576
      0.35146135
      0.35075768
      0.35005475
      0.34935256
      0.34865110
      0.34795039
      0.34725042
      0.34655119
      0.34585271
      0.34515497
      0.34445798
      0.34376173
      0.34306624
      0.34237150
      0.34167750
      0.34098426
      0.34029178
      0.33960004
      0.33890907
      0.33821885
      0.33752939
      0.33684068
      0.33615274
      0.33546556
      0.33477914
      0.33409349
      0.33340860
      0.33272447
      0.33204112
      0.33135853
      0.33067670
      0.32999565
      0.32931537
      0.32863586
      0.32795713
      0.32727916
      0.32660198
      0.32592557
      0.32524993
      0.32457507
      0.32390100
      0.32322770
      0.32255518
      0.32188344
      0.32121249
      0.32054232
      0.31987293
      0.31920433
      0.31853652
      0.31786949
      0.31720325
      0.31653780
      0.31587315
      0.31520928
      0.31454620
      0.31388391
      0.31322242
      0.31256173
      0.31190183
      0.31124272
      0.31058441
      0.30992690
      0.30927019
      0.30861428
      0.30795916
      0.30730485
      0.30665134
      0.30599863
      0.30534673
      0.30469563
      0.30404534
      0.30339585
      0.30274716
      0.30209929
      0.30145222
      0.30080596
      0.30016052
      0.29951588
      0.29887205
      0.29822903
      0.29758683
      0.29694544
      0.29630486
      0.29566510
      0.29502615
      0.29438802
      0.29375071
      0.29311421
      0.29247853
      0.29184367
      0.29120963
      0.29057641
      0.28994401
      0.28931243
      0.28868168
      0.28805174
      0.28742263
      0.28679434
      0.28616688
      0.28554024
      0.28491443
      0.28428944
      0.28366528
      0.28304194
      0.28241944
      0.28179776
      0.28117691
      0.28055690
      0.27993771
      0.27931935
      0.27870182
      0.27808513
      0.27746926
      0.27685423
      0.27624004
      0.27562667
      0.27501415
      0.27440245
      0.27379159
      0.27318157
      0.27257238
      0.27196403
      0.27135652
      0.27074984
      0.27014400
      0.26953901
      0.26893484
      0.26833152
      0.26772904
      0.26712740
      0.26652660
      0.26592664
      0.26532752
      0.26472925
      0.26413181
      0.26353522
      0.26293947
      0.26234457
      0.26175051
      0.26115729
      0.26056492
      0.25997339
      0.25938271
      0.25879287
      0.25820388
      0.25761573
      0.25702843
      0.25644198
      0.25585638
      0.25527162
      0.25468771
      0.25410465
      0.25352244
      0.25294107
      0.25236056
      0.25178089
      0.25120207
      0.25062411
      0.25004699
      0.24947072
      0.24889531
      0.24832074
      0.24774703
      0.24717417
      0.24660215
      0.24603099
      0.24546069
      0.24489123
      0.24432263
      0.24375488
      0.24318798
      0.24262193
      0.24205674
      0.24149240
      0.24092891
      0.24036628
      0.23980450
      0.23924358
      0.23868351
      0.23812429
      0.23756593
      0.23700842
      0.23645177
      0.23589597
      0.23534103
      0.23478694
      0.23423371
      0.23368133
      0.23312981
      0.23257914
      0.23202933
      0.23148038
      0.23093228
      0.23038503
      0.22983864
      0.22929311
      0.22874843
      0.22820461
      0.22766165
      0.22711954
      0.22657829
      0.22603789
      0.22549835
      0.22495967
      0.22442184
      0.22388487
      0.22334875
      0.22281349
      0.22227909
      0.22174554
      0.22121285
      0.22068102
      0.22015004
      0.21961992
      0.21909066
      0.21856225
      0.21803469
      0.21750800
      0.21698215
      0.21645717
      0.21593304
      0.21540977
      0.21488735
      0.21436579
      0.21384508
      0.21332523
      0.21280623
      0.21228809
      0.21177081
      0.21125438
      0.21073880
      0.21022408
      0.20971022
      0.20919721
      0.20868505
      0.20817375
      0.20766330
      0.20715371
      0.20664497
      0.20613708
      0.20563005
      0.20512387
      0.20461855
      0.20411408
      0.20361046
      0.20310770
      0.20260578
      0.20210472
      0.20160451
      0.20110516
      0.20060665
      0.20010900
      0.19961220
      0.19911625
      0.19862116
      0.19812691
      0.19763351
      0.19714097
      0.19664927
      0.19615842
      0.19566843
      0.19517928
      0.19469098
      0.19420354
      0.19371694
      0.19323118
      0.19274628
      0.19226223
      0.19177902
      0.19129666
      0.19081515
      0.19033448
      0.18985466
      0.18937569
      0.18889756
      0.18842028
      0.18794384
      0.18746825
      0.18699350
      0.18651960
      0.18604654
      0.18557433
      0.18510296
      0.18463243
      0.18416274
      0.18369390
      0.18322590
      0.18275874
      0.18229242
      0.18182694
      0.18136231
      0.18089851
      0.18043555
      0.17997344
      0.17951216
      0.17905172
      0.17859212
      0.17813336
      0.17767543
      0.17721834
      0.17676209
      0.17630668
      0.17585210
      0.17539835
      0.17494544
      0.17449337
      0.17404213
      0.17359172
      0.17314215
      0.17269341
      0.17224551
      0.17179843
      0.17135219
      0.17090678
      0.17046219
      0.17001844
      0.16957552
      0.16913343
      0.16869217
      0.16825173
      0.16781212
      0.16737335
      0.16693539
      0.16649827
      0.16606197
      0.16562649
      0.16519184
      0.16475802
      0.16432502
      0.16389284
      0.16346149
      0.16303095
      0.16260125
      0.16217236
      0.16174429
      0.16131704
      0.16089061
      0.16046501
      0.16004022
      0.15961625
      0.15919309
      0.15877076
      0.15834924
      0.15792854
      0.15750865
      0.15708957
      0.15667132
      0.15625387
      0.15583724
      0.15542142
      0.15500641
      0.15459222
      0.15417884
      0.15376626
      0.15335450
      0.15294354
      0.15253340
      0.15212406
      0.15171553
      0.15130780
      0.15090089
      0.15049477
      0.15008947
      0.14968496
      0.14928126
      0.14887837
      0.14847627
      0.14807498
      0.14767449
      0.14727480
      0.14687591
      0.14647782
      0.14608053
      0.14568404
      0.14528834
      0.14489344
      0.14449934
      0.14410603
      0.14371351
      0.14332179
      0.14293087
      0.14254074
      0.14215139
      0.14176285
      0.14137509
      0.14098812
      0.14060194
      0.14021655
      0.13983195
      0.13944813
      0.13906510
      0.13868286
      0.13830140
      0.13792073
      0.13754084
      0.13716174
      0.13678341
      0.13640587
      0.13602911
      0.13565313
      0.13527793
      0.13490351
      0.13452987
      0.13415700
      0.13378491
      0.13341360
      0.13304306
      0.13267330
      0.13230431
      0.13193610
      0.13156865
      0.13120198
      0.13083608
      0.13047095
      0.13010659
      0.12974299
      0.12938017
      0.12901811
      0.12865682
      0.12829629
      0.12793653
      0.12757753
      0.12721930
      0.12686183
      0.12650512
      0.12614917
      0.12579398
      0.12543955
      0.12508588
      0.12473296
      0.12438081
      0.12402941
      0.12367876
      0.12332887
      0.12297974
      0.12263135
      0.12228372
      0.12193685
      0.12159072
      0.12124534
      0.12090071
      0.12055683
      0.12021369
      0.11987131
      0.11952967
      0.11918877
      0.11884862
      0.11850921
      0.11817054
      0.11783262
      0.11749544
      0.11715899
      0.11682329
      0.11648832
      0.11615409
      0.11582060
      0.11548785
