  3.8725217e-121
  5.6038911e-121
  8.1073417e-121
  1.1726279e-120
  1.6956451e-120
  2.4513349e-120
  3.5429361e-120
  5.1193750e-120
  7.3954318e-120
  1.0680783e-119
  1.5421820e-119
  2.2261843e-119
  3.2127696e-119
  4.6354406e-119
  6.6864471e-119
  9.6425696e-119
  1.3902187e-118
  2.0038555e-118
  2.8876375e-118
  4.1601780e-118
  5.9920318e-118
  8.6283803e-118
  1.2421596e-117
  1.7877983e-117
  2.5724834e-117
  3.7006637e-117
  5.3223033e-117
  7.6526630e-117
  1.1000655e-116
  1.5809474e-116
  2.2714820e-116
  3.2628277e-116
  4.6856727e-116
  6.7273298e-116
  9.6562046e-116
  1.3856807e-115
  1.9879838e-115
  2.8513825e-115
  4.0887550e-115
  5.8616470e-115
  8.4011977e-115
  1.2038038e-114
  1.7245000e-114
  2.4698105e-114
  3.5363647e-114
  5.0622480e-114
  7.2447394e-114
  1.0365615e-113
  1.4827241e-113
  2.1204039e-113
  3.0315855e-113
  4.3332525e-113
  6.1922880e-113
  8.8466992e-113
  1.2635846e-112
  1.8043484e-112
  2.5759024e-112
  3.6764731e-112
  5.2459765e-112
  7.4836636e-112
  1.0673212e-111
  1.5218400e-111
  2.1693809e-111
  3.0916875e-111
  4.4050247e-111
  6.2747159e-111
  8.9357859e-111
  1.2722264e-110
  1.8108773e-110
  2.5769537e-110
  3.6662086e-110
  5.2145963e-110
  7.4151030e-110
  1.0541603e-109
  1.4982665e-109
  2.1289451e-109
  3.0243553e-109
  4.2953063e-109
  6.0988567e-109
  8.6575636e-109
  1.2286719e-108
  1.7432879e-108
  2.4728358e-108
  3.5068275e-108
  4.9719471e-108
  7.0474428e-108
  9.9868744e-108
  1.4148832e-107
  2.0040315e-107
  2.8377980e-107
  4.0174583e-107
  5.6860967e-107
  8.0458155e-107
  1.1382008e-106
  1.6097582e-106
  2.2761211e-106
  3.2175334e-106
  4.5471966e-106
  6.4247668e-106
  9.0753623e-106
  1.2816326e-105
  1.8094895e-105
  2.5541216e-105
  3.6042927e-105
  5.0850062e-105
  7.1722577e-105
  1.0113774e-104
  1.4258164e-104
  2.0095874e-104
  2.8316735e-104
  3.9890770e-104
  5.6181667e-104
  7.9106068e-104
  1.1135711e-103
  1.5671806e-103
  2.2050230e-103
  3.1017027e-103
  4.3619449e-103
  6.1327202e-103
  8.6202347e-103
  1.2113733e-102
  1.7018837e-102
  2.3904228e-102
  3.3567001e-102
  4.7124127e-102
  6.6140437e-102
  9.2807650e-102
  1.3019474e-101
  1.8259804e-101
  2.5603051e-101
  3.5890565e-101
  5.0299289e-101
  7.0475208e-101
  9.8719705e-101
  1.3824973e-100
  1.9356094e-100
  2.7093437e-100
  3.7914336e-100
  5.3043939e-100
  7.4192679e-100
   1.0374790e-99
   1.4504091e-99
   2.0271912e-99
   2.8326432e-99
   3.9571452e-99
   5.5266896e-99
   7.7168691e-99
   1.0772343e-98
   1.5033917e-98
   2.0976214e-98
   2.9260047e-98
   4.0805238e-98
   5.6891813e-98
   7.9300623e-98
   1.1050868e-97
   1.5396044e-97
   2.1444448e-97
   2.9861634e-97
   4.1572413e-97
   5.7861523e-97
   8.0513268e-97
   1.1200516e-96
   1.5577636e-96
   2.1659980e-96
   3.0109775e-96
   4.1845613e-96
   5.8141380e-96
   8.0763233e-96
   1.1215923e-95
   1.5572177e-95
   2.1615067e-95
   2.9995550e-95
   4.1615012e-95
   5.7721312e-95
   8.0041520e-95
   1.1096536e-94
   1.5379864e-94
   2.1311329e-94
   2.9523071e-94
   4.0888908e-94
   5.6616425e-94
   7.8374061e-94
   1.0846640e-93
   1.5007593e-93
   2.0759642e-93
   2.8709236e-93
   3.9693224e-93
   5.4866099e-93
   7.5820170e-93
   1.0475105e-92
   1.4468550e-92
   1.9979498e-92
   2.7582722e-92
   3.8069978e-92
   5.2531658e-92
   7.2469047e-92
   9.9948657e-92
   1.3781432e-91
   1.8997860e-91
   2.6182312e-91
   3.6074829e-91
   4.9692806e-91
   6.8434600e-91
   9.4221696e-91
   1.2969375e-90
   1.7847615e-90
   2.4554679e-90
   3.3773907e-90
   4.6443113e-90
   6.3849031e-90
   8.7756695e-90
   1.2058663e-89
   1.6565748e-89
   2.2751808e-89
   3.1240195e-89
   4.2884911e-89
   5.8855665e-89
   8.0754176e-89
   1.1077319e-88
   1.5191384e-88
   2.0828258e-88
   2.8549699e-88
   3.9123986e-88
   5.3601583e-88
   7.3418432e-88
   1.0053692e-87
   1.3763820e-87
   1.8838459e-87
   2.5777734e-87
   3.5264446e-87
   4.8230565e-87
   6.5947846e-87
   9.0151268e-87
   1.2320718e-86
   1.6834228e-86
   2.2995525e-86
   3.1404105e-86
   4.2876811e-86
   5.8526359e-86
   7.9868128e-86
   1.0896536e-85
   1.4862655e-85
   2.0267365e-85
   2.7630654e-85
   3.7659798e-85
   5.1316590e-85
   6.9908592e-85
   9.5213009e-85
   1.2964477e-84
   1.7648454e-84
   2.4018799e-84
   3.2680515e-84
   4.4454882e-84
   6.0456499e-84
   8.2197669e-84
   1.1172979e-83
   1.5183483e-83
   2.0628460e-83
   2.8019165e-83
   3.8048411e-83
   5.1654817e-83
   7.0109698e-83
   9.5134565e-83
   1.2905997e-82
   1.7504017e-82
   2.3734324e-82
   3.2174290e-82
   4.3604774e-82
   5.9081578e-82
   8.0031894e-82
   1.0838447e-81
   1.4674524e-81
   1.9863415e-81
   2.6880467e-81
   3.6367433e-81
   4.9190525e-81
   6.6518621e-81
   8.9928632e-81
   1.2154741e-80
   1.6424281e-80
   2.2188095e-80
   2.9967233e-80
   4.0463759e-80
   5.4623405e-80
   7.3719824e-80
   9.9467859e-80
   1.3417581e-79
   1.8095002e-79
   2.4396977e-79
   3.2885646e-79
   4.4316933e-79
   5.9707100e-79
   8.0422067e-79
   1.0829726e-78
   1.4579836e-78
   1.9623695e-78
   2.6405957e-78
   3.5523521e-78
   4.7777460e-78
   6.4242596e-78
   8.6360683e-78
   1.1606520e-77
   1.5594841e-77
   2.0948496e-77
   2.8133107e-77
   3.7772482e-77
   5.0702143e-77
   6.8040904e-77
   9.1286552e-77
   1.2244371e-76
   1.6419471e-76
   2.2012775e-76
   2.9504168e-76
   3.9535291e-76
   5.2963841e-76
   7.0936044e-76
   9.4983339e-76
   1.2715132e-75
   1.7017167e-75
   2.2769140e-75
   3.0457830e-75
   4.0732799e-75
   5.4460612e-75
   7.2797045e-75
   9.7283224e-75
   1.2997359e-74
   1.7360621e-74
   2.3182932e-74
   3.0950269e-74
   4.1309835e-74
   5.5123332e-74
   7.3537766e-74
   9.8079529e-74
   1.3077938e-73
   1.7433844e-73
   2.3234856e-73
   3.0958491e-73
   4.1239421e-73
   5.4920983e-73
   7.3123506e-73
   9.7334921e-73
   1.2953088e-72
   1.7233399e-72
   2.2922475e-72
   3.0482112e-72
   4.0524863e-72
   5.3863062e-72
   7.1573702e-72
   9.5084317e-72
   1.2628660e-71
   1.6768670e-71
   2.2260398e-71
   2.9543382e-71
   3.9199493e-71
   5.1998841e-71
   6.8960411e-71
   9.1432162e-71
   1.2119679e-70
   1.6061133e-70
   2.1279148e-70
   2.8185468e-70
   3.7324091e-70
   4.9413565e-70
   6.5402764e-70
   8.6544403e-70
   1.1449192e-69
   1.5142712e-69
   2.0022829e-69
   2.6469162e-69
   3.4982264e-69
   4.6221986e-69
   6.1057955e-69
   8.0635982e-69
   1.0646539e-68
   1.4053388e-68
   1.8545842e-68
   2.4468370e-68
   3.2274275e-68
   4.2559931e-68
   5.6109747e-68
   7.3955191e-68
   9.7452277e-68
   1.2838323e-67
   1.6908985e-67
   2.2264850e-67
   2.9309942e-67
   3.8574750e-67
   5.0755633e-67
   6.6766459e-67
   8.7806246e-67
   1.1544774e-66
   1.5175340e-66
   1.9942720e-66
   2.6201329e-66
   3.4415590e-66
   4.5193928e-66
   5.9333220e-66
   7.7876912e-66
   1.0219096e-65
   1.3406309e-65
   1.7583241e-65
   2.3055874e-65
   3.0224367e-65
   3.9611914e-65
   5.1902394e-65
   6.7989512e-65
   8.9040877e-65
   1.1658157e-64
   1.5260309e-64
   1.9970537e-64
   2.6128177e-64
   3.4176017e-64
   4.4691688e-64
   5.8428539e-64
   7.6368853e-64
   9.9793091e-64
   1.3037000e-63
   1.7027379e-63
   2.2233657e-63
   2.9024649e-63
   3.7880527e-63
   4.9426291e-63
   6.4475245e-63
   8.4085468e-63
   1.0963314e-62
   1.4290773e-62
   1.8623555e-62
   2.4264000e-62
   3.1604955e-62
   4.1156735e-62
   5.3582088e-62
   6.9741504e-62
   9.0751949e-62
   1.1806293e-61
   1.5355507e-61
   1.9966765e-61
   2.5956386e-61
   3.3734455e-61
   4.3832491e-61
   5.6939228e-61
   7.3946897e-61
   9.6011069e-61
   1.2462800e-60
   1.6173459e-60
   2.0983753e-60
   2.7218011e-60
   3.5295763e-60
   4.5759548e-60
   5.9310809e-60
   7.6856205e-60
   9.9567360e-60
   1.2895792e-59
   1.6698290e-59
   2.1616678e-59
   2.7976854e-59
   3.6199434e-59
   4.6827140e-59
   6.0560083e-59
   7.8301170e-59
   1.0121456e-58
   1.3080090e-58
   1.6899406e-58
   2.1828560e-58
   2.8188484e-58
   3.6392452e-58
   4.6972522e-58
   6.0613506e-58
   7.8196606e-58
   1.0085545e-57
   1.3004804e-57
   1.6764909e-57
   2.1606855e-57
   2.7840363e-57
   3.5863378e-57
   4.6187074e-57
   5.9467912e-57
   7.6548712e-57
   9.8511301e-57
   1.2674394e-56
   1.6302766e-56
   2.0964686e-56
   2.6953080e-56
   3.4643471e-56
   4.4517152e-56
   5.7190818e-56
   7.3454467e-56
   9.4319846e-56
   1.2108237e-55
   1.5540025e-55
   1.9939557e-55
   2.5578333e-55
   3.2803633e-55
   4.2059550e-55
   5.3913839e-55
   6.9092176e-55
   8.8521842e-55
   1.1338745e-54
   1.4520197e-54
   1.8589725e-54
   2.3793943e-54
   3.0447583e-54
   3.8952219e-54
   4.9820095e-54
   6.3704463e-54
   8.1438195e-54
   1.0408290e-53
   1.3299141e-53
   1.6988725e-53
   2.1696562e-53
   2.7702186e-53
   3.5361455e-53
   4.5127282e-53
   5.7575960e-53
   7.3440593e-53
   9.3653524e-53
   1.1940020e-52
   1.5218748e-52
   1.9393035e-52
   2.4706180e-52
   3.1467220e-52
   4.0068597e-52
   5.1008535e-52
   6.4919407e-52
   8.2603642e-52
   1.0507921e-51
   1.3363721e-51
   1.6991470e-51
   2.1598694e-51
   2.7448396e-51
   3.4873813e-51
   4.4297055e-51
   5.6252683e-51
   7.1417493e-51
   9.0648147e-51
   1.1502870e-50
   1.4593064e-50
   1.8508862e-50
   2.3469612e-50
   2.9752609e-50
   3.7708320e-50
   4.7779575e-50
   6.0525773e-50
   7.6653392e-50
   9.7054432e-50
   1.2285486e-49
   1.5547561e-49
   1.9670942e-49
   2.4881756e-49
   3.1465154e-49
   3.9780630e-49
   5.0281292e-49
   6.3538090e-49
   8.0270295e-49
   1.0138379e-48
   1.2801922e-48
   1.6161243e-48
   2.0397049e-48
   2.5736700e-48
   3.2466193e-48
   4.0945185e-48
   5.1625857e-48
   6.5076574e-48
   8.2011556e-48
   1.0332809e-47
   1.3015315e-47
   1.6390189e-47
   2.0635082e-47
   2.5972958e-47
   3.2683578e-47
   4.1117882e-47
   5.1715990e-47
   6.5029725e-47
   8.1750790e-47
   1.0274601e-46
   1.2910140e-46
   1.6217723e-46
   2.0367691e-46
   2.5573294e-46
   3.2101440e-46
   4.0286110e-46
   5.0545106e-46
   6.3400964e-46
   7.9507038e-46
   9.9680051e-46
   1.2494069e-45
   1.5656422e-45
   1.9614358e-45
   2.4566803e-45
   3.0762113e-45
   3.8510277e-45
   4.8198120e-45
   6.0308220e-45
   7.5442470e-45
   9.4351378e-45
   1.1797054e-44
   1.4746598e-44
   1.8429057e-44
   2.3025408e-44
   2.8761035e-44
   3.5916554e-44
   4.4841258e-44
   5.5969816e-44
   6.9843008e-44
   8.7133459e-44
   1.0867758e-43
   1.3551517e-43
   1.6893857e-43
   2.1055362e-43
   2.6235514e-43
   3.2682058e-43
   4.0702604e-43
   5.0678990e-43
   6.3085083e-43
   7.8508806e-43
   9.7679411e-43
   1.2150123e-42
   1.5109541e-42
   1.8785157e-42
   2.3349165e-42
   2.9014884e-42
   3.6046517e-42
   4.4771200e-42
   5.5593899e-42
   6.9015796e-42
   8.5656995e-42
   1.0628455e-41
   1.3184704e-41
   1.6351727e-41
   2.0274485e-41
   2.5132113e-41
   3.1145918e-41
   3.8589241e-41
   4.7799605e-41
   5.9193680e-41
   7.3285717e-41
   9.0710239e-41
   1.1224997e-40
   1.3887023e-40
   1.7176118e-40
   2.1238990e-40
   2.6256430e-40
   3.2451176e-40
   4.0097582e-40
   4.9533486e-40
   6.1174801e-40
   7.5533430e-40
   9.3239259e-40
   1.1506716e-39
   1.4197011e-39
   1.7511988e-39
   2.1595682e-39
   2.6625107e-39
   3.2817748e-39
   4.0440745e-39
   4.9822153e-39
   6.1364727e-39
   7.5562808e-39
   9.3022998e-39
   1.1448947e-38
   1.4087493e-38
   1.7329853e-38
   2.1313216e-38
   2.6205718e-38
   3.2213367e-38
   3.9588508e-38
   4.8640174e-38
   5.9746720e-38
   7.3371262e-38
   9.0080517e-38
   1.1056781e-37
   1.3568116e-37
   1.6645748e-37
   2.0416443e-37
   2.5035127e-37
   3.0691102e-37
   3.7615613e-37
   4.6091067e-37
   5.6462272e-37
   6.9150115e-37
   8.4668220e-37
   1.0364323e-36
   1.2683946e-36
   1.5518895e-36
   1.8982797e-36
   2.3214137e-36
   2.8381665e-36
   3.4690948e-36
   4.2392344e-36
   5.1790685e-36
   6.3257037e-36
   7.7242978e-36
   9.4297925e-36
   1.1509017e-35
   1.4043239e-35
   1.7131261e-35
   2.0893169e-35
   2.5474888e-35
   3.1053690e-35
   3.7844878e-35
   4.6109878e-35
   5.6166040e-35
   6.8398505e-35
   8.3274565e-35
   1.0136105e-34
   1.2334536e-34
   1.5006088e-34
   1.8251775e-34
   2.2194007e-34
   2.6981077e-34
   3.2792597e-34
   3.9846054e-34
   4.8404729e-34
   5.8787261e-34
   7.1379192e-34
   8.6646894e-34
   1.0515437e-33
   1.2758354e-33
   1.5475864e-33
   1.8767575e-33
   2.2753822e-33
   2.7579954e-33
   3.3421480e-33
   4.0490281e-33
   4.9042078e-33
   5.9385430e-33
   7.1892555e-33
   8.7012349e-33
   1.0528605e-32
   1.2736607e-32
   1.5403862e-32
   1.8625094e-32
   2.2514395e-32
   2.7209155e-32
   3.2874776e-32
   3.9710332e-32
   4.7955365e-32
   5.7898038e-32
   6.9884919e-32
   8.4332708e-32
   1.0174231e-31
   1.2271570e-31
   1.4797611e-31
   1.7839228e-31
   2.1500743e-31
   2.5907401e-31
   3.1209528e-31
   3.7587507e-31
   4.5257734e-31
   5.4479744e-31
   6.5564730e-31
   7.8885733e-31
   9.4889819e-31
   1.1411264e-30
   1.3719580e-30
   1.6490768e-30
   1.9816817e-30
   2.3807835e-30
   2.8595576e-30
   3.4337666e-30
   4.1222627e-30
   4.9475880e-30
   5.9366897e-30
   7.1217733e-30
   8.5413183e-30
   1.0241289e-29
   1.2276578e-29
   1.4712721e-29
   1.7627942e-29
   2.1115589e-29
   2.5287027e-29
   3.0275080e-29
   3.6238132e-29
   4.3364991e-29
   5.1880684e-29
   6.2053330e-29
   7.4202315e-29
   8.8708000e-29
   1.0602324e-28
   1.2668709e-28
   1.5134099e-28
   1.8074812e-28
   2.1581616e-28
   2.5762446e-28
   3.0745615e-28
   3.6683626e-28
   4.3757681e-28
   5.2183030e-28
   6.2215310e-28
   7.4158033e-28
   8.8371476e-28
   1.0528318e-27
   1.2540037e-27
   1.4932469e-27
   1.7776956e-27
   2.1158074e-27
   2.5176065e-27
   2.9949703e-27
   3.5619692e-27
   4.2352667e-27
   5.0345927e-27
   5.9833015e-27
   7.1090308e-27
   8.4444792e-27
   1.0028323e-26
   1.1906297e-26
   1.4132471e-26
   1.6770749e-26
   1.9896641e-26
   2.3599350e-26
   2.7984225e-26
   3.3175655e-26
   3.9320468e-26
   4.6591944e-26
   5.5194518e-26
   6.5369329e-26
   7.7400733e-26
   9.1623967e-26
   1.0843415e-25
   1.2829686e-25
   1.5176057e-25
   1.7947122e-25
   2.1218940e-25
   2.5081037e-25
   2.9638777e-25
   3.5016121e-25
   4.1358879e-25
   4.8838514e-25
   5.7656609e-25
   6.8050092e-25
   8.0297368e-25
   9.4725491e-25
   1.1171857e-24
   1.3172763e-24
   1.5528208e-24
   1.8300323e-24
   2.1562005e-24
   2.5398760e-24
   2.9910855e-24
   3.5215846e-24
   4.1451513e-24
   4.8779305e-24
   5.7388359e-24
   6.7500185e-24
   7.9374151e-24
   9.3313867e-24
   1.0967465e-23
   1.2887221e-23
   1.5139282e-23
   1.7780511e-23
   2.0877388e-23
   2.4507616e-23
   2.8761990e-23
   3.3746580e-23
   3.9585266e-23
   4.6422693e-23
   5.4427710e-23
   6.3797368e-23
   7.4761573e-23
   8.7588496e-23
   1.0259086e-22
   1.2013325e-22
   1.4064062e-22
   1.6460813e-22
   1.9261262e-22
   2.2532594e-22
   2.6353032e-22
   3.0813637e-22
   3.6020381e-22
   4.2096560e-22
   4.9185589e-22
   5.7454244e-22
   6.7096416e-22
   7.8337462e-22
   9.1439247e-22
   1.0670598e-21
   1.2449096e-21
   1.4520443e-21
   1.6932258e-21
   1.9739805e-21
   2.3007201e-21
   2.6808820e-21
   3.1230906e-21
   3.6373444e-21
   4.2352324e-21
   4.9301828e-21
   5.7377519e-21
   6.6759562e-21
   7.7656562e-21
   9.0309993e-21
   1.0499931e-20
   1.2204781e-20
   1.4182949e-20
   1.6477680e-20
   1.9138970e-20
   2.2224603e-20
   2.5801350e-20
   2.9946344e-20
   3.4748668e-20
   4.0311177e-20
   4.6752600e-20
   5.4209951e-20
   6.2841311e-20
   7.2829013e-20
   8.4383314e-20
   9.7746609e-20
   1.1319827e-19
   1.3106021e-19
   1.5170324e-19
   1.7555446e-19
   2.0310556e-19
   2.3492257e-19
   2.7165683e-19
   3.1405773e-19
   3.6298720e-19
   4.1943639e-19
   4.8454472e-19
   5.5962176e-19
   6.4617223e-19
   7.4592463e-19
   8.6086406e-19
   9.9326966e-19
   1.1457576e-18
   1.3213299e-18
   1.5234309e-18
   1.7560110e-18
   2.0235999e-18
   2.3313907e-18
   2.6853347e-18
   3.0922511e-18
   3.5599512e-18
   4.0973807e-18
   4.7147812e-18
   5.4238759e-18
   6.2380796e-18
   7.1727393e-18
   8.2454080e-18
   9.4761564e-18
   1.0887928e-17
   1.2506946e-17
   1.4363168e-17
   1.6490817e-17
   1.8928974e-17
   2.1722257e-17
   2.4921592e-17
   2.8585091e-17
   3.2779050e-17
   3.7579076e-17
   4.3071382e-17
   4.9354241e-17
   5.6539651e-17
   6.4755212e-17
   7.4146269e-17
   8.4878334e-17
   9.7139834e-17
   1.1114523e-16
   1.2713856e-16
   1.4539742e-16
   1.6623753e-16
   1.9001786e-16
   2.1714645e-16
   2.4808700e-16
   2.8336633e-16
   3.2358283e-16
   3.6941595e-16
   4.2163708e-16
   4.8112166e-16
   5.4886304e-16
   6.2598804e-16
   7.1377454e-16
   8.1367138e-16
   9.2732077e-16
   1.0565837e-15
   1.2035684e-15
   1.3706629e-15
   1.5605707e-15
   1.7763529e-15
   2.0214733e-15
   2.2998511e-15
   2.6159197e-15
   2.9746924e-15
   3.3818371e-15
   3.8437601e-15
   4.3677003e-15
   4.9618354e-15
   5.6354012e-15
   6.3988260e-15
   7.2638810e-15
   8.2438506e-15
   9.3537223e-15
   1.0610401e-14
   1.2032949e-14
   1.3642858e-14
   1.5464347e-14
   1.7524707e-14
   1.9854682e-14
   2.2488892e-14
   2.5466318e-14
   2.8830835e-14
   3.2631816e-14
   3.6924808e-14
   4.1772283e-14
   4.7244487e-14
   5.3420388e-14
   6.0388731e-14
   6.8249226e-14
   7.7113876e-14
   8.7108452e-14
   9.8374159e-14
   1.1106948e-13
   1.2537224e-13
   1.4148195e-13
   1.5962233e-13
   1.8004423e-13
   2.0302884e-13
   2.2889128e-13
   2.5798456e-13
   2.9070410e-13
   3.2749265e-13
   3.6884587e-13
   4.1531849e-13
   4.6753117e-13
   5.2617819e-13
   5.9203596e-13
   6.6597249e-13
   7.4895800e-13
   8.4207661e-13
   9.4653944e-13
   1.0636991e-12
   1.1950658e-12
   1.3423255e-12
   1.5073594e-12
   1.6922665e-12
   1.8993879e-12
   2.1313342e-12
   2.3910155e-12
   2.6816754e-12
   3.0069277e-12
   3.3707981e-12
   3.7777694e-12
   4.2328330e-12
   4.7415439e-12
   5.3100840e-12
   5.9453301e-12
   6.6549305e-12
   7.4473890e-12
   8.3321585e-12
   9.3197438e-12
   1.0421816e-11
   1.1651337e-11
   1.3022703e-11
   1.4551891e-11
   1.6256638e-11
   1.8156619e-11
   2.0273662e-11
   2.2631972e-11
   2.5258383e-11
   2.8182640e-11
   3.1437700e-11
   3.5060073e-11
   3.9090195e-11
   4.3572836e-11
   4.8557552e-11
   5.4099183e-11
   6.0258401e-11
   6.7102308e-11
   7.4705106e-11
   8.3148817e-11
   9.2524093e-11
   1.0293109e-10
   1.1448043e-10
   1.2729429e-10
   1.4150753e-10
   1.5726901e-10
   1.7474297e-10
   1.9411059e-10
   2.1557169e-10
   2.3934656e-10
   2.6567802e-10
   2.9483363e-10
   3.2710817e-10
   3.6282627e-10
   4.0234538e-10
   4.4605898e-10
   4.9440006e-10
   5.4784502e-10
   6.0691781e-10
   6.7219460e-10
   7.4430875e-10
   8.2395632e-10
   9.1190212e-10
   1.0089862e-09
   1.1161311e-09
   1.2343495e-09
   1.3647530e-09
   1.5085611e-09
   1.6671119e-09
   1.8418725e-09
   2.0344515e-09
   2.2466120e-09
   2.4802861e-09
   2.7375903e-09
   3.0208426e-09
   3.3325809e-09
   3.6755834e-09
   4.0528900e-09
   4.4678268e-09
   4.9240313e-09
   5.4254810e-09
   5.9765239e-09
   6.5819115e-09
   7.2468352e-09
   7.9769652e-09
   8.7784932e-09
   9.6581784e-09
   1.0623398e-08
   1.1682199e-08
   1.2843363e-08
   1.4116463e-08
   1.5511935e-08
   1.7041154e-08
   1.8716517e-08
   2.0551523e-08
   2.2560876e-08
   2.4760584e-08
   2.7168069e-08
   2.9802289e-08
   3.2683867e-08
   3.5835232e-08
   3.9280768e-08
   4.3046981e-08
   4.7162670e-08
   5.1659124e-08
   5.6570323e-08
   6.1933161e-08
   6.7787685e-08
   7.4177352e-08
   8.1149307e-08
   8.8754682e-08
   9.7048918e-08
   1.0609211e-07
   1.1594938e-07
   1.2669129e-07
   1.3839426e-07
   1.5114101e-07
   1.6502113e-07
   1.8013153e-07
   1.9657709e-07
   2.1447123e-07
   2.3393658e-07
   2.5510572e-07
   2.7812192e-07
   3.0313998e-07
   3.3032708e-07
   3.5986376e-07
   3.9194489e-07
   4.2678080e-07
   4.6459840e-07
   5.0564243e-07
   5.5017680e-07
   5.9848601e-07
   6.5087667e-07
   7.0767911e-07
   7.6924912e-07
   8.3596984e-07
   9.0825371e-07
   9.8654458e-07
   1.0713200e-06
   1.1630937e-06
   1.2624179e-06
   1.3698863e-06
   1.4861372e-06
   1.6118560e-06
   1.7477791e-06
   1.8946972e-06
   2.0534591e-06
   2.2249757e-06
   2.4102242e-06
   2.6102529e-06
   2.8261857e-06
   3.0592274e-06
   3.3106694e-06
   3.5818947e-06
   3.8743852e-06
   4.1897271e-06
   4.5296188e-06
   4.8958773e-06
   5.2904471e-06
   5.7154073e-06
   6.1729814e-06
   6.6655457e-06
   7.1956400e-06
   7.7659771e-06
   8.3794547e-06
   9.0391662e-06
   9.7484137e-06
   1.0510721e-05
   1.1329846e-05
   1.2209799e-05
   1.3154852e-05
   1.4169560e-05
   1.5258778e-05
   1.6427675e-05
   1.7681757e-05
   1.9026886e-05
   2.0469299e-05
   2.2015633e-05
   2.3672950e-05
   2.5448754e-05
   2.7351028e-05
   2.9388251e-05
   3.1569434e-05
   3.3904146e-05
   3.6402550e-05
   3.9075430e-05
   4.1934231e-05
   4.4991097e-05
   4.8258902e-05
   5.1751300e-05
   5.5482760e-05
   5.9468614e-05
   6.3725102e-05
   6.8269424e-05
   7.3119783e-05
   7.8295450e-05
   8.3816808e-05
   8.9705420e-05
   9.5984081e-05
   0.00010267689
   0.00010980931
   0.00011740825
   0.00012550210
   0.00013412087
   0.00014329621
   0.00015306151
   0.00016345201
   0.00017450485
   0.00018625918
   0.00019875628
   0.00021203961
   0.00022615495
   0.00024115050
   0.00025707699
   0.00027398779
   0.00029193904
   0.00031098978
   0.00033120205
   0.00035264107
   0.00037537534
   0.00039947678
   0.00042502092
   0.00045208703
   0.00048075826
   0.00051112183
   0.00054326919
   0.00057729618
   0.00061330324
   0.00065139557
   0.00069168333
   0.00073428184
   0.00077931176
   0.00082689934
   0.00087717657
   0.00093028146
   0.00098635824
    0.0010455576
    0.0011080369
    0.0011739603
    0.0012434995
    0.0013168331
    0.0013941479
    0.0014756384
    0.0015615072
    0.0016519656
    0.0017472337
    0.0018475404
    0.0019531242
    0.0020642331
    0.0021811252
    0.0023040687
    0.0024333423
    0.0025692358
    0.0027120499
    0.0028620971
    0.0030197015
    0.0031851995
    0.0033589399
    0.0035412842
    0.0037326074
    0.0039332975
    0.0041437568
    0.0043644013
    0.0045956619
    0.0048379840
    0.0050918284
    0.0053576711
    0.0056360042
    0.0059273358
    0.0062321906
    0.0065511100
    0.0068846524
    0.0072333939
    0.0075979280
    0.0079788666
    0.0083768396
    0.0087924957
    0.0092265023
    0.0096795461
     0.010152333
     0.010645589
     0.011160059
     0.011696509
     0.012255725
     0.012838512
     0.013445698
     0.014078131
     0.014736678
     0.015422230
     0.016135696
     0.016878009
     0.017650120
     0.018453006
     0.019287659
     0.020155097
     0.021056357
     0.021992497
     0.022964596
     0.023973754
     0.025021092
     0.026107749
     0.027234886
     0.028403684
     0.029615342
     0.030871078
     0.032172129
     0.033519751
     0.034915215
     0.036359813
     0.037854849
     0.039401646
     0.041001540
     0.042655885
     0.044366043
     0.046133395
     0.047959328
     0.049845246
     0.051792557
     0.053802684
     0.055877052
     0.058017098
     0.060224262
     0.062499989
     0.064845726
     0.067262924
     0.069753032
     0.072317501
     0.074957777
     0.077675302
     0.080471514
     0.083347842
     0.086305707
     0.089346519
     0.092471675
     0.095682559
     0.098980536
      0.10236696
      0.10584315
      0.10941042
      0.11307005
      0.11682329
      0.12067137
      0.12461549
      0.12865682
      0.13279647
      0.13703554
      0.14137509
      0.14581611
      0.15035958
      0.15500641
      0.15975748
      0.16461359
      0.16957552
      0.17464397
      0.17981958
      0.18510296
      0.19049461
      0.19599500
      0.20160451
      0.20732348
      0.21315213
      0.21909066
      0.22513913
      0.23129758
      0.23756593
      0.24394403
      0.25043164
      0.25702843
      0.26373399
      0.27054780
      0.27746926
      0.28449768
      0.29163224
      0.29887205
      0.30621611
      0.31366333
      0.32121249
      0.32886228
      0.33661129
      0.34445798
      0.35240072
      0.36043778
      0.36856728
      0.37678727
      0.38509567
      0.39349028
      0.40196881
      0.41052884
      0.41916783
      0.42788316
      0.43667206
      0.44553168
      0.45445903
      0.46345103
      0.47250449
      0.48161609
      0.49078242
      0.49999998
      0.50926512
      0.51857414
      0.52792319
      0.53730835
      0.54672560
      0.55617081
      0.56563978
      0.57512821
      0.58463169
      0.59414577
      0.60366588
      0.61318740
      0.62270561
      0.63221573
      0.64171293
      0.65119229
      0.66064883
      0.67007754
      0.67947334
      0.68883110
      0.69814566
      0.70741180
      0.71662429
      0.72577787
      0.73486723
      0.74388707
      0.75283206
      0.76169687
      0.77047615
      0.77916457
      0.78775680
      0.79624751
      0.80463142
      0.81290324
      0.82105771
      0.82908963
      0.83699382
      0.84476514
      0.85239852
      0.85988892
      0.86723139
      0.87442102
      0.88145300
      0.88832257
      0.89502506
      0.90155592
      0.90791064
      0.91408485
      0.92007426
      0.92587471
      0.93148213
      0.93689258
      0.94210225
      0.94710744
      0.95190459
      0.95649028
      0.96086123
      0.96501430
      0.96894648
      0.97265495
      0.97613700
      0.97939012
      0.98241194
      0.98520024
      0.98775300
      0.99006833
      0.99214454
      0.99398011
      0.99557368
      0.99692409
      0.99803032
      0.99889158
      0.99950722
      0.99987678
       1.0000000
      0.99987678
      0.99950722
      0.99889158
      0.99803032
      0.99692409
      0.99557368
      0.99398011
      0.99214454
      0.99006833
      0.98775300
      0.98520024
      0.98241194
      0.97939012
      0.97613700
      0.97265495
      0.96894648
      0.96501430
      0.96086123
      0.95649028
      0.95190459
      0.94710744
      0.94210225
      0.93689258
      0.93148213
      0.92587471
      0.92007426
      0.91408485
      0.90791064
      0.90155592
      0.89502506
      0.88832257
      0.88145300
      0.87442102
      0.86723139
      0.85988892
      0.85239852
      0.84476514
      0.83699382
      0.82908963
      0.82105771
      0.81290324
      0.80463142
      0.79624751
      0.78775680
      0.77916457
      0.77047615
      0.76169687
      0.75283206
      0.74388707
      0.73486723
      0.72577787
      0.71662429
      0.70741180
      0.69814566
      0.68883110
      0.67947334
      0.67007754
      0.66064883
      0.65119229
      0.64171293
      0.63221573
      0.62270561
      0.61318740
      0.60366588
      0.59414577
      0.58463169
      0.57512821
      0.56563978
      0.55617081
      0.54672560
      0.53730835
      0.52792319
      0.51857414
      0.50926512
      0.49999998
      0.49078242
      0.48161609
      0.47250449
      0.46345103
      0.45445903
      0.44553168
      0.43667206
      0.42788316
      0.41916783
      0.41052884
      0.40196881
      0.39349028
      0.38509567
      0.37678727
      0.36856728
      0.36043778
      0.35240072
      0.34445798
      0.33661129
      0.32886228
      0.32121249
      0.31366333
      0.30621611
      0.29887205
      0.29163224
      0.28449768
      0.27746926
      0.27054780
      0.26373399
      0.25702843
      0.25043164
      0.24394403
      0.23756593
      0.23129758
      0.22513913
      0.21909066
      0.21315213
      0.20732348
      0.20160451
      0.19599500
      0.19049461
      0.18510296
      0.17981958
      0.17464397
      0.16957552
      0.16461359
      0.15975748
      0.15500641
      0.15035958
      0.14581611
      0.14137509
      0.13703554
      0.13279647
      0.12865682
      0.12461549
      0.12067137
      0.11682329
      0.11307005
      0.10941042
      0.10584315
      0.10236696
     0.098980536
     0.095682559
     0.092471675
     0.089346519
     0.086305707
     0.083347842
     0.080471514
     0.077675302
     0.074957777
     0.072317501
     0.069753032
     0.067262924
     0.064845726
     0.062499989
     0.060224262
     0.058017098
     0.055877052
     0.053802684
     0.051792557
     0.049845246
     0.047959328
     0.046133395
     0.044366043
     0.042655885
     0.041001540
     0.039401646
     0.037854849
     0.036359813
     0.034915215
     0.033519751
     0.032172129
     0.030871078
     0.029615342
     0.028403684
     0.027234886
     0.026107749
     0.025021092
     0.023973754
     0.022964596
     0.021992497
     0.021056357
     0.020155097
     0.019287659
     0.018453006
     0.017650120
     0.016878009
     0.016135696
     0.015422230
     0.014736678
     0.014078131
     0.013445698
     0.012838512
     0.012255725
     0.011696509
     0.011160059
     0.010645589
     0.010152333
    0.0096795461
    0.0092265023
    0.0087924957
    0.0083768396
    0.0079788666
    0.0075979280
    0.0072333939
    0.0068846524
    0.0065511100
    0.0062321906
    0.0059273358
    0.0056360042
    0.0053576711
    0.0050918284
    0.0048379840
    0.0045956619
    0.0043644013
    0.0041437568
    0.0039332975
    0.0037326074
    0.0035412842
    0.0033589399
    0.0031851995
    0.0030197015
    0.0028620971
    0.0027120499
    0.0025692358
    0.0024333423
    0.0023040687
    0.0021811252
    0.0020642331
    0.0019531242
    0.0018475404
    0.0017472337
    0.0016519656
    0.0015615072
    0.0014756384
    0.0013941479
    0.0013168331
    0.0012434995
    0.0011739603
    0.0011080369
    0.0010455576
   0.00098635824
   0.00093028146
   0.00087717657
   0.00082689934
   0.00077931176
   0.00073428184
   0.00069168333
   0.00065139557
   0.00061330324
   0.00057729618
   0.00054326919
   0.00051112183
   0.00048075826
   0.00045208703
   0.00042502092
   0.00039947678
   0.00037537534
   0.00035264107
   0.00033120205
   0.00031098978
   0.00029193904
   0.00027398779
   0.00025707699
   0.00024115050
   0.00022615495
   0.00021203961
   0.00019875628
   0.00018625918
   0.00017450485
   0.00016345201
   0.00015306151
   0.00014329621
   0.00013412087
   0.00012550210
   0.00011740825
   0.00010980931
   0.00010267689
   9.5984081e-05
   8.9705420e-05
   8.3816808e-05
   7.8295450e-05
   7.3119783e-05
   6.8269424e-05
   6.3725102e-05
   5.9468614e-05
   5.5482760e-05
   5.1751300e-05
   4.8258902e-05
   4.4991097e-05
   4.1934231e-05
   3.9075430e-05
   3.6402550e-05
   3.3904146e-05
   3.1569434e-05
   2.9388251e-05
   2.7351028e-05
   2.5448754e-05
   2.3672950e-05
   2.2015633e-05
   2.0469299e-05
   1.9026886e-05
   1.7681757e-05
   1.6427675e-05
   1.5258778e-05
   1.4169560e-05
   1.3154852e-05
   1.2209799e-05
   1.1329846e-05
   1.0510721e-05
   9.7484137e-06
   9.0391662e-06
   8.3794547e-06
   7.7659771e-06
   7.1956400e-06
   6.6655457e-06
   6.1729814e-06
   5.7154073e-06
   5.2904471e-06
   4.8958773e-06
   4.5296188e-06
   4.1897271e-06
   3.8743852e-06
   3.5818947e-06
   3.3106694e-06
   3.0592274e-06
   2.8261857e-06
   2.6102529e-06
   2.4102242e-06
   2.2249757e-06
   2.0534591e-06
   1.8946972e-06
   1.7477791e-06
   1.6118560e-06
   1.4861372e-06
   1.3698863e-06
   1.2624179e-06
   1.1630937e-06
   1.0713200e-06
   9.8654458e-07
   9.0825371e-07
   8.3596984e-07
   7.6924912e-07
   7.0767911e-07
   6.5087667e-07
   5.9848601e-07
   5.5017680e-07
   5.0564243e-07
   4.6459840e-07
   4.2678080e-07
   3.9194489e-07
   3.5986376e-07
   3.3032708e-07
   3.0313998e-07
   2.7812192e-07
   2.5510572e-07
   2.3393658e-07
   2.1447123e-07
   1.9657709e-07
   1.8013153e-07
   1.6502113e-07
   1.5114101e-07
   1.3839426e-07
   1.2669129e-07
   1.1594938e-07
   1.0609211e-07
   9.7048918e-08
   8.8754682e-08
   8.1149307e-08
   7.4177352e-08
   6.7787685e-08
   6.1933161e-08
   5.6570323e-08
   5.1659124e-08
   4.7162670e-08
   4.3046981e-08
   3.9280768e-08
   3.5835232e-08
   3.2683867e-08
   2.9802289e-08
   2.7168069e-08
   2.4760584e-08
   2.2560876e-08
   2.0551523e-08
   1.8716517e-08
   1.7041154e-08
   1.5511935e-08
   1.4116463e-08
   1.2843363e-08
   1.1682199e-08
   1.0623398e-08
   9.6581784e-09
   8.7784932e-09
   7.9769652e-09
   7.2468352e-09
   6.5819115e-09
   5.9765239e-09
   5.4254810e-09
   4.9240313e-09
   4.4678268e-09
   4.0528900e-09
   3.6755834e-09
   3.3325809e-09
   3.0208426e-09
   2.7375903e-09
   2.4802861e-09
   2.2466120e-09
   2.0344515e-09
   1.8418725e-09
   1.6671119e-09
   1.5085611e-09
   1.3647530e-09
   1.2343495e-09
   1.1161311e-09
   1.0089862e-09
   9.1190212e-10
   8.2395632e-10
   7.4430875e-10
   6.7219460e-10
   6.0691781e-10
   5.4784502e-10
   4.9440006e-10
   4.4605898e-10
   4.0234538e-10
   3.6282627e-10
   3.2710817e-10
   2.9483363e-10
   2.6567802e-10
   2.3934656e-10
   2.1557169e-10
   1.9411059e-10
   1.7474297e-10
   1.5726901e-10
   1.4150753e-10
   1.2729429e-10
   1.1448043e-10
   1.0293109e-10
   9.2524093e-11
   8.3148817e-11
   7.4705106e-11
   6.7102308e-11
   6.0258401e-11
   5.4099183e-11
   4.8557552e-11
   4.3572836e-11
   3.9090195e-11
   3.5060073e-11
   3.1437700e-11
   2.8182640e-11
   2.5258383e-11
   2.2631972e-11
   2.0273662e-11
   1.8156619e-11
   1.6256638e-11
   1.4551891e-11
   1.3022703e-11
   1.1651337e-11
   1.0421816e-11
   9.3197438e-12
   8.3321585e-12
   7.4473890e-12
   6.6549305e-12
   5.9453301e-12
   5.3100840e-12
   4.7415439e-12
   4.2328330e-12
   3.7777694e-12
   3.3707981e-12
   3.0069277e-12
   2.6816754e-12
   2.3910155e-12
   2.1313342e-12
   1.8993879e-12
   1.6922665e-12
   1.5073594e-12
   1.3423255e-12
   1.1950658e-12
   1.0636991e-12
   9.4653944e-13
   8.4207661e-13
   7.4895800e-13
   6.6597249e-13
   5.9203596e-13
   5.2617819e-13
   4.6753117e-13
   4.1531849e-13
   3.6884587e-13
   3.2749265e-13
   2.9070410e-13
   2.5798456e-13
   2.2889128e-13
   2.0302884e-13
   1.8004423e-13
   1.5962233e-13
   1.4148195e-13
   1.2537224e-13
   1.1106948e-13
   9.8374159e-14
   8.7108452e-14
   7.7113876e-14
   6.8249226e-14
   6.0388731e-14
   5.3420388e-14
   4.7244487e-14
   4.1772283e-14
   3.6924808e-14
   3.2631816e-14
   2.8830835e-14
   2.5466318e-14
   2.2488892e-14
   1.9854682e-14
   1.7524707e-14
   1.5464347e-14
   1.3642858e-14
   1.2032949e-14
   1.0610401e-14
   9.3537223e-15
   8.2438506e-15
   7.2638810e-15
   6.3988260e-15
   5.6354012e-15
   4.9618354e-15
   4.3677003e-15
   3.8437601e-15
   3.3818371e-15
   2.9746924e-15
   2.6159197e-15
   2.2998511e-15
   2.0214733e-15
   1.7763529e-15
   1.5605707e-15
   1.3706629e-15
   1.2035684e-15
   1.0565837e-15
   9.2732077e-16
   8.1367138e-16
   7.1377454e-16
   6.2598804e-16
   5.4886304e-16
   4.8112166e-16
   4.2163708e-16
   3.6941595e-16
   3.2358283e-16
   2.8336633e-16
   2.4808700e-16
   2.1714645e-16
   1.9001786e-16
   1.6623753e-16
   1.4539742e-16
   1.2713856e-16
   1.1114523e-16
   9.7139834e-17
   8.4878334e-17
   7.4146269e-17
   6.4755212e-17
   5.6539651e-17
   4.9354241e-17
   4.3071382e-17
   3.7579076e-17
   3.2779050e-17
   2.8585091e-17
   2.4921592e-17
   2.1722257e-17
   1.8928974e-17
   1.6490817e-17
   1.4363168e-17
   1.2506946e-17
   1.0887928e-17
   9.4761564e-18
   8.2454080e-18
   7.1727393e-18
   6.2380796e-18
   5.4238759e-18
   4.7147812e-18
   4.0973807e-18
   3.5599512e-18
   3.0922511e-18
   2.6853347e-18
   2.3313907e-18
   2.0235999e-18
   1.7560110e-18
   1.5234309e-18
   1.3213299e-18
   1.1457576e-18
   9.9326966e-19
   8.6086406e-19
   7.4592463e-19
   6.4617223e-19
   5.5962176e-19
   4.8454472e-19
   4.1943639e-19
   3.6298720e-19
   3.1405773e-19
   2.7165683e-19
   2.3492257e-19
   2.0310556e-19
   1.7555446e-19
   1.5170324e-19
   1.3106021e-19
   1.1319827e-19
   9.7746609e-20
   8.4383314e-20
   7.2829013e-20
   6.2841311e-20
   5.4209951e-20
   4.6752600e-20
   4.0311177e-20
   3.4748668e-20
   2.9946344e-20
   2.5801350e-20
   2.2224603e-20
   1.9138970e-20
   1.6477680e-20
   1.4182949e-20
   1.2204781e-20
   1.0499931e-20
   9.0309993e-21
   7.7656562e-21
   6.6759562e-21
   5.7377519e-21
   4.9301828e-21
   4.2352324e-21
   3.6373444e-21
   3.1230906e-21
   2.6808820e-21
   2.3007201e-21
   1.9739805e-21
   1.6932258e-21
   1.4520443e-21
   1.2449096e-21
   1.0670598e-21
   9.1439247e-22
   7.8337462e-22
   6.7096416e-22
   5.7454244e-22
   4.9185589e-22
   4.2096560e-22
   3.6020381e-22
   3.0813637e-22
   2.6353032e-22
   2.2532594e-22
   1.9261262e-22
   1.6460813e-22
   1.4064062e-22
   1.2013325e-22
   1.0259086e-22
   8.7588496e-23
   7.4761573e-23
   6.3797368e-23
   5.4427710e-23
   4.6422693e-23
   3.9585266e-23
   3.3746580e-23
   2.8761990e-23
   2.4507616e-23
   2.0877388e-23
   1.7780511e-23
   1.5139282e-23
   1.2887221e-23
   1.0967465e-23
   9.3313867e-24
   7.9374151e-24
   6.7500185e-24
   5.7388359e-24
   4.8779305e-24
   4.1451513e-24
   3.5215846e-24
   2.9910855e-24
   2.5398760e-24
   2.1562005e-24
   1.8300323e-24
   1.5528208e-24
   1.3172763e-24
   1.1171857e-24
   9.4725491e-25
   8.0297368e-25
   6.8050092e-25
   5.7656609e-25
   4.8838514e-25
   4.1358879e-25
   3.5016121e-25
   2.9638777e-25
   2.5081037e-25
   2.1218940e-25
   1.7947122e-25
   1.5176057e-25
   1.2829686e-25
   1.0843415e-25
   9.1623967e-26
   7.7400733e-26
   6.5369329e-26
   5.5194518e-26
   4.6591944e-26
   3.9320468e-26
   3.3175655e-26
   2.7984225e-26
   2.3599350e-26
   1.9896641e-26
   1.6770749e-26
   1.4132471e-26
   1.1906297e-26
   1.0028323e-26
   8.4444792e-27
   7.1090308e-27
   5.9833015e-27
   5.0345927e-27
   4.2352667e-27
   3.5619692e-27
   2.9949703e-27
   2.5176065e-27
   2.1158074e-27
   1.7776956e-27
   1.4932469e-27
   1.2540037e-27
   1.0528318e-27
   8.8371476e-28
   7.4158033e-28
   6.2215310e-28
   5.2183030e-28
   4.3757681e-28
   3.6683626e-28
   3.0745615e-28
   2.5762446e-28
   2.1581616e-28
   1.8074812e-28
   1.5134099e-28
   1.2668709e-28
   1.0602324e-28
   8.8708000e-29
   7.4202315e-29
   6.2053330e-29
   5.1880684e-29
   4.3364991e-29
   3.6238132e-29
   3.0275080e-29
   2.5287027e-29
   2.1115589e-29
   1.7627942e-29
   1.4712721e-29
   1.2276578e-29
   1.0241289e-29
   8.5413183e-30
   7.1217733e-30
   5.9366897e-30
   4.9475880e-30
   4.1222627e-30
   3.4337666e-30
   2.8595576e-30
   2.3807835e-30
   1.9816817e-30
   1.6490768e-30
   1.3719580e-30
   1.1411264e-30
   9.4889819e-31
   7.8885733e-31
   6.5564730e-31
   5.4479744e-31
   4.5257734e-31
   3.7587507e-31
   3.1209528e-31
   2.5907401e-31
   2.1500743e-31
   1.7839228e-31
   1.4797611e-31
   1.2271570e-31
   1.0174231e-31
   8.4332708e-32
   6.9884919e-32
   5.7898038e-32
   4.7955365e-32
   3.9710332e-32
   3.2874776e-32
   2.7209155e-32
   2.2514395e-32
   1.8625094e-32
   1.5403862e-32
   1.2736607e-32
   1.0528605e-32
   8.7012349e-33
   7.1892555e-33
   5.9385430e-33
   4.9042078e-33
   4.0490281e-33
   3.3421480e-33
   2.7579954e-33
   2.2753822e-33
   1.8767575e-33
   1.5475864e-33
   1.2758354e-33
   1.0515437e-33
   8.6646894e-34
   7.1379192e-34
   5.8787261e-34
   4.8404729e-34
   3.9846054e-34
   3.2792597e-34
   2.6981077e-34
   2.2194007e-34
   1.8251775e-34
   1.5006088e-34
   1.2334536e-34
   1.0136105e-34
   8.3274565e-35
   6.8398505e-35
   5.6166040e-35
   4.6109878e-35
   3.7844878e-35
   3.1053690e-35
   2.5474888e-35
   2.0893169e-35
   1.7131261e-35
   1.4043239e-35
   1.1509017e-35
   9.4297925e-36
   7.7242978e-36
   6.3257037e-36
   5.1790685e-36
   4.2392344e-36
   3.4690948e-36
   2.8381665e-36
   2.3214137e-36
   1.8982797e-36
   1.5518895e-36
   1.2683946e-36
   1.0364323e-36
   8.4668220e-37
   6.9150115e-37
   5.6462272e-37
   4.6091067e-37
   3.7615613e-37
   3.0691102e-37
   2.5035127e-37
   2.0416443e-37
   1.6645748e-37
   1.3568116e-37
   1.1056781e-37
   9.0080517e-38
   7.3371262e-38
   5.9746720e-38
   4.8640174e-38
   3.9588508e-38
   3.2213367e-38
   2.6205718e-38
   2.1313216e-38
   1.7329853e-38
   1.4087493e-38
   1.1448947e-38
   9.3022998e-39
   7.5562808e-39
   6.1364727e-39
   4.9822153e-39
   4.0440745e-39
   3.2817748e-39
   2.6625107e-39
   2.1595682e-39
   1.7511988e-39
   1.4197011e-39
   1.1506716e-39
   9.3239259e-40
   7.5533430e-40
   6.1174801e-40
   4.9533486e-40
   4.0097582e-40
   3.2451176e-40
   2.6256430e-40
   2.1238990e-40
   1.7176118e-40
   1.3887023e-40
   1.1224997e-40
   9.0710239e-41
   7.3285717e-41
   5.9193680e-41
   4.7799605e-41
   3.8589241e-41
   3.1145918e-41
   2.5132113e-41
   2.0274485e-41
   1.6351727e-41
   1.3184704e-41
   1.0628455e-41
   8.5656995e-42
   6.9015796e-42
   5.5593899e-42
   4.4771200e-42
   3.6046517e-42
   2.9014884e-42
   2.3349165e-42
   1.8785157e-42
   1.5109541e-42
   1.2150123e-42
   9.7679411e-43
   7.8508806e-43
   6.3085083e-43
   5.0678990e-43
   4.0702604e-43
   3.2682058e-43
   2.6235514e-43
   2.1055362e-43
   1.6893857e-43
   1.3551517e-43
   1.0867758e-43
   8.7133459e-44
   6.9843008e-44
   5.5969816e-44
   4.4841258e-44
   3.5916554e-44
   2.8761035e-44
   2.3025408e-44
   1.8429057e-44
   1.4746598e-44
   1.1797054e-44
   9.4351378e-45
   7.5442470e-45
   6.0308220e-45
   4.8198120e-45
   3.8510277e-45
   3.0762113e-45
   2.4566803e-45
   1.9614358e-45
   1.5656422e-45
   1.2494069e-45
   9.9680051e-46
   7.9507038e-46
   6.3400964e-46
   5.0545106e-46
   4.0286110e-46
   3.2101440e-46
   2.5573294e-46
   2.0367691e-46
   1.6217723e-46
   1.2910140e-46
   1.0274601e-46
   8.1750790e-47
   6.5029725e-47
   5.1715990e-47
   4.1117882e-47
   3.2683578e-47
   2.5972958e-47
   2.0635082e-47
   1.6390189e-47
   1.3015315e-47
   1.0332809e-47
   8.2011556e-48
   6.5076574e-48
   5.1625857e-48
   4.0945185e-48
   3.2466193e-48
   2.5736700e-48
   2.0397049e-48
   1.6161243e-48
   1.2801922e-48
   1.0138379e-48
   8.0270295e-49
   6.3538090e-49
   5.0281292e-49
   3.9780630e-49
   3.1465154e-49
   2.4881756e-49
   1.9670942e-49
   1.5547561e-49
   1.2285486e-49
   9.7054432e-50
   7.6653392e-50
   6.0525773e-50
   4.7779575e-50
   3.7708320e-50
   2.9752609e-50
   2.3469612e-50
   1.8508862e-50
   1.4593064e-50
   1.1502870e-50
   9.0648147e-51
   7.1417493e-51
   5.6252683e-51
   4.4297055e-51
   3.4873813e-51
   2.7448396e-51
   2.1598694e-51
   1.6991470e-51
   1.3363721e-51
   1.0507921e-51
   8.2603642e-52
   6.4919407e-52
   5.1008535e-52
   4.0068597e-52
   3.1467220e-52
   2.4706180e-52
   1.9393035e-52
   1.5218748e-52
   1.1940020e-52
   9.3653524e-53
   7.3440593e-53
   5.7575960e-53
   4.5127282e-53
   3.5361455e-53
   2.7702186e-53
   2.1696562e-53
   1.6988725e-53
   1.3299141e-53
   1.0408290e-53
   8.1438195e-54
   6.3704463e-54
   4.9820095e-54
   3.8952219e-54
   3.0447583e-54
   2.3793943e-54
   1.8589725e-54
   1.4520197e-54
   1.1338745e-54
   8.8521842e-55
   6.9092176e-55
   5.3913839e-55
   4.2059550e-55
   3.2803633e-55
   2.5578333e-55
   1.9939557e-55
   1.5540025e-55
   1.2108237e-55
   9.4319846e-56
   7.3454467e-56
   5.7190818e-56
   4.4517152e-56
   3.4643471e-56
   2.6953080e-56
   2.0964686e-56
   1.6302766e-56
   1.2674394e-56
   9.8511301e-57
   7.6548712e-57
   5.9467912e-57
   4.6187074e-57
   3.5863378e-57
   2.7840363e-57
   2.1606855e-57
   1.6764909e-57
   1.3004804e-57
   1.0085545e-57
   7.8196606e-58
   6.0613506e-58
   4.6972522e-58
   3.6392452e-58
   2.8188484e-58
   2.1828560e-58
   1.6899406e-58
   1.3080090e-58
   1.0121456e-58
   7.8301170e-59
   6.0560083e-59
   4.6827140e-59
   3.6199434e-59
   2.7976854e-59
   2.1616678e-59
   1.6698290e-59
   1.2895792e-59
   9.9567360e-60
   7.6856205e-60
   5.9310809e-60
   4.5759548e-60
   3.5295763e-60
   2.7218011e-60
   2.0983753e-60
   1.6173459e-60
   1.2462800e-60
   9.6011069e-61
   7.3946897e-61
   5.6939228e-61
   4.3832491e-61
   3.3734455e-61
   2.5956386e-61
   1.9966765e-61
   1.5355507e-61
   1.1806293e-61
   9.0751949e-62
   6.9741504e-62
   5.3582088e-62
   4.1156735e-62
   3.1604955e-62
   2.4264000e-62
   1.8623555e-62
   1.4290773e-62
   1.0963314e-62
   8.4085468e-63
   6.4475245e-63
   4.9426291e-63
   3.7880527e-63
   2.9024649e-63
   2.2233657e-63
   1.7027379e-63
   1.3037000e-63
   9.9793091e-64
   7.6368853e-64
   5.8428539e-64
   4.4691688e-64
   3.4176017e-64
   2.6128177e-64
   1.9970537e-64
   1.5260309e-64
   1.1658157e-64
   8.9040877e-65
   6.7989512e-65
   5.1902394e-65
   3.9611914e-65
   3.0224367e-65
   2.3055874e-65
   1.7583241e-65
   1.3406309e-65
   1.0219096e-65
   7.7876912e-66
   5.9333220e-66
   4.5193928e-66
   3.4415590e-66
   2.6201329e-66
   1.9942720e-66
   1.5175340e-66
   1.1544774e-66
   8.7806246e-67
   6.6766459e-67
   5.0755633e-67
   3.8574750e-67
   2.9309942e-67
   2.2264850e-67
   1.6908985e-67
   1.2838323e-67
   9.7452277e-68
   7.3955191e-68
   5.6109747e-68
   4.2559931e-68
   3.2274275e-68
   2.4468370e-68
   1.8545842e-68
   1.4053388e-68
   1.0646539e-68
   8.0635982e-69
   6.1057955e-69
   4.6221986e-69
   3.4982264e-69
   2.6469162e-69
   2.0022829e-69
   1.5142712e-69
   1.1449192e-69
   8.6544403e-70
   6.5402764e-70
   4.9413565e-70
   3.7324091e-70
   2.8185468e-70
   2.1279148e-70
   1.6061133e-70
   1.2119679e-70
   9.1432162e-71
   6.8960411e-71
   5.1998841e-71
   3.9199493e-71
   2.9543382e-71
   2.2260398e-71
   1.6768670e-71
   1.2628660e-71
   9.5084317e-72
   7.1573702e-72
   5.3863062e-72
   4.0524863e-72
   3.0482112e-72
   2.2922475e-72
   1.7233399e-72
   1.2953088e-72
   9.7334921e-73
   7.3123506e-73
   5.4920983e-73
   4.1239421e-73
   3.0958491e-73
   2.3234856e-73
   1.7433844e-73
   1.3077938e-73
   9.8079529e-74
   7.3537766e-74
   5.5123332e-74
   4.1309835e-74
   3.0950269e-74
   2.3182932e-74
   1.7360621e-74
   1.2997359e-74
   9.7283224e-75
   7.2797045e-75
   5.4460612e-75
   4.0732799e-75
   3.0457830e-75
   2.2769140e-75
   1.7017167e-75
   1.2715132e-75
   9.4983339e-76
   7.0936044e-76
   5.2963841e-76
   3.9535291e-76
   2.9504168e-76
   2.2012775e-76
   1.6419471e-76
   1.2244371e-76
   9.1286552e-77
   6.8040904e-77
   5.0702143e-77
   3.7772482e-77
   2.8133107e-77
   2.0948496e-77
   1.5594841e-77
   1.1606520e-77
   8.6360683e-78
   6.4242596e-78
   4.7777460e-78
   3.5523521e-78
   2.6405957e-78
   1.9623695e-78
   1.4579836e-78
   1.0829726e-78
   8.0422067e-79
   5.9707100e-79
   4.4316933e-79
   3.2885646e-79
   2.4396977e-79
   1.8095002e-79
   1.3417581e-79
   9.9467859e-80
   7.3719824e-80
   5.4623405e-80
   4.0463759e-80
   2.9967233e-80
   2.2188095e-80
   1.6424281e-80
   1.2154741e-80
   8.9928632e-81
   6.6518621e-81
   4.9190525e-81
   3.6367433e-81
   2.6880467e-81
   1.9863415e-81
   1.4674524e-81
   1.0838447e-81
   8.0031894e-82
   5.9081578e-82
   4.3604774e-82
   3.2174290e-82
   2.3734324e-82
   1.7504017e-82
   1.2905997e-82
   9.5134565e-83
   7.0109698e-83
   5.1654817e-83
   3.8048411e-83
   2.8019165e-83
   2.0628460e-83
   1.5183483e-83
   1.1172979e-83
   8.2197669e-84
   6.0456499e-84
   4.4454882e-84
   3.2680515e-84
   2.4018799e-84
   1.7648454e-84
   1.2964477e-84
   9.5213009e-85
   6.9908592e-85
   5.1316590e-85
   3.7659798e-85
   2.7630654e-85
   2.0267365e-85
   1.4862655e-85
   1.0896536e-85
   7.9868128e-86
   5.8526359e-86
   4.2876811e-86
   3.1404105e-86
   2.2995525e-86
   1.6834228e-86
   1.2320718e-86
   9.0151268e-87
   6.5947846e-87
   4.8230565e-87
   3.5264446e-87
   2.5777734e-87
   1.8838459e-87
   1.3763820e-87
   1.0053692e-87
   7.3418432e-88
   5.3601583e-88
   3.9123986e-88
   2.8549699e-88
   2.0828258e-88
   1.5191384e-88
   1.1077319e-88
   8.0754176e-89
   5.8855665e-89
   4.2884911e-89
   3.1240195e-89
   2.2751808e-89
   1.6565748e-89
   1.2058663e-89
   8.7756695e-90
   6.3849031e-90
   4.6443113e-90
   3.3773907e-90
   2.4554679e-90
   1.7847615e-90
   1.2969375e-90
   9.4221696e-91
   6.8434600e-91
   4.9692806e-91
   3.6074829e-91
   2.6182312e-91
   1.8997860e-91
   1.3781432e-91
   9.9948657e-92
   7.2469047e-92
   5.2531658e-92
   3.8069978e-92
   2.7582722e-92
   1.9979498e-92
   1.4468550e-92
   1.0475105e-92
   7.5820170e-93
   5.4866099e-93
   3.9693224e-93
   2.8709236e-93
   2.0759642e-93
   1.5007593e-93
   1.0846640e-93
   7.8374061e-94
   5.6616425e-94
   4.0888908e-94
   2.9523071e-94
   2.1311329e-94
   1.5379864e-94
   1.1096536e-94
   8.0041520e-95
   5.7721312e-95
   4.1615012e-95
   2.9995550e-95
   2.1615067e-95
   1.5572177e-95
   1.1215923e-95
   8.0763233e-96
   5.8141380e-96
   4.1845613e-96
   3.0109775e-96
   2.1659980e-96
   1.5577636e-96
   1.1200516e-96
   8.0513268e-97
   5.7861523e-97
   4.1572413e-97
   2.9861634e-97
   2.1444448e-97
   1.5396044e-97
   1.1050868e-97
   7.9300623e-98
   5.6891813e-98
   4.0805238e-98
   2.9260047e-98
   2.0976214e-98
   1.5033917e-98
   1.0772343e-98
   7.7168691e-99
   5.5266896e-99
   3.9571452e-99
   2.8326432e-99
   2.0271912e-99
   1.4504091e-99
   1.0374790e-99
  7.4192679e-100
  5.3043939e-100
  3.7914336e-100
  2.7093437e-100
  1.9356094e-100
  1.3824973e-100
  9.8719705e-101
  7.0475208e-101
  5.0299289e-101
  3.5890565e-101
  2.5603051e-101
  1.8259804e-101
  1.3019474e-101
  9.2807650e-102
  6.6140437e-102
  4.7124127e-102
  3.3567001e-102
  2.3904228e-102
  1.7018837e-102
  1.2113733e-102
  8.6202347e-103
  6.1327202e-103
  4.3619449e-103
  3.1017027e-103
  2.2050230e-103
  1.5671806e-103
  1.1135711e-103
  7.9106068e-104
  5.6181667e-104
  3.9890770e-104
  2.8316735e-104
  2.0095874e-104
  1.4258164e-104
  1.0113774e-104
  7.1722577e-105
  5.0850062e-105
  3.6042927e-105
  2.5541216e-105
  1.8094895e-105
  1.2816326e-105
  9.0753623e-106
  6.4247668e-106
  4.5471966e-106
  3.2175334e-106
  2.2761211e-106
  1.6097582e-106
  1.1382008e-106
  8.0458155e-107
  5.6860967e-107
  4.0174583e-107
  2.8377980e-107
  2.0040315e-107
  1.4148832e-107
  9.9868744e-108
  7.0474428e-108
  4.9719471e-108
  3.5068275e-108
  2.4728358e-108
  1.7432879e-108
  1.2286719e-108
  8.6575636e-109
  6.0988567e-109
  4.2953063e-109
  3.0243553e-109
  2.1289451e-109
  1.4982665e-109
  1.0541603e-109
  7.4151030e-110
  5.2145963e-110
  3.6662086e-110
  2.5769537e-110
  1.8108773e-110
  1.2722264e-110
  8.9357859e-111
  6.2747159e-111
  4.4050247e-111
  3.0916875e-111
  2.1693809e-111
  1.5218400e-111
  1.0673212e-111
  7.4836636e-112
  5.2459765e-112
  3.6764731e-112
  2.5759024e-112
  1.8043484e-112
  1.2635846e-112
  8.8466992e-113
  6.1922880e-113
  4.3332525e-113
  3.0315855e-113
  2.1204039e-113
  1.4827241e-113
  1.0365615e-113
  7.2447394e-114
  5.0622480e-114
  3.5363647e-114
  2.4698105e-114
  1.7245000e-114
  1.2038038e-114
  8.4011977e-115
  5.8616470e-115
  4.0887550e-115
  2.8513825e-115
  1.9879838e-115
  1.3856807e-115
  9.6562046e-116
  6.7273298e-116
  4.6856727e-116
  3.2628277e-116
  2.2714820e-116
  1.5809474e-116
  1.1000655e-116
  7.6526630e-117
  5.3223033e-117
  3.7006637e-117
  2.5724834e-117
  1.7877983e-117
  1.2421596e-117
  8.6283803e-118
  5.9920318e-118
  4.1601780e-118
  2.8876375e-118
  2.0038555e-118
  1.3902187e-118
  9.6425696e-119
  6.6864471e-119
  4.6354406e-119
  3.2127696e-119
  2.2261843e-119
  1.5421820e-119
  1.0680783e-119
  7.3954318e-120
  5.1193750e-120
  3.5429361e-120
  2.4513349e-120
  1.6956451e-120
  1.1726279e-120
  8.1073417e-121
  5.6038911e-121
  3.8725217e-121
