  -0.00031356612
  -0.00073353411
  -0.00066833113
  -0.00016048518
   0.00045430974
   0.00076909133
   0.00057501568
  -8.5371297e-08
  -0.00057590091
  -0.00077113697
  -0.00045600071
   0.00016151568
   0.00067290976
   0.00073940211
   0.00031636368
  -0.00031673573
  -0.00074095092
  -0.00067509154
  -0.00016210729
   0.00045891520
   0.00077689007
   0.00058084928
  -8.7059806e-08
  -0.00058175191
  -0.00077897550
  -0.00046063764
   0.00016316187
   0.00067976540
   0.00074693853
   0.00031958870
  -0.00031997103
  -0.00074852055
  -0.00068199169
  -0.00016376425
   0.00046361318
   0.00078484664
   0.00058680028
  -9.1329967e-08
  -0.00058772584
  -0.00078697788
  -0.00046537238
   0.00016484016
   0.00068676131
   0.00075463021
   0.00032288082
  -0.00032327228
  -0.00075624585
  -0.00068903425
  -0.00016545576
   0.00046840789
   0.00079296768
   0.00059287489
  -9.4575903e-08
  -0.00059382189
  -0.00079514421
  -0.00047020343
   0.00016655473
   0.00069390322
   0.00076248154
   0.00032624045
  -0.00032664341
  -0.00076413274
  -0.00069622315
  -0.00016718072
   0.00047330558
   0.00080126163
   0.00059907922
  -9.6377422e-08
  -0.00060004541
  -0.00080348239
  -0.00047513660
   0.00016830530
   0.00070119650
   0.00077050063
   0.00032967428
  -0.00033008210
  -0.00077218338
  -0.00070356277
  -0.00016894277
   0.00047830508
   0.00080972920
   0.00060541394
  -9.7722838e-08
  -0.00060639911
  -0.00081199526
  -0.00048017293
   0.00017009310
   0.00070864302
   0.00077868701
   0.00033317722
  -0.00033359784
  -0.00078040870
  -0.00071106120
  -0.00017074425
   0.00048340938
   0.00081837515
   0.00061188082
  -1.0286883e-07
  -0.00061289248
  -0.00082069330
  -0.00048531865
   0.00017191934
   0.00071625070
   0.00078705115
   0.00033675728
  -0.00033718791
  -0.00078881033
  -0.00071872059
  -0.00017258356
   0.00048862577
   0.00082721086
   0.00061849135
  -1.0411514e-07
  -0.00061952318
  -0.00082957815
  -0.00049057628
   0.00017378315
   0.00072402069
   0.00079559450
   0.00034041401
  -0.00034085554
  -0.00079739298
  -0.00072654460
  -0.00017446151
   0.00049395578
   0.00083623755
   0.00062524335
  -1.0809124e-07
  -0.00062630010
  -0.00083865630
  -0.00049594556
   0.00017569277
   0.00073196607
   0.00080432896
   0.00034415247
  -0.00034460441
  -0.00080616612
  -0.00073454225
  -0.00017638083
   0.00049940513
   0.00084546658
   0.00063214779
  -1.0993146e-07
  -0.00063322671
  -0.00084793741
  -0.00050143740
   0.00017764060
   0.00074008423
   0.00081325519
   0.00034797319
  -0.00034843669
  -0.00081513469
  -0.00074271909
  -0.00017834518
   0.00050497292
   0.00085489838
   0.00063920389
  -1.1325968e-07
  -0.00064030865
  -0.00085742607
  -0.00050705206
   0.00017963195
   0.00074838408
   0.00082238157
   0.00035188033
  -0.00035235333
  -0.00082430206
  -0.00075107645
  -0.00018035043
   0.00051066861
   0.00086454402
   0.00064641926
  -1.1709125e-07
  -0.00064755064
  -0.00086712819
  -0.00051279139
   0.00018167154
   0.00075687490
   0.00083171641
   0.00035587553
  -0.00035636160
  -0.00083368173
  -0.00075962789
  -0.00018240427
   0.00051649274
   0.00087440972
   0.00065380019
  -1.2013788e-07
  -0.00065495793
  -0.00087705289
  -0.00051866339
   0.00018375636
   0.00076555913
   0.00084126466
   0.00035996217
  -0.00036046190
  -0.00084327684
  -0.00076837580
  -0.00018450504
   0.00052245140
   0.00088450307
   0.00066135113
  -1.2429266e-07
  -0.00066253827
  -0.00088720962
  -0.00052467403
   0.00018588705
   0.00077444302
   0.00085103382
   0.00036414421
  -0.00036465602
  -0.00085309298
  -0.00077732496
  -0.00018665258
   0.00052855068
   0.00089483307
   0.00066907922
  -1.2755623e-07
  -0.00067029418
  -0.00089760124
  -0.00053082144
   0.00018807243
   0.00078353995
   0.00086103589
   0.00036842624
  -0.00036894908
  -0.00086314211
  -0.00078648769
  -0.00018885336
   0.00053479207
   0.00090540624
   0.00067698997
  -1.3071921e-07
  -0.00067823403
  -0.00090824040
  -0.00053711711
   0.00019030631
   0.00079284928
   0.00087127241
   0.00037280772
  -0.00037334567
  -0.00087343107
  -0.00079586878
  -0.00019110657
   0.00054118224
   0.00091623137
   0.00068508888
  -1.3495767e-07
  -0.00068636469
  -0.00091913465
  -0.00054356337
   0.00019259446
   0.00080238271
   0.00088175501
   0.00037729411
  -0.00037784880
  -0.00088396823
  -0.00080547547
  -0.00019341237
   0.00054772941
   0.00092732110
   0.00069338623
  -1.3767354e-07
  -0.00069469164
  -0.00093029287
  -0.00055016575
   0.00019493911
   0.00081214955
   0.00089249480
   0.00038189189
  -0.00038246003
  -0.00089476166
  -0.00081531702
  -0.00019577601
   0.00055443416
   0.00093867890
   0.00070188307
  -1.4410472e-07
  -0.00070322588
  -0.00094172703
  -0.00055693122
   0.00019734139
   0.00082215699
   0.00090349895
   0.00038660208
  -0.00038718659
  -0.00090582319
  -0.00082540258
  -0.00019819748
   0.00056130702
   0.00095032130
   0.00071059404
  -1.4781563e-07
  -0.00071197024
  -0.00095344452
  -0.00056386465
   0.00019980384
   0.00083241450
   0.00091477858
   0.00039143094
  -0.00039203042
  -0.00091716098
  -0.00083574067
  -0.00020067997
   0.00056835187
   0.00096225580
   0.00071952411
  -1.5098827e-07
  -0.00072093382
  -0.00096545638
  -0.00057097237
   0.00020232852
   0.00084293078
   0.00092634282
   0.00039638146
  -0.00039699728
  -0.00092878638
  -0.00084634134
  -0.00020322615
   0.00057557456
   0.00097449209
   0.00072867933
  -1.5659557e-07
  -0.00073012833
  -0.00097777711
  -0.00057826394
   0.00020491549
   0.00085371405
   0.00093820160
   0.00040145807
  -0.00040209129
  -0.00094070900
  -0.00085721255
  -0.00020583597
   0.00058298444
   0.00098704408
   0.00073807048
  -1.6250882e-07
  -0.00073955980
  -0.00099041466
  -0.00058574134
   0.00020757283
   0.00086477984
   0.00095036983
   0.00040666669
  -0.00040731887
  -0.00095294352
  -0.00086836814
  -0.00020851388
   0.00059058907
   0.00099992652
   0.00074771029
  -1.6572951e-07
  -0.00074923649
   -0.0010033831
  -0.00059341582
   0.00021029845
   0.00087613532
   0.00096285818
   0.00041201397
  -0.00041268156
  -0.00096549791
  -0.00087981640
  -0.00021126264
   0.00059839258
    0.0010131461
   0.00075760117
  -1.7259906e-07
  -0.00075917201
   -0.0010166965
  -0.00060129376
   0.00021309717
   0.00088779284
   0.00097567757
   0.00041750074
  -0.00041819127
  -0.00097839133
  -0.00089157317
  -0.00021408552
   0.00060640639
    0.0010267226
   0.00076776018
  -1.7772024e-07
  -0.00076937407
   -0.0010303688
  -0.00060938528
   0.00021597030
   0.00089976519
   0.00098884528
   0.00042313950
  -0.00042384572
  -0.00099163016
  -0.00090364644
  -0.00021698467
   0.00061463679
    0.0010406669
   0.00077819535
  -1.8154793e-07
  -0.00077985133
   -0.0010444109
  -0.00061769551
   0.00021892210
   0.00091206288
    0.0010023697
   0.00042892851
  -0.00042965875
   -0.0010052345
  -0.00091605208
  -0.00021996349
   0.00062309362
    0.0010549944
   0.00078891633
  -1.8798585e-07
  -0.00079062037
   -0.0010588427
  -0.00062623596
   0.00022195667
   0.00092470339
    0.0010162716
   0.00043488032
  -0.00043563194
   -0.0010192165
  -0.00092880301
  -0.00022302546
   0.00063178627
    0.0010697221
   0.00079993744
  -1.9380150e-07
  -0.00080169004
   -0.0010736783
  -0.00063501581
   0.00022507588
   0.00093769784
    0.0010305628
   0.00044099796
  -0.00044177457
   -0.0010335930
  -0.00094191276
  -0.00022617184
   0.00064072717
    0.0010848687
   0.00081127152
  -2.0051548e-07
  -0.00081307577
   -0.0010889376
  -0.00064404683
   0.00022828370
   0.00095106375
    0.0010452636
   0.00044729228
  -0.00044809165
   -0.0010483811
  -0.00095539978
  -0.00022941130
   0.00064992158
    0.0011004480
   0.00082293075
  -2.0641155e-07
  -0.00082478713
   -0.0011046340
  -0.00065333622
   0.00023158524
   0.00096481579
    0.0010603886
   0.00045376744
  -0.00045459276
   -0.0010635981
  -0.00096927714
  -0.00023274285
   0.00065938551
    0.0011164821
   0.00083492954
  -2.1404295e-07
  -0.00083684265
   -0.0011207909
  -0.00066289781
   0.00023498467
   0.00097897340
    0.0010759602
   0.00046043504
  -0.00046128380
   -0.0010792628
  -0.00098356365
  -0.00023617293
   0.00066912884
    0.0011329903
   0.00084728339
  -2.2227222e-07
  -0.00084925655
   -0.0011374289
  -0.00067274549
   0.00023848281
   0.00099354977
    0.0010919929
   0.00046729831
  -0.00046817787
   -0.0010953985
  -0.00099827960
  -0.00023970648
   0.00067916496
    0.0011499958
   0.00086001103
  -2.2798952e-07
  -0.00086204185
   -0.0011545668
  -0.00068288935
   0.00024208720
    0.0010085677
    0.0011085124
   0.00047437213
  -0.00047527781
   -0.0011120212
   -0.0010134411
  -0.00024334798
   0.00068950400
    0.0011675154
   0.00087312221
  -2.3797966e-07
  -0.00087522062
   -0.0011722300
  -0.00069334354
   0.00024580309
    0.0010240474
    0.0011255398
   0.00048166333
  -0.00048259658
   -0.0011291558
   -0.0010290692
  -0.00024709970
   0.00070016577
    0.0011855807
   0.00088664292
  -2.4547056e-07
  -0.00088880651
   -0.0011904410
  -0.00070412273
   0.00024963416
    0.0010400086
    0.0011430971
   0.00048918076
  -0.00049014579
   -0.0011468285
   -0.0010451887
  -0.00025097092
   0.00071116046
    0.0012042121
   0.00090058793
  -2.5360470e-07
  -0.00090282040
   -0.0012092258
  -0.00071524141
   0.00025358726
    0.0010564756
    0.0011612108
   0.00049693646
  -0.00049793474
   -0.0011650624
   -0.0010618201
  -0.00025496410
   0.00072250679
    0.0012234383
   0.00091497731
  -2.6437893e-07
  -0.00091728593
   -0.0012286153
  -0.00072671818
   0.00025766749
    0.0010734733
    0.0011799092
   0.00050494311
  -0.00050597497
   -0.0011838862
   -0.0010789904
  -0.00025908731
   0.00073422108
    0.0012432899
   0.00092983663
  -2.7243071e-07
  -0.00093221950
   -0.0012486348
  -0.00073856883
   0.00026188013
    0.0010910249
    0.0011992176
   0.00051321081
  -0.00051427903
   -0.0012033268
   -0.0010967231
  -0.00026334401
   0.00074632276
    0.0012637963
   0.00094518522
  -2.8312387e-07
  -0.00094764982
   -0.0012693194
  -0.00075081328
   0.00026623313
    0.0011091614
    0.0012191701
   0.00052175498
  -0.00052285998
   -0.0012234177
   -0.0011150506
  -0.00026774572
   0.00075882735
    0.0012849885
   0.00096104840
  -2.9366397e-07
  -0.00096359781
   -0.0012906988
  -0.00076346871
   0.00027073428
    0.0011279108
    0.0012397967
   0.00053058687
  -0.00053173357
   -0.0012441915
   -0.0011340007
  -0.00027229582
   0.00077175988
    0.0013069053
   0.00097745408
  -3.0491514e-07
  -0.00098009302
   -0.0013128126
  -0.00077656026
   0.00027538852
    0.0011473043
    0.0012611335
   0.00053972393
  -0.00054091219
   -0.0012656818
   -0.0011536054
  -0.00027700325
   0.00078514030
    0.0013295819
   0.00099442900
  -3.1688566e-07
  -0.00099716231
   -0.0013356965
  -0.00079010746
   0.00028020652
    0.0011673766
    0.0012832171
   0.00054918023
  -0.00055041449
   -0.0012879285
   -0.0011739003
  -0.00028187596
   0.00079899392
    0.0013530607
    0.0010120051
  -3.2894812e-07
   -0.0010148369
   -0.0013593932
  -0.00080413675
   0.00028519548
    0.0011881641
    0.0013060892
   0.00055897569
  -0.00056025468
   -0.0013109701
   -0.0011949220
  -0.00028692430
   0.00081334327
    0.0013773816
    0.0010302123
  -3.4194899e-07
   -0.0010331485
   -0.0013839442
  -0.00081867158
   0.00029036639
    0.0012097054
    0.0013297905
   0.00056912556
  -0.00057045438
   -0.0013348516
   -0.0012167099
  -0.00029215556
   0.00082821904
    0.0014025943
    0.0010490875
  -3.5565405e-07
   -0.0010521336
   -0.0014093991
  -0.00083374198
   0.00029572842
    0.0012320431
    0.0013543693
   0.00057965243
  -0.00058103088
   -0.0013596184
   -0.0012393065
  -0.00029758090
   0.00084364898
    0.0014287468
    0.0010686666
  -3.7098968e-07
   -0.0010718305
   -0.0014358089
  -0.00084937847
   0.00030129166
    0.0012552209
    0.0013798738
   0.00059057587
  -0.00059200756
   -0.0013853226
   -0.0012627598
  -0.00030321315
   0.00085966360
    0.0014558928
    0.0010889911
  -3.8561410e-07
   -0.0010922770
   -0.0014632256
  -0.00086561174
   0.00030706804
    0.0012792864
    0.0014063554
   0.00060191696
  -0.00060340851
   -0.0014120183
   -0.0012871181
  -0.00030906248
   0.00087629819
    0.0014840901
    0.0011101030
  -4.0237492e-07
   -0.0011135202
   -0.0014917112
  -0.00088247867
   0.00031306983
    0.0013042929
    0.0014338742
   0.00061370352
  -0.00061525569
   -0.0014397617
   -0.0013124334
  -0.00031514092
   0.00089359015
    0.0015134022
    0.0011320507
  -4.1889373e-07
   -0.0011356048
   -0.0015213267
  -0.00090001504
   0.00031931130
    0.0013302963
    0.0014624906
   0.00062595953
  -0.00062757892
   -0.0014686185
   -0.0013387656
  -0.00032146403
   0.00091157767
    0.0015438948
    0.0011548829
  -4.3764492e-07
   -0.0011585843
   -0.0015521428
  -0.00091826261
   0.00032580766
    0.0013573597
    0.0014922752
   0.00063871793
  -0.00064040344
   -0.0014986541
   -0.0013661753
  -0.00032804575
   0.00093030458
    0.0015756423
    0.0011786564
  -4.5568196e-07
   -0.0011825112
   -0.0015842319
  -0.00093726531
   0.00033257273
    0.0013855450
    0.0015232956
   0.00065200466
  -0.00065376518
   -0.0015299455
   -0.0013947320
  -0.00033490373
   0.00094981570
    0.0016087211
    0.0012034272
  -4.7729194e-07
   -0.0012074496
   -0.0016176778
  -0.00095707248
   0.00033962411
    0.0014149258
    0.0015556339
   0.00066585731
  -0.00066769479
   -0.0015625700
   -0.0014245067
  -0.00034205361
   0.00097016351
    0.0016432192
    0.0012292624
  -4.9907876e-07
   -0.0012334610
   -0.0016525649
  -0.00097773371
   0.00034698155
    0.0014455796
    0.0015893744
   0.00068031060
  -0.00068223142
   -0.0015966161
   -0.0014555799
  -0.00034951472
   0.00099140287
    0.0016792298
    0.0012562312
  -5.2246751e-07
   -0.0012606176
   -0.0016889894
  -0.00099930564
   0.00035466609
    0.0014775920
    0.0016246112
   0.00069540460
  -0.00069741656
   -0.0016321807
   -0.0014880405
  -0.00035730945
    0.0010135928
    0.0017168540
    0.0012844096
  -5.4840419e-07
   -0.0012889987
   -0.0017270577
   -0.0010218527
   0.00036269799
    0.0015110550
    0.0016614480
   0.00071118648
  -0.00071329001
   -0.0016693633
   -0.0015219803
  -0.00036545915
    0.0010367987
    0.0017562026
    0.0013138809
  -5.7638800e-07
   -0.0013186872
   -0.0017668820
   -0.0010454412
   0.00037110108
    0.0015460672
    0.0016999919
   0.00072769900
  -0.00072990530
   -0.0017082817
   -0.0015575062
  -0.00037399009
    0.0010610923
    0.0017973983
    0.0013447382
  -6.0446362e-07
   -0.0013497739
   -0.0018085851
   -0.0010701440
   0.00037990294
    0.0015827407
    0.0017403672
   0.00074499718
  -0.00074731248
   -0.0017490578
   -0.0015947306
  -0.00038292989
    0.0010865503
    0.0018405717
    0.0013770788
  -6.3476463e-07
   -0.0013823611
   -0.0018523035
   -0.0010960414
   0.00038913319
    0.0016211965
    0.0017827068
   0.00076313760
  -0.00076557022
   -0.0017918277
   -0.0016337769
  -0.00039230610
    0.0011132616
    0.0018858718
    0.0014110146
  -6.6699556e-07
   -0.0014165614
   -0.0018981895
   -0.0011232259
   0.00039882047
    0.0016615654
    0.0018271567
   0.00078218327
  -0.00078474190
   -0.0018367411
   -0.0016747833
  -0.00040215420
    0.0011413170
    0.0019334551
    0.0014466624
  -7.0342930e-07
   -0.0014524971
   -0.0019464052
   -0.0011517906
   0.00040900509
    0.0017039982
    0.0018738810
   0.00080220436
  -0.00080489830
   -0.0018839635
   -0.0017178998
  -0.00041250726
    0.0011708256
    0.0019835042
    0.0014841598
  -7.4231106e-07
   -0.0014903040
   -0.0019971356
   -0.0011818475
   0.00041972253
    0.0017486547
    0.0019230579
   0.00082327742
  -0.00082611779
   -0.0019336793
   -0.0017632971
  -0.00042341004
    0.0012018980
    0.0020362112
    0.0015236517
  -7.8434700e-07
   -0.0015301307
   -0.0020505795
   -0.0012135134
   0.00043101811
    0.0017957158
    0.0019748860
   0.00084548805
  -0.00084848543
   -0.0019860885
   -0.0018111564
  -0.00043490184
    0.0012346677
    0.0020917985
    0.0015653046
  -8.2896158e-07
   -0.0015721444
   -0.0021069629
   -0.0012469237
   0.00044293762
    0.0018453790
    0.0020295838
   0.00086892845
  -0.00087210038
   -0.0020414203
   -0.0018616886
  -0.00044703678
    0.0012692733
    0.0021505054
    0.0016092986
  -8.7783998e-07
   -0.0016165312
   -0.0021665358
   -0.0012822270
   0.00045553461
    0.0018978678
    0.0020873995
   0.00089370811
  -0.00089706506
   -0.0020999221
   -0.0019151215
  -0.00045986978
    0.0013058723
    0.0022126006
    0.0016558360
  -9.3083976e-07
   -0.0016634958
   -0.0022295737
   -0.0013195862
   0.00046886919
    0.0019534289
    0.0021486038
   0.00091994078
  -0.00092350187
   -0.0021618750
   -0.0019717100
  -0.00047345822
    0.0013446477
    0.0022783903
    0.0017051454
  -9.8954545e-07
   -0.0017132723
   -0.0022963910
   -0.0013591879
   0.00048300892
    0.0020123427
    0.0022135067
   0.00094775996
  -0.00095154568
   -0.0022275971
   -0.0020317473
  -0.00048787643
    0.0013857952
    0.0023482127
    0.0017574831
  -1.0525340e-06
   -0.0017661193
   -0.0023673376
   -0.0014012419
   0.00049802599
    0.0020749194
    0.0022824534
   0.00097731638
  -0.00098134272
   -0.0022974373
   -0.0020955535
  -0.00050319986
    0.0014295396
    0.0024224482
    0.0018131341
  -1.1218723e-06
   -0.0018223290
   -0.0024428057
   -0.0014459791
   0.00051400807
    0.0021415128
    0.0023558317
    0.0010087734
   -0.0010130683
   -0.0023717997
   -0.0021634974
  -0.00051951655
    0.0014761360
    0.0025015301
    0.0018724229
  -1.2007765e-06
   -0.0018822369
   -0.0025232454
   -0.0014936672
   0.00053105157
    0.0022125249
    0.0024340869
    0.0010423235
   -0.0010469145
   -0.0024511389
   -0.0022359968
  -0.00053692769
    0.0015258735
    0.0025859523
    0.0019357239
  -1.2849932e-06
   -0.0019462162
   -0.0026091640
   -0.0015446104
   0.00054926115
    0.0022884057
    0.0025177190
    0.0010781831
   -0.0010830985
   -0.0025359677
   -0.0023135225
  -0.00055554654
    0.0015790782
    0.0026762698
    0.0020034528
  -1.3793833e-06
   -0.0020146983
   -0.0027011399
   -0.0015991511
   0.00056876369
    0.0023696756
    0.0026073015
    0.0011165967
   -0.0011218742
   -0.0026268792
   -0.0023966174
  -0.00057550287
    0.0016361277
    0.0027731251
    0.0020760939
  -1.4835036e-06
   -0.0020881747
   -0.0027998360
   -0.0016576830
   0.00058970394
    0.0024569325
    0.0027034961
    0.0011578506
   -0.0011635280
   -0.0027245503
   -0.0024859034
  -0.00059694646
    0.0016974537
    0.0028772539
    0.0021542005
  -1.6002956e-06
   -0.0021672143
   -0.0029060198
   -0.0017206647
   0.00061224226
    0.0025508582
    0.0028070583
    0.0012022680
   -0.0012083952
   -0.0028297655
   -0.0025820996
  -0.00062004972
    0.0017635565
    0.0029895085
    0.0022384153
  -1.7289507e-06
   -0.0022524699
   -0.0030205720
   -0.0017886183
   0.00063657455
    0.0026522527
    0.0029188722
    0.0012502301
   -0.0012568608
   -0.0029434329
   -0.0026860401
  -0.00064501311
    0.0018350159
    0.0031108770
    0.0023294808
  -1.8760630e-06
   -0.0023447106
   -0.0031445285
   -0.0018621623
   0.00066291883
    0.0027620399
    0.0030399616
    0.0013021759
   -0.0013093790
   -0.0030666168
   -0.0027987022
  -0.00067207278
    0.0019125102
    0.0032425177
    0.0024282722
  -2.0395219e-06
   -0.0024448253
   -0.0032790910
   -0.0019420109
   0.00069153983
    0.0028813104
    0.0031715347
    0.0013586280
   -0.0013664744
   -0.0032005583
   -0.0029212258
  -0.00070149995
    0.0019968393
    0.0033857909
    0.0025358111
  -2.2295659e-06
   -0.0025538757
   -0.0034256897
   -0.0020290178
   0.00072274149
    0.0030113457
    0.0033150126
    0.0014201967
   -0.0014287765
   -0.0033467360
   -0.0030549708
  -0.00073362472
    0.0020889460
    0.0035423098
    0.0026533173
  -2.4445743e-06
   -0.0026731052
   -0.0035860063
   -0.0021241835
   0.00075689402
    0.0031536744
    0.0034720880
    0.0014876110
   -0.0014970307
   -0.0035069049
   -0.0032015495
  -0.00076883218
    0.0021899616
    0.0037140022
    0.0027822436
  -2.6914711e-06
   -0.0028040127
   -0.0037620658
   -0.0022287176
   0.00079443153
    0.0033101217
    0.0036447868
    0.0015617430
   -0.0015721330
   -0.0036831737
   -0.0033629005
  -0.00080758659
    0.0023012456
    0.0039031877
    0.0029243401
  -2.9769414e-06
   -0.0029484017
   -0.0039563051
   -0.0023440719
   0.00083588739
    0.0034829017
    0.0038355643
    0.0016436496
   -0.0016551709
   -0.0038781027
   -0.0035413808
  -0.00085045752
    0.0024244435
    0.0041126803
    0.0030817317
  -3.3102005e-06
   -0.0031084681
   -0.0041716935
   -0.0024720184
   0.00088190883
    0.0036747134
    0.0040474175
    0.0017346238
   -0.0017474692
   -0.0040948171
   -0.0037398674
  -0.00089813431
    0.0025615791
    0.0043459365
    0.0032570280
  -3.7051295e-06
   -0.0032869161
   -0.0044118889
   -0.0026147420
   0.00093329215
    0.0038888854
    0.0042840458
    0.0018362631
   -0.0018506658
   -0.0043371847
   -0.0039619258
  -0.00095147703
    0.0027151555
    0.0046072407
    0.0034534703
  -4.1713195e-06
   -0.0034870959
   -0.0046814297
   -0.0027749532
   0.00099103362
    0.0041295654
    0.0045500570
    0.0019505506
   -0.0019668194
   -0.0046100505
   -0.0042120193
   -0.0010115550
    0.0028883235
    0.0049019798
    0.0036751314
  -4.7308499e-06
   -0.0037132414
   -0.0049860516
   -0.0029560827
    0.0010563877
    0.0044020001
    0.0048512907
    0.0020800105
   -0.0020985270
   -0.0049195529
   -0.0044958133
   -0.0010797317
    0.0030850832
    0.0052370054
    0.0039271983
  -5.4087327e-06
   -0.0039707494
   -0.0053330713
   -0.0031625040
    0.0011309738
    0.0047129221
    0.0051952385
    0.0022278755
   -0.0022491418
   -0.0052736049
   -0.0048206121
   -0.0011577602
    0.0033106130
    0.0056211874
    0.0042163890
  -6.2449116e-06
   -0.0042666384
   -0.0057320130
   -0.0033999220
    0.0012168899
    0.0050711042
    0.0055916800
    0.0023983739
   -0.0024230472
   -0.0056825711
   -0.0051959978
   -0.0012479472
    0.0035717152
    0.0060661979
    0.0045515570
  -7.2887941e-06
   -0.0046101746
   -0.0061954662
   -0.0036758808
    0.0013169321
    0.0054882088
    0.0060536256
    0.0025971336
   -0.0026260967
   -0.0061602986
   -0.0056347832
   -0.0013533714
    0.0038775289
    0.0065877262
    0.0049446135
  -8.6159514e-06
   -0.0050138751
   -0.0067404554
   -0.0040005945
    0.0014348947
    0.0059800756
    0.0065987676
    0.0028318110
   -0.0028662912
   -0.0067257241
   -0.0061545125
   -0.0014782501
    0.0042406154
    0.0072073650
    0.0054119726
  -1.0341763e-05
   -0.0054950651
   -0.0073905755
   -0.0043882357
    0.0015760694
    0.0065687898
    0.0072518131
    0.0031131156
   -0.0031548460
   -0.0074054371
   -0.0067798634
   -0.0016285209
    0.0046787204
    0.0079556705
    0.0059769028
  -1.2639742e-05
   -0.0060784193
   -0.0081794901
   -0.0048590579
    0.0017480527
    0.0072860731
    0.0080483107
    0.0034564688
   -0.0035080051
   -0.0082379829
   -0.0075466681
   -0.0018127935
    0.0052177843
    0.0088773713
    0.0066735241
  -1.5797121e-05
   -0.0068003465
   -0.0091569676
   -0.0054430599
    0.0019621625
    0.0081792102
    0.0090413687
    0.0038849543
   -0.0039501933
   -0.0092814380
   -0.0085090497
   -0.0020440914
    0.0058972372
     0.010040624
    0.0075539566
  -2.0298833e-05
   -0.0077168699
    -0.010399778
   -0.0061866189
    0.0022360396
    0.0093219051
     0.010313985
    0.0044347066
   -0.0045199370
    -0.010627573
   -0.0097527648
   -0.0023430359
    0.0067801440
     0.011554714
    0.0087020115
  -2.7037064e-05
   -0.0089189354
    -0.012032935
   -0.0071654754
    0.0025987686
     0.010835751
     0.012003560
    0.0051656996
   -0.0052817287
    -0.012430437
    -0.011422310
   -0.0027443945
    0.0079739712
     0.013606548
     0.010261589
  -3.7771700e-05
    -0.010564601
    -0.014274602
   -0.0085123181
    0.0031019423
     0.012936629
     0.014355154
    0.0061852400
   -0.0063523544
    -0.014969972
    -0.013781553
   -0.0033116504
    0.0096780681
     0.016544478
     0.012502273
  -5.6441551e-05
    -0.012955010
    -0.017542772
    -0.010482697
    0.0038466995
     0.016048156
     0.017852704
    0.0077061937
   -0.0079673665
    -0.018813673
    -0.017369172
   -0.0041744237
     0.012308528
     0.021100644
     0.015994951
  -9.3324325e-05
    -0.016743594
    -0.022751986
    -0.013640080
    0.0050619080
     0.021130674
     0.023603840
     0.010219076
    -0.010683522
    -0.025313418
    -0.023482357
   -0.0056448228
     0.016902754
     0.029120507
     0.022195981
  -0.00018295842
    -0.023664380
    -0.032362408
    -0.019519650
    0.0073986693
     0.030925656
     0.034822655
     0.015163775
    -0.016209497
    -0.038676827
    -0.036237827
   -0.0087122788
     0.026970398
     0.046978448
     0.036252440
  -0.00050843098
    -0.040341758
    -0.056037394
    -0.034312054
     0.013733906
     0.057660722
     0.066384757
     0.029379790
    -0.033576844
    -0.081967996
    -0.079374775
    -0.019027790
     0.066736270
      0.12162384
     0.099003586
   -0.0045942783
     -0.13701956
     -0.20982598
     -0.14243951
     0.091055844
      0.43847686
      0.78461857
       1.0000000
       1.0000000
      0.78461857
      0.43847686
     0.091055844
     -0.14243951
     -0.20982598
     -0.13701956
   -0.0045942779
     0.099003587
      0.12162384
     0.066736270
    -0.019027791
    -0.079374776
    -0.081967997
    -0.033576845
     0.029379790
     0.066384758
     0.057660723
     0.013733907
    -0.034312054
    -0.056037394
    -0.040341758
  -0.00050843079
     0.036252441
     0.046978449
     0.026970399
   -0.0087122789
    -0.036237828
    -0.038676828
    -0.016209498
     0.015163775
     0.034822656
     0.030925657
    0.0073986706
    -0.019519649
    -0.032362408
    -0.023664381
  -0.00018295964
     0.022195980
     0.029120507
     0.016902754
   -0.0056448222
    -0.023482357
    -0.025313418
    -0.010683523
     0.010219075
     0.023603839
     0.021130674
    0.0050619083
    -0.013640080
    -0.022751986
    -0.016743593
  -9.3324513e-05
     0.015994951
     0.021100644
     0.012308528
   -0.0041744235
    -0.017369171
    -0.018813672
   -0.0079673660
    0.0077061941
     0.017852704
     0.016048156
    0.0038466991
    -0.010482697
    -0.017542773
    -0.012955010
  -5.6441143e-05
     0.012502274
     0.016544479
    0.0096780684
   -0.0033116505
    -0.013781553
    -0.014969973
   -0.0063523555
    0.0061852394
     0.014355154
     0.012936629
    0.0031019431
   -0.0085123174
    -0.014274602
    -0.010564602
  -3.7772273e-05
     0.010261588
     0.013606548
    0.0079739714
   -0.0027443940
    -0.011422309
    -0.012430437
   -0.0052817294
    0.0051656984
     0.012003559
     0.010835750
    0.0025987686
   -0.0071654745
    -0.012032933
   -0.0089189338
  -2.7035959e-05
    0.0087020117
     0.011554713
    0.0067801429
   -0.0023430370
   -0.0097527654
    -0.010627573
   -0.0045199363
    0.0044347076
     0.010313986
    0.0093219053
    0.0022360392
   -0.0061866197
    -0.010399779
   -0.0077168705
  -2.0298891e-05
    0.0075539570
     0.010040625
    0.0058972379
   -0.0020440909
   -0.0085090495
   -0.0092814381
   -0.0039501935
    0.0038849541
    0.0090413687
    0.0081792103
    0.0019621627
   -0.0054430597
   -0.0091569674
   -0.0068003463
  -1.5797015e-05
    0.0066735240
    0.0088773708
    0.0052177835
   -0.0018127944
   -0.0075466688
   -0.0082379831
   -0.0035080047
    0.0034564697
    0.0080483117
    0.0072860738
    0.0017480526
   -0.0048590587
   -0.0081794914
   -0.0060784204
  -1.2640295e-05
    0.0059769031
    0.0079556715
    0.0046787216
   -0.0016285200
   -0.0067798632
   -0.0074054376
   -0.0031548470
    0.0031131147
    0.0072518127
    0.0065687899
    0.0015760697
   -0.0043882354
   -0.0073905755
   -0.0054950654
  -1.0342286e-05
    0.0054119722
    0.0072073649
    0.0042406157
   -0.0014782494
   -0.0061545118
   -0.0067257235
   -0.0028662909
    0.0028318112
    0.0065987676
    0.0059800756
    0.0014348947
   -0.0040005945
   -0.0067404555
   -0.0050138755
  -8.6164241e-06
    0.0049446130
    0.0065877257
    0.0038775285
   -0.0013533718
   -0.0056347835
   -0.0061602989
   -0.0026260969
    0.0025971336
    0.0060536257
    0.0054882091
    0.0013169324
   -0.0036758806
   -0.0061954662
   -0.0046101747
  -7.2887977e-06
    0.0045515572
    0.0060661983
    0.0035717158
   -0.0012479466
   -0.0051959974
   -0.0056825710
   -0.0024230474
    0.0023983736
    0.0055916797
    0.0050711042
    0.0012168901
   -0.0033999217
   -0.0057320129
   -0.0042666386
  -6.2453650e-06
    0.0042163884
    0.0056211868
    0.0033106125
   -0.0011577603
   -0.0048206118
   -0.0052736043
   -0.0022491410
    0.0022278761
    0.0051952387
    0.0047129218
    0.0011309731
   -0.0031625050
   -0.0053330723
   -0.0039707500
  -5.4087511e-06
    0.0039271990
    0.0052370065
    0.0030850844
   -0.0010797308
   -0.0044958130
   -0.0049195531
   -0.0020985276
    0.0020800099
    0.0048512903
    0.0044020002
    0.0010563881
   -0.0029560822
   -0.0049860512
   -0.0037132414
  -4.7311526e-06
    0.0036751309
    0.0049019793
    0.0028883232
   -0.0010115551
   -0.0042120194
   -0.0046100505
   -0.0019668194
    0.0019505505
    0.0045500570
    0.0041295655
   0.00099103396
   -0.0027749528
   -0.0046814293
   -0.0034870957
  -4.1713888e-06
    0.0034534700
    0.0046072402
    0.0027151551
  -0.00095147744
   -0.0039619261
   -0.0043371849
   -0.0018506659
    0.0018362632
    0.0042840460
    0.0038888858
   0.00093329280
   -0.0026147412
   -0.0044118882
   -0.0032869157
  -3.7050731e-06
    0.0032570276
    0.0043459358
    0.0025615784
  -0.00089813487
   -0.0037398676
   -0.0040948170
   -0.0017474688
    0.0017346243
    0.0040474178
    0.0036747134
   0.00088190839
   -0.0024720191
   -0.0041716942
   -0.0031084685
  -3.3101921e-06
    0.0030817321
    0.0041126809
    0.0024244440
  -0.00085045717
   -0.0035413807
   -0.0038781027
   -0.0016551708
    0.0016436498
    0.0038355646
    0.0034829019
   0.00083588744
   -0.0023440720
   -0.0039563053
   -0.0029484018
  -2.9768435e-06
    0.0029243403
    0.0039031879
    0.0023012456
  -0.00080758710
   -0.0033629014
   -0.0036831747
   -0.0015721336
    0.0015617430
    0.0036447875
    0.0033101227
   0.00079443241
   -0.0022287172
   -0.0037620661
   -0.0028040134
  -2.6919996e-06
    0.0027822437
    0.0037140029
    0.0021899627
  -0.00076883127
   -0.0032015492
   -0.0035069055
   -0.0014970319
    0.0014876098
    0.0034720872
    0.0031536744
   0.00075689461
   -0.0021241828
   -0.0035860059
   -0.0026731053
  -2.4450315e-06
    0.0026533169
    0.0035423098
    0.0020889467
  -0.00073362383
   -0.0030549701
   -0.0033467358
   -0.0014287769
    0.0014201960
    0.0033150121
    0.0030113458
   0.00072274221
   -0.0020290168
   -0.0034256891
   -0.0025538758
  -2.2306031e-06
    0.0025358096
    0.0033857894
    0.0019968385
  -0.00070149982
   -0.0029212249
   -0.0032005571
   -0.0013664734
    0.0013586284
    0.0031715346
    0.0028813099
   0.00069153927
   -0.0019420114
   -0.0032790914
   -0.0024448256
  -2.0398802e-06
    0.0024282719
    0.0032425176
    0.0019125104
  -0.00067207225
   -0.0027987015
   -0.0030666161
   -0.0013093785
    0.0013021761
    0.0030399616
    0.0027620399
   0.00066291890
   -0.0018621621
   -0.0031445285
   -0.0023447108
  -1.8766514e-06
    0.0023294800
    0.0031108761
    0.0018350153
  -0.00064501320
   -0.0026860398
   -0.0029434323
   -0.0012568603
    0.0012502304
    0.0029188722
    0.0026522526
   0.00063657434
   -0.0017886183
   -0.0030205718
   -0.0022524696
  -1.7284852e-06
    0.0022384158
    0.0029895090
    0.0017635567
  -0.00062004986
   -0.0025821001
   -0.0028297663
   -0.0012083961
    0.0012022675
    0.0028070584
    0.0025508590
   0.00061224372
   -0.0017206632
   -0.0029060187
   -0.0021672141
  -1.6011321e-06
    0.0021541989
    0.0028772522
    0.0016974524
  -0.00059694692
   -0.0024859030
   -0.0027245495
   -0.0011635272
    0.0011578510
    0.0027034961
    0.0024569321
   0.00058970352
   -0.0016576832
   -0.0027998360
   -0.0020881745
  -1.4833126e-06
    0.0020760941
    0.0027731254
    0.0016361282
  -0.00057550229
   -0.0023966168
   -0.0026268788
   -0.0011218743
    0.0011165962
    0.0026073007
    0.0023696749
   0.00056876332
   -0.0015991509
   -0.0027011393
   -0.0020146977
  -1.3791013e-06
    0.0020034527
    0.0026762692
    0.0015790775
  -0.00055554703
   -0.0023135226
   -0.0025359675
   -0.0010830982
    0.0010781832
    0.0025177190
    0.0022884058
   0.00054926139
   -0.0015446099
   -0.0026091633
   -0.0019462157
  -1.2850532e-06
    0.0019357232
    0.0025859511
    0.0015258723
  -0.00053692833
   -0.0022359966
   -0.0024511380
   -0.0010469134
    0.0010423242
    0.0024340868
    0.0022125240
   0.00053105039
   -0.0014936680
   -0.0025232453
   -0.0018822358
  -1.1991851e-06
    0.0018724244
    0.0025015307
    0.0014761356
  -0.00051951766
   -0.0021634986
   -0.0023718004
   -0.0010130682
    0.0010087741
    0.0023558326
    0.0021415132
   0.00051400772
   -0.0014459802
   -0.0024428069
   -0.0018223299
  -1.1219493e-06
    0.0018131348
    0.0024224494
    0.0014295406
  -0.00050319935
   -0.0020955537
   -0.0022974380
  -0.00098134353
   0.00097731586
    0.0022824533
    0.0020749198
   0.00049802653
   -0.0014012415
   -0.0023673376
   -0.0017661196
  -1.0530110e-06
    0.0017574827
    0.0023482127
    0.0013857955
  -0.00048787585
   -0.0020317467
   -0.0022275967
  -0.00095154558
   0.00094775968
    0.0022135061
    0.0020123419
   0.00048300826
   -0.0013591883
   -0.0022963910
   -0.0017132720
  -9.8894942e-07
    0.0017051460
    0.0022783907
    0.0013446477
  -0.00047345852
   -0.0019717104
   -0.0021618754
  -0.00092350203
   0.00091994097
    0.0021486042
    0.0019534294
   0.00046886940
   -0.0013195864
   -0.0022295742
   -0.0016634963
  -9.3110001e-07
    0.0016558361
    0.0022126011
    0.0013058730
  -0.00045986933
   -0.0019151215
   -0.0020999224
  -0.00089706566
   0.00089370755
    0.0020873992
    0.0018978679
   0.00045553486
   -0.0012822267
   -0.0021665358
   -0.0016165314
  -8.7824731e-07
    0.0016092983
    0.0021505054
    0.0012692736
  -0.00044703603
   -0.0018616877
   -0.0020414195
  -0.00087209991
   0.00086892851
    0.0020295835
    0.0018453784
   0.00044293696
   -0.0012469243
   -0.0021069633
   -0.0015721446
  -8.2898520e-07
    0.0015653047
    0.0020917986
    0.0012346679
  -0.00043490179
   -0.0018111564
   -0.0019860885
  -0.00084848540
   0.00084548820
    0.0019748863
    0.0017957160
   0.00043101832
   -0.0012135133
   -0.0020505794
   -0.0015301305
  -7.8394978e-07
    0.0015236521
    0.0020362115
    0.0012018980
  -0.00042341058
   -0.0017632981
   -0.0019336806
  -0.00082611882
   0.00082327699
    0.0019230582
    0.0017486557
   0.00041972361
   -0.0011818467
   -0.0019971353
   -0.0014903043
  -7.4291359e-07
    0.0014841592
    0.0019835040
    0.0011708257
  -0.00041250703
   -0.0017178997
   -0.0018839636
  -0.00080489853
   0.00080220423
    0.0018738812
    0.0017039987
   0.00040900569
   -0.0011517902
   -0.0019464054
   -0.0014524976
  -7.0413253e-07
    0.0014466620
    0.0019334553
    0.0011413178
  -0.00040215316
   -0.0016747826
   -0.0018367411
  -0.00078474261
   0.00078218223
    0.0018271559
    0.0016615653
   0.00039882103
   -0.0011232250
   -0.0018981889
   -0.0014165615
  -6.6781892e-07
    0.0014110134
    0.0018858708
    0.0011132612
  -0.00039230572
   -0.0016337760
   -0.0017918268
  -0.00076556981
   0.00076313747
    0.0017827064
    0.0016211962
   0.00038913322
   -0.0010960410
   -0.0018523029
   -0.0013823607
  -6.3476662e-07
    0.0013770785
    0.0018405712
    0.0010865501
  -0.00038292974
   -0.0015947302
   -0.0017490575
  -0.00074731252
   0.00074499680
    0.0017403667
    0.0015827405
   0.00037990326
   -0.0010701433
   -0.0018085844
   -0.0013497737
  -6.0498782e-07
    0.0013447370
    0.0017973969
    0.0010610913
  -0.00037399028
   -0.0015575056
   -0.0017082807
  -0.00072990440
   0.00072769937
    0.0016999918
    0.0015460669
   0.00037110104
   -0.0010454407
   -0.0017668810
   -0.0013186863
  -5.7604700e-07
    0.0013138803
    0.0017562012
    0.0010367970
  -0.00036546052
   -0.0015219809
   -0.0016693631
  -0.00071328929
   0.00071118720
    0.0016614483
    0.0015110549
   0.00036269771
   -0.0010218528
   -0.0017270575
   -0.0012889981
  -5.4773775e-07
    0.0012844101
    0.0017168541
    0.0010135926
  -0.00035730958
   -0.0014880403
   -0.0016321801
  -0.00069741581
   0.00069540509
    0.0016246111
    0.0014775911
   0.00035466469
  -0.00099930708
   -0.0016889903
   -0.0012606178
  -5.2193485e-07
    0.0012562321
    0.0016792306
   0.00099140317
  -0.00034951496
   -0.0014555805
   -0.0015966166
  -0.00068223142
   0.00068031118
    0.0015893754
    0.0014455806
   0.00034698223
  -0.00097773368
   -0.0016525655
   -0.0012334620
  -5.0015607e-07
    0.0012292616
    0.0016432190
   0.00097016374
  -0.00034205309
   -0.0014245061
   -0.0015625697
  -0.00066769475
   0.00066585713
    0.0015556337
    0.0014149257
   0.00033962423
  -0.00095707218
   -0.0016176775
   -0.0012074493
  -4.7718644e-07
    0.0012034271
    0.0016087209
   0.00094981545
  -0.00033490402
   -0.0013947323
   -0.0015299459
  -0.00065376554
   0.00065200442
    0.0015232956
    0.0013855452
   0.00033257309
  -0.00093726500
   -0.0015842318
   -0.0011825115
  -4.5618961e-07
    0.0011786560
    0.0015756422
   0.00093030503
  -0.00032804489
   -0.0013661744
   -0.0014986536
  -0.00064040363
   0.00063871710
    0.0014922741
    0.0013573590
   0.00032580770
  -0.00091826171
   -0.0015521413
   -0.0011585830
  -4.3697552e-07
    0.0011548826
    0.0015438939
   0.00091157649
  -0.00032146488
   -0.0013387658
   -0.0014686182
  -0.00062757833
   0.00062595991
    0.0014624906
    0.0013302959
   0.00031931083
  -0.00090001522
   -0.0015213264
   -0.0011356043
  -4.1845733e-07
    0.0011320508
    0.0015134019
   0.00089358958
  -0.00031514130
   -0.0013124333
   -0.0014397610
  -0.00061525472
   0.00061370431
    0.0014338745
    0.0013042925
   0.00031306895
  -0.00088247953
   -0.0014917116
   -0.0011135200
  -4.0170674e-07
    0.0011101037
    0.0014840906
   0.00087629811
  -0.00030906299
   -0.0012871188
   -0.0014120188
  -0.00060340855
   0.00060191730
    0.0014063559
    0.0012792868
   0.00030706829
  -0.00086561172
   -0.0014632257
   -0.0010922771
  -3.8577677e-07
    0.0010889909
    0.0014558925
   0.00085966328
  -0.00030321350
   -0.0012627601
   -0.0013853227
  -0.00059200742
   0.00059057620
    0.0013798742
    0.0012552213
   0.00030129197
  -0.00084937823
   -0.0014358087
   -0.0010718304
  -3.7097757e-07
    0.0010686664
    0.0014287464
   0.00084364838
  -0.00029758155
   -0.0012393070
   -0.0013596186
  -0.00058103081
   0.00057965270
    0.0013543696
    0.0012320432
   0.00029572829
  -0.00083374228
   -0.0014093994
   -0.0010521338
  -3.5564374e-07
    0.0010490877
    0.0014025945
   0.00082821927
  -0.00029215543
   -0.0012167098
   -0.0013348516
  -0.00057045422
   0.00056912582
    0.0013297908
    0.0012097057
   0.00029036656
  -0.00081867155
   -0.0013839443
   -0.0010331487
  -3.4207929e-07
    0.0010302122
    0.0013773816
   0.00081334327
  -0.00028692424
   -0.0011949218
   -0.0013109698
  -0.00056025434
   0.00055897606
    0.0013060895
    0.0011881643
   0.00028519546
  -0.00080413690
   -0.0013593934
   -0.0010148371
  -3.2905698e-07
    0.0010120050
    0.0013530605
   0.00079899354
  -0.00028187650
   -0.0011739009
   -0.0012879290
  -0.00055041460
   0.00054918053
    0.0012832178
    0.0011673775
   0.00028020732
  -0.00079010692
   -0.0013356963
  -0.00099716244
  -3.1718854e-07
   0.00099442866
    0.0013295816
   0.00078514005
  -0.00027700356
   -0.0011536059
   -0.0012656824
  -0.00054091292
   0.00053972333
    0.0012611332
    0.0011473044
   0.00027538913
  -0.00077655941
   -0.0013128118
  -0.00098009254
  -3.0492053e-07
   0.00097745362
    0.0013069046
   0.00077175916
  -0.00027229629
   -0.0011340008
   -0.0012441913
  -0.00053173331
   0.00053058703
    0.0012397966
    0.0011279105
   0.00027073390
  -0.00076346895
   -0.0012906987
  -0.00096359740
  -2.9301286e-07
   0.00096104908
    0.0012849890
   0.00075882750
  -0.00026774591
   -0.0011150510
   -0.0012234182
  -0.00052286046
   0.00052175465
    0.0012191700
    0.0011091613
   0.00026623319
  -0.00075081315
   -0.0012693192
  -0.00094764953
  -2.8280010e-07
   0.00094518550
    0.0012637964
   0.00074632270
  -0.00026334425
   -0.0010967234
   -0.0012033271
  -0.00051427902
   0.00051321109
    0.0011992181
    0.0010910254
   0.00026188043
  -0.00073856887
   -0.0012486352
  -0.00093222004
  -2.7290026e-07
   0.00092983647
    0.0012432901
   0.00073422168
  -0.00025908660
   -0.0010789899
   -0.0011838861
  -0.00050597541
   0.00050494225
    0.0011799082
    0.0010734725
   0.00025766724
  -0.00072671782
   -0.0012286145
  -0.00091728484
  -2.6339394e-07
   0.00091497790
    0.0012234384
   0.00072250636
  -0.00025496480
   -0.0010618208
   -0.0011650629
  -0.00049793481
   0.00049693672
    0.0011612113
    0.0010564760
   0.00025358752
  -0.00071524139
   -0.0012092260
  -0.00090282059
  -2.5371578e-07
   0.00090058795
    0.0012042122
   0.00071116054
  -0.00025097100
   -0.0010451890
   -0.0011468290
  -0.00049014634
   0.00048918036
    0.0011430970
    0.0010400089
   0.00024963477
  -0.00070412197
   -0.0011904402
  -0.00088880610
  -2.4549333e-07
   0.00088664243
    0.0011855798
   0.00070016474
  -0.00024710061
   -0.0010290698
   -0.0011291559
  -0.00048259606
   0.00048166424
    0.0011255407
    0.0010240482
   0.00024580339
  -0.00069334373
   -0.0011722305
  -0.00087522114
  -2.3820278e-07
   0.00087312243
    0.0011675160
   0.00068950471
  -0.00024334750
   -0.0010134411
   -0.0011120216
  -0.00047527855
   0.00047437148
    0.0011085121
    0.0010085679
   0.00024208777
  -0.00068288880
   -0.0011545666
  -0.00086204226
  -2.2888228e-07
   0.00086000998
    0.0011499951
   0.00067916480
  -0.00023970595
  -0.00099827859
   -0.0010953974
  -0.00046817702
   0.00046729869
    0.0010919928
   0.00099354943
   0.00023848248
  -0.00067274562
   -0.0011374288
  -0.00084925632
  -2.2211102e-07
   0.00084728333
    0.0011329900
   0.00066912832
  -0.00023617349
  -0.00098356412
   -0.0010792631
  -0.00046128394
   0.00046043504
    0.0010759603
   0.00097897358
   0.00023498492
  -0.00066289749
   -0.0011207906
  -0.00083684240
  -2.1398360e-07
   0.00083492936
    0.0011164817
   0.00065938508
  -0.00023274310
  -0.00096927705
   -0.0010635976
  -0.00045459197
   0.00045376825
    0.0010603891
   0.00096481580
   0.00023158470
  -0.00065333715
   -0.0011046350
  -0.00082478785
  -2.0665642e-07
   0.00082293098
    0.0011004485
   0.00064992214
  -0.00022941095
  -0.00095539973
   -0.0010483813
  -0.00044809179
   0.00044729236
    0.0010452640
   0.00095106444
   0.00022828449
  -0.00064404619
   -0.0010889372
  -0.00081307588
  -2.0100817e-07
   0.00081127080
    0.0010848679
   0.00064072653
  -0.00022617223
  -0.00094191284
   -0.0010335928
  -0.00044177418
   0.00044099838
    0.0010305630
   0.00093769783
   0.00022507554
  -0.00063501638
   -0.0010736789
  -0.00080169043
  -1.9382402e-07
   0.00079993778
    0.0010697227
   0.00063178677
  -0.00022302521
  -0.00092880309
   -0.0010192168
  -0.00043563223
   0.00043488021
    0.0010162717
   0.00092470359
   0.00022195675
  -0.00062623616
   -0.0010588432
  -0.00079062088
  -1.8825822e-07
   0.00078891649
    0.0010549950
   0.00062309434
  -0.00021996297
  -0.00091605201
   -0.0010052348
  -0.00042965930
   0.00042892819
    0.0010023699
   0.00091206355
   0.00021892297
  -0.00061769489
   -0.0010444108
  -0.00077985192
  -1.8247233e-07
   0.00077819455
    0.0010406666
   0.00061463704
  -0.00021698413
  -0.00090364604
  -0.00099163024
  -0.00042384633
   0.00042313865
   0.00098884468
   0.00089976522
   0.00021597104
  -0.00060938411
   -0.0010303677
  -0.00076937355
  -1.7794054e-07
   0.00076775942
    0.0010267218
   0.00060640589
  -0.00021408540
  -0.00089157253
  -0.00097839049
  -0.00041819064
   0.00041750090
   0.00097567727
   0.00088779228
   0.00021309667
  -0.00060129398
   -0.0010166964
  -0.00075917172
  -1.7231821e-07
   0.00075760126
    0.0010131459
   0.00059839215
  -0.00021126318
  -0.00087981691
  -0.00096549824
  -0.00041268162
   0.00041201421
   0.00096285869
   0.00087613597
   0.00021029908
  -0.00059341541
   -0.0010033830
  -0.00074923674
  -1.6616962e-07
   0.00074770988
   0.00099992634
   0.00059058920
  -0.00020851353
  -0.00086836777
  -0.00095294334
  -0.00040731898
   0.00040666635
   0.00095036944
   0.00086477960
   0.00020757286
  -0.00058574106
  -0.00099041428
  -0.00073955948
  -1.6234808e-07
   0.00073807049
   0.00098704405
   0.00058298448
  -0.00020583578
  -0.00085721223
  -0.00094070863
  -0.00040209095
   0.00040145831
   0.00093820173
   0.00085371405
   0.00020491532
  -0.00057826431
  -0.00097777768
  -0.00073012898
  -1.5713086e-07
   0.00072867913
   0.00097449236
   0.00057557524
  -0.00020322533
  -0.00084634075
  -0.00092878633
  -0.00039699787
   0.00039638041
   0.00092634171
   0.00084292999
   0.00020232827
  -0.00057097214
  -0.00096545592
  -0.00072093342
  -1.5080804e-07
   0.00071952411
   0.00096225583
   0.00056835210
  -0.00020067953
  -0.00083574019
  -0.00091716071
  -0.00039203056
   0.00039143040
   0.00091477789
   0.00083241399
   0.00019980374
  -0.00056386437
  -0.00095344410
  -0.00071197002
  -1.4802531e-07
   0.00071059344
   0.00095032061
   0.00056130662
  -0.00019819736
  -0.00082540199
  -0.00090582245
  -0.00038718613
   0.00038660197
   0.00090349829
   0.00082215610
   0.00019734071
  -0.00055693135
  -0.00094172655
  -0.00070322504
  -1.4328626e-07
   0.00070188353
   0.00093867889
   0.00055443383
  -0.00019577635
  -0.00081531711
  -0.00089476140
  -0.00038245956
   0.00038189230
   0.00089249491
   0.00081214926
   0.00019493850
  -0.00055016644
  -0.00093029340
  -0.00069469187
  -1.3757872e-07
   0.00069338655
   0.00092732148
   0.00054772974
  -0.00019341215
  -0.00080547531
  -0.00088396805
  -0.00037784850
   0.00037729459
   0.00088175563
   0.00080238334
   0.00019259490
  -0.00054356332
  -0.00091913510
  -0.00068636563
  -1.3619628e-07
   0.00068508764
   0.00091623044
   0.00054118182
  -0.00019110647
  -0.00079586837
  -0.00087343060
  -0.00037334539
   0.00037280774
   0.00087127224
   0.00079284912
   0.00019030632
  -0.00053711687
  -0.00090824000
  -0.00067823363
  -1.3044392e-07
   0.00067699007
   0.00090540624
   0.00053479204
  -0.00018885336
  -0.00078648768
  -0.00086314222
  -0.00036894938
   0.00036842577
   0.00086103540
   0.00078353967
   0.00018807252
  -0.00053082097
  -0.00089760055
  -0.00067029357
  -1.2726795e-07
   0.00066907909
   0.00089483261
   0.00052855012
  -0.00018665298
  -0.00077732506
  -0.00085309277
  -0.00036465562
   0.00036414466
   0.00085103423
   0.00077444336
   0.00018588731
  -0.00052467389
  -0.00088720969
  -0.00066253864
  -1.2498730e-07
   0.00066135025
   0.00088450228
   0.00052245102
  -0.00018450481
  -0.00076837499
  -0.00084327573
  -0.00036046093
   0.00035996260
   0.00084126435
   0.00076555819
   0.00018375512
  -0.00051866452
  -0.00087705357
  -0.00065495803
  -1.1970580e-07
   0.00065380094
   0.00087441055
   0.00051649343
  -0.00018240381
  -0.00075962772
  -0.00083368183
  -0.00035636192
   0.00035587507
   0.00083171593
   0.00075687453
   0.00018167136
  -0.00051279133
  -0.00086712795
  -0.00064755033
  -1.1685868e-07
   0.00064641932
   0.00086454387
   0.00051066829
  -0.00018035083
  -0.00075107680
  -0.00082430223
  -0.00035235321
   0.00035188082
   0.00082238242
   0.00074838515
   0.00017963296
  -0.00050705142
  -0.00085742606
  -0.00064030933
  -1.1440823e-07
   0.00063920272
   0.00085489768
   0.00050497301
  -0.00017834432
  -0.00074271786
  -0.00081513366
  -0.00034843638
   0.00034797264
   0.00081325401
   0.00074008297
   0.00017763979
  -0.00050143749
  -0.00084793690
  -0.00063322603
  -1.0954463e-07
   0.00063214766
   0.00084546609
   0.00049940468
  -0.00017638083
  -0.00073454166
  -0.00080616518
  -0.00034460365
   0.00034415256
   0.00080432820
   0.00073196472
   0.00017569147
  -0.00049594618
  -0.00083865589
  -0.00062629881
  -1.0649969e-07
   0.00062524455
   0.00083623790
   0.00049395525
  -0.00017446249
  -0.00072654541
  -0.00079739314
  -0.00034085491
   0.00034041517
   0.00079559570
   0.00072402146
   0.00017378329
  -0.00049057668
  -0.00082957878
  -0.00061952368
  -1.0426899e-07
   0.00061849154
   0.00082721123
   0.00048862609
  -0.00017258345
  -0.00071872077
  -0.00078881076
  -0.00033718854
   0.00033675654
   0.00078705037
   0.00071624998
   0.00017191880
  -0.00048531888
  -0.00082069314
  -0.00061289194
  -1.0206661e-07
   0.00061188168
   0.00081837584
   0.00048340975
  -0.00017074427
  -0.00071106156
  -0.00078040923
  -0.00033359837
   0.00033317684
   0.00077868685
   0.00070864306
   0.00017009327
  -0.00048017278
  -0.00081199525
  -0.00060639932
  -9.8131806e-08
   0.00060541347
   0.00080972884
   0.00047830499
  -0.00016894255
  -0.00070356236
  -0.00077218300
  -0.00033008195
   0.00032967411
   0.00077050026
   0.00070119621
   0.00016830539
  -0.00047513600
  -0.00080348140
  -0.00060004440
  -9.5782861e-08
   0.00059907913
   0.00080126092
   0.00047330462
  -0.00016718143
  -0.00069622321
  -0.00076413211
  -0.00032664242
   0.00032624127
   0.00076248171
   0.00069390258
   0.00016655356
  -0.00047020459
  -0.00079514478
  -0.00059382158
  -9.3503649e-08
   0.00059287626
   0.00079296879
   0.00046840832
  -0.00016545606
  -0.00068903502
  -0.00075624668
  -0.00032327279
   0.00032288076
   0.00075463050
   0.00068676172
   0.00016484045
  -0.00046537230
  -0.00078697798
  -0.00058772605
  -9.1550296e-08
   0.00058680007
   0.00078484644
   0.00046361301
  -0.00016376431
  -0.00068199155
  -0.00074852018
  -0.00031997054
   0.00031958909
   0.00074693856
   0.00067976495
   0.00016316103
  -0.00046063857
  -0.00077897614
  -0.00058175201
  -8.6598182e-08
   0.00058085004
   0.00077689073
   0.00045891546
  -0.00016210751
  -0.00067509206
  -0.00074095141
  -0.00031673594
   0.00031636379
   0.00073940233
   0.00067290979
   0.00016151534
  -0.00045600136
  -0.00077113761
  -0.00057590116
  -8.4997282e-08
   0.00057501660
   0.00076909243
   0.00045431055
  -0.00016048499
  -0.00066833153
  -0.00073353479
  -0.00031356662
   3.2372712e-08
