    0.0069874564
    0.0068157734
    0.0065848078
    0.0062964815
    0.0059532155
    0.0055579102
    0.0051139206
    0.0046250280
    0.0040954074
    0.0035295927
    0.0029324370
    0.0023090717
    0.0016648618
    0.0010053604
   0.00033626048
  -0.00033665437
   -0.0010075596
   -0.0016706401
   -0.0023201409
   -0.0029504168
   -0.0035559814
   -0.0041315552
   -0.0046721112
   -0.0051729189
   -0.0056295858
   -0.0060380957
   -0.0063948442
   -0.0066966704
   -0.0069408848
   -0.0071252935
   -0.0072482173
   -0.0073085077
   -0.0073055571
   -0.0072393047
   -0.0071102381
   -0.0069193899
   -0.0066683289
   -0.0063591479
   -0.0059944460
   -0.0055773067
   -0.0051112720
   -0.0046003124
   -0.0040487929
   -0.0034614359
   -0.0028432806
   -0.0021996402
   -0.0015360555
  -0.00085824825
  -0.00017207084
   0.00051654356
    0.0012016325
    0.0018772560
    0.0025375477
    0.0031767659
    0.0037893437
    0.0043699372
    0.0049134722
    0.0054151883
    0.0058706810
    0.0062759400
    0.0066273845
    0.0069218951
    0.0071568410
    0.0073301039
    0.0074400968
    0.0074857787
    0.0074666641
    0.0073828281
    0.0072349066
    0.0070240917
    0.0067521217
    0.0064212672
    0.0060343122
    0.0055945304
    0.0051056578
    0.0045718608
    0.0039977010
    0.0033880957
    0.0027482765
    0.0020837440
    0.0014002205
   0.00070360098
  -9.7793931e-08
  -0.00070478931
   -0.0014043699
   -0.0020927714
   -0.0027640140
   -0.0034122582
   -0.0040318552
   -0.0046173965
   -0.0051637610
   -0.0056661596
   -0.0061201772
   -0.0065218117
   -0.0068675089
   -0.0071541944
   -0.0073793002
   -0.0075407884
   -0.0076371692
   -0.0076675146
   -0.0076314674
   -0.0075292449
   -0.0073616382
   -0.0071300056
   -0.0068362623
   -0.0064828640
   -0.0060727869
   -0.0056095023
   -0.0050969476
   -0.0045394924
   -0.0039419017
   -0.0033092950
   -0.0026471026
   -0.0019610187
   -0.0012569530
  -0.00054097904
   0.00018071728
   0.00090189176
    0.0016162956
    0.0023177298
    0.0030000984
    0.0036574621
    0.0042840893
    0.0048745066
    0.0054235461
    0.0059263910
    0.0063786175
    0.0067762339
    0.0071157160
    0.0073940375
    0.0076086981
    0.0077577449
    0.0078397907
    0.0078540268
    0.0078002303
    0.0076787679
    0.0074905924
    0.0072372365
    0.0069207993
    0.0065439296
    0.0061098037
    0.0056220985
    0.0050849604
    0.0045029702
    0.0038811039
    0.0032246902
    0.0025393653
    0.0018310238
    0.0011057686
   0.00036985797
  -0.00037034804
   -0.0011084429
   -0.0018380287
   -0.0025527720
   -0.0032464583
   -0.0039130463
   -0.0045467207
   -0.0051419423
   -0.0056934971
   -0.0061965412
   -0.0066466442
   -0.0070398272
   -0.0073725988
   -0.0076419856
   -0.0078455587
   -0.0079814558
   -0.0080483981
   -0.0080457022
   -0.0079732868
   -0.0078316746
   -0.0076219884
   -0.0073459424
   -0.0070058284
   -0.0066044964
   -0.0061453312
   -0.0056322236
   -0.0050695377
   -0.0044620734
   -0.0038150259
   -0.0031339414
   -0.0024246690
   -0.0016933109
  -0.00094617010
  -0.00018969568
   0.00056957255
    0.0013250607
    0.0020702174
    0.0027985712
    0.0035037861
    0.0041797167
    0.0048204624
    0.0054204179
    0.0059743230
    0.0064773082
    0.0069249377
    0.0073132486
    0.0076387855
    0.0078986316
    0.0080904348
    0.0082124288
    0.0082634491
    0.0082429444
    0.0081509823
    0.0079882492
    0.0077560459
    0.0074562768
    0.0070914348
    0.0066645800
    0.0061793148
    0.0056397530
    0.0050504851
    0.0044165394
    0.0037433390
    0.0030366554
    0.0023025592
    0.0015473680
   0.00077759183
  -1.2273861e-07
  -0.00077905000
   -0.0015524432
   -0.0023135932
   -0.0030558860
   -0.0037728611
   -0.0044582670
   -0.0051061157
   -0.0057107355
   -0.0062668200
   -0.0067694751
   -0.0072142618
   -0.0075972353
   -0.0079149803
   -0.0081646411
   -0.0083439470
   -0.0084512337
   -0.0084854578
   -0.0084462072
   -0.0083337057
   -0.0081488122
   -0.0078930137
   -0.0075684141
   -0.0071777165
   -0.0067242009
   -0.0062116968
   -0.0056445505
   -0.0050275890
   -0.0043660783
   -0.0036656785
   -0.0029323960
   -0.0021725315
   -0.0013926259
  -0.00059940437
   0.00020028189
   0.00099951468
    0.0017913687
    0.0025689713
    0.0033255625
    0.0040545533
    0.0047495833
    0.0054045758
    0.0060137916
    0.0065718784
    0.0070739183
    0.0075154712
    0.0078926135
    0.0082019735
    0.0084407609
    0.0086067926
    0.0086985120
    0.0087150038
    0.0086560028
    0.0085218977
    0.0083137279
    0.0080331765
    0.0076825563
    0.0072647907
    0.0067833899
    0.0062424206
    0.0056464725
    0.0050006191
    0.0043103744
    0.0035816461
    0.0028206847
    0.0020340306
    0.0012284571
   0.00041091292
  -0.00041153840
   -0.0012317790
   -0.0020426986
   -0.0028372558
   -0.0036085392
   -0.0043498280
   -0.0050546498
   -0.0057168375
   -0.0063305831
   -0.0068904886
   -0.0073916136
   -0.0078295184
   -0.0082003040
   -0.0085006460
   -0.0087278248
   -0.0088797503
   -0.0089549806
   -0.0089527358
   -0.0088729059
   -0.0087160528
   -0.0084834067
   -0.0081768563
   -0.0077989338
   -0.0073527937
   -0.0068421871
   -0.0062714297
   -0.0056453655
   -0.0049693257
   -0.0042490836
   -0.0034908051
   -0.0027009959
   -0.0018864458
   -0.0010541707
  -0.00021135155
   0.00063472699
    0.0014767398
    0.0023073844
    0.0031194445
    0.0039058527
    0.0046597516
    0.0053745538
    0.0060439993
    0.0066622107
    0.0072237439
    0.0077236370
    0.0081574532
    0.0085213207
    0.0088119672
    0.0090267489
    0.0091636746
    0.0092214244
    0.0091993618
    0.0090975407
    0.0089167061
    0.0086582887
    0.0083243938
    0.0079177841
    0.0074418571
    0.0069006165
    0.0062986389
    0.0056410350
    0.0049334060
    0.0041817964
    0.0033926422
    0.0025727157
    0.0017290675
   0.00086896611
  -1.6480570e-07
  -0.00087081046
   -0.0017354298
   -0.0025865209
   -0.0034166858
   -0.0042186949
   -0.0049855500
   -0.0057105451
   -0.0063873249
   -0.0070099409
   -0.0075729033
   -0.0080712293
   -0.0085004873
   -0.0088568364
   -0.0091370604
   -0.0093385969
   -0.0094595606
   -0.0094987611
   -0.0094557138
   -0.0093306462
   -0.0091244964
   -0.0088389067
   -0.0084762105
   -0.0080394134
   -0.0075321681
   -0.0069587443
   -0.0063239924
   -0.0056333029
   -0.0048925603
   -0.0041080935
   -0.0032866213
   -0.0024351951
   -0.0015611385
  -0.00067198431
   0.00022459049
    0.0011208308
    0.0020089703
    0.0028812993
    0.0037302307
    0.0045483667
    0.0053285630
    0.0060639908
    0.0067481970
    0.0073751605
    0.0079393453
    0.0084357489
    0.0088599472
    0.0092081336
    0.0094771529
    0.0096645302
    0.0097684930
    0.0097879886
    0.0097226939
    0.0095730198
    0.0093401088
    0.0090258269
    0.0086327480
    0.0081641337
    0.0076239058
    0.0070166136
    0.0063473959
    0.0056219373
    0.0048464201
    0.0040274716
    0.0031721078
    0.0022876728
    0.0013817762
   0.00046222778
  -0.00046303019
   -0.0013859911
   -0.0022986536
   -0.0031930905
   -0.0040615179
   -0.0048963626
   -0.0056903284
   -0.0064364596
   -0.0071282019
   -0.0077594599
   -0.0083246509
   -0.0088187540
   -0.0092373548
   -0.0095766847
   -0.0098336547
    -0.010005884
    -0.010091720
    -0.010090257
    -0.010001343
   -0.0098255842
   -0.0095643392
   -0.0092197102
   -0.0087945258
   -0.0082923177
   -0.0077172916
   -0.0070742919
   -0.0063687612
   -0.0056066939
   -0.0047945859
   -0.0039393787
   -0.0030484004
   -0.0021293031
   -0.0011899969
  -0.00023858219
   0.00071672024
    0.0016676403
    0.0026059299
    0.0035234347
    0.0044121648
    0.0052643640
    0.0060725780
    0.0068297188
    0.0075291277
    0.0081646328
    0.0087306043
    0.0092220036
    0.0096344286
    0.0099641528
     0.010208159
     0.010364166
     0.010430652
     0.010406866
     0.010292839
     0.010089384
    0.0097980885
    0.0094213054
    0.0089621328
    0.0084243882
    0.0078125775
    0.0071318568
    0.0063879896
    0.0055872974
    0.0047366066
    0.0038431903
    0.0029147056
    0.0019591289
   0.00098468676
  -2.1440918e-07
  -0.00098706112
   -0.0019673062
   -0.0029324426
   -0.0038740775
   -0.0047840049
   -0.0056542774
   -0.0064772750
   -0.0072457724
   -0.0079530020
   -0.0085927134
   -0.0091592286
   -0.0096474925
    -0.010053118
    -0.010372424
    -0.010602472
    -0.010741088
    -0.010786889
    -0.010739291
    -0.010598517
    -0.010365602
    -0.010042376
   -0.0096314581
   -0.0091362325
   -0.0085608194
   -0.0079100427
   -0.0071893887
   -0.0064049603
   -0.0055634250
   -0.0046719590
   -0.0037381853
   -0.0027701091
   -0.0017760490
  -0.00076456566
   0.00025561181
    0.0012756612
    0.0022867432
    0.0032800783
    0.0042470226
    0.0051791431
    0.0060682914
    0.0069066741
    0.0076869221
    0.0084021544
    0.0090460391
    0.0096128496
     0.010097515
     0.010495665
     0.010803670
     0.011018675
     0.011138623
     0.011162278
     0.011089233
     0.010919921
     0.010655608
     0.010298385
    0.0098511547
    0.0093176034
    0.0087021738
    0.0080100272
    0.0072470003
    0.0064195560
    0.0055347290
    0.0046000656
    0.0036235602
    0.0026135861
    0.0015788244
   0.00052818939
  -0.00052924851
   -0.0015843406
   -0.0026279391
   -0.0036509766
   -0.0046445442
   -0.0055999697
   -0.0065088926
   -0.0073633377
   -0.0081557846
   -0.0088792339
   -0.0095272690
    -0.010094113
    -0.010574680
    -0.010964620
    -0.011260360
    -0.011459135
    -0.011559013
    -0.011558915
    -0.011458627
    -0.011258802
    -0.010960955
    -0.010567456
    -0.010081507
   -0.0095071186
   -0.0088490761
   -0.0081128999
   -0.0073047993
   -0.0064316202
   -0.0055007871
   -0.0045202403
   -0.0034983680
   -0.0024439350
   -0.0013660071
  -0.00027387345
   0.00082303307
    0.0019152177
    0.0029932057
    0.0040476245
    0.0050692849
    0.0060492615
    0.0069789699
    0.0078502427
    0.0086554002
    0.0093873187
     0.010039493
     0.010606095
     0.011082024
     0.011462953
     0.011745371
     0.011926609
     0.012004872
     0.011979250
     0.011849733
     0.011617210
     0.011283466
     0.010851164
     0.010323829
    0.0097058174
    0.0090022794
    0.0082191189
    0.0073629425
    0.0064410042
    0.0054611445
    0.0044317230
    0.0033615480
    0.0022598006
    0.0011359563
  -2.9622551e-07
   -0.0011391389
   -0.0022707087
   -0.0033851833
   -0.0044728656
   -0.0055242689
   -0.0065301986
   -0.0074818334
   -0.0083708017
   -0.0091892557
   -0.0099299404
    -0.010586258
    -0.011152326
    -0.011623030
    -0.011994071
    -0.012262002
    -0.012424262
    -0.012479200
    -0.012426089
    -0.012265139
    -0.011997494
    -0.011625222
    -0.011151307
    -0.010579616
   -0.0099148761
   -0.0091626285
   -0.0083291869
   -0.0074215829
   -0.0064475074
   -0.0054152448
   -0.0043336033
   -0.0032118399
   -0.0020595805
  -0.00088673851
   0.00029657126
    0.0014801192
    0.0026536493
    0.0038069681
    0.0049300329
    0.0060130393
    0.0070465063
    0.0080213596
    0.0089290111
    0.0097614340
     0.010511234
     0.011171716
     0.011736940
     0.012201780
     0.012561965
     0.012814121
     0.012955803
     0.012985515
     0.012902728
     0.012707888
     0.012402411
     0.011988675
     0.011470002
     0.010850632
     0.010135687
    0.0093311276
    0.0084437086
    0.0074809171
    0.0064509120
    0.0053624544
    0.0042248333
    0.0030477865
    0.0018414172
   0.00061610767
  -0.00061757032
   -0.0018489463
   -0.0030673433
   -0.0042621704
   -0.0054230147
   -0.0065397318
   -0.0076025342
   -0.0086020773
   -0.0095295412
    -0.010376708
    -0.011136037
    -0.011800725
    -0.012364777
    -0.012823051
    -0.013171311
    -0.013406260
    -0.013525579
    -0.013527940
    -0.013413029
    -0.013181544
    -0.012835197
    -0.012376698
    -0.011809736
    -0.011138948
    -0.010369884
   -0.0095089578
   -0.0085633962
   -0.0075411775
   -0.0064509645
   -0.0053020310
   -0.0041041836
   -0.0028676774
   -0.0016031289
  -0.00032142495
   0.00096637114
    0.0022491147
    0.0035156760
    0.0047550368
    0.0059563860
    0.0071092137
    0.0082034031
    0.0092293192
     0.010177893
     0.011040703
     0.011810046
     0.012479013
     0.013041541
     0.013492478
     0.013827622
     0.014043765
     0.014138719
     0.014111344
     0.013961553
     0.013690321
     0.013299678
     0.012792692
     0.012173449
     0.011447017
     0.010619407
    0.0096975211
    0.0086890982
    0.0076026464
    0.0064473727
    0.0052331049
    0.0039702083
    0.0026694972
    0.0013421425
  -4.2412789e-07
   -0.0013466083
   -0.0026847530
   -0.0040032396
   -0.0052905883
   -0.0065355577
   -0.0077272435
   -0.0088551729
   -0.0099093974
    -0.010880580
    -0.011760076
    -0.012540014
    -0.013213363
    -0.013773993
    -0.014216738
    -0.014537436
    -0.014732972
    -0.014801307
    -0.014741498
    -0.014553709
    -0.014239214
    -0.013800386
    -0.013240685
    -0.012564625
    -0.011777742
    -0.010886547
   -0.0098984724
   -0.0088218106
   -0.0076656452
   -0.0064397735
   -0.0051546242
   -0.0038211686
   -0.0024508276
   -0.0010553736
   0.00035317050
    0.0017626341
    0.0031608045
    0.0045355321
    0.0058748361
    0.0071670086
    0.0084007164
    0.0095651010
     0.010649873
     0.011645404
     0.012542810
     0.013334032
     0.014011909
     0.014570240
     0.015003841
     0.015308596
     0.015481491
     0.015520648
     0.015425338
     0.015196000
     0.014834230
     0.014342780
     0.013725532
     0.012987468
     0.012134632
     0.011174080
     0.010113821
    0.0089627528
    0.0077305840
    0.0064277552
    0.0050653499
    0.0036550001
    0.0022087873
   0.00073913971
  -0.00074127490
   -0.0022196579
   -0.0036831902
   -0.0051191434
   -0.0065149900
   -0.0078585125
   -0.0091379104
    -0.010341903
    -0.011459830
    -0.012481743
    -0.013398497
    -0.014201830
    -0.014884436
    -0.015440036
    -0.015863429
    -0.016150546
    -0.016298483
    -0.016305537
    -0.016171217
    -0.015896256
    -0.015482609
    -0.014933434
    -0.014253079
    -0.013447036
    -0.012521906
    -0.011485339
    -0.010345978
   -0.0091133793
   -0.0077979377
   -0.0064107978
   -0.0049637599
   -0.0034691793
   -0.0019398619
  -0.00038895427
    0.0011701692
    0.0027240211
    0.0042591175
    0.0057620949
    0.0072198257
    0.0086195336
    0.0099489042
     0.011196194
     0.012350333
     0.013401023
     0.014338831
     0.015155269
     0.015842875
     0.016395280
     0.016807265
     0.017074809
     0.017195133
     0.017166721
     0.016989342
     0.016664054
     0.016193201
     0.015580394
     0.014830485
     0.013949531
     0.012944742
     0.011824425
     0.010597914
    0.0092754933
    0.0078683124
    0.0063882904
    0.0048480167
    0.0032606437
    0.0016397749
  -6.5141767e-07
   -0.0016464816
   -0.0032834685
   -0.0048973948
   -0.0064741956
   -0.0080000813
   -0.0094616572
    -0.010846042
    -0.012140978
    -0.013334944
    -0.014417254
    -0.015378153
    -0.016208905
    -0.016901871
    -0.017450583
    -0.017849797
    -0.018095549
    -0.018185188
    -0.018117409
    -0.017892266
    -0.017511173
    -0.016976902
    -0.016293563
    -0.015466567
    -0.014502590
    -0.013409519
    -0.012196383
    -0.010873284
   -0.0094513109
   -0.0079424465
   -0.0063594685
   -0.0047158402
   -0.0030255971
   -0.0013032274
   0.00043645248
    0.0021784242
    0.0039075973
    0.0056089395
    0.0072676065
    0.0088690720
     0.010399254
     0.011844638
     0.013192396
     0.014430502
     0.015547835
     0.016534281
     0.017380825
     0.018079630
     0.018624113
     0.019009000
     0.019230385
     0.019285762
     0.019174053
     0.018895624
     0.018452287
     0.017847288
     0.017085285
     0.016172314
     0.015115737
     0.013924191
     0.012607511
     0.011176650
    0.0096435940
    0.0080212550
    0.0063233668
    0.0045643676
    0.0027592784
   0.00092357460
  -0.00092694595
   -0.0027762986
   -0.0046084495
   -0.0064074540
   -0.0081575955
   -0.0098435215
    -0.011450379
    -0.012963942
    -0.014370743
    -0.015658184
    -0.016814657
    -0.017829642
    -0.018693807
    -0.019399087
    -0.019938766
    -0.020307536
    -0.020501547
    -0.020518449
    -0.020357418
    -0.020019166
    -0.019505944
    -0.018821526
    -0.017971182
    -0.016961642
    -0.015801039
    -0.014498847
    -0.013065800
    -0.011513812
   -0.0098558679
   -0.0081059253
   -0.0062787910
   -0.0043899989
   -0.0024556778
  -0.00049241443
    0.0014828886
    0.0034531574
    0.0054012942
    0.0073103249
    0.0091635468
     0.010944674
     0.012637979
     0.014228433
     0.015701837
     0.017044949
     0.018245602
     0.019292813
     0.020176885
     0.020889491
     0.021423759
     0.021774330
     0.021937418
     0.021910840
     0.021694051
     0.021288147
     0.020695870
     0.019921584
     0.018971249
     0.017852373
     0.016573954
     0.015146411
     0.013581497
     0.011892200
     0.010092645
    0.0081979667
    0.0062241881
    0.0041880849
    0.0021070425
  -1.0908973e-06
   -0.0021181571
   -0.0042258436
   -0.0063058414
   -0.0083400033
    -0.010310502
    -0.012199984
    -0.013991724
    -0.015669772
    -0.017219093
    -0.018625700
    -0.019876784
    -0.020960826
    -0.021867703
    -0.022588783
    -0.023117005
    -0.023446944
    -0.023574873
    -0.023498794
    -0.023218468
    -0.022735423
    -0.022052949
    -0.021176077
    -0.020111544
    -0.018867740
    -0.017454648
    -0.015883757
    -0.014167977
    -0.012321528
    -0.010359827
   -0.0082993563
   -0.0061575295
   -0.0039525425
   -0.0017032207
   0.00057114118
    0.0028509437
    0.0051164508
    0.0073479599
    0.0095259724
     0.011631363
     0.013645547
     0.015550644
     0.017329635
     0.018966512
     0.020446426
     0.021755816
     0.022882532
     0.023815951
     0.024547074
     0.025068608
     0.025375042
     0.025462700
     0.025329783
     0.024976394
     0.024404542
     0.023618139
     0.022622973
     0.021426665
     0.020038616
     0.018469930
     0.016733330
     0.014843053
     0.012814735
     0.010665284
    0.0084127391
    0.0060761184
    0.0036752622
    0.0012306639
   -0.0012367034
   -0.0037055662
   -0.0061545325
   -0.0085622766
    -0.010907723
    -0.013170232
    -0.015329775
    -0.017367118
    -0.019263987
    -0.021003230
    -0.022568974
    -0.023946767
    -0.025123711
    -0.026088579
    -0.026831924
    -0.027346167
    -0.027625672
    -0.027666807
    -0.027467984
    -0.027029682
    -0.026354456
    -0.025446926
    -0.024313743
    -0.022963548
    -0.021406905
    -0.019656219
    -0.017725641
    -0.015630951
    -0.013389435
    -0.011019739
   -0.0085417192
   -0.0059762742
   -0.0033451707
  -0.00067086047
    0.0020237104
    0.0047152966
    0.0073805533
    0.0099962369
     0.012539406
     0.014987623
     0.017319147
     0.019513130
     0.021549799
     0.023410631
     0.025078525
     0.026537952
     0.027775103
     0.028778013
     0.029536678
     0.030043149
     0.030291617
     0.030278469
     0.030002339
     0.029464125
     0.028666998
     0.027616387
     0.026319946
     0.024787497
     0.023030962
     0.021064269
     0.018903245
     0.016565489
     0.014070231
     0.011438177
    0.0086913343
    0.0058528350
    0.0029467383
  -2.1695981e-06
   -0.0029685858
   -0.0059269056
   -0.0088514423
    -0.011716648
    -0.014497335
    -0.017168895
    -0.019707516
    -0.022090392
    -0.024295924
    -0.026303918
    -0.028095763
    -0.029654604
    -0.030965499
    -0.032015556
    -0.032794059
    -0.033292577
    -0.033505044
    -0.033427830
    -0.033059790
    -0.032402282
    -0.031459179
    -0.030236846
    -0.028744103
    -0.026992164
    -0.024994553
    -0.022767007
    -0.020327350
    -0.017695357
    -0.014892588
    -0.011942224
   -0.0088688688
   -0.0056983512
   -0.0024575081
   0.00082604009
    0.0041241219
    0.0074082548
     0.010649888
     0.013820649
     0.016892588
     0.019838423
     0.022631780
     0.025247423
     0.027661483
     0.029851671
     0.031797482
     0.033480381
     0.034883980
     0.035994190
     0.036799362
     0.037290400
     0.037460862
     0.037307027
     0.036827955
     0.036025503
     0.034904341
     0.033471921
     0.031738439
     0.029716762
     0.027422342
     0.024873093
     0.022089264
     0.019093271
     0.015909528
     0.012564248
    0.0090852279
    0.0055016260
    0.0018437158
   -0.0018573636
   -0.0055698699
   -0.0092617267
    -0.012900797
    -0.016455158
    -0.019893380
    -0.023184799
    -0.026299785
    -0.029210009
    -0.031888692
    -0.034310847
    -0.036453514
    -0.038295965
    -0.039819905
    -0.041009644
    -0.041852257
    -0.042337710
    -0.042458977
    -0.042212115
    -0.041596331
    -0.040614005
    -0.039270703
    -0.037575146
    -0.035539168
    -0.033177635
    -0.030508341
    -0.027551881
    -0.024331496
    -0.020872895
    -0.017204052
    -0.013354988
   -0.0093575273
   -0.0052450402
   -0.0010521686
    0.0031854606
    0.0074315332
     0.011649354
     0.015802157
     0.019853425
     0.023767198
     0.027508394
     0.031043112
     0.034338936
     0.037365227
     0.040093397
     0.042497177
     0.044552859
     0.046239524
     0.047539246
     0.048437272
     0.048922175
     0.048985984
     0.048624285
     0.047836286
     0.046624860
     0.044996555
     0.042961568
     0.040533694
     0.037730239
     0.034571909
     0.031082656
     0.027289513
     0.023222382
     0.018913815
     0.014398752
    0.0097142494
    0.0048991823
  -6.0710747e-06
   -0.0049599599
   -0.0099201048
    -0.014843652
    -0.019687637
    -0.024409346
    -0.028966689
    -0.033318564
    -0.037425217
    -0.041248593
    -0.044752686
    -0.047903860
    -0.050671163
    -0.053026620
    -0.054945500
    -0.056406563
    -0.057392277
    -0.057889006
    -0.057887169
    -0.057381362
    -0.056370449
    -0.054857621
    -0.052850412
    -0.050360679
    -0.047404557
    -0.044002357
    -0.040178449
    -0.035961093
    -0.031382244
    -0.026477320
    -0.021284942
    -0.015846637
    -0.010206525
   -0.0044109650
    0.0014918057
    0.0074520651
     0.013419009
     0.019341172
     0.025166854
     0.030844558
     0.036323430
     0.041553696
     0.046487101
     0.051077333
     0.055280439
     0.059055230
     0.062363659
     0.065171188
     0.067447118
     0.069164900
     0.070302413
     0.070842204
     0.070771698
     0.070083365
     0.068774850
     0.066849059
     0.064314206
     0.061183808
     0.057476647
     0.053216680
     0.048432904
     0.043159184
     0.037434031
     0.031300343
     0.024805103
     0.017999042
     0.010936265
    0.0036738446
   -0.0037286188
    -0.011209459
    -0.018705430
    -0.026152217
    -0.033484958
    -0.040638777
    -0.047549328
    -0.054153340
    -0.060389165
    -0.066197313
    -0.071520982
    -0.076306576
    -0.080504196
    -0.084068116
    -0.086957228
    -0.089135458
    -0.090572140
    -0.091242363
    -0.091127268
    -0.090214300
    -0.088497420
    -0.085977256
    -0.082661212
    -0.078563521
    -0.073705239
    -0.068114190
    -0.061824852
    -0.054878188
    -0.047321420
    -0.039207755
    -0.030596053
    -0.021550444
    -0.012139901
   -0.0024377619
    0.0074787869
     0.017529270
     0.027630514
     0.037697277
     0.047642895
     0.057379961
     0.066821014
     0.075879247
     0.084469215
     0.092507551
     0.099913678
      0.10661051
      0.11252512
      0.11758945
      0.12174091
      0.12492300
      0.12708591
      0.12818700
      0.12819136
      0.12707219
      0.12481122
      0.12139901
      0.11683525
      0.11112896
      0.10429860
     0.096372188
     0.087387246
     0.077390782
     0.066439126
     0.054597725
     0.041940866
     0.028551319
     0.014519931
  -5.4865775e-05
    -0.015067593
    -0.030406335
    -0.045953396
    -0.061586020
    -0.077177143
    -0.092596207
     -0.10771000
     -0.12238351
     -0.13648088
     -0.14986626
     -0.16240479
     -0.17396353
     -0.18441240
     -0.19362515
     -0.20148022
     -0.20786172
     -0.21266028
     -0.21577390
     -0.21710877
     -0.21658005
     -0.21411257
     -0.20964152
     -0.20311304
     -0.19448474
     -0.18372621
     -0.17081941
     -0.15575894
     -0.13855235
     -0.11922026
    -0.097796435
    -0.074327771
    -0.048874215
    -0.021508566
    0.0076837866
     0.038605222
     0.071146320
      0.10518638
      0.14059401
      0.17722781
      0.21493709
      0.25356269
      0.29293785
      0.33288911
      0.37323730
      0.41379855
      0.45438535
      0.49480762
      0.53487381
      0.57439205
      0.61317128
      0.65102235
      0.68775919
      0.72319988
      0.75716779
      0.78949263
      0.82001148
      0.84856977
      0.87502225
      0.89923384
      0.92108049
      0.94044994
      0.95724238
      0.97137110
      0.98276301
      0.99135907
      0.99711469
       1.0000000
       1.0000000
      0.99711469
      0.99135907
      0.98276301
      0.97137110
      0.95724238
      0.94044994
      0.92108049
      0.89923384
      0.87502225
      0.84856977
      0.82001148
      0.78949263
      0.75716779
      0.72319988
      0.68775919
      0.65102235
      0.61317128
      0.57439205
      0.53487381
      0.49480762
      0.45438535
      0.41379855
      0.37323730
      0.33288911
      0.29293785
      0.25356269
      0.21493709
      0.17722781
      0.14059401
      0.10518638
     0.071146320
     0.038605222
    0.0076837866
    -0.021508567
    -0.048874215
    -0.074327771
    -0.097796435
     -0.11922026
     -0.13855235
     -0.15575894
     -0.17081941
     -0.18372621
     -0.19448474
     -0.20311304
     -0.20964152
     -0.21411257
     -0.21658005
     -0.21710877
     -0.21577390
     -0.21266028
     -0.20786172
     -0.20148022
     -0.19362515
     -0.18441240
     -0.17396353
     -0.16240479
     -0.14986626
     -0.13648088
     -0.12238351
     -0.10771000
    -0.092596207
    -0.077177143
    -0.061586020
    -0.045953396
    -0.030406335
    -0.015067593
  -5.4865701e-05
     0.014519931
     0.028551319
     0.041940866
     0.054597725
     0.066439126
     0.077390782
     0.087387246
     0.096372188
      0.10429860
      0.11112896
      0.11683525
      0.12139901
      0.12481122
      0.12707219
      0.12819136
      0.12818700
      0.12708591
      0.12492300
      0.12174091
      0.11758945
      0.11252512
      0.10661051
     0.099913678
     0.092507552
     0.084469215
     0.075879247
     0.066821015
     0.057379961
     0.047642895
     0.037697277
     0.027630514
     0.017529270
    0.0074787870
   -0.0024377617
    -0.012139901
    -0.021550444
    -0.030596052
    -0.039207755
    -0.047321419
    -0.054878187
    -0.061824852
    -0.068114190
    -0.073705239
    -0.078563521
    -0.082661212
    -0.085977255
    -0.088497420
    -0.090214300
    -0.091127268
    -0.091242363
    -0.090572139
    -0.089135457
    -0.086957228
    -0.084068116
    -0.080504195
    -0.076306576
    -0.071520982
    -0.066197313
    -0.060389165
    -0.054153340
    -0.047549328
    -0.040638777
    -0.033484958
    -0.026152218
    -0.018705430
    -0.011209459
   -0.0037286189
    0.0036738445
     0.010936265
     0.017999042
     0.024805102
     0.031300343
     0.037434031
     0.043159184
     0.048432904
     0.053216680
     0.057476647
     0.061183808
     0.064314206
     0.066849059
     0.068774850
     0.070083365
     0.070771697
     0.070842204
     0.070302413
     0.069164900
     0.067447118
     0.065171188
     0.062363659
     0.059055229
     0.055280439
     0.051077332
     0.046487101
     0.041553696
     0.036323429
     0.030844558
     0.025166854
     0.019341172
     0.013419009
    0.0074520649
    0.0014918054
   -0.0044109653
    -0.010206525
    -0.015846637
    -0.021284942
    -0.026477320
    -0.031382244
    -0.035961094
    -0.040178450
    -0.044002357
    -0.047404557
    -0.050360679
    -0.052850412
    -0.054857622
    -0.056370449
    -0.057381362
    -0.057887169
    -0.057889006
    -0.057392277
    -0.056406563
    -0.054945500
    -0.053026620
    -0.050671163
    -0.047903860
    -0.044752686
    -0.041248593
    -0.037425216
    -0.033318564
    -0.028966689
    -0.024409346
    -0.019687637
    -0.014843652
   -0.0099201047
   -0.0049599598
  -6.0709623e-06
    0.0048991824
    0.0097142495
     0.014398752
     0.018913815
     0.023222382
     0.027289513
     0.031082656
     0.034571909
     0.037730240
     0.040533694
     0.042961568
     0.044996555
     0.046624860
     0.047836286
     0.048624285
     0.048985984
     0.048922175
     0.048437272
     0.047539246
     0.046239524
     0.044552859
     0.042497177
     0.040093397
     0.037365227
     0.034338936
     0.031043112
     0.027508394
     0.023767198
     0.019853425
     0.015802157
     0.011649354
    0.0074315331
    0.0031854605
   -0.0010521687
   -0.0052450403
   -0.0093575274
    -0.013354988
    -0.017204052
    -0.020872895
    -0.024331496
    -0.027551881
    -0.030508341
    -0.033177635
    -0.035539168
    -0.037575146
    -0.039270703
    -0.040614005
    -0.041596331
    -0.042212115
    -0.042458977
    -0.042337710
    -0.041852257
    -0.041009644
    -0.039819905
    -0.038295965
    -0.036453514
    -0.034310847
    -0.031888692
    -0.029210009
    -0.026299785
    -0.023184799
    -0.019893380
    -0.016455158
    -0.012900797
   -0.0092617266
   -0.0055698698
   -0.0018573634
    0.0018437159
    0.0055016261
    0.0090852281
     0.012564248
     0.015909528
     0.019093271
     0.022089264
     0.024873094
     0.027422342
     0.029716762
     0.031738439
     0.033471921
     0.034904341
     0.036025503
     0.036827955
     0.037307028
     0.037460862
     0.037290400
     0.036799362
     0.035994190
     0.034883980
     0.033480381
     0.031797482
     0.029851671
     0.027661483
     0.025247423
     0.022631780
     0.019838423
     0.016892588
     0.013820649
     0.010649888
    0.0074082549
    0.0041241220
   0.00082604018
   -0.0024575080
   -0.0056983511
   -0.0088688687
    -0.011942224
    -0.014892588
    -0.017695357
    -0.020327350
    -0.022767007
    -0.024994553
    -0.026992164
    -0.028744103
    -0.030236846
    -0.031459179
    -0.032402282
    -0.033059790
    -0.033427830
    -0.033505044
    -0.033292577
    -0.032794059
    -0.032015556
    -0.030965499
    -0.029654604
    -0.028095763
    -0.026303918
    -0.024295924
    -0.022090392
    -0.019707516
    -0.017168895
    -0.014497335
    -0.011716648
   -0.0088514424
   -0.0059269057
   -0.0029685859
  -2.1697245e-06
    0.0029467382
    0.0058528349
    0.0086913342
     0.011438176
     0.014070231
     0.016565489
     0.018903245
     0.021064269
     0.023030962
     0.024787497
     0.026319946
     0.027616387
     0.028666998
     0.029464125
     0.030002339
     0.030278469
     0.030291616
     0.030043149
     0.029536678
     0.028778013
     0.027775103
     0.026537952
     0.025078525
     0.023410631
     0.021549799
     0.019513130
     0.017319147
     0.014987623
     0.012539406
    0.0099962369
    0.0073805534
    0.0047152967
    0.0020237104
  -0.00067086042
   -0.0033451707
   -0.0059762741
   -0.0085417191
    -0.011019739
    -0.013389434
    -0.015630951
    -0.017725641
    -0.019656219
    -0.021406905
    -0.022963548
    -0.024313743
    -0.025446926
    -0.026354456
    -0.027029682
    -0.027467984
    -0.027666807
    -0.027625672
    -0.027346167
    -0.026831924
    -0.026088579
    -0.025123711
    -0.023946767
    -0.022568974
    -0.021003230
    -0.019263987
    -0.017367118
    -0.015329775
    -0.013170231
    -0.010907723
   -0.0085622764
   -0.0061545323
   -0.0037055660
   -0.0012367033
    0.0012306640
    0.0036752623
    0.0060761185
    0.0084127392
     0.010665284
     0.012814735
     0.014843053
     0.016733330
     0.018469930
     0.020038616
     0.021426665
     0.022622973
     0.023618139
     0.024404542
     0.024976394
     0.025329783
     0.025462700
     0.025375041
     0.025068608
     0.024547074
     0.023815951
     0.022882532
     0.021755816
     0.020446426
     0.018966512
     0.017329635
     0.015550644
     0.013645547
     0.011631363
    0.0095259722
    0.0073479597
    0.0051164506
    0.0028509435
   0.00057114099
   -0.0017032209
   -0.0039525427
   -0.0061575297
   -0.0082993565
    -0.010359827
    -0.012321528
    -0.014167977
    -0.015883757
    -0.017454648
    -0.018867741
    -0.020111544
    -0.021176077
    -0.022052949
    -0.022735423
    -0.023218468
    -0.023498794
    -0.023574873
    -0.023446944
    -0.023117005
    -0.022588783
    -0.021867703
    -0.020960826
    -0.019876784
    -0.018625700
    -0.017219093
    -0.015669772
    -0.013991724
    -0.012199984
    -0.010310502
   -0.0083400033
   -0.0063058413
   -0.0042258435
   -0.0021181570
  -1.0908528e-06
    0.0021070425
    0.0041880849
    0.0062241882
    0.0081979667
     0.010092645
     0.011892200
     0.013581497
     0.015146411
     0.016573954
     0.017852373
     0.018971249
     0.019921584
     0.020695870
     0.021288147
     0.021694050
     0.021910840
     0.021937418
     0.021774330
     0.021423759
     0.020889491
     0.020176885
     0.019292813
     0.018245602
     0.017044949
     0.015701837
     0.014228433
     0.012637979
     0.010944674
    0.0091635467
    0.0073103248
    0.0054012941
    0.0034531573
    0.0014828885
  -0.00049241453
   -0.0024556779
   -0.0043899990
   -0.0062787911
   -0.0081059253
   -0.0098558680
    -0.011513812
    -0.013065800
    -0.014498847
    -0.015801039
    -0.016961642
    -0.017971182
    -0.018821526
    -0.019505944
    -0.020019166
    -0.020357418
    -0.020518449
    -0.020501547
    -0.020307536
    -0.019938766
    -0.019399087
    -0.018693807
    -0.017829642
    -0.016814657
    -0.015658184
    -0.014370743
    -0.012963942
    -0.011450378
   -0.0098435213
   -0.0081575953
   -0.0064074538
   -0.0046084493
   -0.0027762984
  -0.00092694577
   0.00092357479
    0.0027592786
    0.0045643678
    0.0063233670
    0.0080212552
    0.0096435942
     0.011176650
     0.012607511
     0.013924191
     0.015115738
     0.016172314
     0.017085285
     0.017847288
     0.018452287
     0.018895624
     0.019174053
     0.019285762
     0.019230385
     0.019009000
     0.018624113
     0.018079630
     0.017380825
     0.016534281
     0.015547835
     0.014430502
     0.013192396
     0.011844638
     0.010399254
    0.0088690720
    0.0072676065
    0.0056089394
    0.0039075973
    0.0021784242
   0.00043645243
   -0.0013032274
   -0.0030255972
   -0.0047158402
   -0.0063594685
   -0.0079424466
   -0.0094513110
    -0.010873284
    -0.012196383
    -0.013409519
    -0.014502590
    -0.015466567
    -0.016293563
    -0.016976902
    -0.017511173
    -0.017892266
    -0.018117409
    -0.018185188
    -0.018095549
    -0.017849797
    -0.017450583
    -0.016901871
    -0.016208904
    -0.015378153
    -0.014417254
    -0.013334944
    -0.012140978
    -0.010846041
   -0.0094616571
   -0.0080000812
   -0.0064741955
   -0.0048973947
   -0.0032834684
   -0.0016464815
  -6.5131284e-07
    0.0016397750
    0.0032606438
    0.0048480168
    0.0063882905
    0.0078683125
    0.0092754934
     0.010597914
     0.011824425
     0.012944742
     0.013949531
     0.014830485
     0.015580394
     0.016193201
     0.016664054
     0.016989342
     0.017166721
     0.017195133
     0.017074809
     0.016807264
     0.016395280
     0.015842875
     0.015155269
     0.014338831
     0.013401023
     0.012350333
     0.011196194
    0.0099489040
    0.0086195334
    0.0072198255
    0.0057620946
    0.0042591173
    0.0027240209
    0.0011701690
  -0.00038895450
   -0.0019398622
   -0.0034691795
   -0.0049637601
   -0.0064107981
   -0.0077979379
   -0.0091133795
    -0.010345978
    -0.011485340
    -0.012521906
    -0.013447036
    -0.014253079
    -0.014933435
    -0.015482609
    -0.015896257
    -0.016171217
    -0.016305537
    -0.016298483
    -0.016150546
    -0.015863429
    -0.015440036
    -0.014884436
    -0.014201830
    -0.013398497
    -0.012481743
    -0.011459830
    -0.010341903
   -0.0091379104
   -0.0078585124
   -0.0065149899
   -0.0051191433
   -0.0036831901
   -0.0022196578
  -0.00074127479
   0.00073913982
    0.0022087874
    0.0036550002
    0.0050653501
    0.0064277554
    0.0077305841
    0.0089627529
     0.010113821
     0.011174080
     0.012134632
     0.012987468
     0.013725532
     0.014342780
     0.014834230
     0.015196000
     0.015425338
     0.015520648
     0.015481491
     0.015308596
     0.015003841
     0.014570239
     0.014011909
     0.013334032
     0.012542809
     0.011645404
     0.010649873
    0.0095651008
    0.0084007163
    0.0071670084
    0.0058748359
    0.0045355319
    0.0031608043
    0.0017626339
   0.00035317028
   -0.0010553738
   -0.0024508279
   -0.0038211689
   -0.0051546244
   -0.0064397738
   -0.0076656455
   -0.0088218109
   -0.0098984726
    -0.010886547
    -0.011777743
    -0.012564626
    -0.013240685
    -0.013800386
    -0.014239214
    -0.014553709
    -0.014741498
    -0.014801308
    -0.014732972
    -0.014537436
    -0.014216738
    -0.013773993
    -0.013213363
    -0.012540014
    -0.011760076
    -0.010880580
   -0.0099093973
   -0.0088551728
   -0.0077272433
   -0.0065355575
   -0.0052905881
   -0.0040032394
   -0.0026847527
   -0.0013466080
  -4.2381641e-07
    0.0013421428
    0.0026694976
    0.0039702087
    0.0052331053
    0.0064473731
    0.0076026468
    0.0086890986
    0.0096975215
     0.010619407
     0.011447017
     0.012173449
     0.012792692
     0.013299678
     0.013690321
     0.013961553
     0.014111344
     0.014138720
     0.014043765
     0.013827622
     0.013492478
     0.013041542
     0.012479013
     0.011810047
     0.011040703
     0.010177893
    0.0092293193
    0.0082034032
    0.0071092138
    0.0059563861
    0.0047550368
    0.0035156760
    0.0022491146
   0.00096637108
  -0.00032142504
   -0.0016031290
   -0.0028676775
   -0.0041041837
   -0.0053020312
   -0.0064509647
   -0.0075411777
   -0.0085633964
   -0.0095089580
    -0.010369884
    -0.011138949
    -0.011809736
    -0.012376699
    -0.012835198
    -0.013181545
    -0.013413029
    -0.013527940
    -0.013525579
    -0.013406261
    -0.013171311
    -0.012823052
    -0.012364777
    -0.011800726
    -0.011136037
    -0.010376709
   -0.0095295414
   -0.0086020775
   -0.0076025343
   -0.0065397319
   -0.0054230148
   -0.0042621705
   -0.0030673433
   -0.0018489463
  -0.00061757030
   0.00061610772
    0.0018414173
    0.0030477866
    0.0042248334
    0.0053624545
    0.0064509122
    0.0074809173
    0.0084437089
    0.0093311279
     0.010135687
     0.010850633
     0.011470003
     0.011988675
     0.012402411
     0.012707889
     0.012902729
     0.012985515
     0.012955803
     0.012814122
     0.012561965
     0.012201780
     0.011736941
     0.011171716
     0.010511235
    0.0097614344
    0.0089290114
    0.0080213600
    0.0070465066
    0.0060130396
    0.0049300332
    0.0038069684
    0.0026536495
    0.0014801194
   0.00029657142
  -0.00088673838
   -0.0020595804
   -0.0032118398
   -0.0043336033
   -0.0054152448
   -0.0064475074
   -0.0074215830
   -0.0083291870
   -0.0091626286
   -0.0099148763
    -0.010579617
    -0.011151307
    -0.011625223
    -0.011997494
    -0.012265140
    -0.012426090
    -0.012479200
    -0.012424262
    -0.012262002
    -0.011994071
    -0.011623030
    -0.011152326
    -0.010586258
   -0.0099299409
   -0.0091892562
   -0.0083708022
   -0.0074818339
   -0.0065301992
   -0.0055242694
   -0.0044728662
   -0.0033851838
   -0.0022707093
   -0.0011391394
  -2.9674584e-07
    0.0011359558
    0.0022598001
    0.0033615475
    0.0044317226
    0.0054611441
    0.0064410039
    0.0073629421
    0.0082191186
    0.0090022791
    0.0097058171
     0.010323829
     0.010851164
     0.011283465
     0.011617210
     0.011849733
     0.011979250
     0.012004872
     0.011926609
     0.011745371
     0.011462953
     0.011082024
     0.010606095
     0.010039493
    0.0093873189
    0.0086554004
    0.0078502429
    0.0069789701
    0.0060492617
    0.0050692852
    0.0040476248
    0.0029932060
    0.0019152180
   0.00082303336
  -0.00027387315
   -0.0013660067
   -0.0024439347
   -0.0034983677
   -0.0045202399
   -0.0055007867
   -0.0064316198
   -0.0073047990
   -0.0081128996
   -0.0088490758
   -0.0095071183
    -0.010081507
    -0.010567456
    -0.010960955
    -0.011258801
    -0.011458627
    -0.011558915
    -0.011559012
    -0.011459135
    -0.011260360
    -0.010964620
    -0.010574680
    -0.010094113
   -0.0095272689
   -0.0088792337
   -0.0081557845
   -0.0073633376
   -0.0065088925
   -0.0055999696
   -0.0046445441
   -0.0036509765
   -0.0026279391
   -0.0015843406
  -0.00052924850
   0.00052818939
    0.0015788244
    0.0026135861
    0.0036235601
    0.0046000656
    0.0055347289
    0.0064195560
    0.0072470003
    0.0080100272
    0.0087021738
    0.0093176033
    0.0098511547
     0.010298385
     0.010655608
     0.010919921
     0.011089233
     0.011162278
     0.011138623
     0.011018675
     0.010803670
     0.010495665
     0.010097515
    0.0096128495
    0.0090460391
    0.0084021543
    0.0076869221
    0.0069066741
    0.0060682913
    0.0051791431
    0.0042470226
    0.0032800783
    0.0022867432
    0.0012756611
   0.00025561181
  -0.00076456566
   -0.0017760490
   -0.0027701091
   -0.0037381853
   -0.0046719590
   -0.0055634250
   -0.0064049602
   -0.0071893887
   -0.0079100427
   -0.0085608194
   -0.0091362324
   -0.0096314581
    -0.010042376
    -0.010365602
    -0.010598517
    -0.010739291
    -0.010786889
    -0.010741088
    -0.010602472
    -0.010372424
    -0.010053118
   -0.0096474924
   -0.0091592285
   -0.0085927133
   -0.0079530020
   -0.0072457724
   -0.0064772750
   -0.0056542773
   -0.0047840049
   -0.0038740774
   -0.0029324425
   -0.0019673061
  -0.00098706109
  -2.1437648e-07
   0.00098468680
    0.0019591289
    0.0029147056
    0.0038431903
    0.0047366067
    0.0055872974
    0.0063879896
    0.0071318568
    0.0078125775
    0.0084243883
    0.0089621328
    0.0094213055
    0.0097980885
     0.010089384
     0.010292840
     0.010406866
     0.010430652
     0.010364166
     0.010208159
    0.0099641528
    0.0096344287
    0.0092220036
    0.0087306043
    0.0081646328
    0.0075291277
    0.0068297189
    0.0060725780
    0.0052643641
    0.0044121648
    0.0035234348
    0.0026059299
    0.0016676403
   0.00071672026
  -0.00023858217
   -0.0011899969
   -0.0021293031
   -0.0030484004
   -0.0039393787
   -0.0047945859
   -0.0056066939
   -0.0063687612
   -0.0070742919
   -0.0077172916
   -0.0082923177
   -0.0087945258
   -0.0092197102
   -0.0095643392
   -0.0098255842
    -0.010001343
    -0.010090257
    -0.010091720
    -0.010005884
   -0.0098336547
   -0.0095766847
   -0.0092373548
   -0.0088187540
   -0.0083246509
   -0.0077594599
   -0.0071282019
   -0.0064364596
   -0.0056903284
   -0.0048963626
   -0.0040615179
   -0.0031930905
   -0.0022986537
   -0.0013859912
  -0.00046303021
   0.00046222775
    0.0013817762
    0.0022876727
    0.0031721078
    0.0040274716
    0.0048464201
    0.0056219373
    0.0063473959
    0.0070166136
    0.0076239058
    0.0081641337
    0.0086327480
    0.0090258269
    0.0093401088
    0.0095730197
    0.0097226939
    0.0097879886
    0.0097684930
    0.0096645301
    0.0094771529
    0.0092081336
    0.0088599472
    0.0084357489
    0.0079393452
    0.0073751605
    0.0067481970
    0.0060639908
    0.0053285630
    0.0045483668
    0.0037302307
    0.0028812993
    0.0020089704
    0.0011208308
   0.00022459053
  -0.00067198426
   -0.0015611385
   -0.0024351950
   -0.0032866212
   -0.0041080934
   -0.0048925602
   -0.0056333028
   -0.0063239923
   -0.0069587442
   -0.0075321680
   -0.0080394133
   -0.0084762104
   -0.0088389065
   -0.0091244962
   -0.0093306460
   -0.0094557136
   -0.0094987609
   -0.0094595604
   -0.0093385967
   -0.0091370602
   -0.0088568362
   -0.0085004870
   -0.0080712290
   -0.0075729030
   -0.0070099407
   -0.0063873246
   -0.0057105448
   -0.0049855497
   -0.0042186946
   -0.0034166855
   -0.0025865206
   -0.0017354295
  -0.00087081014
  -1.6448481e-07
   0.00086896643
    0.0017290678
    0.0025727160
    0.0033926425
    0.0041817967
    0.0049334063
    0.0056410352
    0.0062986392
    0.0069006167
    0.0074418573
    0.0079177843
    0.0083243940
    0.0086582889
    0.0089167063
    0.0090975409
    0.0091993619
    0.0092214245
    0.0091636747
    0.0090267490
    0.0088119673
    0.0085213208
    0.0081574532
    0.0077236370
    0.0072237439
    0.0066622106
    0.0060439993
    0.0053745537
    0.0046597515
    0.0039058526
    0.0031194444
    0.0023073842
    0.0014767395
   0.00063472676
  -0.00021135180
   -0.0010541710
   -0.0018864461
   -0.0027009962
   -0.0034908054
   -0.0042490840
   -0.0049693261
   -0.0056453658
   -0.0062714301
   -0.0068421875
   -0.0073527941
   -0.0077989341
   -0.0081768567
   -0.0084834071
   -0.0087160532
   -0.0088729063
   -0.0089527362
   -0.0089549810
   -0.0088797507
   -0.0087278252
   -0.0085006463
   -0.0082003043
   -0.0078295188
   -0.0073916139
   -0.0068904889
   -0.0063305834
   -0.0057168378
   -0.0050546501
   -0.0043498283
   -0.0036085394
   -0.0028372559
   -0.0020426988
   -0.0012317792
  -0.00041153852
   0.00041091283
    0.0012284571
    0.0020340305
    0.0028206847
    0.0035816461
    0.0043103744
    0.0050006192
    0.0056464726
    0.0062424206
    0.0067833899
    0.0072647908
    0.0076825564
    0.0080331766
    0.0083137280
    0.0085218978
    0.0086560030
    0.0087150039
    0.0086985121
    0.0086067927
    0.0084407611
    0.0082019736
    0.0078926137
    0.0075154713
    0.0070739185
    0.0065718785
    0.0060137917
    0.0054045759
    0.0047495833
    0.0040545534
    0.0033255626
    0.0025689714
    0.0017913687
   0.00099951470
   0.00020028189
  -0.00059940437
   -0.0013926259
   -0.0021725315
   -0.0029323961
   -0.0036656786
   -0.0043660783
   -0.0050275891
   -0.0056445507
   -0.0062116969
   -0.0067242010
   -0.0071777166
   -0.0075684143
   -0.0078930139
   -0.0081488124
   -0.0083337059
   -0.0084462074
   -0.0084854580
   -0.0084512339
   -0.0083439472
   -0.0081646413
   -0.0079149805
   -0.0075972355
   -0.0072142620
   -0.0067694753
   -0.0062668202
   -0.0057107356
   -0.0051061159
   -0.0044582671
   -0.0037728613
   -0.0030558862
   -0.0023135933
   -0.0015524434
  -0.00077905011
  -1.2284147e-07
   0.00077759174
    0.0015473679
    0.0023025592
    0.0030366553
    0.0037433389
    0.0044165394
    0.0050504851
    0.0056397530
    0.0061793148
    0.0066645800
    0.0070914348
    0.0074562769
    0.0077560459
    0.0079882492
    0.0081509823
    0.0082429445
    0.0082634491
    0.0082124288
    0.0080904349
    0.0078986317
    0.0076387855
    0.0073132487
    0.0069249378
    0.0064773083
    0.0059743230
    0.0054204180
    0.0048204624
    0.0041797168
    0.0035037861
    0.0027985712
    0.0020702174
    0.0013250606
   0.00056957253
  -0.00018969571
  -0.00094617013
   -0.0016933109
   -0.0024246690
   -0.0031339415
   -0.0038150260
   -0.0044620734
   -0.0050695378
   -0.0056322237
   -0.0061453313
   -0.0066044965
   -0.0070058285
   -0.0073459425
   -0.0076219885
   -0.0078316747
   -0.0079732869
   -0.0080457023
   -0.0080483982
   -0.0079814559
   -0.0078455588
   -0.0076419857
   -0.0073725989
   -0.0070398273
   -0.0066466442
   -0.0061965412
   -0.0056934971
   -0.0051419423
   -0.0045467206
   -0.0039130463
   -0.0032464582
   -0.0025527719
   -0.0018380286
   -0.0011084427
  -0.00037034785
   0.00036985819
    0.0011057688
    0.0018310241
    0.0025393656
    0.0032246906
    0.0038811042
    0.0045029705
    0.0050849608
    0.0056220989
    0.0061098041
    0.0065439300
    0.0069207997
    0.0072372369
    0.0074905929
    0.0076787683
    0.0078002308
    0.0078540272
    0.0078397912
    0.0077577454
    0.0076086986
    0.0073940380
    0.0071157164
    0.0067762344
    0.0063786179
    0.0059263914
    0.0054235465
    0.0048745069
    0.0042840896
    0.0036574624
    0.0030000987
    0.0023177300
    0.0016162959
   0.00090189194
   0.00018071743
  -0.00054097893
   -0.0012569529
   -0.0019610187
   -0.0026471026
   -0.0033092950
   -0.0039419017
   -0.0045394925
   -0.0050969477
   -0.0056095025
   -0.0060727871
   -0.0064828642
   -0.0068362625
   -0.0071300059
   -0.0073616385
   -0.0075292452
   -0.0076314677
   -0.0076675149
   -0.0076371695
   -0.0075407888
   -0.0073793006
   -0.0071541948
   -0.0068675093
   -0.0065218121
   -0.0061201776
   -0.0056661599
   -0.0051637614
   -0.0046173969
   -0.0040318555
   -0.0034122585
   -0.0027640143
   -0.0020927717
   -0.0014043701
  -0.00070478954
  -9.7995315e-08
   0.00070360081
    0.0014002203
    0.0020837439
    0.0027482764
    0.0033880957
    0.0039977010
    0.0045718609
    0.0051056579
    0.0055945306
    0.0060343124
    0.0064212674
    0.0067521219
    0.0070240919
    0.0072349069
    0.0073828284
    0.0074666644
    0.0074857791
    0.0074400973
    0.0073301043
    0.0071568414
    0.0069218955
    0.0066273850
    0.0062759405
    0.0058706815
    0.0054151888
    0.0049134727
    0.0043699377
    0.0037893442
    0.0031767664
    0.0025375481
    0.0018772564
    0.0012016329
   0.00051654394
  -0.00017207048
  -0.00085824792
   -0.0015360552
   -0.0021996399
   -0.0028432804
   -0.0034614357
   -0.0040487928
   -0.0046003123
   -0.0051112720
   -0.0055773067
   -0.0059944460
   -0.0063591480
   -0.0066683290
   -0.0069193901
   -0.0071102384
   -0.0072393049
   -0.0073055574
   -0.0073085081
   -0.0072482177
   -0.0071252939
   -0.0069408853
   -0.0066966709
   -0.0063948447
   -0.0060380962
   -0.0056295863
   -0.0051729195
   -0.0046721118
   -0.0041315558
   -0.0035559820
   -0.0029504174
   -0.0023201415
   -0.0016706407
   -0.0010075602
  -0.00033665496
   0.00033625991
    0.0010053599
    0.0016648613
    0.0023090711
    0.0029324365
    0.0035295923
    0.0040954070
    0.0046250276
    0.0051139203
    0.0055579099
    0.0059532153
    0.0062964813
    0.0065848077
    0.0068157733
    0.0069874564
    0.0070582689
