  -0.00022369994
  -8.5384371e-05
   0.00027680400
  -8.5691741e-05
  -0.00022418011
   0.00022444844
   8.5668938e-05
  -0.00027773172
   8.5980150e-05
   0.00022493228
  -0.00022520286
  -8.5956781e-05
   0.00027866607
  -8.6268422e-05
  -0.00022568811
   0.00022596228
   8.6246430e-05
  -0.00027960596
   8.6559835e-05
   0.00022645027
  -0.00022672563
  -8.6537239e-05
   0.00028055267
  -8.6852228e-05
  -0.00022721589
   0.00022749557
   8.6830851e-05
  -0.00028150433
   8.7149241e-05
   0.00022798921
  -0.00022826942
  -8.7125630e-05
   0.00028246364
  -8.7447403e-05
  -0.00022876794
   0.00022904816
   8.7422881e-05
  -0.00028342884
   8.7746691e-05
   0.00022954935
  -0.00022983452
  -8.7722301e-05
   0.00028440180
  -8.8047941e-05
  -0.00023033804
   0.00023062360
   8.8022168e-05
  -0.00028538140
   8.8351858e-05
   0.00023113142
  -0.00023142088
  -8.8327529e-05
   0.00028636558
  -8.8658653e-05
  -0.00023193123
   0.00023222164
   8.8632428e-05
  -0.00028735906
   8.8965110e-05
   0.00023273438
  -0.00023302915
  -8.8940057e-05
   0.00028835786
  -8.9276406e-05
  -0.00023354518
   0.00023384155
   8.9248757e-05
  -0.00028936595
   8.9588106e-05
   0.00023436194
  -0.00023465886
  -8.9560716e-05
   0.00029037868
  -8.9903234e-05
  -0.00023518372
   0.00023548324
   8.9875836e-05
  -0.00029139798
   9.0220464e-05
   0.00023601063
  -0.00023631312
  -9.0190673e-05
   0.00029242781
  -9.0538290e-05
  -0.00023684375
   0.00023714864
   9.0509412e-05
  -0.00029346195
   9.0860534e-05
   0.00023768269
  -0.00023799141
  -9.0830481e-05
   0.00029450519
  -9.1184230e-05
  -0.00023853001
   0.00023883646
   9.1152420e-05
  -0.00029555507
   9.1509678e-05
   0.00023937983
  -0.00023969169
  -9.1478775e-05
   0.00029661205
  -9.1838017e-05
  -0.00024023729
   0.00024055091
   9.1805493e-05
  -0.00029767785
   9.2168192e-05
   0.00024110024
  -0.00024141788
  -9.2136520e-05
   0.00029874997
  -9.2501578e-05
  -0.00024197063
   0.00024228916
   9.2467872e-05
  -0.00029983154
   9.2835872e-05
   0.00024284586
  -0.00024316812
  -9.2803113e-05
   0.00030091884
  -9.3175368e-05
  -0.00024372999
   0.00024405204
   9.3140280e-05
  -0.00030201496
   9.3515137e-05
   0.00024461803
  -0.00024494348
  -9.3479390e-05
   0.00030311927
  -9.3858413e-05
  -0.00024551308
   0.00024584271
   9.3822436e-05
  -0.00030423184
   9.4203613e-05
   0.00024641568
  -0.00024674678
  -9.4167409e-05
   0.00030535253
  -9.4550295e-05
  -0.00024732340
   0.00024765759
   9.4514347e-05
  -0.00030648026
   9.4901964e-05
   0.00024823828
  -0.00024857689
  -9.4864602e-05
   0.00030761781
  -9.5255299e-05
  -0.00024916143
   0.00024950092
   9.5216874e-05
  -0.00030876357
   9.5610607e-05
   0.00025008978
  -0.00025043348
  -9.5572794e-05
   0.00030991751
  -9.5968406e-05
  -0.00025102514
   0.00025137172
   9.5929431e-05
  -0.00031108050
   9.6330876e-05
   0.00025196958
  -0.00025231727
  -9.6290222e-05
   0.00031225243
  -9.6693805e-05
  -0.00025291902
   0.00025327072
   9.6654267e-05
  -0.00031343242
   9.7059501e-05
   0.00025387504
  -0.00025423043
  -9.7017904e-05
   0.00031462359
  -9.7429378e-05
  -0.00025484121
   0.00025519750
   9.7387774e-05
  -0.00031582115
   9.7801258e-05
   0.00025581277
  -0.00025617162
  -9.7758223e-05
   0.00031702912
  -9.8176378e-05
  -0.00025679196
   0.00025715412
   9.8132630e-05
  -0.00031824575
   9.8554575e-05
   0.00025777823
  -0.00025814534
  -9.8510776e-05
   0.00031947200
  -9.8935344e-05
  -0.00025877332
   0.00025914161
   9.8889445e-05
  -0.00032070919
   9.9317942e-05
   0.00025977481
  -0.00026014683
  -9.9272265e-05
   0.00032195419
  -9.9705510e-05
  -0.00026078479
   0.00026116104
   9.9659534e-05
  -0.00032320882
   0.00010009526
   0.00026180274
  -0.00026218147
  -0.00010004773
   0.00032447439
  -0.00010048776
  -0.00026282787
   0.00026321178
   0.00010044091
  -0.00032574892
   0.00010088396
   0.00026386265
  -0.00026424771
  -0.00010083521
   0.00032703438
  -0.00010128270
  -0.00026490471
   0.00026529256
   0.00010123295
  -0.00032832933
   0.00010168609
   0.00026595643
  -0.00026634588
  -0.00010163580
   0.00032963285
  -0.00010209176
  -0.00026701316
   0.00026740970
   0.00010203977
  -0.00033095097
   0.00010249910
   0.00026808047
  -0.00026847993
  -0.00010244795
   0.00033227693
  -0.00010291148
  -0.00026915698
   0.00026955788
   0.00010285814
  -0.00033361423
   0.00010332701
   0.00027024153
  -0.00027064564
  -0.00010327234
   0.00033496240
  -0.00010374548
  -0.00027133411
   0.00027174358
   0.00010369127
  -0.00033632115
   0.00010416702
   0.00027243598
  -0.00027284884
  -0.00010411221
   0.00033769088
  -0.00010459312
  -0.00027354764
   0.00027396312
   0.00010453657
  -0.00033907275
   0.00010502098
   0.00027466691
  -0.00027508742
  -0.00010496540
   0.00034046439
  -0.00010545394
  -0.00027579652
   0.00027621957
   0.00010539571
  -0.00034186898
   0.00010589065
   0.00027693604
  -0.00027736246
  -0.00010583289
   0.00034328289
  -0.00010633010
  -0.00027808285
   0.00027851437
   0.00010627022
  -0.00034471119
   0.00010677403
   0.00027924115
  -0.00027967628
  -0.00010671349
   0.00034615015
  -0.00010722103
  -0.00028040820
   0.00028084795
   0.00010715975
  -0.00034760219
   0.00010767119
   0.00028158588
  -0.00028202746
  -0.00010760858
   0.00034906563
  -0.00010812629
  -0.00028277247
   0.00028321986
   0.00010806321
  -0.00035054223
   0.00010858286
   0.00028396800
  -0.00028442094
  -0.00010851974
   0.00035203056
  -0.00010904758
  -0.00028517822
   0.00028563099
   0.00010898160
  -0.00035353143
   0.00010951291
   0.00028639428
  -0.00028685353
  -0.00010944728
   0.00035504473
  -0.00010998420
  -0.00028762269
   0.00028808543
   0.00010991536
  -0.00035657352
   0.00011045768
   0.00028886092
  -0.00028932915
  -0.00011039001
   0.00035811299
  -0.00011093660
  -0.00029011092
   0.00029058196
   0.00011086725
  -0.00035966620
   0.00011141943
   0.00029137027
  -0.00029184748
  -0.00011134864
   0.00036123454
  -0.00011190612
  -0.00029264265
   0.00029312223
   0.00011183532
  -0.00036281386
   0.00011239809
   0.00029392486
  -0.00029440920
  -0.00011232506
   0.00036440952
  -0.00011289265
  -0.00029521784
   0.00029570752
   0.00011281916
  -0.00036601929
   0.00011339154
   0.00029652263
  -0.00029701666
  -0.00011331782
   0.00036764144
  -0.00011389740
  -0.00029784031
   0.00029833783
   0.00011382169
  -0.00036927834
   0.00011440610
   0.00029916761
  -0.00029967198
  -0.00011432983
   0.00037093029
  -0.00011492014
  -0.00030050860
   0.00030101641
   0.00011484144
  -0.00037259781
   0.00011543828
   0.00030186128
  -0.00030237322
  -0.00011535765
   0.00037428063
  -0.00011596089
  -0.00030322565
   0.00030374406
   0.00011588105
  -0.00037597736
   0.00011648790
   0.00030460236
  -0.00030512571
  -0.00011640731
   0.00037768994
  -0.00011702008
  -0.00030599129
   0.00030652055
   0.00011693788
  -0.00037941935
   0.00011755677
   0.00030739359
  -0.00030792769
  -0.00011747370
   0.00038116393
  -0.00011809876
  -0.00030880904
   0.00030934723
   0.00011801416
  -0.00038292373
   0.00011864716
   0.00031023766
  -0.00031078141
  -0.00011856081
   0.00038470041
  -0.00011919911
  -0.00031167870
   0.00031222831
   0.00011911113
  -0.00038649440
   0.00011975693
   0.00031313442
  -0.00031368872
  -0.00011966794
   0.00038830413
  -0.00012031957
  -0.00031460284
   0.00031516286
   0.00012022913
  -0.00039013140
   0.00012088757
   0.00031608491
  -0.00031665119
  -0.00012079489
   0.00039197755
  -0.00012146037
  -0.00031758224
   0.00031815261
   0.00012136712
  -0.00039383905
   0.00012203934
   0.00031909257
  -0.00031966994
  -0.00012194563
   0.00039571808
  -0.00012262378
  -0.00032061720
   0.00032120132
   0.00012252839
  -0.00039761608
   0.00012321427
   0.00032215762
  -0.00032274678
  -0.00012311666
   0.00039953255
  -0.00012381011
  -0.00032371260
   0.00032430764
   0.00012371116
  -0.00040146766
   0.00012441076
   0.00032528183
  -0.00032588323
  -0.00012431033
   0.00040342165
  -0.00012501850
  -0.00032686691
   0.00032747579
   0.00012491781
  -0.00040539350
   0.00012563237
   0.00032846842
  -0.00032908189
  -0.00012552910
   0.00040738667
  -0.00012624991
  -0.00033008343
   0.00033070454
   0.00012614609
  -0.00040939857
   0.00012687632
   0.00033171657
  -0.00033234356
  -0.00012677053
   0.00041143021
  -0.00012750842
  -0.00033336637
   0.00033399774
   0.00012740089
  -0.00041348179
   0.00012814592
   0.00033503066
  -0.00033566896
  -0.00012803597
   0.00041555495
  -0.00012879085
  -0.00033671237
   0.00033735908
   0.00012868078
  -0.00041764776
   0.00012944112
   0.00033841057
  -0.00033906419
  -0.00012932952
   0.00041976187
  -0.00013009985
  -0.00034012682
   0.00034078758
   0.00012998506
  -0.00042189949
   0.00013076300
   0.00034185997
  -0.00034252824
  -0.00013064785
   0.00042405755
  -0.00013143418
  -0.00034361162
   0.00034428657
   0.00013131837
  -0.00042623590
   0.00013211346
   0.00034538082
  -0.00034606348
  -0.00013199400
   0.00042844002
  -0.00013279779
  -0.00034716848
   0.00034785826
   0.00013267708
  -0.00043066594
   0.00013349035
   0.00034897571
  -0.00034967139
  -0.00013336784
   0.00043291465
  -0.00013418945
  -0.00035080070
   0.00035150397
   0.00013406624
  -0.00043518573
   0.00013489670
   0.00035264402
  -0.00035335666
  -0.00013477031
   0.00043748398
  -0.00013560999
  -0.00035450794
   0.00035522791
   0.00013548322
  -0.00043980359
   0.00013633281
   0.00035639129
  -0.00035712038
  -0.00013620386
   0.00044214918
  -0.00013706227
  -0.00035829516
   0.00035903160
   0.00013693109
  -0.00044451973
   0.00013780037
   0.00036021970
  -0.00036096372
  -0.00013766610
   0.00044691662
  -0.00013854550
  -0.00036216425
   0.00036291747
   0.00013840966
  -0.00044933900
   0.00013929945
   0.00036413088
  -0.00036489195
  -0.00013916141
   0.00045178802
  -0.00014006046
  -0.00036611772
   0.00036688861
   0.00013992193
  -0.00045426266
   0.00014083121
   0.00036812750
  -0.00036890575
  -0.00014068890
   0.00045676586
  -0.00014160992
  -0.00037015845
   0.00037094683
   0.00014146533
  -0.00045929657
   0.00014239805
   0.00037221320
  -0.00037301032
  -0.00014225069
   0.00046185661
  -0.00014319265
  -0.00037429020
   0.00037509529
   0.00014304436
  -0.00046444233
   0.00014399970
   0.00037639028
  -0.00037720678
  -0.00014384781
   0.00046706040
  -0.00014481252
  -0.00037851426
   0.00037934012
   0.00014466029
  -0.00046970607
   0.00014563594
   0.00038066216
  -0.00038149777
  -0.00014548107
   0.00047238264
  -0.00014646898
  -0.00038283528
   0.00038367961
   0.00014631138
  -0.00047508901
   0.00014731230
   0.00038503239
  -0.00038588866
  -0.00014715186
   0.00047782833
  -0.00014816377
  -0.00038725567
   0.00038812149
   0.00014800167
  -0.00048059862
   0.00014902567
   0.00038950502
  -0.00039038020
  -0.00014886235
   0.00048339928
  -0.00014989844
  -0.00039177963
   0.00039266578
   0.00014973119
  -0.00048623532
   0.00015078069
   0.00039408171
  -0.00039497780
  -0.00015061098
   0.00048910350
  -0.00015167405
  -0.00039641052
   0.00039731795
   0.00015150101
  -0.00049200663
   0.00015257727
   0.00039876639
  -0.00039968689
  -0.00015240241
   0.00049494422
  -0.00015349168
  -0.00040115187
   0.00040208253
   0.00015331426
  -0.00049791607
   0.00015441765
   0.00040356483
  -0.00040450889
  -0.00015423744
   0.00050092506
  -0.00015535420
  -0.00040600852
   0.00040696223
   0.00015517073
  -0.00050396983
   0.00015630304
   0.00040848113
  -0.00040944774
  -0.00015611690
   0.00050705278
  -0.00015726099
  -0.00041098292
   0.00041196180
   0.00015707205
  -0.00051017292
   0.00015823468
   0.00041351777
  -0.00041450906
  -0.00015804172
   0.00051333308
  -0.00015921627
  -0.00041608209
   0.00041708682
   0.00015902286
  -0.00051653056
   0.00016021255
   0.00041867897
  -0.00041969723
  -0.00016001594
   0.00051976915
  -0.00016122061
  -0.00042130854
   0.00042233992
   0.00016102146
  -0.00052304724
   0.00016224338
   0.00042397239
  -0.00042501576
  -0.00016203861
   0.00052636881
  -0.00016327790
  -0.00042666956
   0.00042772672
   0.00016307035
  -0.00052973175
   0.00016432545
   0.00042940034
  -0.00043047286
  -0.00016411440
   0.00053313950
  -0.00016538593
  -0.00043216745
   0.00043325309
   0.00016517227
  -0.00053658971
   0.00016646081
   0.00043496920
  -0.00043607087
  -0.00016624388
   0.00054008537
  -0.00016755035
  -0.00043780899
   0.00043892472
   0.00016732984
  -0.00054362643
   0.00016865400
   0.00044068575
  -0.00044181582
  -0.00016842896
   0.00054721565
  -0.00016977110
  -0.00044360007
   0.00044474507
   0.00016954262
  -0.00055085153
   0.00017090463
   0.00044655341
  -0.00044771535
  -0.00017067358
   0.00055453541
  -0.00017205198
  -0.00044954534
   0.00045072429
   0.00017181739
  -0.00055826997
   0.00017321530
   0.00045257828
  -0.00045377346
  -0.00017297578
   0.00056205580
  -0.00017439516
  -0.00045565365
   0.00045686449
   0.00017415211
  -0.00056589117
   0.00017559200
   0.00045877148
  -0.00045999691
  -0.00017534340
   0.00056978013
  -0.00017680342
  -0.00046192848
   0.00046317587
   0.00017655143
  -0.00057372372
   0.00017803329
   0.00046513261
  -0.00046639763
  -0.00017777688
   0.00057772283
  -0.00017927839
  -0.00046838140
   0.00046966224
   0.00017901848
  -0.00058177619
   0.00018054273
   0.00047167501
  -0.00047297471
  -0.00018027812
   0.00058588711
  -0.00018182502
  -0.00047501502
   0.00047633512
   0.00018155573
  -0.00059005819
   0.00018312386
   0.00047840302
  -0.00047974161
  -0.00018285032
   0.00059428854
  -0.00018444279
  -0.00048184071
   0.00048319731
   0.00018416497
  -0.00059857841
   0.00018578069
   0.00048532632
  -0.00048670432
  -0.00018549782
   0.00060293206
  -0.00018713795
  -0.00048886353
   0.00049026226
   0.00018685089
  -0.00060734812
   0.00018851614
   0.00049245289
  -0.00049387204
  -0.00018822208
   0.00061183126
  -0.00018991439
  -0.00049609599
   0.00049753574
   0.00018961542
  -0.00061637944
   0.00019133318
   0.00049979135
  -0.00050125589
  -0.00019102894
   0.00062099789
  -0.00019277273
  -0.00050354432
   0.00050503014
   0.00019246496
  -0.00062568313
   0.00019423516
   0.00050735312
  -0.00050886171
  -0.00019392052
   0.00063044256
  -0.00019571788
  -0.00051121900
   0.00051275222
   0.00019539864
  -0.00063527392
   0.00019722511
   0.00051514547
  -0.00051670287
  -0.00019690039
   0.00064017962
  -0.00019875541
  -0.00051913321
   0.00052071339
   0.00019842504
  -0.00064515959
   0.00020031194
   0.00052318275
  -0.00052478892
  -0.00019997397
   0.00065021999
  -0.00020189062
  -0.00052729545
   0.00052892842
   0.00020154721
  -0.00065536086
   0.00020349346
   0.00053147368
  -0.00053313171
  -0.00020314450
   0.00066058145
  -0.00020512457
  -0.00053571770
   0.00053740581
   0.00020476812
  -0.00066588950
   0.00020677872
   0.00054003153
  -0.00054174479
  -0.00020641643
   0.00067128104
  -0.00020846229
  -0.00054441479
   0.00054615692
   0.00020809302
  -0.00067676074
   0.00021017315
   0.00054887034
  -0.00055064054
  -0.00020979664
   0.00068233050
  -0.00021191216
  -0.00055339852
   0.00055519934
   0.00021152856
  -0.00068799329
   0.00021367959
   0.00055800186
  -0.00055983434
  -0.00021329009
   0.00069374904
  -0.00021547868
  -0.00056268310
   0.00056454764
   0.00021508006
  -0.00069960532
   0.00021730532
   0.00056744359
  -0.00056933943
  -0.00021690089
   0.00070555835
  -0.00021916553
  -0.00057228544
   0.00057421385
   0.00021875239
  -0.00071161470
   0.00022105700
   0.00057721006
  -0.00057917305
  -0.00022063605
   0.00071777640
  -0.00022298094
  -0.00058222115
   0.00058421651
   0.00022255139
  -0.00072404462
   0.00022493969
   0.00058731821
  -0.00058935248
  -0.00022450283
   0.00073042363
  -0.00022693210
  -0.00059250654
   0.00059457584
   0.00022648531
  -0.00073691717
   0.00022896049
   0.00059778685
  -0.00059989466
  -0.00022850537
   0.00074352563
  -0.00023102661
  -0.00060316282
   0.00060530982
   0.00023056268
  -0.00075025372
   0.00023312916
   0.00060863578
  -0.00061082217
  -0.00023265499
   0.00075710573
  -0.00023527074
  -0.00061420874
   0.00061643749
   0.00023478672
  -0.00076408494
   0.00023745096
   0.00061988562
  -0.00062215537
  -0.00023695829
   0.00077119179
  -0.00023967308
  -0.00062566734
   0.00062798130
   0.00023916943
  -0.00077843346
   0.00024193781
   0.00063155985
  -0.00063391711
  -0.00024142405
   0.00078581155
  -0.00024424391
  -0.00063756220
   0.00063996578
   0.00024371922
  -0.00079333226
   0.00024659490
   0.00064368078
  -0.00064613077
  -0.00024605925
   0.00080099673
  -0.00024899321
  -0.00064991838
   0.00065241674
   0.00024844564
  -0.00080881148
   0.00025143681
   0.00065627722
  -0.00065882546
  -0.00025087785
   0.00081678006
  -0.00025392945
  -0.00066276166
   0.00066536189
   0.00025335825
  -0.00082490758
   0.00025647245
   0.00066937730
  -0.00067202765
  -0.00025588852
   0.00083319666
  -0.00025906730
  -0.00067612404
   0.00067883061
   0.00025846881
  -0.00084165724
   0.00026171395
   0.00068300988
  -0.00068577147
  -0.00026110314
   0.00085028928
  -0.00026441546
  -0.00069003626
   0.00069285651
   0.00026379181
  -0.00085910032
   0.00026717299
   0.00069720842
  -0.00070008892
  -0.00026653513
   0.00086809642
  -0.00026998965
  -0.00070453233
   0.00070747460
   0.00026933811
  -0.00087728188
   0.00027286577
   0.00071201169
  -0.00071501574
  -0.00027219824
   0.00088666409
  -0.00027580501
  -0.00071965112
   0.00072272227
   0.00027512214
  -0.00089624998
   0.00027880555
   0.00072745528
  -0.00073059475
  -0.00027810726
   0.00090604501
  -0.00028187451
  -0.00073543159
   0.00073864238
   0.00028115978
  -0.00091605702
   0.00028501014
   0.00074358495
  -0.00074686729
  -0.00028427878
   0.00092629263
  -0.00028821641
  -0.00075192072
   0.00075527730
   0.00028746724
  -0.00093675913
   0.00029149686
   0.00076044599
  -0.00076387933
  -0.00029072814
   0.00094746537
  -0.00029485266
  -0.00076916682
   0.00077268036
   0.00029406524
  -0.00095841856
   0.00029828646
   0.00077809024
  -0.00078168597
  -0.00029748022
   0.00096962679
  -0.00030180125
  -0.00078722170
   0.00079090459
   0.00030097344
  -0.00098110316
   0.00030539900
   0.00079657103
  -0.00080034326
  -0.00030455173
   0.00099285257
  -0.00030908350
  -0.00080614448
   0.00081000885
   0.00030821359
   -0.0010048883
   0.00031285888
   0.00081595256
  -0.00081991082
  -0.00031196675
    0.0010172177
  -0.00031672709
  -0.00082600048
   0.00083005872
   0.00031581235
   -0.0010298529
   0.00032069326
   0.00083629935
  -0.00084046139
  -0.00031975366
    0.0010428073
  -0.00032475923
  -0.00084685959
   0.00085112563
   0.00032379281
   -0.0010560923
   0.00032892932
   0.00085768870
  -0.00086206638
  -0.00032793802
    0.0010697186
  -0.00033320771
  -0.00086879746
   0.00087329215
   0.00033218991
   -0.0010837016
   0.00033759941
   0.00088019860
  -0.00088481359
  -0.00033655272
    0.0010980564
  -0.00034210740
  -0.00089190331
   0.00089664230
   0.00034103224
   -0.0011127945
   0.00034673947
   0.00090392429
  -0.00090879159
  -0.00034563236
    0.0011279346
  -0.00035149711
  -0.00091627240
   0.00092127467
   0.00035035709
   -0.0011434932
   0.00035638743
   0.00092896234
  -0.00093410792
  -0.00035521626
    0.0011594850
  -0.00036141614
  -0.00094200951
   0.00094730197
   0.00036021033
   -0.0011759317
   0.00036658821
   0.00095542899
  -0.00096087234
  -0.00036534536
    0.0011928522
  -0.00037190980
  -0.00096923481
   0.00097483822
   0.00037062877
   -0.0012102663
   0.00037739010
   0.00098344709
  -0.00098921696
  -0.00037606937
    0.0012281960
  -0.00038303294
  -0.00099808154
    0.0010040254
   0.00038167111
   -0.0012466650
   0.00038884672
    0.0010131565
   -0.0010192855
  -0.00038744227
    0.0012656981
  -0.00039484144
   -0.0010286966
    0.0010350154
   0.00039339086
   -0.0012853222
   0.00040102164
    0.0010447191
   -0.0010512389
  -0.00039952479
    0.0013055646
  -0.00040739824
   -0.0010612493
    0.0010679778
   0.00040585332
   -0.0013264528
   0.00041398221
    0.0010783100
   -0.0010852598
  -0.00041238552
    0.0013480205
  -0.00042078348
   -0.0010959299
    0.0011031093
   0.00041913040
   -0.0013703027
   0.00042781122
    0.0011141357
   -0.0011215553
  -0.00042610049
    0.0013933329
  -0.00043507692
   -0.0011329545
    0.0011406306
   0.00043330730
   -0.0014171497
   0.00044259440
    0.0011524206
   -0.0011603652
  -0.00044076087
    0.0014417961
  -0.00045037588
   -0.0011725675
    0.0011807948
   0.00044847557
   -0.0014673157
   0.00045843460
    0.0011934314
   -0.0012019550
  -0.00045646363
    0.0014937545
  -0.00046678819
   -0.0012150508
    0.0012238901
   0.00046474452
   -0.0015211624
   0.00047545119
    0.0012374675
   -0.0012466395
  -0.00047332900
    0.0015495961
  -0.00048444276
   -0.0012607285
    0.0012702504
   0.00048223743
   -0.0015791127
   0.00049378078
    0.0012848812
   -0.0012947724
  -0.00049148844
    0.0016097743
  -0.00050348521
   -0.0013099750
    0.0013202611
   0.00050110029
   -0.0016416516
   0.00051357949
    0.0013360710
   -0.0013467713
  -0.00051109532
    0.0016748157
  -0.00052408739
   -0.0013632266
    0.0013743706
   0.00052149816
   -0.0017093490
   0.00053503244
    0.0013915096
   -0.0014031227
  -0.00053233299
    0.0017453354
  -0.00054644424
   -0.0014209897
    0.0014331042
   0.00054362670
   -0.0017828704
   0.00055835321
    0.0014517457
   -0.0014643956
  -0.00055541114
    0.0018220537
  -0.00057079479
   -0.0014838645
    0.0014970823
   0.00056771635
   -0.0018629990
   0.00058380261
    0.0015174349
   -0.0015312638
  -0.00058057986
    0.0019058284
  -0.00059741590
   -0.0015525610
    0.0015670403
   0.00059403971
   -0.0019506710
   0.00061168103
    0.0015893510
   -0.0016045305
  -0.00060813869
    0.0019976766
  -0.00062664243
   -0.0016279276
    0.0016438573
   0.00062292356
   -0.0020470021
   0.00064235474
    0.0016684235
   -0.0016851600
  -0.00063844490
    0.0020988249
  -0.00065887495
   -0.0017109846
    0.0017285921
   0.00065475826
   -0.0021533413
   0.00067626734
    0.0017557751
   -0.0017743224
  -0.00067192874
    0.0022107640
  -0.00069460230
   -0.0018029723
    0.0018225390
   0.00069002418
   -0.0022713336
   0.00071395856
    0.0018527777
   -0.0018734469
  -0.00070911870
    0.0023353156
  -0.00073442574
   -0.0019054120
    0.0019272845
   0.00072930288
   -0.0024030075
   0.00075609977
    0.0019611266
   -0.0019843038
  -0.00075066779
    0.0024747402
  -0.00077909182
   -0.0020201960
    0.0020448015
   0.00077332291
   -0.0025508870
   0.00080352618
    0.0020829349
   -0.0021091025
  -0.00079738524
    0.0026318706
  -0.00082954231
   -0.0021496956
    0.0021775815
   0.00082299778
   -0.0027181615
   0.00085729833
    0.0022208758
   -0.0022506544
  -0.00085030494
    0.0028103053
  -0.00088697803
   -0.0022969337
    0.0023288043
   0.00087949078
   -0.0029089149
   0.00091878230
    0.0023783844
   -0.0024125726
  -0.00091074654
    0.0030146963
  -0.00095295419
   -0.0024658237
    0.0025025957
   0.00094430752
   -0.0031284619
   0.00098976523
    0.0025599392
   -0.0025995957
  -0.00098043542
    0.0032511505
   -0.0010295332
   -0.0026615232
    0.0027044196
    0.0010194379
   -0.0033838549
    0.0010726292
    0.0027715021
   -0.0028180518
   -0.0010616703
    0.0035278541
   -0.0011194909
   -0.0028909640
    0.0029416513
    0.0011075531
   -0.0036846535
    0.0011706308
    0.0030211861
   -0.0030765899
   -0.0011575783
    0.0038560387
   -0.0012266674
   -0.0031636944
    0.0032245033
    0.0012123329
   -0.0040441482
    0.0012883349
    0.0033203132
   -0.0033873577
   -0.0012725249
    0.0042515501
   -0.0013565274
   -0.0034932444
    0.0035675373
    0.0013390010
   -0.0044813769
    0.0014323392
    0.0036851794
   -0.0037679622
   -0.0014128016
    0.0047374724
   -0.0015171215
   -0.0038994336
    0.0039922463
    0.0014952064
   -0.0050246125
    0.0016125658
    0.0041401388
   -0.0042449205
   -0.0015878117
    0.0053488076
   -0.0017208158
   -0.0044125145
    0.0045317402
    0.0016926342
   -0.0057177255
    0.0018446345
    0.0047232540
   -0.0048601288
   -0.0018122630
    0.0061413042
   -0.0019876365
   -0.0050810747
    0.0052398272
    0.0019500631
   -0.0066326698
    0.0021546496
    0.0054975552
   -0.0056838822
   -0.0021105144
    0.0072095072
   -0.0023522675
   -0.0059884070
    0.0062101689
    0.0022996869
   -0.0078962469
    0.0025897392
    0.0065755042
   -0.0068438608
   -0.0025260331
    0.0087276056
   -0.0028804532
   -0.0072902306
    0.0076215749
    0.0028016690
   -0.0097546521
    0.0032445354
    0.0081792818
   -0.0085987014
   -0.0031445923
     0.011055708
   -0.0037136927
   -0.0093152918
    0.0098632175
    0.0035827226
    -0.012757337
    0.0043409137
     0.010817755
    -0.011563776
   -0.0041617567
     0.015078270
   -0.0052218399
    -0.012898091
     0.013972898
    0.0049617364
    -0.018432005
    0.0065482177
     0.015969061
    -0.017649981
   -0.0061357062
     0.023705943
   -0.0087677188
    -0.020959386
     0.023953552
    0.0080106953
    -0.033214369
     0.013214861
     0.030486373
    -0.037261090
    -0.011353921
     0.055515446
    -0.026283395
    -0.055891672
     0.083837471
     0.014751623
     -0.17271472
      0.23172109
       1.0000000
       1.0000000
      0.23172109
     -0.17271472
     0.014751623
     0.083837470
    -0.055891673
    -0.026283395
     0.055515445
    -0.011353922
    -0.037261089
     0.030486374
     0.013214860
    -0.033214371
    0.0080106947
     0.023953552
    -0.020959386
   -0.0087677186
     0.023705943
   -0.0061357061
    -0.017649980
     0.015969061
    0.0065482174
    -0.018432005
    0.0049617370
     0.013972899
    -0.012898090
   -0.0052218405
     0.015078269
   -0.0041617570
    -0.011563776
     0.010817755
    0.0043409137
    -0.012757337
    0.0035827237
    0.0098632182
   -0.0093152921
   -0.0037136935
     0.011055707
   -0.0031445927
   -0.0085987016
    0.0081792820
    0.0032445360
   -0.0097546517
    0.0028016686
    0.0076215741
   -0.0072902310
   -0.0028804529
    0.0087276060
   -0.0025260332
   -0.0068438611
    0.0065755040
    0.0025897392
   -0.0078962467
    0.0022996871
    0.0062101689
   -0.0059884072
   -0.0023522677
    0.0072095073
   -0.0021105143
   -0.0056838817
    0.0054975561
    0.0021546500
   -0.0066326703
    0.0019500626
    0.0052398270
   -0.0050810753
   -0.0019876368
    0.0061413054
   -0.0018122616
   -0.0048601293
    0.0047232529
    0.0018446347
   -0.0057177249
    0.0016926338
    0.0045317392
   -0.0044125150
   -0.0017208158
    0.0053488081
   -0.0015878110
   -0.0042449203
    0.0041401384
    0.0016125657
   -0.0050246123
    0.0014952062
    0.0039922461
   -0.0038994332
   -0.0015171215
    0.0047374719
   -0.0014128014
   -0.0037679615
    0.0036851790
    0.0014323377
   -0.0044813777
    0.0013390013
    0.0035675379
   -0.0034932436
   -0.0013565264
    0.0042515509
   -0.0012725246
   -0.0033873581
    0.0033203120
    0.0012883340
   -0.0040441478
    0.0012123335
    0.0032245031
   -0.0031636944
   -0.0012266665
    0.0038560392
   -0.0011575788
   -0.0030765906
    0.0030211857
    0.0011706306
   -0.0036846534
    0.0011075533
    0.0029416515
   -0.0028909634
   -0.0011194903
    0.0035278537
   -0.0010616709
   -0.0028180512
    0.0027715028
    0.0010726285
   -0.0033838555
    0.0010194386
    0.0027044201
   -0.0026615236
   -0.0010295332
    0.0032511511
  -0.00098043544
   -0.0025995963
    0.0025599387
   0.00098976477
   -0.0031284623
   0.00094430755
    0.0025025960
   -0.0024658234
  -0.00095295340
    0.0030146969
  -0.00091074718
   -0.0024125736
    0.0023783845
   0.00091878250
   -0.0029089159
   0.00087948994
    0.0023288050
   -0.0022969321
  -0.00088697723
    0.0028103046
  -0.00085030614
   -0.0022506545
    0.0022208767
   0.00085729832
   -0.0027181629
   0.00082299724
    0.0021775826
   -0.0021496948
  -0.00082954297
    0.0026318697
  -0.00079738527
   -0.0021091023
    0.0020829350
   0.00080352648
   -0.0025508865
   0.00077332320
    0.0020448016
   -0.0020201958
  -0.00077909150
    0.0024747403
  -0.00075066817
   -0.0019843041
    0.0019611268
   0.00075610001
   -0.0024030078
   0.00072930229
    0.0019272840
   -0.0019054122
  -0.00073442553
    0.0023353156
  -0.00070911939
   -0.0018734473
    0.0018527784
   0.00071395919
   -0.0022713340
   0.00069002375
    0.0018225393
   -0.0018029721
  -0.00069460242
    0.0022107645
  -0.00067192822
   -0.0017743229
    0.0017557746
   0.00067626817
   -0.0021533402
   0.00065475828
    0.0017285915
   -0.0017109850
  -0.00065887490
    0.0020988250
  -0.00063844486
   -0.0016851599
    0.0016684238
   0.00064235473
   -0.0020470027
   0.00062292291
    0.0016438574
   -0.0016279273
  -0.00062664281
    0.0019976761
  -0.00060813837
   -0.0016045296
    0.0015893516
   0.00061168102
   -0.0019506714
   0.00059403922
    0.0015670398
   -0.0015525615
  -0.00059741631
    0.0019058284
  -0.00058057934
   -0.0015312629
    0.0015174356
   0.00058380258
   -0.0018629994
   0.00056771657
    0.0014970829
   -0.0014838646
  -0.00057079563
    0.0018220534
  -0.00055541080
   -0.0014643953
    0.0014517460
   0.00055835371
   -0.0017828703
   0.00054362602
    0.0014331034
   -0.0014209899
  -0.00054644385
    0.0017453357
  -0.00053233327
   -0.0014031232
    0.0013915099
   0.00053503313
   -0.0017093492
   0.00052149724
    0.0013743707
   -0.0013632253
  -0.00052408654
    0.0016748153
  -0.00051109622
   -0.0013467721
    0.0013360709
   0.00051357988
   -0.0016416513
   0.00050109998
    0.0013202606
   -0.0013099751
  -0.00050348497
    0.0016097748
  -0.00049148801
   -0.0012947723
    0.0012848813
   0.00049378154
   -0.0015791121
   0.00048223680
    0.0012702491
   -0.0012607288
  -0.00048444223
    0.0015495963
  -0.00047332945
   -0.0012466396
    0.0012374682
   0.00047545183
   -0.0015211629
   0.00046474345
    0.0012238900
   -0.0012150501
  -0.00046678800
    0.0014937537
  -0.00045646429
   -0.0012019547
    0.0011934323
   0.00045843541
   -0.0014673155
   0.00044847505
    0.0011807944
   -0.0011725672
  -0.00045037538
    0.0014417962
  -0.00044076095
   -0.0011603651
    0.0011524204
   0.00044259411
   -0.0014171495
   0.00043330773
    0.0011406305
   -0.0011329549
  -0.00043507704
    0.0013933328
  -0.00042610101
   -0.0011215559
    0.0011141356
   0.00042781147
   -0.0013703022
   0.00041913121
    0.0011031099
   -0.0010959303
  -0.00042078429
    0.0013480202
  -0.00041238530
   -0.0010852593
    0.0010783108
   0.00041398252
   -0.0013264533
   0.00040585311
    0.0010679782
   -0.0010612497
  -0.00040739997
    0.0013055639
  -0.00039952354
   -0.0010512375
    0.0010447191
   0.00040102112
   -0.0012853227
   0.00039339029
    0.0010350154
   -0.0010286955
  -0.00039484042
    0.0012656979
  -0.00038744290
   -0.0010192855
    0.0010131567
   0.00038884618
   -0.0012466655
   0.00038167187
    0.0010040267
  -0.00099808148
  -0.00038303382
    0.0012281956
  -0.00037606962
  -0.00098921800
   0.00098344616
   0.00037739055
   -0.0012102653
   0.00037062915
   0.00097483814
  -0.00096923465
  -0.00037190944
    0.0011928523
  -0.00036534571
  -0.00096087314
   0.00095542862
   0.00036658859
   -0.0011759317
   0.00036020938
   0.00094730167
  -0.00094200845
  -0.00036141538
    0.0011594846
  -0.00035521650
  -0.00093410718
   0.00092896293
   0.00035638718
   -0.0011434934
   0.00035035733
   0.00092127492
  -0.00091627251
  -0.00035149738
    0.0011279343
  -0.00034563283
  -0.00090879206
   0.00090392408
   0.00034673954
   -0.0011127943
   0.00034103252
   0.00089664251
  -0.00089190336
  -0.00034210749
    0.0010980567
  -0.00033655238
  -0.00088481367
   0.00088019820
   0.00033759923
   -0.0010837013
   0.00033219053
   0.00087329265
  -0.00086879741
  -0.00033320791
    0.0010697185
  -0.00032793854
  -0.00086206739
   0.00085768818
   0.00032892998
   -0.0010560912
   0.00032379359
   0.00085112609
  -0.00084685944
  -0.00032475953
    0.0010428069
  -0.00031975369
  -0.00084046163
   0.00083629834
   0.00032069199
   -0.0010298532
   0.00031581331
   0.00083005996
  -0.00082600027
  -0.00031672757
    0.0010172177
  -0.00031196654
  -0.00081991152
   0.00081595169
   0.00031285925
   -0.0010048873
   0.00030821398
   0.00081000864
  -0.00080614462
  -0.00030908344
   0.00099285293
  -0.00030455118
  -0.00080034319
   0.00079657056
   0.00030539877
  -0.00098110310
   0.00030097301
   0.00079090374
  -0.00078722188
  -0.00030180020
   0.00096962814
  -0.00029748012
  -0.00078168741
   0.00077808894
   0.00029828663
  -0.00095841786
   0.00029406523
   0.00077268021
  -0.00076916639
  -0.00029485241
   0.00094746487
  -0.00029072854
  -0.00076387885
   0.00076044693
   0.00029149737
  -0.00093675940
   0.00028746660
   0.00075527668
  -0.00075192145
  -0.00028821707
   0.00092629290
  -0.00028427761
  -0.00074686661
   0.00074358469
   0.00028500989
  -0.00091605714
   0.00028115912
   0.00073864172
  -0.00073543123
  -0.00028187365
   0.00090604544
  -0.00027810692
  -0.00073059401
   0.00072745574
   0.00027880484
  -0.00089625141
   0.00027512139
   0.00072272278
  -0.00071965014
  -0.00027580441
   0.00088666418
  -0.00027219888
  -0.00071501706
   0.00071201105
   0.00027286661
  -0.00087728120
   0.00026933738
   0.00070747414
  -0.00070453115
  -0.00026998851
   0.00086809599
  -0.00026653604
  -0.00070008902
   0.00069720867
   0.00026717285
  -0.00085910077
   0.00026379170
   0.00069285715
  -0.00069003549
  -0.00026441566
   0.00085028849
  -0.00026110333
  -0.00068577140
   0.00068300950
   0.00026171419
  -0.00084165578
   0.00025846956
   0.00067882948
  -0.00067612512
  -0.00025906683
   0.00083319727
  -0.00025588918
  -0.00067202868
   0.00066937716
   0.00025647308
  -0.00082490689
   0.00025335860
   0.00066536182
  -0.00066276193
  -0.00025392957
   0.00081678011
  -0.00025087797
  -0.00065882575
   0.00065627726
   0.00025143729
  -0.00080881121
   0.00024844536
   0.00065241645
  -0.00064991830
  -0.00024899305
   0.00080099671
  -0.00024605940
  -0.00064613102
   0.00064368073
   0.00024659552
  -0.00079333142
   0.00024371924
   0.00063996495
  -0.00063756307
  -0.00024424433
   0.00078581182
  -0.00024142314
  -0.00063391658
   0.00063155920
   0.00024193697
  -0.00077843341
   0.00023916970
   0.00062798111
  -0.00062566717
  -0.00023967219
   0.00077119233
  -0.00023695854
  -0.00062215550
   0.00061988609
   0.00023745146
  -0.00076408507
   0.00023478583
   0.00061643652
  -0.00061420882
  -0.00023527020
   0.00075710566
  -0.00023265549
  -0.00061082179
   0.00060863656
   0.00023312879
  -0.00075025467
   0.00023056280
   0.00060531055
  -0.00060316268
  -0.00023102660
   0.00074352604
  -0.00022850542
  -0.00059989529
   0.00059778674
   0.00022896107
  -0.00073691646
   0.00022648612
   0.00059457612
  -0.00059250776
  -0.00022693361
   0.00073042382
  -0.00022450189
  -0.00058935282
   0.00058731713
   0.00022493931
  -0.00072404442
   0.00022255203
   0.00058421768
  -0.00058222060
  -0.00022298158
   0.00071777596
  -0.00022063596
  -0.00057917365
   0.00057720936
   0.00022105772
  -0.00071161370
   0.00021875207
   0.00057421320
  -0.00057228541
  -0.00021916552
   0.00070555841
  -0.00021690023
  -0.00056933907
   0.00056744321
   0.00021730531
  -0.00069960518
   0.00021507909
   0.00056454678
  -0.00056268197
  -0.00021547690
   0.00069374930
  -0.00021329089
  -0.00055983498
   0.00055800140
   0.00021367935
  -0.00068799301
   0.00021152893
   0.00055519945
  -0.00055339838
  -0.00021191207
   0.00068233015
  -0.00020979727
  -0.00055064100
   0.00054887017
   0.00021017321
  -0.00067676057
   0.00020809333
   0.00054615757
  -0.00054441429
  -0.00020846271
   0.00067128018
  -0.00020641659
  -0.00054174432
   0.00054003207
   0.00020677934
  -0.00066588925
   0.00020476725
   0.00053740476
  -0.00053571741
  -0.00020512346
   0.00066058187
  -0.00020314503
  -0.00053313253
   0.00053147332
   0.00020349419
  -0.00065535988
   0.00020154678
   0.00052892721
  -0.00052729521
  -0.00020188920
   0.00065022038
  -0.00019997496
  -0.00052479006
   0.00052318182
   0.00020031134
  -0.00064515903
   0.00019842661
   0.00052071437
  -0.00051913365
  -0.00019875630
   0.00064017947
  -0.00019689985
  -0.00051670243
   0.00051514571
   0.00019722567
  -0.00063527334
   0.00019539829
   0.00051275096
  -0.00051122019
  -0.00019571848
   0.00063044252
  -0.00019392012
  -0.00050886124
   0.00050735322
   0.00019423504
  -0.00062568326
   0.00019246486
   0.00050503041
  -0.00050354370
  -0.00019277267
   0.00062099743
  -0.00019102860
  -0.00050125492
   0.00049979126
   0.00019133219
  -0.00061637950
   0.00018961641
   0.00049753649
  -0.00049609576
  -0.00018991453
   0.00061183023
  -0.00018822355
  -0.00049387242
   0.00049245363
   0.00018851636
  -0.00060734888
   0.00018685055
   0.00049026300
  -0.00048886280
  -0.00018713802
   0.00060293177
  -0.00018549790
  -0.00048670450
   0.00048532626
   0.00018578127
  -0.00059857772
   0.00018416513
   0.00048319763
  -0.00048184016
  -0.00018444355
   0.00059428652
  -0.00018285117
  -0.00047974054
   0.00047840396
   0.00018312368
  -0.00059005849
   0.00018155577
   0.00047633521
  -0.00047501481
  -0.00018182486
   0.00058588684
  -0.00018027831
  -0.00047297436
   0.00047167533
   0.00018054262
  -0.00058177628
   0.00017901867
   0.00046966248
  -0.00046838145
  -0.00017927906
   0.00057772208
  -0.00017777661
  -0.00046639693
   0.00046513212
   0.00017803240
  -0.00057372315
   0.00017655236
   0.00046317524
  -0.00046192928
  -0.00017680262
   0.00056978095
  -0.00017534419
  -0.00045999797
   0.00045877160
   0.00017559283
  -0.00056589027
   0.00017415271
   0.00045686425
  -0.00045565452
  -0.00017439580
   0.00056205543
  -0.00017297602
  -0.00045377288
   0.00045257970
   0.00017321624
  -0.00055827010
   0.00017181695
   0.00045072389
  -0.00044954602
  -0.00017205261
   0.00055453554
  -0.00017067281
  -0.00044771485
   0.00044655300
   0.00017090374
  -0.00055085176
   0.00016954332
   0.00044474564
  -0.00044360036
  -0.00016977149
   0.00054721586
  -0.00016842873
  -0.00044181617
   0.00044068545
   0.00016865436
  -0.00054362603
   0.00016732959
   0.00043892452
  -0.00043780825
  -0.00016754949
   0.00054008508
  -0.00016624479
  -0.00043607120
   0.00043496917
   0.00016646047
  -0.00053658964
   0.00016517327
   0.00043325390
  -0.00043216781
  -0.00016538691
   0.00053313887
  -0.00016411420
  -0.00043047207
   0.00042940070
   0.00016432481
  -0.00052973220
   0.00016307109
   0.00042772750
  -0.00042666990
  -0.00016327837
   0.00052636902
  -0.00016203864
  -0.00042501636
   0.00042397212
   0.00016224346
  -0.00052304732
   0.00016102164
   0.00042234034
  -0.00042130884
  -0.00016122123
   0.00051976962
  -0.00016001489
  -0.00041969707
   0.00041867870
   0.00016021274
  -0.00051653058
   0.00015902231
   0.00041708664
  -0.00041608198
  -0.00015921670
   0.00051333269
  -0.00015804139
  -0.00041450898
   0.00041351704
   0.00015823439
  -0.00051017208
   0.00015707283
   0.00041196152
  -0.00041098386
  -0.00015726162
   0.00050705301
  -0.00015611616
  -0.00040944737
   0.00040848095
   0.00015630284
  -0.00050396991
   0.00015517078
   0.00040696271
  -0.00040600798
  -0.00015535446
   0.00050092454
  -0.00015423708
  -0.00040450819
   0.00040356472
   0.00015441719
  -0.00049791611
   0.00015331425
   0.00040208231
  -0.00040115177
  -0.00015349138
   0.00049494422
  -0.00015240243
  -0.00039968658
   0.00039876661
   0.00015257724
  -0.00049200651
   0.00015150118
   0.00039731779
  -0.00039641073
  -0.00015167387
   0.00048910370
  -0.00015061136
  -0.00039497854
   0.00039408145
   0.00015078112
  -0.00048623500
   0.00014973071
   0.00039266490
  -0.00039177999
  -0.00014989782
   0.00048340064
  -0.00014886132
  -0.00039038049
   0.00038950408
   0.00014902567
  -0.00048059786
   0.00014800172
   0.00038812086
  -0.00038725595
  -0.00014816397
   0.00047782778
  -0.00014715186
  -0.00038588816
   0.00038503176
   0.00014731076
  -0.00047508914
   0.00014631300
   0.00038368084
  -0.00038283538
  -0.00014646943
   0.00047238242
  -0.00014548127
  -0.00038149780
   0.00038066229
   0.00014563571
  -0.00046970667
   0.00014466003
   0.00037934046
  -0.00037851394
  -0.00014481261
   0.00046706022
  -0.00014384779
  -0.00037720682
   0.00037639004
   0.00014399961
  -0.00046444203
   0.00014304500
   0.00037509605
  -0.00037428989
  -0.00014319335
   0.00046185562
  -0.00014225064
  -0.00037300964
   0.00037221294
   0.00014239705
  -0.00045929663
   0.00014146617
   0.00037094704
  -0.00037015902
  -0.00014161001
   0.00045676646
  -0.00014068844
  -0.00036890572
   0.00036812734
   0.00014083087
  -0.00045426303
   0.00013992198
   0.00036688908
  -0.00036611753
  -0.00014006074
   0.00045178807
  -0.00013916072
  -0.00036489164
   0.00036413018
   0.00013929875
  -0.00044933882
   0.00013840996
   0.00036291725
  -0.00036216421
  -0.00013854476
   0.00044691704
  -0.00013766651
  -0.00036096406
   0.00036021983
   0.00013780007
  -0.00044452066
   0.00013693057
   0.00035903196
  -0.00035829448
  -0.00013706159
   0.00044215000
  -0.00013620337
  -0.00035712083
   0.00035639037
   0.00013633246
  -0.00043980319
   0.00013548367
   0.00035522776
  -0.00035450867
  -0.00013561048
   0.00043748444
  -0.00013476935
  -0.00035335617
   0.00035264395
   0.00013489637
  -0.00043518654
   0.00013406545
   0.00035150448
  -0.00035079925
  -0.00013418905
   0.00043291362
  -0.00013336882
  -0.00034967184
   0.00034897538
   0.00013349068
  -0.00043066476
   0.00013267772
   0.00034785772
  -0.00034716894
  -0.00013279742
   0.00042844045
  -0.00013199397
  -0.00034606359
   0.00034538039
   0.00013211242
  -0.00042623696
   0.00013131825
   0.00034428751
  -0.00034361049
  -0.00013143363
   0.00042405758
  -0.00013064799
  -0.00034252854
   0.00034185964
   0.00013076308
  -0.00042189913
   0.00012998512
   0.00034078742
  -0.00034012662
  -0.00013009936
   0.00041976208
  -0.00012932989
  -0.00033906486
   0.00033841029
   0.00012944151
  -0.00041764747
   0.00012868035
   0.00033735884
  -0.00033671167
  -0.00012879036
   0.00041555413
  -0.00012803714
  -0.00033566919
   0.00033503113
   0.00012814615
  -0.00041348195
   0.00012740112
   0.00033399895
  -0.00033336521
  -0.00012750883
   0.00041142898
  -0.00012677065
  -0.00033234300
   0.00033171631
   0.00012687605
  -0.00040939765
   0.00012614677
   0.00033070359
  -0.00033008480
  -0.00012625023
   0.00040738716
  -0.00012552857
  -0.00032908189
   0.00032846778
   0.00012563195
  -0.00040539319
   0.00012491802
   0.00032747577
  -0.00032686620
  -0.00012501769
   0.00040342110
  -0.00012431137
  -0.00032588323
   0.00032528217
   0.00012441060
  -0.00040146757
   0.00012371159
   0.00032430767
  -0.00032371242
  -0.00012380929
   0.00039953281
  -0.00012311755
  -0.00032274757
   0.00032215754
   0.00012321424
  -0.00039761629
   0.00012252823
   0.00032120125
  -0.00032061692
  -0.00012262315
   0.00039571836
  -0.00012194590
  -0.00031967009
   0.00031909270
   0.00012203941
  -0.00039383892
   0.00012136754
   0.00031815326
  -0.00031758161
  -0.00012146040
   0.00039197656
  -0.00012079565
  -0.00031665098
   0.00031608482
   0.00012088668
  -0.00039013137
   0.00012023021
   0.00031516290
  -0.00031460371
  -0.00012031940
   0.00038830487
  -0.00011966820
  -0.00031368922
   0.00031313453
   0.00011975663
  -0.00038649512
   0.00011911134
   0.00031222911
  -0.00031167850
  -0.00011919904
   0.00038470077
  -0.00011856107
  -0.00031078215
   0.00031023764
   0.00011864758
  -0.00038292375
   0.00011801421
   0.00030934755
  -0.00030880944
  -0.00011809972
   0.00038116381
  -0.00011747304
  -0.00030792739
   0.00030739367
   0.00011755722
  -0.00037941911
   0.00011693743
   0.00030652007
  -0.00030599130
  -0.00011701995
   0.00037769019
  -0.00011640669
  -0.00030512512
   0.00030460230
   0.00011648727
  -0.00037597803
   0.00011588069
   0.00030374414
  -0.00030322528
  -0.00011596065
   0.00037428055
  -0.00011535783
  -0.00030237346
   0.00030186082
   0.00011543795
  -0.00037259750
   0.00011484205
   0.00030101666
  -0.00030050844
  -0.00011491957
   0.00037093060
  -0.00011433051
  -0.00029967273
   0.00029916784
   0.00011440652
  -0.00036927869
   0.00011382149
   0.00029833870
  -0.00029783954
  -0.00011389772
   0.00036764098
  -0.00011331787
  -0.00029701721
   0.00029652186
   0.00011339209
  -0.00036601787
   0.00011281940
   0.00029570650
  -0.00029521858
  -0.00011289281
   0.00036440939
  -0.00011232499
  -0.00029440887
   0.00029392500
   0.00011239809
  -0.00036281378
   0.00011183532
   0.00029312252
  -0.00029264181
  -0.00011190585
   0.00036123355
  -0.00011134941
  -0.00029184705
   0.00029137062
   0.00011141909
  -0.00035966608
   0.00011086794
   0.00029058205
  -0.00029011146
  -0.00011093704
   0.00035811279
  -0.00011038987
  -0.00028932867
   0.00028886105
   0.00011045742
  -0.00035657316
   0.00010991598
   0.00028808502
  -0.00028762344
  -0.00010998385
   0.00035504545
  -0.00010944723
  -0.00028685329
   0.00028639498
   0.00010951265
  -0.00035353263
   0.00010898133
   0.00028563199
  -0.00028517757
  -0.00010904819
   0.00035202924
  -0.00010852075
  -0.00028442067
   0.00028396960
   0.00010858430
  -0.00035054240
   0.00010806184
   0.00028321898
  -0.00028277210
  -0.00010812572
   0.00034906505
  -0.00010760993
  -0.00028202791
   0.00028158686
   0.00010767231
  -0.00034760210
   0.00010715903
   0.00028084739
  -0.00028040792
  -0.00010722008
   0.00034615087
  -0.00010671369
  -0.00027967704
   0.00027924064
   0.00010677412
  -0.00034471087
   0.00010627014
   0.00027851386
  -0.00027808302
  -0.00010632961
   0.00034328335
  -0.00010583309
  -0.00027736313
   0.00027693528
   0.00010589036
  -0.00034186819
   0.00010539701
   0.00027621980
  -0.00027579751
  -0.00010545461
   0.00034046449
  -0.00010496554
  -0.00027508790
   0.00027466711
   0.00010502194
  -0.00033907207
   0.00010453636
   0.00027396251
  -0.00027354778
  -0.00010459260
   0.00033769129
  -0.00010411243
  -0.00027284915
   0.00027243619
   0.00010416740
  -0.00033632117
   0.00010369086
   0.00027174306
  -0.00027133444
  -0.00010374542
   0.00033496263
  -0.00010327235
  -0.00027064573
   0.00027024169
   0.00010332729
  -0.00033361401
   0.00010285844
   0.00026955816
  -0.00026915700
  -0.00010291160
   0.00033227724
  -0.00010244728
  -0.00026847961
   0.00026808014
   0.00010249850
  -0.00033095156
   0.00010203884
   0.00026740858
  -0.00026701337
  -0.00010209073
   0.00032963367
  -0.00010163620
  -0.00026634650
   0.00026595648
   0.00010168626
  -0.00032832932
   0.00010123333
   0.00026529297
  -0.00026490500
  -0.00010128310
   0.00032703480
  -0.00010083454
  -0.00026424778
   0.00026386216
   0.00010088394
  -0.00032574848
   0.00010044109
   0.00026321131
  -0.00026282859
  -0.00010048803
   0.00032447464
  -0.00010004750
  -0.00026218141
   0.00026180306
   0.00010009585
  -0.00032320863
   9.9658934e-05
   0.00026116030
  -0.00026078465
  -9.9704664e-05
   0.00032195437
  -9.9273164e-05
  -0.00026014748
   0.00025977531
   9.9318878e-05
  -0.00032070854
   9.8889737e-05
   0.00025914129
  -0.00025877416
  -9.8935689e-05
   0.00031947235
  -9.8510866e-05
  -0.00025814604
   0.00025777791
   9.8554693e-05
  -0.00031824564
   9.8133187e-05
   0.00025715515
  -0.00025679156
  -9.8176807e-05
   0.00031702860
  -9.7759013e-05
  -0.00025617267
   0.00025581273
   9.7802180e-05
  -0.00031582126
   9.7386726e-05
   0.00025519800
  -0.00025483913
  -9.7428604e-05
   0.00031462223
  -9.7019077e-05
  -0.00025422984
   0.00025387622
   9.7059395e-05
  -0.00031343391
   9.6653259e-05
   0.00025327149
  -0.00025291778
  -9.6693830e-05
   0.00031225181
  -9.6290103e-05
  -0.00025231706
   0.00025196899
   9.6330443e-05
  -0.00031108005
   9.5929771e-05
   0.00025137135
  -0.00025102534
  -9.5967913e-05
   0.00030991821
  -9.5572159e-05
  -0.00025043283
   0.00025009005
   9.5610029e-05
  -0.00030876471
   9.5215970e-05
   0.00024950082
  -0.00024916088
  -9.5254713e-05
   0.00030761811
  -9.4864280e-05
  -0.00024857646
   0.00024823819
   9.4901000e-05
  -0.00030648130
   9.4514211e-05
   0.00024765813
  -0.00024732317
  -9.4550556e-05
   0.00030535254
  -9.4167028e-05
  -0.00024674688
   0.00024641504
   9.4203578e-05
  -0.00030423098
   9.3823052e-05
   0.00024584258
  -0.00024551323
  -9.3858503e-05
   0.00030311853
  -9.3480408e-05
  -0.00024494352
   0.00024461893
   9.3515724e-05
  -0.00030201501
   9.3140422e-05
   0.00024405269
  -0.00024372945
  -9.3175473e-05
   0.00030091813
  -9.2803965e-05
  -0.00024316838
   0.00024284668
   9.2837330e-05
  -0.00029983060
   9.2467717e-05
   0.00024228840
  -0.00024197124
  -9.2501758e-05
   0.00029875009
  -9.2136309e-05
  -0.00024141769
   0.00024110046
   9.2168366e-05
  -0.00029767809
   9.1804903e-05
   0.00024055059
  -0.00024023728
  -9.1838464e-05
   0.00029661120
  -9.1478951e-05
  -0.00023969117
   0.00023937983
   9.1509176e-05
  -0.00029555479
   9.1153494e-05
   0.00023883708
  -0.00023853002
  -9.1184186e-05
   0.00029450511
  -9.0831083e-05
  -0.00023799196
   0.00023768264
   9.0860591e-05
  -0.00029346189
   9.0509797e-05
   0.00023714895
  -0.00023684420
  -9.0539155e-05
   0.00029242749
  -9.0190205e-05
  -0.00023631250
   0.00023601060
   9.0219728e-05
  -0.00029139851
   8.9876256e-05
   0.00023548402
  -0.00023518352
  -8.9903513e-05
   0.00029037839
  -8.9560988e-05
  -0.00023465888
   0.00023436266
   8.9589178e-05
  -0.00028936548
   8.9248446e-05
   0.00023384096
  -0.00023354573
  -8.9276705e-05
   0.00028835796
  -8.8939763e-05
  -0.00023302879
   0.00023273491
   8.8965473e-05
  -0.00028735945
   8.8631573e-05
   0.00023222101
  -0.00023193157
  -8.8658710e-05
   0.00028636631
  -8.8326211e-05
  -0.00023142015
   0.00023113107
   8.8351220e-05
  -0.00028538166
   8.8022163e-05
   0.00023062364
  -0.00023033803
  -8.8048121e-05
   0.00028440145
  -8.7722335e-05
  -0.00022983389
   0.00022955008
   8.7746513e-05
  -0.00028342986
   8.7422322e-05
   0.00022904861
  -0.00022876754
  -8.7447687e-05
   0.00028246348
  -8.7125205e-05
  -0.00022826910
   0.00022798914
   8.7149185e-05
  -0.00028150442
   8.6830497e-05
   0.00022749515
  -0.00022721629
  -8.6852517e-05
   0.00028055298
  -8.6536534e-05
  -0.00022672557
   0.00022644993
   8.6560250e-05
  -0.00027960541
   8.6245751e-05
   0.00022596126
  -0.00022568800
  -8.6267888e-05
   0.00027866611
  -8.5956666e-05
  -0.00022520282
   0.00022493126
   8.5979070e-05
  -0.00027773100
   8.5670552e-05
   0.00022444884
  -0.00022418057
  -8.5691539e-05
   0.00027680448
  -8.5384819e-05
  -0.00022370087
   4.4446169e-08
