   -0.0058398725
   -0.0055932077
   -0.0052813412
   -0.0049078030
   -0.0044768426
   -0.0039933812
   -0.0034629554
   -0.0028916540
   -0.0022860477
   -0.0016531140
   -0.0010001568
  -0.00033472175
   0.00033549053
    0.0010027137
    0.0016592055
    0.0022973379
    0.0029096853
    0.0034891113
    0.0040288515
    0.0045225927
    0.0049645464
    0.0053495171
    0.0056729628
    0.0059310491
    0.0061206943
    0.0062396060
    0.0062863091
    0.0062601641
    0.0061613749
    0.0059909887
    0.0057508839
    0.0054437503
    0.0050730586
    0.0046430211
    0.0041585443
    0.0036251727
    0.0030490252
    0.0024367253
    0.0017953247
    0.0011322222
   0.00045507869
  -0.00022827200
  -0.00090991309
   -0.0015819368
   -0.0022365360
   -0.0028660950
   -0.0034632780
   -0.0040211143
   -0.0045330802
   -0.0049931748
   -0.0053959906
   -0.0057367767
   -0.0060114951
   -0.0062168683
   -0.0063504187
   -0.0064104977
   -0.0063963070
   -0.0063079079
   -0.0061462230
   -0.0059130255
   -0.0056109206
   -0.0052433163
   -0.0048143848
   -0.0043290154
   -0.0037927586
   -0.0032117628
   -0.0025927038
   -0.0019427082
   -0.0012692713
  -0.00058017049
   0.00011662398
   0.00081304168
    0.0015010052
    0.0021725238
    0.0028197864
    0.0034352520
    0.0040117380
    0.0045425036
    0.0050213288
    0.0054425871
    0.0058013118
    0.0060932543
    0.0063149344
    0.0064636820
    0.0065376688
    0.0065359312
    0.0064583820
    0.0063058133
    0.0060798884
    0.0057831234
    0.0054188596
    0.0049912259
    0.0045050919
    0.0039660125
    0.0033801645
    0.0027542758
    0.0020955485
    0.0014115755
   0.00071025347
  -3.0861098e-07
  -0.00071188289
   -0.0014162181
   -0.0021051350
   -0.0027706215
   -0.0034049259
   -0.0040006468
   -0.0045508197
   -0.0050489984
   -0.0054893302
   -0.0058666251
   -0.0061764165
   -0.0064150141
   -0.0065795482
   -0.0066680037
   -0.0066792448
   -0.0066130295
   -0.0064700140
   -0.0062517458
   -0.0059606474
   -0.0055999895
   -0.0051738540
   -0.0046870884
   -0.0041452501
   -0.0035545432
   -0.0029217479
   -0.0022541419
   -0.0015594175
  -0.00084559257
  -0.00012091824
   0.00060621656
    0.0013273821
    0.0020342055
    0.0027184682
    0.0033722009
    0.0039877769
    0.0045580008
    0.0050761927
    0.0055362661
    0.0059327997
    0.0062611010
    0.0065172621
    0.0066982057
    0.0068017224
    0.0068264975
    0.0067721275
    0.0066391261
    0.0064289196
    0.0061438318
    0.0057870586
    0.0053626315
    0.0048753728
    0.0043308408
    0.0037352658
    0.0030954797
    0.0024188370
    0.0017131308
   0.00098650255
   0.00024734874
  -0.00049577652
   -0.0012342603
   -0.0019595305
   -0.0026631558
   -0.0033369428
   -0.0039730323
   -0.0045639904
   -0.0051028953
   -0.0055834187
   -0.0059998997
   -0.0063474118
   -0.0066218207
   -0.0068198337
   -0.0069390394
   -0.0069779363
   -0.0069359523
   -0.0068134523
   -0.0066117354
   -0.0063330216
   -0.0059804269
   -0.0055579291
   -0.0050703224
   -0.0045231637
   -0.0039227086
   -0.0032758405
   -0.0025899914
   -0.0018730568
   -0.0011333045
  -0.00037927970
   0.00038029400
    0.0011366153
    0.0018809071
    0.0026045187
    0.0032990256
    0.0039563283
    0.0045687462
    0.0051291075
    0.0056308332
    0.0060680140
    0.0064354804
    0.0067288631
    0.0069446456
    0.0070802055
    0.0071338472
    0.0071048221
    0.0069933395
    0.0068005649
    0.0065286088
    0.0061805028
    0.0057601667
    0.0052723638
    0.0047226473
    0.0041172969
    0.0034632476
    0.0027680094
    0.0020395822
    0.0012863627
   0.00051704873
  -0.00025946212
   -0.0010341747
   -0.0017981008
   -0.0025423631
   -0.0032582986
   -0.0039375593
   -0.0045722093
   -0.0051548179
   -0.0056785459
   -0.0061372266
   -0.0065254378
   -0.0068385661
   -0.0070728615
   -0.0072254825
   -0.0072945303
   -0.0072790721
   -0.0071791540
   -0.0069958015
   -0.0067310093
   -0.0063877199
   -0.0059697906
   -0.0054819506
   -0.0049297473
   -0.0043194832
   -0.0036581445
   -0.0029533205
   -0.0022131170
   -0.0014460629
  -0.00066101240
   0.00013295788
   0.00092665319
    0.0017108673
    0.0024764894
    0.0032146094
    0.0039166223
    0.0045743277
    0.0051800262
    0.0057266091
    0.0062076417
    0.0066174395
    0.0069511348
    0.0072047346
    0.0073751684
    0.0074603255
    0.0074590805
    0.0073713083
    0.0071978871
    0.0069406899
    0.0066025641
    0.0061873004
    0.0056995904
    0.0051449733
    0.0045297732
    0.0038610273
    0.0031464050
    0.0023941203
    0.0016128375
   0.00081157109
  -4.1777249e-07
  -0.00081372856
   -0.0016189300
   -0.0024066696
   -0.0031677818
   -0.0038933951
   -0.0045750351
   -0.0052047233
   -0.0057750707
   -0.0062793646
   -0.0067116469
   -0.0070667852
   -0.0073405331
   -0.0075295811
   -0.0076315969
   -0.0076452532
   -0.0075702456
   -0.0074072974
   -0.0071581528
   -0.0068255589
   -0.0064132348
   -0.0059258308
   -0.0053688752
   -0.0047487126
   -0.0040724309
   -0.0033477808
   -0.0025830867
   -0.0017871514
  -0.00096915476
  -0.00013854773
   0.00069505661
    0.0015219944
    0.0023326628
    0.0031176317
    0.0038677532
    0.0045742680
    0.0052289080
    0.0058239928
    0.0063525196
    0.0068082461
    0.0071857632
    0.0074805603
    0.0076890781
    0.0078087521
    0.0078380439
    0.0077764605
    0.0076245622
    0.0073839575
    0.0070572866
    0.0066481923
    0.0061612793
    0.0056020629
    0.0049769064
    0.0042929483
    0.0035580216
    0.0027805637
    0.0019695196
    0.0011342392
   0.00028436949
  -0.00057025683
   -0.0014197350
   -0.0022542031
   -0.0030639561
   -0.0038395592
   -0.0045719571
   -0.0052525803
   -0.0058734449
   -0.0064272461
   -0.0069074444
   -0.0073083428
   -0.0076251537
   -0.0078540569
   -0.0079922448
   -0.0080379571
   -0.0079905030
   -0.0078502710
   -0.0076187261
   -0.0072983952
   -0.0068928390
   -0.0064066130
   -0.0058452163
   -0.0052150291
   -0.0045232410
   -0.0037777682
   -0.0029871637
   -0.0021605186
   -0.0013073583
  -0.00043753212
   0.00043889983
    0.0013117832
    0.0021709870
    0.0030065208
    0.0038086514
    0.0045680156
    0.0052757297
    0.0059234932
    0.0065036866
    0.0070094601
    0.0074348150
    0.0077746749
    0.0080249456
    0.0081825647
    0.0082455391
    0.0082129698
    0.0080850639
    0.0078631351
    0.0075495897
    0.0071479006
    0.0066625695
    0.0060990761
    0.0054638166
    0.0047640306
    0.0040077195
    0.0032035544
    0.0023607771
    0.0014890937
   0.00059856321
  -0.00030051872
   -0.0011977387
   -0.0020826860
   -0.0029450736
   -0.0037748573
   -0.0045623531
   -0.0052983495
   -0.0059742160
   -0.0065820036
   -0.0071145383
   -0.0075655060
   -0.0079295271
   -0.0082022205
   -0.0083802563
   -0.0084613965
   -0.0084445226
   -0.0083296509
   -0.0081179344
   -0.0078116512
   -0.0074141805
   -0.0069299652
   -0.0063644625
   -0.0057240825
   -0.0050161152
   -0.0042486483
   -0.0034304741
   -0.0025709896
   -0.0016800880
  -0.00076804538
   0.00015459813
    0.0010771598
    0.0019889381
    0.0028793367
    0.0037379874
    0.0045548711
    0.0053204344
    0.0060257012
    0.0066623782
    0.0072229519
    0.0077007776
    0.0080901576
    0.0083864096
    0.0085859224
    0.0086862003
    0.0086858935
    0.0085848165
    0.0083839520
    0.0080854420
    0.0076925651
    0.0072097003
    0.0066422788
    0.0059967226
    0.0052803721
    0.0045014028
    0.0036687318
    0.0027919159
    0.0018810422
   0.00094661195
  -5.8047776e-07
  -0.00094957211
   -0.0018893582
   -0.0028090198
   -0.0036978504
   -0.0045454808
   -0.0053419996
   -0.0060780693
   -0.0067450357
   -0.0073350292
   -0.0078410581
   -0.0082570908
   -0.0085781282
   -0.0088002630
   -0.0089207277
   -0.0089379285
   -0.0088514662
   -0.0086621433
   -0.0083719566
   -0.0079840766
   -0.0075028133
   -0.0069335678
   -0.0062827722
   -0.0055578172
   -0.0047669677
   -0.0039192690
   -0.0030244436
   -0.0020927794
   -0.0011350115
  -0.00016219923
   0.00081440237
    0.0017834720
    0.0027337537
    0.0036541871
    0.0045340363
    0.0053630151
    0.0061314070
    0.0068301789
    0.0074510876
    0.0079867763
    0.0084308625
    0.0087780130
    0.0090240088
    0.0091657954
    0.0092015209
    0.0091305601
    0.0089535235
    0.0086722536
    0.0082898051
    0.0078104124
    0.0072394429
    0.0065833366
    0.0058495341
    0.0050463917
    0.0041830871
    0.0032695138
    0.0023161685
    0.0013340303
   0.00033443404
  -0.00067105975
   -0.0016707990
   -0.0026531748
   -0.0036067561
   -0.0045204228
   -0.0053834951
   -0.0061858584
   -0.0069180817
   -0.0075715284
   -0.0081384577
   -0.0086121170
   -0.0089868212
   -0.0092580216
   -0.0094223607
   -0.0094777133
   -0.0094232142
   -0.0092592704
   -0.0089875590
   -0.0086110106
   -0.0081337777
   -0.0075611892
   -0.0068996909
   -0.0061567730
   -0.0053408856
   -0.0044613425
   -0.0035282151
   -0.0025522172
   -0.0015445820
  -0.00051693277
   0.00051885072
    0.0015507698
    0.0025668455
    0.0035552579
    0.0045044831
    0.0054034277
    0.0062415583
    0.0070090248
    0.0076967761
    0.0082966667
    0.0088015529
    0.0092053782
    0.0095032452
    0.0096914753
    0.0097676537
    0.0097306602
    0.0095806848
    0.0093192284
    0.0089490878
    0.0084743267
    0.0079002306
    0.0072332484
    0.0064809199
    0.0056517911
    0.0047553168
    0.0038017531
    0.0028020400
    0.0017676764
   0.00071058742
  -0.00035701254
   -0.0014227611
   -0.0024742906
   -0.0034993722
   -0.0044860570
   -0.0054228160
   -0.0062986745
   -0.0071033402
   -0.0078273245
   -0.0084620542
   -0.0089999724
   -0.0094346290
   -0.0097607574
   -0.0099743386
    -0.010072650
    -0.010054300
   -0.0099192470
   -0.0096688035
   -0.0093056226
   -0.0088336709
   -0.0082581854
   -0.0075856153
   -0.0068235501
   -0.0059806339
   -0.0050664675
   -0.0040914992
   -0.0030669057
   -0.0020044638
  -0.00091641517
   0.00018467421
    0.0012860595
    0.0023749642
    0.0034387281
    0.0044649547
    0.0054416552
    0.0063573885
    0.0072013954
    0.0079637244
    0.0086353493
    0.0092082757
    0.0096756360
     0.010031772
     0.010272302
     0.010394177
     0.010395715
     0.010276628
     0.010038026
    0.0096824065
    0.0092136317
    0.0086368838
    0.0079586093
    0.0071864469
    0.0063291416
    0.0053964457
    0.0043990084
    0.0033482536
    0.0022562500
    0.0011355720
  -8.4451212e-07
   -0.0011398518
   -0.0022682417
   -0.0033728992
   -0.0044409543
   -0.0054599321
   -0.0064178982
   -0.0073035984
   -0.0081065908
   -0.0088173688
   -0.0094274731
   -0.0099295929
    -0.010317653
    -0.010586886
    -0.010733894
    -0.010756686
    -0.010654710
    -0.010428857
    -0.010081458
   -0.0096162617
   -0.0090383878
   -0.0083542774
   -0.0075716181
   -0.0066992587
   -0.0057471092
   -0.0047260284
   -0.0036477001
   -0.0025244996
   -0.0013693517
  -0.00019558262
   0.00098323425
    0.0021534347
    0.0033014222
    0.0044138255
    0.0054776543
    0.0064804511
    0.0074104363
    0.0082566469
    0.0090090654
    0.0096587383
     0.010197882
     0.010619978
     0.010919847
     0.011093716
     0.011139266
     0.011055660
     0.010843555
     0.010505102
     0.010043922
    0.0094650702
    0.0087749755
    0.0079813749
    0.0070932241
    0.0061205975
    0.0050745734
    0.0039671089
    0.0028109025
    0.0016192493
   0.00040588777
  -0.00081515790
   -0.0020297402
   -0.0032237519
   -0.0043832895
   -0.0054948155
   -0.0065453157
   -0.0075224517
   -0.0084147056
   -0.0092115156
   -0.0099034007
    -0.010482074
    -0.010940539
    -0.011273180
    -0.011475823
    -0.011545794
    -0.011481949
    -0.011284695
    -0.010955987
    -0.010499309
   -0.0099196390
   -0.0092233930
   -0.0084183560
   -0.0075135942
   -0.0065193534
   -0.0054469430
   -0.0043086077
   -0.0031173879
   -0.0018869702
  -0.00063153063
   0.00063442850
    0.0018962461
    0.0031392719
    0.0043490361
    0.0055114178
    0.0066128100
    0.0076402777
    0.0085817109
    0.0094259658
     0.010162998
     0.010783980
     0.011281408
     0.011649192
     0.011882731
     0.011978967
     0.011936429
     0.011755251
     0.011437174
     0.010985533
     0.010405221
    0.0097026353
    0.0088856087
    0.0079633217
    0.0069461994
    0.0058457947
    0.0046746563
    0.0034461866
    0.0021744880
   0.00087420145
  -0.00043966185
   -0.0017518937
   -0.0030472647
   -0.0043107006
   -0.0055274578
   -0.0066832950
   -0.0077646395
   -0.0087587469
   -0.0096538504
    -0.010439300
    -0.011105691
    -0.011644971
    -0.012050543
    -0.012317343
    -0.012441903
    -0.012422394
    -0.012258655
    -0.011952197
    -0.011506189
    -0.010925430
    -0.010216293
   -0.0093866577
   -0.0084458225
   -0.0074044015
   -0.0062742041
   -0.0050681018
   -0.0037998812
   -0.0024840874
   -0.0011358571
   0.00022925547
    0.0015954575
    0.0029469003
    0.0042678626
    0.0055429336
    0.0067571920
    0.0078963809
    0.0089470746
    0.0098968368
     0.010734367
     0.011449636
     0.012034004
     0.012480326
     0.012783038
     0.012938225
     0.012943675
     0.012798905
     0.012505172
     0.012065466
     0.011484478
     0.010768550
    0.0099256103
    0.0089650787
    0.0078977679
    0.0067357592
    0.0054922668
    0.0041814872
    0.0028184381
    0.0014187861
  -1.3331364e-06
   -0.0014255001
   -0.0028372017
   -0.0042200219
   -0.0055578327
   -0.0068349818
   -0.0080364754
   -0.0091481542
    -0.010156860
    -0.011050590
    -0.011818642
    -0.012451738
    -0.012942142
    -0.013283748
    -0.013472157
    -0.013504738
    -0.013380657
    -0.013100894
    -0.012668241
    -0.012087269
    -0.011364283
    -0.010507254
   -0.0095257307
   -0.0084307359
   -0.0072346392
   -0.0059510201
   -0.0045945136
   -0.0031806434
   -0.0017256446
  -0.00024627789
    0.0012403637
    0.0027170515
    0.0041666210
    0.0055721709
    0.0069172596
    0.0081860977
    0.0093637326
     0.010436224
     0.011390811
     0.012216060
     0.012902003
     0.013440258
     0.013824131
     0.014048698
     0.014110868
     0.014009424
     0.013745044
     0.013320296
     0.012739617
     0.012009267
     0.011137260
     0.010133280
    0.0090085679
    0.0077758028
    0.0064489549
    0.0050431293
    0.0035743939
    0.0020595961
   0.00051617003
   -0.0010380638
   -0.0025851041
   -0.0041069765
   -0.0055859426
   -0.0070047059
   -0.0083466141
   -0.0095958537
    -0.010737637
    -0.011758374
    -0.012645839
    -0.013389312
    -0.013979707
    -0.014409688
    -0.014673755
    -0.014768315
    -0.014691729
    -0.014444339
    -0.014028468
    -0.013448402
    -0.012710345
    -0.011822352
    -0.010794246
   -0.0096375024
   -0.0083651300
   -0.0069915188
   -0.0055322800
   -0.0040040687
   -0.0024243941
  -0.00081141944
   0.00081624668
    0.0024397644
    0.0040402804
    0.0055991462
    0.0070981354
    0.0085196562
    0.0098469572
     0.011064325
     0.012157268
     0.013112692
     0.013919054
     0.014566499
     0.015046986
     0.015354382
     0.015484541
     0.015435359
     0.015206807
     0.014800933
     0.014221851
     0.013475698
     0.012570568
     0.011516427
     0.010325004
    0.0090096588
    0.0075852340
    0.0060678883
    0.0044749132
    0.0028245362
    0.0011357129
  -0.00057209022
   -0.0022791198
   -0.0039655635
   -0.0056117799
   -0.0071985261
   -0.0087071828
    -0.010119972
    -0.011420166
    -0.012592285
    -0.013622281
    -0.014497705
    -0.015207858
    -0.015743922
    -0.016099063
    -0.016268526
    -0.016249691
    -0.016042113
    -0.015647534
    -0.015069872
    -0.014315182
    -0.013391594
    -0.012309225
    -0.011080072
   -0.0097178738
   -0.0082379640
   -0.0066570952
   -0.0049932514
   -0.0032654433
   -0.0014934919
   0.00030219825
    0.0021008738
    0.0038816718
    0.0056238609
    0.0073070825
    0.0089115879
     0.010418470
     0.011809883
     0.013069259
     0.014181496
     0.015133148
     0.015912579
     0.016510108
     0.016918130
     0.017131207
     0.017146145
     0.016962033
     0.016580269
     0.016004545
     0.015240819
     0.014297250
     0.013184115
     0.011913696
     0.010500144
    0.0089593246
    0.0073086388
    0.0055668280
    0.0037537611
    0.0018902091
  -2.3927724e-06
   -0.0019021906
   -0.0037871636
   -0.0056353790
   -0.0074252461
   -0.0091357684
    -0.010746789
    -0.012239226
    -0.013595302
    -0.014798750
    -0.015835012
    -0.016691410
    -0.017357305
    -0.017824225
    -0.018085975
    -0.018138711
    -0.017981001
    -0.017613849
    -0.017040689
    -0.016267361
    -0.015302047
    -0.014155189
    -0.012839377
    -0.011369209
   -0.0097611326
   -0.0080332594
   -0.0062051634
   -0.0042976591
   -0.0023325657
  -0.00033245807
    0.0016795921
    0.0036802812
    0.0056463434
    0.0075548198
    0.0093833262
     0.011110315
     0.012715328
     0.014179237
     0.015484475
     0.016615238
     0.017557686
     0.018300103
     0.018833043
     0.019149455
     0.019244766
     0.019116949
     0.018766558
     0.018196729
     0.017413155
     0.016424035
     0.015239984
     0.013873923
     0.012340937
     0.010658112
    0.0088443447
    0.0069201290
    0.0049073276
    0.0028289236
   0.00070875915
   -0.0014287375
   -0.0035588320
   -0.0056567699
   -0.0076980628
   -0.0096587737
    -0.011515796
    -0.013247127
    -0.014832124
    -0.016251752
    -0.017488812
    -0.018528147
    -0.019356823
    -0.019964298
    -0.020342544
    -0.020486157
    -0.020392433
    -0.020061404
    -0.019495858
    -0.018701312
    -0.017685965
    -0.016460613
    -0.015038535
    -0.013435351
    -0.011668853
   -0.0097588060
   -0.0077267286
   -0.0055956527
   -0.0033898627
   -0.0011346200
    0.0011441255
    0.0034200324
    0.0056666718
    0.0078578324
    0.0099678259
     0.011971787
     0.013845963
     0.015568000
     0.017117200
     0.018474776
     0.019624073
     0.020550776
     0.021243081
     0.021691850
     0.021890722
     0.021836207
     0.021527735
     0.020967678
     0.020161338
     0.019116897
     0.017845337
     0.016360327
     0.014678075
     0.012817156
     0.010798306
    0.0086441918
    0.0063791591
    0.0040289582
    0.0016204520
  -0.00081868886
   -0.0032603034
   -0.0056760634
   -0.0080378013
    -0.010317837
    -0.012489300
    -0.014526446
    -0.016404962
    -0.018102250
    -0.019597702
    -0.020872947
    -0.021912074
    -0.022701833
    -0.023231793
    -0.023494488
    -0.023485508
    -0.023203575
    -0.022650566
    -0.021831511
    -0.020754552
    -0.019430862
    -0.017874532
    -0.016102422
    -0.014133983
    -0.011991042
   -0.0096975628
   -0.0072793799
   -0.0047639083
   -0.0021798348
   0.00044320768
    0.0030749782
    0.0056849747
    0.0082427863
     0.010718445
     0.013082776
     0.015307740
     0.017366761
     0.019235046
     0.020889879
     0.022310897
     0.023480336
     0.024383252
     0.025007711
     0.025344939
     0.025389448
     0.025139108
     0.024595200
     0.023762413
     0.022648811
     0.021265757
     0.019627802
     0.017752533
     0.015660385
     0.013374424
     0.010920091
    0.0083249214
    0.0056182402
    0.0028308310
  -5.4116269e-06
   -0.0028578452
   -0.0056934526
   -0.0084792224
    -0.011182531
    -0.013771521
    -0.016215478
    -0.018485188
    -0.020553288
    -0.022394592
    -0.023986393
    -0.025308746
    -0.026344708
    -0.027080558
    -0.027505969
    -0.027614155
    -0.027401961
    -0.026869929
    -0.026022312
    -0.024867044
    -0.023415673
    -0.021683249
    -0.019688169
    -0.017451989
    -0.014999187
    -0.012356904
   -0.0095546426
   -0.0066239409
   -0.0035980207
  -0.00051141343
    0.0026004317
    0.0057015517
    0.0087558828
     0.011727677
     0.014581917
     0.017284728
     0.019803774
     0.022108641
     0.024171206
     0.025965972
     0.027470380
     0.028665093
     0.029534234
     0.030065598
     0.030250813
     0.030085462
     0.029569162
     0.028705594
     0.027502485
     0.025971547
     0.024128369
     0.021992259
     0.019586050
     0.016935855
     0.014070790
     0.011022656
    0.0078255895
    0.0045156856
    0.0011305909
   -0.0022909190
   -0.0057093810
   -0.0090850955
    -0.012378584
    -0.015551046
    -0.018564815
    -0.021383798
    -0.023973905
    -0.026303458
    -0.028343575
    -0.030068518
    -0.031456019
    -0.032487559
    -0.033148610
    -0.033428826
    -0.033322203
    -0.032827168
    -0.031946637
    -0.030688012
    -0.029063124
    -0.027088136
    -0.024783382
    -0.022173164
    -0.019285501
    -0.016151836
    -0.012806692
   -0.0092873001
   -0.0056331903
   -0.0018857501
    0.0019122381
    0.0057170811
    0.0094846724
     0.013170998
     0.016732646
     0.020127312
     0.023314296
     0.026254984
     0.028913313
     0.031256201
     0.033253962
     0.034880663
     0.036114465
     0.036937899
     0.037338104
     0.037307018
     0.036841500
     0.035943414
     0.034619644
     0.032882055
     0.030747399
     0.028237159
     0.025377343
     0.022198217
     0.018733998
     0.015022483
     0.011104653
    0.0070242170
    0.0028271397
   -0.0014388750
   -0.0057249174
   -0.0099814255
    -0.014158751
    -0.018207733
    -0.022080263
    -0.025729856
    -0.029112195
    -0.032185664
    -0.034911849
    -0.037256010
    -0.039187514
    -0.040680223
    -0.041712839
    -0.042269186
    -0.042338451
    -0.041915351
    -0.041000245
    -0.039599185
    -0.037723893
    -0.035391683
    -0.032625312
    -0.029452767
    -0.025906995
    -0.022025567
    -0.017850291
    -0.013426770
   -0.0088039155
   -0.0040334141
   0.00083083960
    0.0057333416
     0.010617602
     0.015426783
     0.020104352
     0.024594735
     0.028843959
     0.032800298
     0.036414881
     0.039642289
     0.042441108
     0.044774447
     0.046610408
     0.047922503
     0.048690016
     0.048898297
     0.048538997
     0.047610227
     0.046116651
     0.044069496
     0.041486500
     0.038391772
     0.034815587
     0.030794104
     0.026369016
     0.021587128
     0.016499884
     0.011162822
    0.0056349818
  -2.1726366e-05
   -0.0057432051
    -0.011463877
    -0.017117422
    -0.022637523
    -0.027958634
    -0.033016729
    -0.037750065
    -0.042099904
    -0.046011228
    -0.049433408
    -0.052320840
    -0.054633522
    -0.056337581
    -0.057405734
    -0.057817678
    -0.057560413
    -0.056628472
    -0.055024083
    -0.052757238
    -0.049845673
    -0.046314767
    -0.042197345
    -0.037533403
    -0.032369740
    -0.026759514
    -0.020761716
    -0.014440578
   -0.0078649066
   -0.0011073596
    0.0057563280
     0.012648167
     0.019488770
     0.026198236
     0.032697054
     0.038907010
     0.044752096
     0.050159402
     0.055059993
     0.059389741
     0.063090128
     0.066108986
     0.068401182
     0.069929235
     0.070663846
     0.070584358
     0.069679114
     0.067945725
     0.065391237
     0.062032192
     0.057894591
     0.053013743
     0.047434009
     0.041208447
     0.034398347
     0.027072672
     0.019307404
     0.011184800
    0.0027925686
   -0.0057770277
    -0.014428134
    -0.023062323
    -0.031579653
    -0.039879768
    -0.047863012
    -0.055431565
    -0.062490561
    -0.068949207
    -0.074721871
    -0.079729127
    -0.083898754
    -0.087166672
    -0.089477805
    -0.090786859
    -0.091059009
    -0.090270477
    -0.088409011
    -0.085474233
    -0.081477880
    -0.076443898
    -0.070408424
    -0.063419625
    -0.055537405
    -0.046832981
    -0.037388330
    -0.027295505
    -0.016655839
   -0.0055790225
    0.0058179195
     0.017411748
     0.029074223
     0.040673389
     0.052074933
     0.063143583
     0.073744559
     0.083745032
     0.093015610
      0.10143181
      0.10887548
      0.11523629
      0.12041298
      0.12431478
      0.12686252
      0.12798985
      0.12764418
      0.12578761
      0.12239770
      0.11746812
      0.11100906
      0.10304762
     0.093627970
     0.082811292
     0.070675663
     0.057315687
     0.042841994
     0.027380553
     0.011071840
   -0.0059301648
    -0.023459124
    -0.041337632
    -0.059378637
    -0.077386981
    -0.095161044
     -0.11249449
     -0.12917806
     -0.14500150
     -0.15975542
     -0.17323329
     -0.18523337
     -0.19556066
     -0.20402884
     -0.21046211
     -0.21469703
     -0.21658420
     -0.21598995
     -0.21279779
     -0.20690983
     -0.19824799
     -0.18675508
     -0.17239572
     -0.15515705
     -0.13504926
     -0.11210596
    -0.086384271
    -0.057964805
    -0.026951365
    0.0065295239
     0.042329298
     0.080278236
      0.12018653
      0.16184555
      0.20502928
      0.24949590
      0.29498955
      0.34124223
      0.38797579
      0.43490402
      0.48173492
      0.52817288
      0.57392105
      0.61868367
      0.66216841
      0.70408870
      0.74416606
      0.78213231
      0.81773175
      0.85072329
      0.88088232
      0.90800264
      0.93189811
      0.95240416
      0.96937919
      0.98270572
      0.99229133
      0.99806948
       1.0000000
      0.99806948
      0.99229133
      0.98270572
      0.96937919
      0.95240416
      0.93189811
      0.90800264
      0.88088232
      0.85072329
      0.81773175
      0.78213231
      0.74416606
      0.70408870
      0.66216841
      0.61868367
      0.57392105
      0.52817288
      0.48173492
      0.43490402
      0.38797579
      0.34124223
      0.29498955
      0.24949590
      0.20502928
      0.16184555
      0.12018653
     0.080278236
     0.042329298
    0.0065295237
    -0.026951365
    -0.057964805
    -0.086384271
     -0.11210596
     -0.13504926
     -0.15515705
     -0.17239572
     -0.18675508
     -0.19824799
     -0.20690983
     -0.21279779
     -0.21598995
     -0.21658420
     -0.21469703
     -0.21046211
     -0.20402884
     -0.19556066
     -0.18523337
     -0.17323329
     -0.15975542
     -0.14500150
     -0.12917806
     -0.11249449
    -0.095161044
    -0.077386981
    -0.059378637
    -0.041337632
    -0.023459124
   -0.0059301645
     0.011071840
     0.027380553
     0.042841994
     0.057315688
     0.070675663
     0.082811292
     0.093627970
      0.10304762
      0.11100906
      0.11746812
      0.12239770
      0.12578761
      0.12764418
      0.12798985
      0.12686252
      0.12431478
      0.12041298
      0.11523629
      0.10887548
      0.10143181
     0.093015610
     0.083745032
     0.073744558
     0.063143583
     0.052074933
     0.040673389
     0.029074222
     0.017411748
    0.0058179193
   -0.0055790227
    -0.016655840
    -0.027295506
    -0.037388330
    -0.046832982
    -0.055537406
    -0.063419626
    -0.070408425
    -0.076443898
    -0.081477880
    -0.085474234
    -0.088409011
    -0.090270477
    -0.091059009
    -0.090786859
    -0.089477805
    -0.087166672
    -0.083898754
    -0.079729127
    -0.074721872
    -0.068949207
    -0.062490561
    -0.055431565
    -0.047863012
    -0.039879768
    -0.031579653
    -0.023062323
    -0.014428134
   -0.0057770275
    0.0027925687
     0.011184800
     0.019307404
     0.027072672
     0.034398347
     0.041208447
     0.047434009
     0.053013743
     0.057894591
     0.062032192
     0.065391237
     0.067945725
     0.069679114
     0.070584358
     0.070663846
     0.069929235
     0.068401182
     0.066108986
     0.063090128
     0.059389741
     0.055059993
     0.050159402
     0.044752095
     0.038907010
     0.032697054
     0.026198236
     0.019488769
     0.012648167
    0.0057563277
   -0.0011073600
   -0.0078649070
    -0.014440579
    -0.020761717
    -0.026759514
    -0.032369741
    -0.037533404
    -0.042197346
    -0.046314767
    -0.049845674
    -0.052757239
    -0.055024084
    -0.056628472
    -0.057560413
    -0.057817679
    -0.057405734
    -0.056337582
    -0.054633523
    -0.052320841
    -0.049433409
    -0.046011228
    -0.042099904
    -0.037750065
    -0.033016730
    -0.027958634
    -0.022637524
    -0.017117422
    -0.011463878
   -0.0057432052
  -2.1726376e-05
    0.0056349818
     0.011162822
     0.016499885
     0.021587128
     0.026369016
     0.030794105
     0.034815587
     0.038391772
     0.041486500
     0.044069496
     0.046116651
     0.047610228
     0.048538997
     0.048898298
     0.048690016
     0.047922504
     0.046610408
     0.044774447
     0.042441108
     0.039642289
     0.036414881
     0.032800298
     0.028843960
     0.024594735
     0.020104353
     0.015426783
     0.010617602
    0.0057333418
   0.00083083974
   -0.0040334140
   -0.0088039154
    -0.013426770
    -0.017850291
    -0.022025567
    -0.025906995
    -0.029452767
    -0.032625312
    -0.035391683
    -0.037723893
    -0.039599185
    -0.041000245
    -0.041915351
    -0.042338451
    -0.042269186
    -0.041712839
    -0.040680224
    -0.039187514
    -0.037256010
    -0.034911849
    -0.032185664
    -0.029112195
    -0.025729856
    -0.022080263
    -0.018207733
    -0.014158751
   -0.0099814255
   -0.0057249173
   -0.0014388749
    0.0028271398
    0.0070242171
     0.011104653
     0.015022483
     0.018733998
     0.022198217
     0.025377343
     0.028237159
     0.030747399
     0.032882056
     0.034619644
     0.035943415
     0.036841500
     0.037307018
     0.037338105
     0.036937899
     0.036114465
     0.034880664
     0.033253962
     0.031256202
     0.028913313
     0.026254984
     0.023314296
     0.020127312
     0.016732646
     0.013170998
    0.0094846723
    0.0057170809
    0.0019122379
   -0.0018857504
   -0.0056331906
   -0.0092873004
    -0.012806692
    -0.016151837
    -0.019285502
    -0.022173164
    -0.024783382
    -0.027088137
    -0.029063125
    -0.030688012
    -0.031946638
    -0.032827168
    -0.033322203
    -0.033428827
    -0.033148610
    -0.032487560
    -0.031456019
    -0.030068518
    -0.028343575
    -0.026303459
    -0.023973905
    -0.021383798
    -0.018564815
    -0.015551046
    -0.012378584
   -0.0090850953
   -0.0057093808
   -0.0022909187
    0.0011305913
    0.0045156859
    0.0078255899
     0.011022656
     0.014070790
     0.016935855
     0.019586050
     0.021992260
     0.024128369
     0.025971548
     0.027502486
     0.028705595
     0.029569163
     0.030085463
     0.030250814
     0.030065599
     0.029534235
     0.028665094
     0.027470381
     0.025965972
     0.024171207
     0.022108642
     0.019803774
     0.017284729
     0.014581918
     0.011727677
    0.0087558832
    0.0057015520
    0.0026004320
  -0.00051141324
   -0.0035980206
   -0.0066239408
   -0.0095546427
    -0.012356904
    -0.014999187
    -0.017451989
    -0.019688170
    -0.021683249
    -0.023415674
    -0.024867045
    -0.026022313
    -0.026869930
    -0.027401961
    -0.027614155
    -0.027505970
    -0.027080559
    -0.026344709
    -0.025308747
    -0.023986394
    -0.022394593
    -0.020553289
    -0.018485189
    -0.016215479
    -0.013771522
    -0.011182532
   -0.0084792233
   -0.0056934535
   -0.0028578460
  -5.4123804e-06
    0.0028308303
    0.0056182396
    0.0083249208
     0.010920091
     0.013374424
     0.015660385
     0.017752532
     0.019627801
     0.021265756
     0.022648811
     0.023762413
     0.024595201
     0.025139109
     0.025389448
     0.025344940
     0.025007711
     0.024383253
     0.023480336
     0.022310898
     0.020889880
     0.019235046
     0.017366761
     0.015307740
     0.013082777
     0.010718446
    0.0082427869
    0.0056849754
    0.0030749788
   0.00044320832
   -0.0021798342
   -0.0047639077
   -0.0072793793
   -0.0096975622
    -0.011991041
    -0.014133982
    -0.016102421
    -0.017874531
    -0.019430862
    -0.020754552
    -0.021831511
    -0.022650566
    -0.023203575
    -0.023485508
    -0.023494488
    -0.023231793
    -0.022701833
    -0.021912074
    -0.020872947
    -0.019597702
    -0.018102250
    -0.016404962
    -0.014526447
    -0.012489300
    -0.010317837
   -0.0080378016
   -0.0056760638
   -0.0032603038
  -0.00081868926
    0.0016204516
    0.0040289578
    0.0063791588
    0.0086441914
     0.010798306
     0.012817156
     0.014678074
     0.016360326
     0.017845337
     0.019116897
     0.020161338
     0.020967678
     0.021527735
     0.021836207
     0.021890722
     0.021691850
     0.021243081
     0.020550776
     0.019624073
     0.018474776
     0.017117200
     0.015568000
     0.013845963
     0.011971787
    0.0099678261
    0.0078578325
    0.0056666719
    0.0034200326
    0.0011441257
   -0.0011346198
   -0.0033898626
   -0.0055956526
   -0.0077267285
   -0.0097588059
    -0.011668853
    -0.013435351
    -0.015038534
    -0.016460613
    -0.017685965
    -0.018701312
    -0.019495858
    -0.020061404
    -0.020392433
    -0.020486157
    -0.020342544
    -0.019964298
    -0.019356823
    -0.018528147
    -0.017488813
    -0.016251752
    -0.014832124
    -0.013247127
    -0.011515796
   -0.0096587738
   -0.0076980630
   -0.0056567700
   -0.0035588321
   -0.0014287376
   0.00070875907
    0.0028289236
    0.0049073276
    0.0069201290
    0.0088443447
     0.010658112
     0.012340937
     0.013873923
     0.015239984
     0.016424035
     0.017413155
     0.018196729
     0.018766558
     0.019116950
     0.019244766
     0.019149456
     0.018833044
     0.018300103
     0.017557687
     0.016615239
     0.015484475
     0.014179238
     0.012715328
     0.011110316
    0.0093833267
    0.0075548203
    0.0056463439
    0.0036802817
    0.0016795926
  -0.00033245762
   -0.0023325653
   -0.0042976587
   -0.0062051630
   -0.0080332590
   -0.0097611323
    -0.011369209
    -0.012839377
    -0.014155189
    -0.015302046
    -0.016267361
    -0.017040689
    -0.017613849
    -0.017981001
    -0.018138711
    -0.018085975
    -0.017824226
    -0.017357305
    -0.016691410
    -0.015835012
    -0.014798751
    -0.013595303
    -0.012239227
    -0.010746789
   -0.0091357689
   -0.0074252467
   -0.0056353795
   -0.0037871641
   -0.0019021911
  -2.3933287e-06
    0.0018902085
    0.0037537605
    0.0055668274
    0.0073086383
    0.0089593241
     0.010500144
     0.011913696
     0.013184115
     0.014297250
     0.015240818
     0.016004545
     0.016580268
     0.016962033
     0.017146145
     0.017131207
     0.016918130
     0.016510108
     0.015912579
     0.015133148
     0.014181497
     0.013069259
     0.011809883
     0.010418470
    0.0089115882
    0.0073070828
    0.0056238612
    0.0038816722
    0.0021008742
   0.00030219869
   -0.0014934914
   -0.0032654428
   -0.0049932509
   -0.0066570947
   -0.0082379635
   -0.0097178734
    -0.011080071
    -0.012309225
    -0.013391593
    -0.014315181
    -0.015069871
    -0.015647533
    -0.016042112
    -0.016249691
    -0.016268526
    -0.016099063
    -0.015743921
    -0.015207858
    -0.014497705
    -0.013622281
    -0.012592285
    -0.011420166
    -0.010119972
   -0.0087071830
   -0.0071985264
   -0.0056117802
   -0.0039655638
   -0.0022791201
  -0.00057209060
    0.0011357125
    0.0028245357
    0.0044749127
    0.0060678879
    0.0075852335
    0.0090096583
     0.010325004
     0.011516427
     0.012570568
     0.013475698
     0.014221851
     0.014800933
     0.015206806
     0.015435359
     0.015484540
     0.015354382
     0.015046986
     0.014566499
     0.013919053
     0.013112692
     0.012157268
     0.011064325
    0.0098469571
    0.0085196562
    0.0070981355
    0.0055991463
    0.0040402805
    0.0024397646
   0.00081624692
  -0.00081141916
   -0.0024243938
   -0.0040040683
   -0.0055322796
   -0.0069915184
   -0.0083651296
   -0.0096375019
    -0.010794245
    -0.011822352
    -0.012710345
    -0.013448402
    -0.014028467
    -0.014444338
    -0.014691728
    -0.014768314
    -0.014673755
    -0.014409688
    -0.013979707
    -0.013389311
    -0.012645839
    -0.011758374
    -0.010737636
   -0.0095958533
   -0.0083466137
   -0.0070047056
   -0.0055859423
   -0.0041069762
   -0.0025851038
   -0.0010380636
   0.00051617018
    0.0020595962
    0.0035743940
    0.0050431294
    0.0064489549
    0.0077758027
    0.0090085678
     0.010133280
     0.011137260
     0.012009267
     0.012739617
     0.013320295
     0.013745044
     0.014009424
     0.014110868
     0.014048698
     0.013824130
     0.013440257
     0.012902002
     0.012216059
     0.011390811
     0.010436224
    0.0093637322
    0.0081860974
    0.0069172593
    0.0055721706
    0.0041666207
    0.0027170512
    0.0012403634
  -0.00024627816
   -0.0017256449
   -0.0031806436
   -0.0045945139
   -0.0059510203
   -0.0072346394
   -0.0084307360
   -0.0095257309
    -0.010507254
    -0.011364283
    -0.012087269
    -0.012668241
    -0.013100894
    -0.013380657
    -0.013504738
    -0.013472157
    -0.013283748
    -0.012942142
    -0.012451738
    -0.011818642
    -0.011050590
    -0.010156860
   -0.0091481542
   -0.0080364754
   -0.0068349817
   -0.0055578327
   -0.0042200219
   -0.0028372017
   -0.0014255001
  -1.3331139e-06
    0.0014187861
    0.0028184381
    0.0041814872
    0.0054922668
    0.0067357592
    0.0078977678
    0.0089650786
    0.0099256102
     0.010768550
     0.011484477
     0.012065466
     0.012505172
     0.012798905
     0.012943675
     0.012938225
     0.012783038
     0.012480326
     0.012034004
     0.011449636
     0.010734367
    0.0098968367
    0.0089470745
    0.0078963807
    0.0067571919
    0.0055429335
    0.0042678626
    0.0029469003
    0.0015954575
   0.00022925543
   -0.0011358571
   -0.0024840874
   -0.0037998811
   -0.0050681017
   -0.0062742041
   -0.0074044014
   -0.0084458224
   -0.0093866575
    -0.010216293
    -0.010925430
    -0.011506189
    -0.011952196
    -0.012258655
    -0.012422393
    -0.012441902
    -0.012317343
    -0.012050543
    -0.011644970
    -0.011105690
    -0.010439300
   -0.0096538499
   -0.0087587464
   -0.0077646390
   -0.0066832944
   -0.0055274573
   -0.0043107001
   -0.0030472641
   -0.0017518932
  -0.00043966129
   0.00087420201
    0.0021744885
    0.0034461871
    0.0046746568
    0.0058457952
    0.0069461999
    0.0079633221
    0.0088856092
    0.0097026357
     0.010405221
     0.010985533
     0.011437174
     0.011755251
     0.011936429
     0.011978967
     0.011882731
     0.011649192
     0.011281408
     0.010783980
     0.010162998
    0.0094259658
    0.0085817107
    0.0076402776
    0.0066128098
    0.0055114176
    0.0043490358
    0.0031392715
    0.0018962458
   0.00063442809
  -0.00063153107
   -0.0018869706
   -0.0031173884
   -0.0043086082
   -0.0054469435
   -0.0065193539
   -0.0075135948
   -0.0084183566
   -0.0092233936
   -0.0099196396
    -0.010499310
    -0.010955988
    -0.011284696
    -0.011481950
    -0.011545794
    -0.011475824
    -0.011273181
    -0.010940540
    -0.010482074
   -0.0099034012
   -0.0092115160
   -0.0084147060
   -0.0075224521
   -0.0065453160
   -0.0054948158
   -0.0043832898
   -0.0032237521
   -0.0020297404
  -0.00081515804
   0.00040588767
    0.0016192492
    0.0028109025
    0.0039671089
    0.0050745735
    0.0061205975
    0.0070932242
    0.0079813750
    0.0087749756
    0.0094650704
     0.010043923
     0.010505102
     0.010843555
     0.011055660
     0.011139267
     0.011093717
     0.010919847
     0.010619978
     0.010197883
    0.0096587386
    0.0090090656
    0.0082566471
    0.0074104365
    0.0064804513
    0.0054776545
    0.0044138256
    0.0033014223
    0.0021534348
   0.00098323431
  -0.00019558258
   -0.0013693517
   -0.0025244996
   -0.0036477002
   -0.0047260286
   -0.0057471094
   -0.0066992589
   -0.0075716183
   -0.0083542776
   -0.0090383881
   -0.0096162620
    -0.010081459
    -0.010428857
    -0.010654710
    -0.010756687
    -0.010733894
    -0.010586887
    -0.010317653
   -0.0099295935
   -0.0094274737
   -0.0088173693
   -0.0081065914
   -0.0073035990
   -0.0064178988
   -0.0054599327
   -0.0044409549
   -0.0033728998
   -0.0022682423
   -0.0011398523
  -8.4507814e-07
    0.0011355715
    0.0022562495
    0.0033482531
    0.0043990079
    0.0053964453
    0.0063291411
    0.0071864465
    0.0079586089
    0.0086368835
    0.0092136314
    0.0096824062
     0.010038025
     0.010276628
     0.010395715
     0.010394176
     0.010272302
     0.010031772
    0.0096756359
    0.0092082756
    0.0086353493
    0.0079637245
    0.0072013955
    0.0063573886
    0.0054416553
    0.0044649549
    0.0034387283
    0.0023749644
    0.0012860598
   0.00018467453
  -0.00091641482
   -0.0020044634
   -0.0030669053
   -0.0040914987
   -0.0050664670
   -0.0059806334
   -0.0068235496
   -0.0075856148
   -0.0082581848
   -0.0088336702
   -0.0093056219
   -0.0096688028
   -0.0099192463
    -0.010054299
    -0.010072649
   -0.0099743378
   -0.0097607566
   -0.0094346282
   -0.0089999716
   -0.0084620533
   -0.0078273237
   -0.0071033393
   -0.0062986736
   -0.0054228151
   -0.0044860561
   -0.0034993713
   -0.0024742898
   -0.0014227602
  -0.00035701170
   0.00071058825
    0.0017676772
    0.0028020408
    0.0038017539
    0.0047553176
    0.0056517919
    0.0064809206
    0.0072332490
    0.0079002312
    0.0084743273
    0.0089490884
    0.0093192288
    0.0095806853
    0.0097306606
    0.0097676540
    0.0096914755
    0.0095032454
    0.0092053784
    0.0088015530
    0.0082966667
    0.0076967761
    0.0070090247
    0.0062415582
    0.0054034275
    0.0045044828
    0.0035552576
    0.0025668451
    0.0015507693
   0.00051885021
  -0.00051693332
   -0.0015445826
   -0.0025522179
   -0.0035282158
   -0.0044613432
   -0.0053408864
   -0.0061567738
   -0.0068996917
   -0.0075611901
   -0.0081337786
   -0.0086110114
   -0.0089875598
   -0.0092592712
   -0.0094232151
   -0.0094777142
   -0.0094223615
   -0.0092580224
   -0.0089868220
   -0.0086121177
   -0.0081384585
   -0.0075715291
   -0.0069180824
   -0.0061858590
   -0.0053834956
   -0.0045204233
   -0.0036067565
   -0.0026531751
   -0.0016707993
  -0.00067105999
   0.00033443387
    0.0013340302
    0.0023161685
    0.0032695138
    0.0041830872
    0.0050463919
    0.0058495343
    0.0065833369
    0.0072394432
    0.0078104128
    0.0082898055
    0.0086722541
    0.0089535241
    0.0091305606
    0.0092015215
    0.0091657960
    0.0090240094
    0.0087780137
    0.0084308631
    0.0079867770
    0.0074510882
    0.0068301796
    0.0061314076
    0.0053630157
    0.0045340369
    0.0036541876
    0.0027337542
    0.0017834725
   0.00081440281
  -0.00016219882
   -0.0011350112
   -0.0020927790
   -0.0030244434
   -0.0039192688
   -0.0047669675
   -0.0055578171
   -0.0062827722
   -0.0069335677
   -0.0075028133
   -0.0079840767
   -0.0083719567
   -0.0086621434
   -0.0088514664
   -0.0089379287
   -0.0089207279
   -0.0088002632
   -0.0085781284
   -0.0082570911
   -0.0078410584
   -0.0073350295
   -0.0067450360
   -0.0060780696
   -0.0053419999
   -0.0045454810
   -0.0036978506
   -0.0028090200
   -0.0018893584
  -0.00094957225
  -5.8058117e-07
   0.00094661189
    0.0018810422
    0.0027919159
    0.0036687318
    0.0045014029
    0.0052803723
    0.0059967228
    0.0066422790
    0.0072097006
    0.0076925655
    0.0080854425
    0.0083839525
    0.0085848170
    0.0086858941
    0.0086862009
    0.0085859230
    0.0083864102
    0.0080901582
    0.0077007782
    0.0072229526
    0.0066623789
    0.0060257019
    0.0053204350
    0.0045548717
    0.0037379880
    0.0028793373
    0.0019889387
    0.0010771603
   0.00015459859
  -0.00076804498
   -0.0016800877
   -0.0025709893
   -0.0034304739
   -0.0042486482
   -0.0050161152
   -0.0057240825
   -0.0063644627
   -0.0069299654
   -0.0074141807
   -0.0078116515
   -0.0081179348
   -0.0083296515
   -0.0084445232
   -0.0084613972
   -0.0083802571
   -0.0082022214
   -0.0079295281
   -0.0075655070
   -0.0071145394
   -0.0065820047
   -0.0059742172
   -0.0052983507
   -0.0045623543
   -0.0037748586
   -0.0029450748
   -0.0020826873
   -0.0011977399
  -0.00030051998
   0.00059856196
    0.0014890925
    0.0023607759
    0.0032035533
    0.0040077184
    0.0047640296
    0.0054638156
    0.0060990752
    0.0066625686
    0.0071478998
    0.0075495890
    0.0078631346
    0.0080850634
    0.0082129694
    0.0082455388
    0.0081825645
    0.0080249455
    0.0077746749
    0.0074348151
    0.0070094603
    0.0065036869
    0.0059234936
    0.0052757302
    0.0045680162
    0.0038086521
    0.0030065216
    0.0021709878
    0.0013117841
   0.00043890080
  -0.00043753110
   -0.0013073572
   -0.0021605175
   -0.0029871625
   -0.0037777670
   -0.0045232398
   -0.0052150279
   -0.0058452150
   -0.0064066118
   -0.0068928378
   -0.0072983940
   -0.0076187249
   -0.0078502698
   -0.0079905019
   -0.0080379561
   -0.0079922438
   -0.0078540560
   -0.0076251528
   -0.0073083419
   -0.0069074437
   -0.0064272454
   -0.0058734443
   -0.0052525798
   -0.0045719567
   -0.0038395588
   -0.0030639558
   -0.0022542029
   -0.0014197349
  -0.00057025679
   0.00028436946
    0.0011342391
    0.0019695194
    0.0027805634
    0.0035580213
    0.0042929479
    0.0049769059
    0.0056020625
    0.0061612788
    0.0066481917
    0.0070572860
    0.0073839569
    0.0076245615
    0.0077764599
    0.0078380432
    0.0078087515
    0.0076890774
    0.0074805596
    0.0071857626
    0.0068082454
    0.0063525190
    0.0058239922
    0.0052289074
    0.0045742675
    0.0038677527
    0.0031176313
    0.0023326624
    0.0015219941
   0.00069505633
  -0.00013854796
  -0.00096915494
   -0.0017871515
   -0.0025830868
   -0.0033477808
   -0.0040724309
   -0.0047487126
   -0.0053688751
   -0.0059258306
   -0.0064132346
   -0.0068255587
   -0.0071581526
   -0.0074072971
   -0.0075702453
   -0.0076452529
   -0.0076315965
   -0.0075295808
   -0.0073405327
   -0.0070667848
   -0.0067116465
   -0.0062793642
   -0.0057750704
   -0.0052047229
   -0.0045750347
   -0.0038933948
   -0.0031677815
   -0.0024066693
   -0.0016189298
  -0.00081372837
  -4.1761908e-07
   0.00081157120
    0.0016128375
    0.0023941203
    0.0031464050
    0.0038610272
    0.0045297731
    0.0051449731
    0.0056995902
    0.0061873002
    0.0066025637
    0.0069406895
    0.0071978867
    0.0073713078
    0.0074590800
    0.0074603250
    0.0073751678
    0.0072047339
    0.0069511341
    0.0066174388
    0.0062076410
    0.0057266083
    0.0051800254
    0.0045743269
    0.0039166215
    0.0032146086
    0.0024764886
    0.0017108665
   0.00092665241
   0.00013295711
  -0.00066101316
   -0.0014460637
   -0.0022131177
   -0.0029533211
   -0.0036581451
   -0.0043194838
   -0.0049297478
   -0.0054819511
   -0.0059697911
   -0.0063877203
   -0.0067310097
   -0.0069958018
   -0.0071791543
   -0.0072790723
   -0.0072945304
   -0.0072254826
   -0.0070728615
   -0.0068385661
   -0.0065254377
   -0.0061372265
   -0.0056785457
   -0.0051548176
   -0.0045722091
   -0.0039375590
   -0.0032582982
   -0.0025423627
   -0.0017981003
   -0.0010341743
  -0.00025946165
   0.00051704922
    0.0012863633
    0.0020395827
    0.0027680100
    0.0034632481
    0.0041172975
    0.0047226478
    0.0052723643
    0.0057601672
    0.0061805033
    0.0065286092
    0.0068005653
    0.0069933398
    0.0071048225
    0.0071338475
    0.0070802058
    0.0069446458
    0.0067288633
    0.0064354805
    0.0060680141
    0.0056308332
    0.0051291075
    0.0045687461
    0.0039563282
    0.0032990254
    0.0026045185
    0.0018809069
    0.0011366150
   0.00038029366
  -0.00037928007
   -0.0011333049
   -0.0018730572
   -0.0025899919
   -0.0032758410
   -0.0039227091
   -0.0045231642
   -0.0050703229
   -0.0055579295
   -0.0059804274
   -0.0063330220
   -0.0066117359
   -0.0068134527
   -0.0069359527
   -0.0069779367
   -0.0069390397
   -0.0068198340
   -0.0066218209
   -0.0063474120
   -0.0059998999
   -0.0055834188
   -0.0051028953
   -0.0045639904
   -0.0039730322
   -0.0033369426
   -0.0026631555
   -0.0019595303
   -0.0012342599
  -0.00049577613
   0.00024734918
   0.00098650304
    0.0017131313
    0.0024188376
    0.0030954803
    0.0037352665
    0.0043308414
    0.0048753735
    0.0053626322
    0.0057870593
    0.0061438326
    0.0064289203
    0.0066391268
    0.0067721282
    0.0068264982
    0.0068017231
    0.0066982063
    0.0065172627
    0.0062611015
    0.0059328002
    0.0055362665
    0.0050761931
    0.0045580011
    0.0039877771
    0.0033722010
    0.0027184683
    0.0020342055
    0.0013273820
   0.00060621640
  -0.00012091848
  -0.00084559289
   -0.0015594179
   -0.0022541424
   -0.0029217484
   -0.0035545439
   -0.0041452508
   -0.0046870892
   -0.0051738549
   -0.0055999904
   -0.0059606484
   -0.0062517468
   -0.0064700151
   -0.0066130306
   -0.0066792458
   -0.0066680048
   -0.0065795493
   -0.0064150152
   -0.0061764176
   -0.0058666262
   -0.0054893313
   -0.0050489994
   -0.0045508207
   -0.0040006477
   -0.0034049268
   -0.0027706223
   -0.0021051357
   -0.0014162187
  -0.00071188349
  -3.0912585e-07
   0.00071025304
    0.0014115752
    0.0020955483
    0.0027542757
    0.0033801644
    0.0039660125
    0.0045050920
    0.0049912261
    0.0054188599
    0.0057831238
    0.0060798889
    0.0063058139
    0.0064583826
    0.0065359319
    0.0065376696
    0.0064636828
    0.0063149353
    0.0060932552
    0.0058013128
    0.0054425881
    0.0050213298
    0.0045425047
    0.0040117391
    0.0034352531
    0.0028197874
    0.0021725248
    0.0015010062
   0.00081304267
   0.00011662494
  -0.00058016958
   -0.0012692704
   -0.0019427074
   -0.0025927031
   -0.0032117621
   -0.0037927580
   -0.0043290149
   -0.0048143844
   -0.0052433159
   -0.0056109203
   -0.0059130252
   -0.0061462228
   -0.0063079078
   -0.0063963069
   -0.0064104977
   -0.0063504187
   -0.0062168685
   -0.0060114952
   -0.0057367769
   -0.0053959908
   -0.0049931751
   -0.0045330805
   -0.0040211146
   -0.0034632783
   -0.0028660954
   -0.0022365364
   -0.0015819371
  -0.00090991342
  -0.00022827231
   0.00045507840
    0.0011322220
    0.0017953244
    0.0024367251
    0.0030490250
    0.0036251726
    0.0041585443
    0.0046430211
    0.0050730586
    0.0054437504
    0.0057508841
    0.0059909889
    0.0061613752
    0.0062601644
    0.0062863096
    0.0062396064
    0.0061206948
    0.0059310497
    0.0056729634
    0.0053495177
    0.0049645471
    0.0045225934
    0.0040288523
    0.0034891121
    0.0029096861
    0.0022973386
    0.0016592062
    0.0010027144
   0.00033549126
  -0.00033472104
   -0.0010001561
   -0.0016531134
   -0.0022860471
   -0.0028916534
   -0.0034629549
   -0.0039933807
   -0.0044768422
   -0.0049078027
   -0.0052813410
   -0.0055932075
   -0.0058398724
   -0.0059821882
   -0.0059821882
