     0.070778205
     0.070816015
     0.070847580
     0.070872890
     0.070891934
     0.070904703
     0.070911186
     0.070911375
     0.070905261
     0.070892837
     0.070874095
     0.070849027
     0.070817629
     0.070779893
     0.070735816
     0.070685392
     0.070628616
     0.070565487
     0.070495999
     0.070420152
     0.070337943
     0.070249371
     0.070154434
     0.070053133
     0.069945468
     0.069831440
     0.069711049
     0.069584299
     0.069451192
     0.069311730
     0.069165917
     0.069013758
     0.068855257
     0.068690419
     0.068519251
     0.068341758
     0.068157948
     0.067967829
     0.067771408
     0.067568693
     0.067359695
     0.067144423
     0.066922887
     0.066695098
     0.066461067
     0.066220808
     0.065974331
     0.065721651
     0.065462780
     0.065197734
     0.064926526
     0.064649173
     0.064365690
     0.064076094
     0.063780401
     0.063478629
     0.063170797
     0.062856923
     0.062537026
     0.062211126
     0.061879243
     0.061541398
     0.061197612
     0.060847909
     0.060492309
     0.060130836
     0.059763514
     0.059390366
     0.059011418
     0.058626694
     0.058236221
     0.057840024
     0.057438131
     0.057030569
     0.056617365
     0.056198548
     0.055774148
     0.055344192
     0.054908712
     0.054467738
     0.054021301
     0.053569433
     0.053112165
     0.052649529
     0.052181561
     0.051708291
     0.051229756
     0.050745989
     0.050257026
     0.049762902
     0.049263653
     0.048759316
     0.048249927
     0.047735526
     0.047216149
     0.046691835
     0.046162623
     0.045628553
     0.045089665
     0.044545998
     0.043997595
     0.043444497
     0.042886745
     0.042324381
     0.041757450
     0.041185993
     0.040610054
     0.040029678
     0.039444910
     0.038855794
     0.038262375
     0.037664701
     0.037062816
     0.036456769
     0.035846606
     0.035232375
     0.034614123
     0.033991900
     0.033365755
     0.032735736
     0.032101893
     0.031464277
     0.030822938
     0.030177927
     0.029529295
     0.028877094
     0.028221376
     0.027562194
     0.026899600
     0.026233648
     0.025564391
     0.024891883
     0.024216178
     0.023537332
     0.022855398
     0.022170433
     0.021482493
     0.020791632
     0.020097908
     0.019401377
     0.018702097
     0.018000124
     0.017295517
     0.016588333
     0.015878630
     0.015166468
     0.014451905
     0.013735000
     0.013015813
     0.012294404
     0.011570832
     0.010845158
     0.010117443
    0.0093877464
    0.0086561307
    0.0079226568
    0.0071873864
    0.0064503813
    0.0057117036
    0.0049714157
    0.0042295801
    0.0034862597
    0.0027415174
    0.0019954166
    0.0012480206
   0.00049939319
  -0.00025040186
   -0.0010013005
   -0.0017532384
   -0.0025061512
   -0.0032599743
   -0.0040146429
   -0.0047700920
   -0.0055262565
   -0.0062830712
   -0.0070404705
   -0.0077983890
   -0.0085567609
   -0.0093155204
    -0.010074601
    -0.010833938
    -0.011593463
    -0.012353112
    -0.013112817
    -0.013872511
    -0.014632129
    -0.015391603
    -0.016150867
    -0.016909853
    -0.017668495
    -0.018426725
    -0.019184477
    -0.019941683
    -0.020698275
    -0.021454188
    -0.022209352
    -0.022963702
    -0.023717168
    -0.024469685
    -0.025221184
    -0.025971599
    -0.026720860
    -0.027468902
    -0.028215657
    -0.028961056
    -0.029705033
    -0.030447521
    -0.031188451
    -0.031927756
    -0.032665369
    -0.033401223
    -0.034135251
    -0.034867385
    -0.035597557
    -0.036325702
    -0.037051752
    -0.037775640
    -0.038497299
    -0.039216663
    -0.039933664
    -0.040648237
    -0.041360315
    -0.042069831
    -0.042776719
    -0.043480914
    -0.044182348
    -0.044880958
    -0.045576675
    -0.046269436
    -0.046959175
    -0.047645827
    -0.048329326
    -0.049009607
    -0.049686607
    -0.050360260
    -0.051030502
    -0.051697269
    -0.052360497
    -0.053020122
    -0.053676081
    -0.054328311
    -0.054976747
    -0.055621329
    -0.056261992
    -0.056898674
    -0.057531314
    -0.058159849
    -0.058784219
    -0.059404360
    -0.060020213
    -0.060631717
    -0.061238810
    -0.061841433
    -0.062439526
    -0.063033030
    -0.063621883
    -0.064206029
    -0.064785407
    -0.065359960
    -0.065929629
    -0.066494357
    -0.067054086
    -0.067608759
    -0.068158319
    -0.068702711
    -0.069241876
    -0.069775761
    -0.070304310
    -0.070827468
    -0.071345180
    -0.071857391
    -0.072364050
    -0.072865101
    -0.073360491
    -0.073850169
    -0.074334082
    -0.074812178
    -0.075284406
    -0.075750714
    -0.076211053
    -0.076665372
    -0.077113622
    -0.077555753
    -0.077991717
    -0.078421465
    -0.078844949
    -0.079262122
    -0.079672937
    -0.080077348
    -0.080475309
    -0.080866773
    -0.081251697
    -0.081630036
    -0.082001745
    -0.082366781
    -0.082725101
    -0.083076662
    -0.083421423
    -0.083759342
    -0.084090378
    -0.084414490
    -0.084731639
    -0.085041785
    -0.085344890
    -0.085640915
    -0.085929822
    -0.086211575
    -0.086486135
    -0.086753469
    -0.087013539
    -0.087266311
    -0.087511750
    -0.087749824
    -0.087980497
    -0.088203739
    -0.088419516
    -0.088627797
    -0.088828552
    -0.089021750
    -0.089207361
    -0.089385356
    -0.089555707
    -0.089718386
    -0.089873365
    -0.090020619
    -0.090160120
    -0.090291844
    -0.090415765
    -0.090531860
    -0.090640105
    -0.090740477
    -0.090832954
    -0.090917514
    -0.090994137
    -0.091062801
    -0.091123488
    -0.091176178
    -0.091220853
    -0.091257495
    -0.091286087
    -0.091306613
    -0.091319057
    -0.091323405
    -0.091319640
    -0.091307751
    -0.091287724
    -0.091259546
    -0.091223206
    -0.091178692
    -0.091125996
    -0.091065106
    -0.090996014
    -0.090918712
    -0.090833191
    -0.090739446
    -0.090637471
    -0.090527258
    -0.090408805
    -0.090282106
    -0.090147159
    -0.090003960
    -0.089852507
    -0.089692800
    -0.089524838
    -0.089348621
    -0.089164149
    -0.088971425
    -0.088770451
    -0.088561228
    -0.088343763
    -0.088118057
    -0.087884118
    -0.087641949
    -0.087391559
    -0.087132955
    -0.086866143
    -0.086591134
    -0.086307936
    -0.086016559
    -0.085717015
    -0.085409315
    -0.085093471
    -0.084769496
    -0.084437404
    -0.084097210
    -0.083748928
    -0.083392574
    -0.083028166
    -0.082655720
    -0.082275254
    -0.081886787
    -0.081490339
    -0.081085929
    -0.080673579
    -0.080253311
    -0.079825146
    -0.079389108
    -0.078945220
    -0.078493507
    -0.078033994
    -0.077566707
    -0.077091673
    -0.076608919
    -0.076118472
    -0.075620363
    -0.075114620
    -0.074601273
    -0.074080353
    -0.073551892
    -0.073015922
    -0.072472476
    -0.071921588
    -0.071363292
    -0.070797623
    -0.070224616
    -0.069644309
    -0.069056739
    -0.068461942
    -0.067859959
    -0.067250827
    -0.066634587
    -0.066011279
    -0.065380945
    -0.064743626
    -0.064099366
    -0.063448207
    -0.062790192
    -0.062125368
    -0.061453779
    -0.060775470
    -0.060090489
    -0.059398883
    -0.058700699
    -0.057995986
    -0.057284794
    -0.056567171
    -0.055843169
    -0.055112838
    -0.054376231
    -0.053633399
    -0.052884396
    -0.052129275
    -0.051368091
    -0.050600897
    -0.049827751
    -0.049048707
    -0.048263822
    -0.047473154
    -0.046676761
    -0.045874701
    -0.045067033
    -0.044253816
    -0.043435111
    -0.042610979
    -0.041781482
    -0.040946680
    -0.040106637
    -0.039261416
    -0.038411080
    -0.037555693
    -0.036695321
    -0.035830029
    -0.034959882
    -0.034084946
    -0.033205290
    -0.032320980
    -0.031432084
    -0.030538670
    -0.029640808
    -0.028738568
    -0.027832018
    -0.026921230
    -0.026006275
    -0.025087224
    -0.024164149
    -0.023237123
    -0.022306218
    -0.021371509
    -0.020433068
    -0.019490970
    -0.018545290
    -0.017596104
    -0.016643486
    -0.015687513
    -0.014728262
    -0.013765809
    -0.012800232
    -0.011831608
    -0.010860016
   -0.0098855351
   -0.0089082434
   -0.0079282204
   -0.0069455462
   -0.0059603007
   -0.0049725646
   -0.0039824188
   -0.0029899445
   -0.0019952234
  -0.00099833736
   6.3118377e-07
    0.0010015996
    0.0020044849
    0.0030092038
    0.0040156727
    0.0050238076
    0.0060335242
    0.0070447380
    0.0080573641
    0.0090713175
     0.010086513
     0.011102864
     0.012120286
     0.013138691
     0.014157994
     0.015178108
     0.016198945
     0.017220419
     0.018242443
     0.019264928
     0.020287787
     0.021310931
     0.022334273
     0.023357724
     0.024381195
     0.025404598
     0.026427843
     0.027450842
     0.028473504
     0.029495742
     0.030517464
     0.031538582
     0.032559005
     0.033578643
     0.034597407
     0.035615206
     0.036631950
     0.037647548
     0.038661910
     0.039674945
     0.040686563
     0.041696673
     0.042705184
     0.043712005
     0.044717046
     0.045720216
     0.046721423
     0.047720577
     0.048717587
     0.049712361
     0.050704810
     0.051694841
     0.052682364
     0.053667289
     0.054649524
     0.055628978
     0.056605560
     0.057579181
     0.058549748
     0.059517173
     0.060481363
     0.061442229
     0.062399680
     0.063353627
     0.064303978
     0.065250644
     0.066193535
     0.067132561
     0.068067633
     0.068998661
     0.069925555
     0.070848227
     0.071766588
     0.072680549
     0.073590020
     0.074494915
     0.075395143
     0.076290618
     0.077181252
     0.078066957
     0.078947645
     0.079823229
     0.080693623
     0.081558740
     0.082418493
     0.083272797
     0.084121565
     0.084964712
     0.085802153
     0.086633802
     0.087459576
     0.088279389
     0.089093158
     0.089900798
     0.090702228
     0.091497362
     0.092286120
     0.093068418
     0.093844174
     0.094613308
     0.095375737
     0.096131381
     0.096880160
     0.097621993
     0.098356801
     0.099084505
     0.099805025
      0.10051828
      0.10122420
      0.10192271
      0.10261372
      0.10329715
      0.10397295
      0.10464101
      0.10530129
      0.10595369
      0.10659814
      0.10723458
      0.10786292
      0.10848310
      0.10909503
      0.10969866
      0.11029391
      0.11088071
      0.11145899
      0.11202868
      0.11258971
      0.11314201
      0.11368552
      0.11422017
      0.11474588
      0.11526261
      0.11577027
      0.11626881
      0.11675816
      0.11723826
      0.11770905
      0.11817046
      0.11862243
      0.11906490
      0.11949781
      0.11992110
      0.12033472
      0.12073860
      0.12113268
      0.12151692
      0.12189125
      0.12225561
      0.12260996
      0.12295424
      0.12328839
      0.12361237
      0.12392612
      0.12422959
      0.12452273
      0.12480548
      0.12507781
      0.12533966
      0.12559099
      0.12583175
      0.12606189
      0.12628136
      0.12649013
      0.12668815
      0.12687538
      0.12705177
      0.12721728
      0.12737188
      0.12751553
      0.12764817
      0.12776979
      0.12788034
      0.12797978
      0.12806808
      0.12814520
      0.12821112
      0.12826579
      0.12830919
      0.12834128
      0.12836203
      0.12837143
      0.12836942
      0.12835600
      0.12833113
      0.12829478
      0.12824694
      0.12818757
      0.12811665
      0.12803417
      0.12794010
      0.12783441
      0.12771710
      0.12758813
      0.12744750
      0.12729519
      0.12713118
      0.12695545
      0.12676799
      0.12656879
      0.12635784
      0.12613512
      0.12590063
      0.12565435
      0.12539628
      0.12512640
      0.12484472
      0.12455123
      0.12424592
      0.12392879
      0.12359983
      0.12325905
      0.12290644
      0.12254201
      0.12216575
      0.12177767
      0.12137777
      0.12096605
      0.12054252
      0.12010719
      0.11966007
      0.11920115
      0.11873045
      0.11824798
      0.11775376
      0.11724779
      0.11673008
      0.11620065
      0.11565952
      0.11510670
      0.11454221
      0.11396607
      0.11337829
      0.11277889
      0.11216790
      0.11154534
      0.11091123
      0.11026560
      0.10960847
      0.10893986
      0.10825981
      0.10756833
      0.10686547
      0.10615125
      0.10542570
      0.10468886
      0.10394075
      0.10318141
      0.10241088
      0.10162919
      0.10083637
      0.10003248
     0.099217540
     0.098391597
     0.097554692
     0.096706866
     0.095848162
     0.094978624
     0.094098298
     0.093207230
     0.092305466
     0.091393054
     0.090470045
     0.089536487
     0.088592431
     0.087637930
     0.086673037
     0.085697805
     0.084712290
     0.083716547
     0.082710634
     0.081694607
     0.080668527
     0.079632452
     0.078586444
     0.077530564
     0.076464875
     0.075389441
     0.074304326
     0.073209596
     0.072105317
     0.070991557
     0.069868385
     0.068735869
     0.067594079
     0.066443088
     0.065282968
     0.064113790
     0.062935630
     0.061748563
     0.060552663
     0.059348009
     0.058134678
     0.056912747
     0.055682298
     0.054443410
     0.053196164
     0.051940644
     0.050676931
     0.049405109
     0.048125265
     0.046837483
     0.045541850
     0.044238453
     0.042927382
     0.041608724
     0.040282570
     0.038949011
     0.037608139
     0.036260046
     0.034904826
     0.033542572
     0.032173381
     0.030797347
     0.029414567
     0.028025140
     0.026629163
     0.025226735
     0.023817957
     0.022402928
     0.020981751
     0.019554527
     0.018121360
     0.016682354
     0.015237612
     0.013787240
     0.012331344
     0.010870032
    0.0094034090
    0.0079315850
    0.0064546685
    0.0049727690
    0.0034859969
    0.0019944633
   0.00049827993
   -0.0010024409
   -0.0025075860
   -0.0040170416
   -0.0055306932
   -0.0070484259
   -0.0085701238
    -0.010095670
    -0.011624949
    -0.013157842
    -0.014694230
    -0.016233995
    -0.017777018
    -0.019323178
    -0.020872355
    -0.022424426
    -0.023979272
    -0.025536768
    -0.027096791
    -0.028659220
    -0.030223928
    -0.031790792
    -0.033359686
    -0.034930485
    -0.036503062
    -0.038077290
    -0.039653043
    -0.041230193
    -0.042808610
    -0.044388167
    -0.045968735
    -0.047550183
    -0.049132382
    -0.050715201
    -0.052298509
    -0.053882175
    -0.055466067
    -0.057050052
    -0.058633998
    -0.060217772
    -0.061801241
    -0.063384270
    -0.064966726
    -0.066548473
    -0.068129378
    -0.069709305
    -0.071288118
    -0.072865682
    -0.074441860
    -0.076016516
    -0.077589513
    -0.079160714
    -0.080729982
    -0.082297178
    -0.083862166
    -0.085424807
    -0.086984963
    -0.088542494
    -0.090097263
    -0.091649130
    -0.093197957
    -0.094743602
    -0.096285928
    -0.097824794
    -0.099360060
     -0.10089159
     -0.10241923
     -0.10394286
     -0.10546232
     -0.10697749
     -0.10848821
     -0.10999435
     -0.11149576
     -0.11299231
     -0.11448385
     -0.11597024
     -0.11745135
     -0.11892703
     -0.12039713
     -0.12186153
     -0.12332007
     -0.12477261
     -0.12621902
     -0.12765915
     -0.12909287
     -0.13052002
     -0.13194047
     -0.13335409
     -0.13476071
     -0.13616022
     -0.13755246
     -0.13893729
     -0.14031458
     -0.14168419
     -0.14304596
     -0.14439977
     -0.14574547
     -0.14708293
     -0.14841200
     -0.14973254
     -0.15104441
     -0.15234749
     -0.15364161
     -0.15492666
     -0.15620248
     -0.15746895
     -0.15872592
     -0.15997325
     -0.16121081
     -0.16243846
     -0.16365607
     -0.16486349
     -0.16606059
     -0.16724724
     -0.16842329
     -0.16958862
     -0.17074309
     -0.17188656
     -0.17301890
     -0.17413998
     -0.17524966
     -0.17634781
     -0.17743429
     -0.17850899
     -0.17957175
     -0.18062246
     -0.18166097
     -0.18268717
     -0.18370091
     -0.18470208
     -0.18569054
     -0.18666616
     -0.18762882
     -0.18857839
     -0.18951474
     -0.19043774
     -0.19134727
     -0.19224320
     -0.19312541
     -0.19399378
     -0.19484818
     -0.19568849
     -0.19651458
     -0.19732634
     -0.19812363
     -0.19890636
     -0.19967438
     -0.20042759
     -0.20116586
     -0.20188908
     -0.20259713
     -0.20328990
     -0.20396726
     -0.20462910
     -0.20527532
     -0.20590579
     -0.20652040
     -0.20711903
     -0.20770159
     -0.20826796
     -0.20881802
     -0.20935168
     -0.20986881
     -0.21036932
     -0.21085309
     -0.21132003
     -0.21177002
     -0.21220296
     -0.21261875
     -0.21301729
     -0.21339847
     -0.21376219
     -0.21410836
     -0.21443687
     -0.21474763
     -0.21504053
     -0.21531550
     -0.21557241
     -0.21581119
     -0.21603175
     -0.21623397
     -0.21641779
     -0.21658310
     -0.21672981
     -0.21685784
     -0.21696710
     -0.21705750
     -0.21712895
     -0.21718138
     -0.21721469
     -0.21722881
     -0.21722366
     -0.21719914
     -0.21715519
     -0.21709172
     -0.21700866
     -0.21690593
     -0.21678346
     -0.21664116
     -0.21647898
     -0.21629682
     -0.21609464
     -0.21587234
     -0.21562987
     -0.21536716
     -0.21508414
     -0.21478075
     -0.21445691
     -0.21411258
     -0.21374768
     -0.21336216
     -0.21295595
     -0.21252900
     -0.21208124
     -0.21161263
     -0.21112311
     -0.21061263
     -0.21008112
     -0.20952854
     -0.20895485
     -0.20835999
     -0.20774390
     -0.20710656
     -0.20644790
     -0.20576790
     -0.20506650
     -0.20434365
     -0.20359934
     -0.20283350
     -0.20204611
     -0.20123713
     -0.20040652
     -0.19955425
     -0.19868028
     -0.19778459
     -0.19686714
     -0.19592791
     -0.19496687
     -0.19398399
     -0.19297924
     -0.19195260
     -0.19090406
     -0.18983358
     -0.18874115
     -0.18762675
     -0.18649037
     -0.18533198
     -0.18415157
     -0.18294913
     -0.18172465
     -0.18047812
     -0.17920952
     -0.17791885
     -0.17660610
     -0.17527128
     -0.17391436
     -0.17253536
     -0.17113427
     -0.16971108
     -0.16826581
     -0.16679846
     -0.16530902
     -0.16379751
     -0.16226392
     -0.16070828
     -0.15913059
     -0.15753086
     -0.15590910
     -0.15426533
     -0.15259956
     -0.15091182
     -0.14920210
     -0.14747045
     -0.14571687
     -0.14394139
     -0.14214404
     -0.14032483
     -0.13848379
     -0.13662096
     -0.13473636
     -0.13283002
     -0.13090197
     -0.12895225
     -0.12698089
     -0.12498793
     -0.12297340
     -0.12093735
     -0.11887980
     -0.11680081
     -0.11470042
     -0.11257867
     -0.11043561
     -0.10827128
     -0.10608574
     -0.10387903
     -0.10165120
    -0.099402307
    -0.097132405
    -0.094841549
    -0.092529795
    -0.090197201
    -0.087843826
    -0.085469732
    -0.083074981
    -0.080659635
    -0.078223760
    -0.075767423
    -0.073290689
    -0.070793630
    -0.068276314
    -0.065738814
    -0.063181202
    -0.060603552
    -0.058005941
    -0.055388446
    -0.052751144
    -0.050094115
    -0.047417441
    -0.044721203
    -0.042005486
    -0.039270374
    -0.036515953
    -0.033742312
    -0.030949538
    -0.028137722
    -0.025306957
    -0.022457333
    -0.019588947
    -0.016701892
    -0.013796265
    -0.010872166
   -0.0079296916
   -0.0049689438
   -0.0019900239
    0.0010069650
    0.0040219187
    0.0070547317
     0.010105297
     0.013173507
     0.016259252
     0.019362422
     0.022482905
     0.025620588
     0.028775356
     0.031947096
     0.035135690
     0.038341019
     0.041562967
     0.044801411
     0.048056231
     0.051327305
     0.054614508
     0.057917717
     0.061236804
     0.064571643
     0.067922106
     0.071288062
     0.074669383
     0.078065935
     0.081477586
     0.084904202
     0.088345649
     0.091801790
     0.095272488
     0.098757604
      0.10225700
      0.10577054
      0.10929807
      0.11283945
      0.11639455
      0.11996322
      0.12354531
      0.12714067
      0.13074915
      0.13437062
      0.13800491
      0.14165189
      0.14531139
      0.14898326
      0.15266735
      0.15636351
      0.16007158
      0.16379140
      0.16752281
      0.17126567
      0.17501980
      0.17878506
      0.18256127
      0.18634827
      0.19014591
      0.19395402
      0.19777243
      0.20160099
      0.20543951
      0.20928785
      0.21314582
      0.21701326
      0.22089000
      0.22477587
      0.22867070
      0.23257432
      0.23648655
      0.24040722
      0.24433617
      0.24827320
      0.25221815
      0.25617084
      0.26013110
      0.26409874
      0.26807358
      0.27205546
      0.27604419
      0.28003958
      0.28404146
      0.28804965
      0.29206396
      0.29608422
      0.30011023
      0.30414181
      0.30817878
      0.31222096
      0.31626815
      0.32032017
      0.32437684
      0.32843797
      0.33250336
      0.33657284
      0.34064621
      0.34472328
      0.34880386
      0.35288776
      0.35697480
      0.36106478
      0.36515750
      0.36925279
      0.37335043
      0.37745025
      0.38155204
      0.38565562
      0.38976079
      0.39386736
      0.39797513
      0.40208390
      0.40619349
      0.41030369
      0.41441431
      0.41852515
      0.42263602
      0.42674673
      0.43085706
      0.43496683
      0.43907584
      0.44318389
      0.44729078
      0.45139632
      0.45550031
      0.45960255
      0.46370283
      0.46780097
      0.47189676
      0.47599001
      0.48008051
      0.48416807
      0.48825248
      0.49233355
      0.49641108
      0.50048487
      0.50455473
      0.50862044
      0.51268181
      0.51673865
      0.52079075
      0.52483791
      0.52887993
      0.53291663
      0.53694778
      0.54097321
      0.54499270
      0.54900606
      0.55301310
      0.55701360
      0.56100738
      0.56499424
      0.56897397
      0.57294638
      0.57691127
      0.58086845
      0.58481771
      0.58875886
      0.59269170
      0.59661604
      0.60053168
      0.60443842
      0.60833607
      0.61222443
      0.61610331
      0.61997251
      0.62383184
      0.62768110
      0.63152010
      0.63534864
      0.63916654
      0.64297359
      0.64676961
      0.65055441
      0.65432779
      0.65808957
      0.66183955
      0.66557754
      0.66930335
      0.67301679
      0.67671768
      0.68040582
      0.68408104
      0.68774313
      0.69139192
      0.69502722
      0.69864884
      0.70225660
      0.70585032
      0.70942980
      0.71299487
      0.71654535
      0.72008105
      0.72360179
      0.72710740
      0.73059768
      0.73407247
      0.73753158
      0.74097484
      0.74440207
      0.74781308
      0.75120772
      0.75458580
      0.75794715
      0.76129159
      0.76461895
      0.76792907
      0.77122176
      0.77449686
      0.77775421
      0.78099362
      0.78421494
      0.78741800
      0.79060263
      0.79376866
      0.79691594
      0.80004429
      0.80315356
      0.80624359
      0.80931420
      0.81236526
      0.81539659
      0.81840804
      0.82139945
      0.82437066
      0.82732153
      0.83025189
      0.83316160
      0.83605050
      0.83891845
      0.84176528
      0.84459086
      0.84739504
      0.85017766
      0.85293859
      0.85567768
      0.85839478
      0.86108976
      0.86376247
      0.86641277
      0.86904053
      0.87164560
      0.87422785
      0.87678715
      0.87932335
      0.88183634
      0.88432596
      0.88679210
      0.88923463
      0.89165341
      0.89404832
      0.89641923
      0.89876602
      0.90108857
      0.90338674
      0.90566043
      0.90790951
      0.91013386
      0.91233337
      0.91450792
      0.91665739
      0.91878167
      0.92088065
      0.92295422
      0.92500227
      0.92702470
      0.92902138
      0.93099223
      0.93293712
      0.93485597
      0.93674867
      0.93861512
      0.94045523
      0.94226888
      0.94405600
      0.94581647
      0.94755022
      0.94925715
      0.95093716
      0.95259017
      0.95421609
      0.95581484
      0.95738633
      0.95893048
      0.96044720
      0.96193642
      0.96339805
      0.96483202
      0.96623825
      0.96761667
      0.96896720
      0.97028978
      0.97158433
      0.97285078
      0.97408906
      0.97529912
      0.97648089
      0.97763430
      0.97875928
      0.97985580
      0.98092377
      0.98196316
      0.98297389
      0.98395592
      0.98490920
      0.98583368
      0.98672929
      0.98759601
      0.98843378
      0.98924256
      0.99002230
      0.99077297
      0.99149452
      0.99218691
      0.99285011
      0.99348408
      0.99408879
      0.99466421
      0.99521031
      0.99572705
      0.99621441
      0.99667236
      0.99710088
      0.99749995
      0.99786955
      0.99820964
      0.99852023
      0.99880128
      0.99905279
      0.99927475
      0.99946713
      0.99962993
      0.99976315
      0.99986677
      0.99994078
      0.99998520
       1.0000000
      0.99998520
      0.99994078
      0.99986677
      0.99976315
      0.99962993
      0.99946713
      0.99927475
      0.99905279
      0.99880128
      0.99852023
      0.99820964
      0.99786955
      0.99749995
      0.99710088
      0.99667236
      0.99621441
      0.99572705
      0.99521031
      0.99466421
      0.99408879
      0.99348408
      0.99285011
      0.99218691
      0.99149452
      0.99077297
      0.99002230
      0.98924256
      0.98843378
      0.98759601
      0.98672929
      0.98583368
      0.98490920
      0.98395592
      0.98297389
      0.98196316
      0.98092377
      0.97985580
      0.97875928
      0.97763430
      0.97648089
      0.97529912
      0.97408906
      0.97285078
      0.97158433
      0.97028978
      0.96896720
      0.96761667
      0.96623825
      0.96483202
      0.96339805
      0.96193642
      0.96044720
      0.95893048
      0.95738633
      0.95581484
      0.95421609
      0.95259017
      0.95093716
      0.94925715
      0.94755022
      0.94581647
      0.94405600
      0.94226888
      0.94045523
      0.93861512
      0.93674867
      0.93485597
      0.93293712
      0.93099223
      0.92902138
      0.92702470
      0.92500227
      0.92295422
      0.92088065
      0.91878167
      0.91665739
      0.91450792
      0.91233337
      0.91013386
      0.90790951
      0.90566043
      0.90338674
      0.90108857
      0.89876602
      0.89641923
      0.89404832
      0.89165341
      0.88923463
      0.88679210
      0.88432596
      0.88183634
      0.87932335
      0.87678715
      0.87422785
      0.87164560
      0.86904053
      0.86641277
      0.86376247
      0.86108976
      0.85839478
      0.85567768
      0.85293859
      0.85017766
      0.84739504
      0.84459086
      0.84176528
      0.83891845
      0.83605050
      0.83316160
      0.83025189
      0.82732153
      0.82437066
      0.82139945
      0.81840804
      0.81539659
      0.81236526
      0.80931420
      0.80624359
      0.80315356
      0.80004429
      0.79691594
      0.79376866
      0.79060263
      0.78741800
      0.78421494
      0.78099362
      0.77775421
      0.77449686
      0.77122176
      0.76792907
      0.76461895
      0.76129159
      0.75794715
      0.75458580
      0.75120772
      0.74781308
      0.74440207
      0.74097484
      0.73753158
      0.73407247
      0.73059768
      0.72710740
      0.72360179
      0.72008105
      0.71654535
      0.71299487
      0.70942980
      0.70585032
      0.70225660
      0.69864884
      0.69502722
      0.69139192
      0.68774313
      0.68408104
      0.68040582
      0.67671768
      0.67301679
      0.66930335
      0.66557753
      0.66183955
      0.65808957
      0.65432779
      0.65055441
      0.64676961
      0.64297359
      0.63916654
      0.63534864
      0.63152010
      0.62768110
      0.62383184
      0.61997251
      0.61610331
      0.61222443
      0.60833607
      0.60443842
      0.60053168
      0.59661604
      0.59269170
      0.58875886
      0.58481771
      0.58086845
      0.57691127
      0.57294638
      0.56897397
      0.56499424
      0.56100738
      0.55701360
      0.55301310
      0.54900606
      0.54499270
      0.54097321
      0.53694778
      0.53291663
      0.52887993
      0.52483791
      0.52079074
      0.51673865
      0.51268181
      0.50862044
      0.50455473
      0.50048487
      0.49641108
      0.49233355
      0.48825248
      0.48416807
      0.48008051
      0.47599001
      0.47189676
      0.46780097
      0.46370283
      0.45960255
      0.45550031
      0.45139632
      0.44729078
      0.44318389
      0.43907584
      0.43496683
      0.43085706
      0.42674672
      0.42263602
      0.41852515
      0.41441431
      0.41030369
      0.40619349
      0.40208390
      0.39797513
      0.39386736
      0.38976079
      0.38565562
      0.38155204
      0.37745025
      0.37335043
      0.36925279
      0.36515750
      0.36106478
      0.35697480
      0.35288776
      0.34880386
      0.34472328
      0.34064621
      0.33657284
      0.33250336
      0.32843797
      0.32437684
      0.32032017
      0.31626815
      0.31222096
      0.30817878
      0.30414181
      0.30011023
      0.29608422
      0.29206396
      0.28804965
      0.28404146
      0.28003958
      0.27604419
      0.27205546
      0.26807358
      0.26409874
      0.26013110
      0.25617084
      0.25221815
      0.24827320
      0.24433617
      0.24040722
      0.23648655
      0.23257432
      0.22867070
      0.22477587
      0.22089000
      0.21701326
      0.21314582
      0.20928785
      0.20543951
      0.20160099
      0.19777243
      0.19395402
      0.19014591
      0.18634827
      0.18256127
      0.17878506
      0.17501980
      0.17126567
      0.16752281
      0.16379140
      0.16007158
      0.15636351
      0.15266735
      0.14898326
      0.14531139
      0.14165189
      0.13800491
      0.13437062
      0.13074915
      0.12714067
      0.12354530
      0.11996322
      0.11639455
      0.11283945
      0.10929807
      0.10577053
      0.10225700
     0.098757604
     0.095272488
     0.091801790
     0.088345649
     0.084904202
     0.081477586
     0.078065935
     0.074669382
     0.071288062
     0.067922105
     0.064571643
     0.061236804
     0.057917717
     0.054614508
     0.051327305
     0.048056231
     0.044801411
     0.041562966
     0.038341019
     0.035135689
     0.031947096
     0.028775356
     0.025620587
     0.022482904
     0.019362422
     0.016259252
     0.013173507
     0.010105297
    0.0070547315
    0.0040219186
    0.0010069649
   -0.0019900240
   -0.0049689439
   -0.0079296918
    -0.010872166
    -0.013796266
    -0.016701892
    -0.019588947
    -0.022457334
    -0.025306957
    -0.028137723
    -0.030949538
    -0.033742312
    -0.036515953
    -0.039270374
    -0.042005486
    -0.044721203
    -0.047417441
    -0.050094115
    -0.052751144
    -0.055388446
    -0.058005941
    -0.060603552
    -0.063181202
    -0.065738814
    -0.068276314
    -0.070793630
    -0.073290690
    -0.075767423
    -0.078223760
    -0.080659635
    -0.083074981
    -0.085469732
    -0.087843827
    -0.090197201
    -0.092529795
    -0.094841549
    -0.097132405
    -0.099402307
     -0.10165120
     -0.10387903
     -0.10608574
     -0.10827128
     -0.11043561
     -0.11257867
     -0.11470042
     -0.11680081
     -0.11887980
     -0.12093735
     -0.12297340
     -0.12498793
     -0.12698089
     -0.12895225
     -0.13090197
     -0.13283002
     -0.13473636
     -0.13662096
     -0.13848379
     -0.14032483
     -0.14214404
     -0.14394139
     -0.14571687
     -0.14747045
     -0.14920210
     -0.15091182
     -0.15259956
     -0.15426533
     -0.15590910
     -0.15753086
     -0.15913059
     -0.16070828
     -0.16226392
     -0.16379751
     -0.16530902
     -0.16679846
     -0.16826581
     -0.16971108
     -0.17113427
     -0.17253536
     -0.17391436
     -0.17527128
     -0.17660610
     -0.17791885
     -0.17920952
     -0.18047812
     -0.18172465
     -0.18294913
     -0.18415157
     -0.18533198
     -0.18649037
     -0.18762675
     -0.18874115
     -0.18983358
     -0.19090406
     -0.19195260
     -0.19297924
     -0.19398399
     -0.19496687
     -0.19592791
     -0.19686714
     -0.19778459
     -0.19868028
     -0.19955425
     -0.20040652
     -0.20123713
     -0.20204611
     -0.20283350
     -0.20359934
     -0.20434365
     -0.20506650
     -0.20576790
     -0.20644790
     -0.20710656
     -0.20774390
     -0.20835999
     -0.20895485
     -0.20952854
     -0.21008112
     -0.21061263
     -0.21112311
     -0.21161263
     -0.21208124
     -0.21252900
     -0.21295595
     -0.21336216
     -0.21374768
     -0.21411258
     -0.21445691
     -0.21478075
     -0.21508414
     -0.21536716
     -0.21562987
     -0.21587234
     -0.21609464
     -0.21629682
     -0.21647898
     -0.21664116
     -0.21678346
     -0.21690593
     -0.21700866
     -0.21709172
     -0.21715519
     -0.21719914
     -0.21722366
     -0.21722881
     -0.21721469
     -0.21718138
     -0.21712895
     -0.21705750
     -0.21696710
     -0.21685784
     -0.21672981
     -0.21658310
     -0.21641779
     -0.21623397
     -0.21603175
     -0.21581119
     -0.21557241
     -0.21531550
     -0.21504053
     -0.21474763
     -0.21443687
     -0.21410836
     -0.21376219
     -0.21339847
     -0.21301729
     -0.21261875
     -0.21220296
     -0.21177002
     -0.21132003
     -0.21085309
     -0.21036932
     -0.20986881
     -0.20935168
     -0.20881802
     -0.20826796
     -0.20770159
     -0.20711903
     -0.20652040
     -0.20590579
     -0.20527532
     -0.20462910
     -0.20396726
     -0.20328990
     -0.20259713
     -0.20188908
     -0.20116586
     -0.20042759
     -0.19967438
     -0.19890636
     -0.19812363
     -0.19732633
     -0.19651458
     -0.19568849
     -0.19484818
     -0.19399378
     -0.19312541
     -0.19224320
     -0.19134727
     -0.19043774
     -0.18951474
     -0.18857839
     -0.18762882
     -0.18666616
     -0.18569054
     -0.18470208
     -0.18370091
     -0.18268717
     -0.18166097
     -0.18062246
     -0.17957175
     -0.17850899
     -0.17743429
     -0.17634781
     -0.17524966
     -0.17413998
     -0.17301890
     -0.17188656
     -0.17074309
     -0.16958862
     -0.16842329
     -0.16724724
     -0.16606059
     -0.16486349
     -0.16365607
     -0.16243846
     -0.16121081
     -0.15997325
     -0.15872592
     -0.15746895
     -0.15620248
     -0.15492666
     -0.15364161
     -0.15234749
     -0.15104441
     -0.14973254
     -0.14841200
     -0.14708293
     -0.14574547
     -0.14439977
     -0.14304596
     -0.14168419
     -0.14031458
     -0.13893729
     -0.13755246
     -0.13616022
     -0.13476071
     -0.13335409
     -0.13194047
     -0.13052002
     -0.12909287
     -0.12765915
     -0.12621902
     -0.12477261
     -0.12332007
     -0.12186153
     -0.12039713
     -0.11892703
     -0.11745135
     -0.11597024
     -0.11448385
     -0.11299231
     -0.11149576
     -0.10999435
     -0.10848821
     -0.10697749
     -0.10546232
     -0.10394286
     -0.10241923
     -0.10089159
    -0.099360060
    -0.097824794
    -0.096285928
    -0.094743602
    -0.093197956
    -0.091649130
    -0.090097263
    -0.088542494
    -0.086984962
    -0.085424807
    -0.083862166
    -0.082297178
    -0.080729982
    -0.079160714
    -0.077589513
    -0.076016516
    -0.074441860
    -0.072865682
    -0.071288118
    -0.069709305
    -0.068129378
    -0.066548473
    -0.064966725
    -0.063384270
    -0.061801240
    -0.060217772
    -0.058633998
    -0.057050052
    -0.055466066
    -0.053882175
    -0.052298509
    -0.050715201
    -0.049132382
    -0.047550183
    -0.045968735
    -0.044388167
    -0.042808610
    -0.041230192
    -0.039653043
    -0.038077290
    -0.036503062
    -0.034930485
    -0.033359686
    -0.031790792
    -0.030223928
    -0.028659220
    -0.027096791
    -0.025536767
    -0.023979271
    -0.022424426
    -0.020872354
    -0.019323178
    -0.017777018
    -0.016233995
    -0.014694230
    -0.013157841
    -0.011624949
    -0.010095670
   -0.0085701236
   -0.0070484257
   -0.0055306931
   -0.0040170414
   -0.0025075858
   -0.0010024407
   0.00049828009
    0.0019944635
    0.0034859971
    0.0049727692
    0.0064546686
    0.0079315852
    0.0094034092
     0.010870032
     0.012331345
     0.013787240
     0.015237612
     0.016682354
     0.018121361
     0.019554528
     0.020981751
     0.022402928
     0.023817957
     0.025226736
     0.026629163
     0.028025140
     0.029414568
     0.030797347
     0.032173381
     0.033542572
     0.034904826
     0.036260046
     0.037608139
     0.038949011
     0.040282570
     0.041608724
     0.042927382
     0.044238453
     0.045541850
     0.046837483
     0.048125265
     0.049405110
     0.050676931
     0.051940644
     0.053196165
     0.054443410
     0.055682298
     0.056912748
     0.058134678
     0.059348009
     0.060552664
     0.061748563
     0.062935631
     0.064113790
     0.065282968
     0.066443089
     0.067594080
     0.068735869
     0.069868385
     0.070991558
     0.072105317
     0.073209596
     0.074304326
     0.075389441
     0.076464875
     0.077530564
     0.078586444
     0.079632452
     0.080668527
     0.081694607
     0.082710634
     0.083716547
     0.084712290
     0.085697805
     0.086673037
     0.087637930
     0.088592431
     0.089536487
     0.090470045
     0.091393055
     0.092305466
     0.093207230
     0.094098298
     0.094978624
     0.095848162
     0.096706866
     0.097554692
     0.098391597
     0.099217540
      0.10003248
      0.10083637
      0.10162919
      0.10241088
      0.10318141
      0.10394075
      0.10468886
      0.10542570
      0.10615125
      0.10686547
      0.10756833
      0.10825981
      0.10893986
      0.10960847
      0.11026560
      0.11091123
      0.11154534
      0.11216790
      0.11277889
      0.11337829
      0.11396607
      0.11454221
      0.11510670
      0.11565952
      0.11620065
      0.11673008
      0.11724779
      0.11775376
      0.11824798
      0.11873045
      0.11920115
      0.11966007
      0.12010719
      0.12054252
      0.12096605
      0.12137777
      0.12177767
      0.12216575
      0.12254201
      0.12290644
      0.12325905
      0.12359983
      0.12392879
      0.12424592
      0.12455123
      0.12484472
      0.12512640
      0.12539628
      0.12565435
      0.12590063
      0.12613512
      0.12635784
      0.12656879
      0.12676799
      0.12695545
      0.12713118
      0.12729519
      0.12744750
      0.12758813
      0.12771710
      0.12783441
      0.12794010
      0.12803417
      0.12811665
      0.12818757
      0.12824694
      0.12829478
      0.12833113
      0.12835600
      0.12836942
      0.12837143
      0.12836203
      0.12834128
      0.12830919
      0.12826579
      0.12821112
      0.12814520
      0.12806808
      0.12797978
      0.12788034
      0.12776979
      0.12764817
      0.12751553
      0.12737188
      0.12721728
      0.12705177
      0.12687538
      0.12668815
      0.12649013
      0.12628136
      0.12606189
      0.12583175
      0.12559099
      0.12533966
      0.12507781
      0.12480548
      0.12452273
      0.12422959
      0.12392612
      0.12361237
      0.12328839
      0.12295424
      0.12260996
      0.12225561
      0.12189125
      0.12151692
      0.12113268
      0.12073860
      0.12033472
      0.11992110
      0.11949781
      0.11906490
      0.11862243
      0.11817046
      0.11770905
      0.11723826
      0.11675816
      0.11626881
      0.11577027
      0.11526261
      0.11474588
      0.11422017
      0.11368552
      0.11314201
      0.11258971
      0.11202868
      0.11145899
      0.11088071
      0.11029391
      0.10969866
      0.10909503
      0.10848310
      0.10786292
      0.10723458
      0.10659814
      0.10595369
      0.10530129
      0.10464102
      0.10397295
      0.10329715
      0.10261372
      0.10192271
      0.10122420
      0.10051828
     0.099805025
     0.099084505
     0.098356801
     0.097621993
     0.096880160
     0.096131381
     0.095375737
     0.094613308
     0.093844175
     0.093068418
     0.092286120
     0.091497362
     0.090702228
     0.089900798
     0.089093158
     0.088279389
     0.087459576
     0.086633802
     0.085802153
     0.084964712
     0.084121565
     0.083272797
     0.082418493
     0.081558740
     0.080693623
     0.079823229
     0.078947645
     0.078066957
     0.077181252
     0.076290619
     0.075395143
     0.074494915
     0.073590020
     0.072680549
     0.071766588
     0.070848227
     0.069925555
     0.068998661
     0.068067633
     0.067132561
     0.066193535
     0.065250644
     0.064303978
     0.063353627
     0.062399680
     0.061442229
     0.060481363
     0.059517173
     0.058549748
     0.057579181
     0.056605560
     0.055628978
     0.054649524
     0.053667289
     0.052682364
     0.051694841
     0.050704810
     0.049712361
     0.048717587
     0.047720577
     0.046721423
     0.045720216
     0.044717046
     0.043712005
     0.042705184
     0.041696673
     0.040686563
     0.039674945
     0.038661910
     0.037647548
     0.036631950
     0.035615206
     0.034597407
     0.033578643
     0.032559005
     0.031538582
     0.030517464
     0.029495742
     0.028473504
     0.027450842
     0.026427843
     0.025404598
     0.024381195
     0.023357724
     0.022334273
     0.021310931
     0.020287787
     0.019264928
     0.018242443
     0.017220419
     0.016198945
     0.015178108
     0.014157994
     0.013138691
     0.012120286
     0.011102864
     0.010086513
    0.0090713175
    0.0080573641
    0.0070447380
    0.0060335242
    0.0050238075
    0.0040156727
    0.0030092038
    0.0020044849
    0.0010015996
   6.3117047e-07
  -0.00099833738
   -0.0019952234
   -0.0029899445
   -0.0039824188
   -0.0049725647
   -0.0059603008
   -0.0069455462
   -0.0079282205
   -0.0089082434
   -0.0098855351
    -0.010860016
    -0.011831608
    -0.012800232
    -0.013765809
    -0.014728262
    -0.015687513
    -0.016643486
    -0.017596104
    -0.018545290
    -0.019490970
    -0.020433068
    -0.021371509
    -0.022306218
    -0.023237123
    -0.024164149
    -0.025087224
    -0.026006275
    -0.026921230
    -0.027832018
    -0.028738568
    -0.029640808
    -0.030538670
    -0.031432084
    -0.032320980
    -0.033205290
    -0.034084947
    -0.034959882
    -0.035830029
    -0.036695321
    -0.037555693
    -0.038411080
    -0.039261416
    -0.040106637
    -0.040946680
    -0.041781482
    -0.042610980
    -0.043435111
    -0.044253816
    -0.045067033
    -0.045874701
    -0.046676761
    -0.047473155
    -0.048263822
    -0.049048707
    -0.049827751
    -0.050600898
    -0.051368091
    -0.052129275
    -0.052884396
    -0.053633400
    -0.054376231
    -0.055112838
    -0.055843169
    -0.056567171
    -0.057284794
    -0.057995986
    -0.058700699
    -0.059398883
    -0.060090489
    -0.060775470
    -0.061453779
    -0.062125368
    -0.062790192
    -0.063448207
    -0.064099366
    -0.064743627
    -0.065380945
    -0.066011279
    -0.066634587
    -0.067250827
    -0.067859959
    -0.068461942
    -0.069056739
    -0.069644309
    -0.070224616
    -0.070797623
    -0.071363292
    -0.071921588
    -0.072472476
    -0.073015922
    -0.073551892
    -0.074080353
    -0.074601273
    -0.075114620
    -0.075620363
    -0.076118473
    -0.076608919
    -0.077091673
    -0.077566707
    -0.078033994
    -0.078493507
    -0.078945220
    -0.079389108
    -0.079825146
    -0.080253311
    -0.080673579
    -0.081085929
    -0.081490339
    -0.081886787
    -0.082275254
    -0.082655720
    -0.083028166
    -0.083392575
    -0.083748928
    -0.084097210
    -0.084437405
    -0.084769496
    -0.085093471
    -0.085409315
    -0.085717015
    -0.086016560
    -0.086307936
    -0.086591134
    -0.086866143
    -0.087132955
    -0.087391560
    -0.087641950
    -0.087884118
    -0.088118057
    -0.088343763
    -0.088561229
    -0.088770451
    -0.088971425
    -0.089164150
    -0.089348621
    -0.089524838
    -0.089692801
    -0.089852508
    -0.090003960
    -0.090147159
    -0.090282106
    -0.090408805
    -0.090527259
    -0.090637471
    -0.090739447
    -0.090833192
    -0.090918712
    -0.090996014
    -0.091065106
    -0.091125996
    -0.091178692
    -0.091223206
    -0.091259546
    -0.091287724
    -0.091307751
    -0.091319641
    -0.091323405
    -0.091319058
    -0.091306613
    -0.091286087
    -0.091257495
    -0.091220853
    -0.091176178
    -0.091123488
    -0.091062801
    -0.090994137
    -0.090917514
    -0.090832954
    -0.090740477
    -0.090640105
    -0.090531860
    -0.090415765
    -0.090291844
    -0.090160120
    -0.090020619
    -0.089873366
    -0.089718386
    -0.089555707
    -0.089385356
    -0.089207361
    -0.089021750
    -0.088828552
    -0.088627798
    -0.088419516
    -0.088203739
    -0.087980498
    -0.087749824
    -0.087511751
    -0.087266311
    -0.087013539
    -0.086753469
    -0.086486136
    -0.086211575
    -0.085929822
    -0.085640915
    -0.085344890
    -0.085041786
    -0.084731639
    -0.084414490
    -0.084090378
    -0.083759342
    -0.083421423
    -0.083076662
    -0.082725101
    -0.082366781
    -0.082001745
    -0.081630036
    -0.081251697
    -0.080866774
    -0.080475309
    -0.080077348
    -0.079672938
    -0.079262122
    -0.078844949
    -0.078421465
    -0.077991717
    -0.077555753
    -0.077113622
    -0.076665373
    -0.076211053
    -0.075750715
    -0.075284406
    -0.074812178
    -0.074334082
    -0.073850169
    -0.073360491
    -0.072865101
    -0.072364050
    -0.071857392
    -0.071345180
    -0.070827468
    -0.070304310
    -0.069775762
    -0.069241877
    -0.068702711
    -0.068158320
    -0.067608759
    -0.067054086
    -0.066494357
    -0.065929630
    -0.065359960
    -0.064785408
    -0.064206029
    -0.063621884
    -0.063033030
    -0.062439527
    -0.061841434
    -0.061238810
    -0.060631717
    -0.060020213
    -0.059404360
    -0.058784219
    -0.058159850
    -0.057531314
    -0.056898674
    -0.056261992
    -0.055621329
    -0.054976748
    -0.054328311
    -0.053676081
    -0.053020122
    -0.052360497
    -0.051697269
    -0.051030502
    -0.050360260
    -0.049686607
    -0.049009608
    -0.048329326
    -0.047645827
    -0.046959176
    -0.046269437
    -0.045576676
    -0.044880958
    -0.044182349
    -0.043480914
    -0.042776719
    -0.042069831
    -0.041360315
    -0.040648237
    -0.039933664
    -0.039216663
    -0.038497299
    -0.037775640
    -0.037051752
    -0.036325702
    -0.035597558
    -0.034867385
    -0.034135251
    -0.033401224
    -0.032665370
    -0.031927756
    -0.031188451
    -0.030447521
    -0.029705034
    -0.028961056
    -0.028215657
    -0.027468903
    -0.026720861
    -0.025971599
    -0.025221185
    -0.024469685
    -0.023717169
    -0.022963702
    -0.022209352
    -0.021454188
    -0.020698276
    -0.019941683
    -0.019184477
    -0.018426725
    -0.017668495
    -0.016909853
    -0.016150867
    -0.015391603
    -0.014632129
    -0.013872511
    -0.013112817
    -0.012353112
    -0.011593464
    -0.010833938
    -0.010074602
   -0.0093155205
   -0.0085567611
   -0.0077983892
   -0.0070404707
   -0.0062830714
   -0.0055262567
   -0.0047700922
   -0.0040146431
   -0.0032599745
   -0.0025061514
   -0.0017532386
   -0.0010013007
  -0.00025040204
   0.00049939301
    0.0012480204
    0.0019954164
    0.0027415172
    0.0034862595
    0.0042295799
    0.0049714155
    0.0057117034
    0.0064503811
    0.0071873862
    0.0079226566
    0.0086561305
    0.0093877462
     0.010117442
     0.010845158
     0.011570832
     0.012294404
     0.013015813
     0.013735000
     0.014451905
     0.015166468
     0.015878630
     0.016588333
     0.017295517
     0.018000124
     0.018702097
     0.019401377
     0.020097908
     0.020791632
     0.021482492
     0.022170433
     0.022855398
     0.023537332
     0.024216178
     0.024891883
     0.025564391
     0.026233648
     0.026899600
     0.027562194
     0.028221376
     0.028877094
     0.029529295
     0.030177927
     0.030822938
     0.031464277
     0.032101893
     0.032735736
     0.033365755
     0.033991900
     0.034614123
     0.035232374
     0.035846606
     0.036456769
     0.037062816
     0.037664701
     0.038262375
     0.038855793
     0.039444910
     0.040029678
     0.040610054
     0.041185992
     0.041757449
     0.042324381
     0.042886745
     0.043444497
     0.043997595
     0.044545998
     0.045089664
     0.045628553
     0.046162623
     0.046691835
     0.047216149
     0.047735526
     0.048249927
     0.048759315
     0.049263653
     0.049762901
     0.050257026
     0.050745989
     0.051229756
     0.051708291
     0.052181560
     0.052649529
     0.053112164
     0.053569433
     0.054021301
     0.054467738
     0.054908712
     0.055344192
     0.055774148
     0.056198548
     0.056617365
     0.057030569
     0.057438131
     0.057840024
     0.058236221
     0.058626694
     0.059011418
     0.059390366
     0.059763513
     0.060130836
     0.060492309
     0.060847908
     0.061197612
     0.061541398
     0.061879242
     0.062211125
     0.062537026
     0.062856923
     0.063170797
     0.063478629
     0.063780401
     0.064076094
     0.064365690
     0.064649173
     0.064926526
     0.065197734
     0.065462780
     0.065721651
     0.065974331
     0.066220808
     0.066461067
     0.066695098
     0.066922887
     0.067144423
     0.067359695
     0.067568693
     0.067771407
     0.067967829
     0.068157948
     0.068341758
     0.068519251
     0.068690419
     0.068855257
     0.069013758
     0.069165917
     0.069311730
     0.069451192
     0.069584299
     0.069711049
     0.069831439
     0.069945468
     0.070053133
     0.070154434
     0.070249370
     0.070337943
     0.070420152
     0.070495999
     0.070565487
     0.070628616
     0.070685392
     0.070735816
     0.070779893
     0.070817629
     0.070849027
     0.070874095
     0.070892837
     0.070905261
     0.070911375
     0.070911186
     0.070904703
     0.070891934
     0.070872890
     0.070847580
     0.070816015
     0.070778205
     0.070750919
     0.070750919
