   0.00028930867
   0.00029246780
   0.00029565929
   0.00029888344
   0.00030214056
   0.00030543096
   0.00030875496
   0.00031211287
   0.00031550502
   0.00031893173
   0.00032239331
   0.00032589011
   0.00032942245
   0.00033299067
   0.00033659510
   0.00034023607
   0.00034391395
   0.00034762906
   0.00035138176
   0.00035517240
   0.00035900133
   0.00036286891
   0.00036677550
   0.00037072146
   0.00037470716
   0.00037873297
   0.00038279926
   0.00038690641
   0.00039105479
   0.00039524478
   0.00039947678
   0.00040375116
   0.00040806833
   0.00041242867
   0.00041683258
   0.00042128047
   0.00042577273
   0.00043030979
   0.00043489203
   0.00043951989
   0.00044419378
   0.00044891412
   0.00045368134
   0.00045849586
   0.00046335812
   0.00046826855
   0.00047322759
   0.00047823568
   0.00048329328
   0.00048840082
   0.00049355876
   0.00049876757
   0.00050402770
   0.00050933961
   0.00051470377
   0.00052012067
   0.00052559076
   0.00053111454
   0.00053669248
   0.00054232507
   0.00054801281
   0.00055375620
   0.00055955572
   0.00056541188
   0.00057132520
   0.00057729618
   0.00058332534
   0.00058941319
   0.00059556027
   0.00060176710
   0.00060803421
   0.00061436214
   0.00062075143
   0.00062720263
   0.00063371628
   0.00064029294
   0.00064693316
   0.00065363752
   0.00066040657
   0.00066724088
   0.00067414104
   0.00068110763
   0.00068814122
   0.00069524242
   0.00070241180
   0.00070964998
   0.00071695755
   0.00072433512
   0.00073178331
   0.00073930273
   0.00074689401
   0.00075455778
   0.00076229466
   0.00077010529
   0.00077799031
   0.00078595038
   0.00079398614
   0.00080209825
   0.00081028738
   0.00081855418
   0.00082689934
   0.00083532352
   0.00084382741
   0.00085241171
   0.00086107709
   0.00086982427
   0.00087865394
   0.00088756681
   0.00089656360
   0.00090564502
   0.00091481181
   0.00092406468
   0.00093340439
   0.00094283166
   0.00095234726
   0.00096195192
   0.00097164641
   0.00098143149
   0.00099130793
    0.0010012765
    0.0010113380
    0.0010214932
    0.0010317429
    0.0010420879
    0.0010525290
    0.0010630671
    0.0010737028
    0.0010844371
    0.0010952708
    0.0011062047
    0.0011172397
    0.0011283766
    0.0011396162
    0.0011509595
    0.0011624072
    0.0011739603
    0.0011856197
    0.0011973861
    0.0012092606
    0.0012212440
    0.0012333372
    0.0012455412
    0.0012578568
    0.0012702849
    0.0012828266
    0.0012954827
    0.0013082542
    0.0013211421
    0.0013341472
    0.0013472706
    0.0013605133
    0.0013738761
    0.0013873602
    0.0014009664
    0.0014146958
    0.0014285495
    0.0014425283
    0.0014566334
    0.0014708658
    0.0014852265
    0.0014997165
    0.0015143369
    0.0015290888
    0.0015439732
    0.0015589911
    0.0015741438
    0.0015894322
    0.0016048575
    0.0016204208
    0.0016361231
    0.0016519656
    0.0016679495
    0.0016840758
    0.0017003457
    0.0017167604
    0.0017333209
    0.0017500286
    0.0017668844
    0.0017838898
    0.0018010457
    0.0018183535
    0.0018358143
    0.0018534293
    0.0018711998
    0.0018891270
    0.0019072121
    0.0019254565
    0.0019438613
    0.0019624277
    0.0019811572
    0.0020000510
    0.0020191103
    0.0020383364
    0.0020577308
    0.0020772946
    0.0020970292
    0.0021169360
    0.0021370163
    0.0021572714
    0.0021777028
    0.0021983117
    0.0022190996
    0.0022400678
    0.0022612178
    0.0022825509
    0.0023040687
    0.0023257724
    0.0023476636
    0.0023697436
    0.0023920140
    0.0024144762
    0.0024371317
    0.0024599819
    0.0024830284
    0.0025062727
    0.0025297162
    0.0025533606
    0.0025772072
    0.0026012577
    0.0026255137
    0.0026499766
    0.0026746481
    0.0026995298
    0.0027246232
    0.0027499299
    0.0027754515
    0.0028011898
    0.0028271462
    0.0028533225
    0.0028797203
    0.0029063413
    0.0029331871
    0.0029602595
    0.0029875601
    0.0030150906
    0.0030428528
    0.0030708484
    0.0030990791
    0.0031275467
    0.0031562529
    0.0031851995
    0.0032143883
    0.0032438211
    0.0032734997
    0.0033034260
    0.0033336016
    0.0033640286
    0.0033947086
    0.0034256437
    0.0034568356
    0.0034882863
    0.0035199976
    0.0035519715
    0.0035842098
    0.0036167146
    0.0036494877
    0.0036825311
    0.0037158468
    0.0037494367
    0.0037833029
    0.0038174473
    0.0038518720
    0.0038865789
    0.0039215702
    0.0039568479
    0.0039924140
    0.0040282705
    0.0040644197
    0.0041008636
    0.0041376043
    0.0041746439
    0.0042119846
    0.0042496286
    0.0042875779
    0.0043258347
    0.0043644013
    0.0044032799
    0.0044424726
    0.0044819817
    0.0045218094
    0.0045619580
    0.0046024297
    0.0046432269
    0.0046843517
    0.0047258066
    0.0047675938
    0.0048097157
    0.0048521746
    0.0048949728
    0.0049381128
    0.0049815969
    0.0050254275
    0.0050696070
    0.0051141379
    0.0051590225
    0.0052042634
    0.0052498631
    0.0052958239
    0.0053421483
    0.0053888390
    0.0054358984
    0.0054833290
    0.0055311334
    0.0055793142
    0.0056278739
    0.0056768151
    0.0057261405
    0.0057758526
    0.0058259541
    0.0058764476
    0.0059273358
    0.0059786214
    0.0060303071
    0.0060823955
    0.0061348895
    0.0061877917
    0.0062411048
    0.0062948317
    0.0063489751
    0.0064035379
    0.0064585228
    0.0065139326
    0.0065697702
    0.0066260385
    0.0066827403
    0.0067398785
    0.0067974560
    0.0068554758
    0.0069139407
    0.0069728537
    0.0070322177
    0.0070920358
    0.0071523109
    0.0072130461
    0.0072742443
    0.0073359086
    0.0073980420
    0.0074606477
    0.0075237287
    0.0075872881
    0.0076513290
    0.0077158546
    0.0077808679
    0.0078463723
    0.0079123708
    0.0079788666
    0.0080458630
    0.0081133632
    0.0081813704
    0.0082498880
    0.0083189190
    0.0083884670
    0.0084585351
    0.0085291267
    0.0086002452
    0.0086718939
    0.0087440761
    0.0088167953
    0.0088900549
    0.0089638583
    0.0090382089
    0.0091131102
    0.0091885657
    0.0092645788
    0.0093411532
    0.0094182922
    0.0094959994
    0.0095742784
    0.0096531329
    0.0097325662
    0.0098125822
    0.0098931843
    0.0099743763
     0.010056162
     0.010138544
     0.010221528
     0.010305116
     0.010389312
     0.010474121
     0.010559545
     0.010645589
     0.010732256
     0.010819551
     0.010907476
     0.010996037
     0.011085236
     0.011175077
     0.011265566
     0.011356705
     0.011448498
     0.011540949
     0.011634063
     0.011727843
     0.011822294
     0.011917419
     0.012013222
     0.012109707
     0.012206880
     0.012304743
     0.012403300
     0.012502556
     0.012602516
     0.012703183
     0.012804561
     0.012906654
     0.013009467
     0.013113005
     0.013217270
     0.013322269
     0.013428004
     0.013534480
     0.013641702
     0.013749673
     0.013858399
     0.013967883
     0.014078131
     0.014189145
     0.014300932
     0.014413495
     0.014526839
     0.014640968
     0.014755886
     0.014871599
     0.014988111
     0.015105426
     0.015223549
     0.015342485
     0.015462238
     0.015582813
     0.015704215
     0.015826447
     0.015949516
     0.016073425
     0.016198179
     0.016323783
     0.016450243
     0.016577561
     0.016705745
     0.016834797
     0.016964724
     0.017095529
     0.017227218
     0.017359796
     0.017493268
     0.017627638
     0.017762911
     0.017899093
     0.018036189
     0.018174202
     0.018313140
     0.018453006
     0.018593805
     0.018735543
     0.018878224
     0.019021855
     0.019166439
     0.019311983
     0.019458491
     0.019605968
     0.019754420
     0.019903852
     0.020054269
     0.020205676
     0.020358079
     0.020511483
     0.020665894
     0.020821315
     0.020977754
     0.021135215
     0.021293704
     0.021453226
     0.021613786
     0.021775391
     0.021938044
     0.022101753
     0.022266522
     0.022432357
     0.022599263
     0.022767247
     0.022936313
     0.023106466
     0.023277714
     0.023450061
     0.023623513
     0.023798075
     0.023973754
     0.024150555
     0.024328483
     0.024507545
     0.024687746
     0.024869091
     0.025051588
     0.025235241
     0.025420056
     0.025606039
     0.025793196
     0.025981533
     0.026171055
     0.026361769
     0.026553681
     0.026746795
     0.026941120
     0.027136659
     0.027333420
     0.027531408
     0.027730629
     0.027931090
     0.028132795
     0.028335753
     0.028539967
     0.028745446
     0.028952194
     0.029160218
     0.029369523
     0.029580117
     0.029792006
     0.030005194
     0.030219690
     0.030435498
     0.030652625
     0.030871078
     0.031090862
     0.031311985
     0.031534452
     0.031758269
     0.031983443
     0.032209980
     0.032437887
     0.032667170
     0.032897836
     0.033129890
     0.033363340
     0.033598191
     0.033834450
     0.034072124
     0.034311218
     0.034551741
     0.034793697
     0.035037094
     0.035281939
     0.035528236
     0.035775995
     0.036025220
     0.036275918
     0.036528096
     0.036781761
     0.037036920
     0.037293578
     0.037551743
     0.037811421
     0.038072620
     0.038335345
     0.038599603
     0.038865401
     0.039132747
     0.039401646
     0.039672105
     0.039944131
     0.040217732
     0.040492913
     0.040769682
     0.041048045
     0.041328010
     0.041609582
     0.041892770
     0.042177579
     0.042464018
     0.042752091
     0.043041808
     0.043333173
     0.043626196
     0.043920881
     0.044217237
     0.044515270
     0.044814987
     0.045116396
     0.045419502
     0.045724314
     0.046030838
     0.046339082
     0.046649051
     0.046960754
     0.047274197
     0.047589388
     0.047906333
     0.048225040
     0.048545515
     0.048867767
     0.049191801
     0.049517625
     0.049845246
     0.050174671
     0.050505908
     0.050838963
     0.051173844
     0.051510558
     0.051849111
     0.052189512
     0.052531767
     0.052875884
     0.053221869
     0.053569730
     0.053919475
     0.054271110
     0.054624642
     0.054980079
     0.055337428
     0.055696696
     0.056057891
     0.056421019
     0.056786089
     0.057153107
     0.057522080
     0.057893016
     0.058265922
     0.058640805
     0.059017672
     0.059396532
     0.059777391
     0.060160256
     0.060545134
     0.060932034
     0.061320962
     0.061711926
     0.062104932
     0.062499989
     0.062897103
     0.063296281
     0.063697532
     0.064100862
     0.064506279
     0.064913790
     0.065323402
     0.065735123
     0.066148960
     0.066564919
     0.066983010
     0.067403238
     0.067825611
     0.068250137
     0.068676822
     0.069105675
     0.069536701
     0.069969910
     0.070405307
     0.070842901
     0.071282698
     0.071724706
     0.072168932
     0.072615383
     0.073064067
     0.073514991
     0.073968162
     0.074423588
     0.074881275
     0.075341232
     0.075803464
     0.076267980
     0.076734787
     0.077203892
     0.077675302
     0.078149025
     0.078625067
     0.079103436
     0.079584139
     0.080067183
     0.080552576
     0.081040325
     0.081530436
     0.082022917
     0.082517776
     0.083015019
     0.083514653
     0.084016686
     0.084521124
     0.085027976
     0.085537247
     0.086048945
     0.086563078
     0.087079651
     0.087598673
     0.088120151
     0.088644090
     0.089170499
     0.089699384
     0.090230753
     0.090764612
     0.091300969
     0.091839830
     0.092381202
     0.092925092
     0.093471507
     0.094020455
     0.094571941
     0.095125974
     0.095682559
     0.096241703
     0.096803414
     0.097367698
     0.097934562
     0.098504013
     0.099076058
     0.099650702
      0.10022795
      0.10080782
      0.10139031
      0.10197542
      0.10256317
      0.10315355
      0.10374659
      0.10434228
      0.10494062
      0.10554164
      0.10614533
      0.10675170
      0.10736075
      0.10797250
      0.10858694
      0.10920410
      0.10982396
      0.11044655
      0.11107185
      0.11169989
      0.11233067
      0.11296419
      0.11360046
      0.11423949
      0.11488128
      0.11552584
      0.11617317
      0.11682329
      0.11747619
      0.11813189
      0.11879038
      0.11945168
      0.12011579
      0.12078272
      0.12145248
      0.12212506
      0.12280048
      0.12347873
      0.12415984
      0.12484380
      0.12553061
      0.12622029
      0.12691285
      0.12760827
      0.12830658
      0.12900778
      0.12971186
      0.13041885
      0.13112874
      0.13184154
      0.13255725
      0.13327588
      0.13399744
      0.13472193
      0.13544936
      0.13617972
      0.13691304
      0.13764930
      0.13838852
      0.13913071
      0.13987586
      0.14062399
      0.14137509
      0.14212917
      0.14288624
      0.14364631
      0.14440937
      0.14517543
      0.14594450
      0.14671658
      0.14749168
      0.14826980
      0.14905094
      0.14983511
      0.15062232
      0.15141257
      0.15220586
      0.15300220
      0.15380159
      0.15460404
      0.15540955
      0.15621813
      0.15702977
      0.15784449
      0.15866229
      0.15948317
      0.16030713
      0.16113419
      0.16196434
      0.16279758
      0.16363393
      0.16447338
      0.16531595
      0.16616162
      0.16701041
      0.16786232
      0.16871736
      0.16957552
      0.17043681
      0.17130124
      0.17216880
      0.17303951
      0.17391336
      0.17479035
      0.17567050
      0.17655380
      0.17744025
      0.17832987
      0.17922264
      0.18011858
      0.18101769
      0.18191997
      0.18282542
      0.18373405
      0.18464586
      0.18556085
      0.18647902
      0.18740038
      0.18832492
      0.18925266
      0.19018359
      0.19111771
      0.19205503
      0.19299555
      0.19393928
      0.19488620
      0.19583633
      0.19678967
      0.19774621
      0.19870597
      0.19966894
      0.20063512
      0.20160451
      0.20257713
      0.20355296
      0.20453201
      0.20551428
      0.20649977
      0.20748849
      0.20848043
      0.20947559
      0.21047398
      0.21147560
      0.21248044
      0.21348852
      0.21449982
      0.21551435
      0.21653211
      0.21755311
      0.21857733
      0.21960479
      0.22063547
      0.22166939
      0.22270654
      0.22374693
      0.22479054
      0.22583739
      0.22688747
      0.22794078
      0.22899732
      0.23005710
      0.23112010
      0.23218633
      0.23325580
      0.23432849
      0.23540441
      0.23648356
      0.23756593
      0.23865153
      0.23974036
      0.24083240
      0.24192767
      0.24302616
      0.24412787
      0.24523280
      0.24634095
      0.24745231
      0.24856688
      0.24968467
      0.25080566
      0.25192987
      0.25305728
      0.25418789
      0.25532171
      0.25645873
      0.25759894
      0.25874235
      0.25988895
      0.26103875
      0.26219173
      0.26334790
      0.26450724
      0.26566977
      0.26683548
      0.26800436
      0.26917641
      0.27035163
      0.27153001
      0.27271155
      0.27389625
      0.27508411
      0.27627511
      0.27746926
      0.27866656
      0.27986700
      0.28107057
      0.28227727
      0.28348710
      0.28470005
      0.28591612
      0.28713531
      0.28835761
      0.28958301
      0.29081151
      0.29204311
      0.29327781
      0.29451558
      0.29575645
      0.29700038
      0.29824739
      0.29949747
      0.30075061
      0.30200680
      0.30326605
      0.30452834
      0.30579366
      0.30706203
      0.30833342
      0.30960783
      0.31088525
      0.31216569
      0.31344913
      0.31473557
      0.31602500
      0.31731741
      0.31861280
      0.31991116
      0.32121249
      0.32251677
      0.32382401
      0.32513419
      0.32644730
      0.32776334
      0.32908231
      0.33040419
      0.33172898
      0.33305667
      0.33438725
      0.33572071
      0.33705705
      0.33839626
      0.33973833
      0.34108325
      0.34243102
      0.34378162
      0.34513505
      0.34649129
      0.34785035
      0.34921221
      0.35057686
      0.35194429
      0.35331450
      0.35468748
      0.35606321
      0.35744169
      0.35882291
      0.36020685
      0.36159352
      0.36298289
      0.36437496
      0.36576973
      0.36716717
      0.36856728
      0.36997005
      0.37137547
      0.37278353
      0.37419422
      0.37560752
      0.37702344
      0.37844195
      0.37986304
      0.38128671
      0.38271294
      0.38414173
      0.38557306
      0.38700692
      0.38844329
      0.38988218
      0.39132356
      0.39276742
      0.39421376
      0.39566256
      0.39711380
      0.39856748
      0.40002359
      0.40148210
      0.40294302
      0.40440632
      0.40587200
      0.40734004
      0.40881043
      0.41028316
      0.41175821
      0.41323556
      0.41471522
      0.41619716
      0.41768137
      0.41916783
      0.42065654
      0.42214748
      0.42364064
      0.42513600
      0.42663354
      0.42813326
      0.42963515
      0.43113917
      0.43264533
      0.43415361
      0.43566398
      0.43717645
      0.43869099
      0.44020759
      0.44172623
      0.44324690
      0.44476959
      0.44629427
      0.44782094
      0.44934957
      0.45088016
      0.45241268
      0.45394713
      0.45548348
      0.45702171
      0.45856183
      0.46010380
      0.46164761
      0.46319325
      0.46474070
      0.46628993
      0.46784095
      0.46939372
      0.47094824
      0.47250449
      0.47406244
      0.47562208
      0.47718340
      0.47874638
      0.48031100
      0.48187724
      0.48344509
      0.48501452
      0.48658553
      0.48815809
      0.48973218
      0.49130780
      0.49288491
      0.49446350
      0.49604356
      0.49762506
      0.49920798
      0.50079232
      0.50237805
      0.50396514
      0.50555359
      0.50714337
      0.50873447
      0.51032686
      0.51192053
      0.51351546
      0.51511162
      0.51670901
      0.51830759
      0.51990735
      0.52150828
      0.52311034
      0.52471353
      0.52631782
      0.52792319
      0.52952962
      0.53113709
      0.53274558
      0.53435508
      0.53596555
      0.53757699
      0.53918936
      0.54080266
      0.54241685
      0.54403192
      0.54564785
      0.54726461
      0.54888219
      0.55050056
      0.55211971
      0.55373961
      0.55536023
      0.55698157
      0.55860359
      0.56022628
      0.56184962
      0.56347358
      0.56509814
      0.56672327
      0.56834897
      0.56997520
      0.57160194
      0.57322918
      0.57485688
      0.57648503
      0.57811360
      0.57974258
      0.58137194
      0.58300165
      0.58463169
      0.58626205
      0.58789270
      0.58952361
      0.59115477
      0.59278614
      0.59441771
      0.59604946
      0.59768135
      0.59931338
      0.60094550
      0.60257771
      0.60420998
      0.60584228
      0.60747458
      0.60910688
      0.61073913
      0.61237133
      0.61400344
      0.61563544
      0.61726731
      0.61889903
      0.62053056
      0.62216188
      0.62379298
      0.62542382
      0.62705439
      0.62868465
      0.63031459
      0.63194417
      0.63357338
      0.63520219
      0.63683058
      0.63845851
      0.64008597
      0.64171293
      0.64333937
      0.64496525
      0.64659057
      0.64821528
      0.64983937
      0.65146281
      0.65308558
      0.65470765
      0.65632899
      0.65794958
      0.65956940
      0.66118841
      0.66280660
      0.66442394
      0.66604040
      0.66765596
      0.66927058
      0.67088426
      0.67249695
      0.67410864
      0.67571930
      0.67732890
      0.67893741
      0.68054482
      0.68215109
      0.68375620
      0.68536013
      0.68696284
      0.68856431
      0.69016452
      0.69176343
      0.69336103
      0.69495728
      0.69655217
      0.69814566
      0.69973772
      0.70132834
      0.70291748
      0.70450512
      0.70609123
      0.70767578
      0.70925876
      0.71084013
      0.71241986
      0.71399793
      0.71557432
      0.71714899
      0.71872192
      0.72029309
      0.72186246
      0.72343001
      0.72499572
      0.72655955
      0.72812148
      0.72968148
      0.73123953
      0.73279560
      0.73434966
      0.73590169
      0.73745166
      0.73899953
      0.74054530
      0.74208892
      0.74363037
      0.74516963
      0.74670667
      0.74824146
      0.74977397
      0.75130418
      0.75283206
      0.75435758
      0.75588072
      0.75740145
      0.75891975
      0.76043558
      0.76194891
      0.76345973
      0.76496801
      0.76647371
      0.76797682
      0.76947730
      0.77097513
      0.77247027
      0.77396272
      0.77545243
      0.77693938
      0.77842354
      0.77990489
      0.78138340
      0.78285904
      0.78433179
      0.78580162
      0.78726850
      0.78873240
      0.79019331
      0.79165118
      0.79310600
      0.79455775
      0.79600638
      0.79745188
      0.79889421
      0.80033336
      0.80176930
      0.80320199
      0.80463142
      0.80605755
      0.80748036
      0.80889983
      0.81031592
      0.81172861
      0.81313787
      0.81454369
      0.81594602
      0.81734484
      0.81874014
      0.82013188
      0.82152003
      0.82290457
      0.82428548
      0.82566272
      0.82703627
      0.82840611
      0.82977221
      0.83113454
      0.83249308
      0.83384780
      0.83519868
      0.83654568
      0.83788879
      0.83922798
      0.84056322
      0.84189448
      0.84322175
      0.84454499
      0.84586419
      0.84717930
      0.84849032
      0.84979721
      0.85109995
      0.85239852
      0.85369288
      0.85498301
      0.85626889
      0.85755050
      0.85882780
      0.86010078
      0.86136940
      0.86263365
      0.86389350
      0.86514892
      0.86639989
      0.86764639
      0.86888838
      0.87012585
      0.87135877
      0.87258712
      0.87381088
      0.87503001
      0.87624449
      0.87745431
      0.87865943
      0.87985984
      0.88105550
      0.88224640
      0.88343251
      0.88461381
      0.88579027
      0.88696187
      0.88812859
      0.88929040
      0.89044729
      0.89159922
      0.89274617
      0.89388813
      0.89502506
      0.89615696
      0.89728378
      0.89840551
      0.89952213
      0.90063362
      0.90173995
      0.90284109
      0.90393704
      0.90502776
      0.90611323
      0.90719344
      0.90826836
      0.90933796
      0.91040223
      0.91146114
      0.91251467
      0.91356281
      0.91460553
      0.91564280
      0.91667461
      0.91770094
      0.91872176
      0.91973706
      0.92074681
      0.92175099
      0.92274959
      0.92374257
      0.92472993
      0.92571164
      0.92668768
      0.92765803
      0.92862267
      0.92958158
      0.93053474
      0.93148213
      0.93242373
      0.93335952
      0.93428949
      0.93521361
      0.93613186
      0.93704423
      0.93795070
      0.93885124
      0.93974584
      0.94063448
      0.94151714
      0.94239380
      0.94326445
      0.94412906
      0.94498762
      0.94584012
      0.94668652
      0.94752682
      0.94836100
      0.94918904
      0.95001092
      0.95082662
      0.95163613
      0.95243944
      0.95323651
      0.95402735
      0.95481192
      0.95559022
      0.95636223
      0.95712793
      0.95788730
      0.95864033
      0.95938701
      0.96012732
      0.96086123
      0.96158874
      0.96230984
      0.96302450
      0.96373271
      0.96443446
      0.96512972
      0.96581850
      0.96650076
      0.96717650
      0.96784571
      0.96850836
      0.96916445
      0.96981395
      0.97045687
      0.97109317
      0.97172286
      0.97234591
      0.97296232
      0.97357206
      0.97417513
      0.97477151
      0.97536120
      0.97594417
      0.97652042
      0.97708993
      0.97765270
      0.97820870
      0.97875793
      0.97930038
      0.97983603
      0.98036487
      0.98088689
      0.98140209
      0.98191044
      0.98241194
      0.98290658
      0.98339434
      0.98387522
      0.98434921
      0.98481629
      0.98527646
      0.98572970
      0.98617601
      0.98661537
      0.98704779
      0.98747323
      0.98789171
      0.98830321
      0.98870772
      0.98910523
      0.98949573
      0.98987922
      0.99025568
      0.99062511
      0.99098751
      0.99134285
      0.99169114
      0.99203237
      0.99236653
      0.99269361
      0.99301360
      0.99332651
      0.99363232
      0.99393102
      0.99422261
      0.99450708
      0.99478443
      0.99505465
      0.99531774
      0.99557368
      0.99582248
      0.99606413
      0.99629861
      0.99652594
      0.99674610
      0.99695909
      0.99716490
      0.99736352
      0.99755497
      0.99773922
      0.99791628
      0.99808614
      0.99824881
      0.99840426
      0.99855251
      0.99869355
      0.99882737
      0.99895398
      0.99907337
      0.99918553
      0.99929047
      0.99938818
      0.99947866
      0.99956191
      0.99963793
      0.99970671
      0.99976826
      0.99982257
      0.99986964
      0.99990947
      0.99994206
      0.99996741
      0.99998551
      0.99999638
       1.0000000
      0.99999638
      0.99998551
      0.99996741
      0.99994206
      0.99990947
      0.99986964
      0.99982257
      0.99976826
      0.99970671
      0.99963793
      0.99956191
      0.99947866
      0.99938818
      0.99929047
      0.99918553
      0.99907337
      0.99895398
      0.99882737
      0.99869355
      0.99855251
      0.99840426
      0.99824881
      0.99808614
      0.99791628
      0.99773922
      0.99755497
      0.99736352
      0.99716490
      0.99695909
      0.99674610
      0.99652594
      0.99629861
      0.99606413
      0.99582248
      0.99557368
      0.99531774
      0.99505465
      0.99478443
      0.99450708
      0.99422261
      0.99393102
      0.99363232
      0.99332651
      0.99301360
      0.99269361
      0.99236653
      0.99203237
      0.99169114
      0.99134285
      0.99098751
      0.99062511
      0.99025568
      0.98987922
      0.98949573
      0.98910523
      0.98870772
      0.98830321
      0.98789171
      0.98747323
      0.98704779
      0.98661537
      0.98617601
      0.98572970
      0.98527646
      0.98481629
      0.98434921
      0.98387522
      0.98339434
      0.98290658
      0.98241194
      0.98191044
      0.98140209
      0.98088689
      0.98036487
      0.97983603
      0.97930038
      0.97875793
      0.97820870
      0.97765270
      0.97708993
      0.97652042
      0.97594417
      0.97536120
      0.97477151
      0.97417513
      0.97357206
      0.97296232
      0.97234591
      0.97172286
      0.97109317
      0.97045687
      0.96981395
      0.96916445
      0.96850836
      0.96784571
      0.96717650
      0.96650076
      0.96581850
      0.96512972
      0.96443446
      0.96373271
      0.96302450
      0.96230984
      0.96158874
      0.96086123
      0.96012732
      0.95938701
      0.95864033
      0.95788730
      0.95712793
      0.95636223
      0.95559022
      0.95481192
      0.95402735
      0.95323651
      0.95243944
      0.95163613
      0.95082662
      0.95001092
      0.94918904
      0.94836100
      0.94752682
      0.94668652
      0.94584012
      0.94498762
      0.94412906
      0.94326445
      0.94239380
      0.94151714
      0.94063448
      0.93974584
      0.93885124
      0.93795070
      0.93704423
      0.93613186
      0.93521361
      0.93428949
      0.93335952
      0.93242373
      0.93148213
      0.93053474
      0.92958158
      0.92862267
      0.92765803
      0.92668768
      0.92571164
      0.92472993
      0.92374257
      0.92274959
      0.92175099
      0.92074681
      0.91973706
      0.91872176
      0.91770094
      0.91667461
      0.91564280
      0.91460553
      0.91356281
      0.91251467
      0.91146114
      0.91040223
      0.90933796
      0.90826836
      0.90719344
      0.90611323
      0.90502776
      0.90393704
      0.90284109
      0.90173995
      0.90063362
      0.89952213
      0.89840551
      0.89728378
      0.89615696
      0.89502506
      0.89388813
      0.89274617
      0.89159922
      0.89044729
      0.88929040
      0.88812859
      0.88696187
      0.88579027
      0.88461381
      0.88343251
      0.88224640
      0.88105550
      0.87985984
      0.87865943
      0.87745431
      0.87624449
      0.87503001
      0.87381088
      0.87258712
      0.87135877
      0.87012585
      0.86888838
      0.86764639
      0.86639989
      0.86514892
      0.86389350
      0.86263365
      0.86136940
      0.86010078
      0.85882780
      0.85755050
      0.85626889
      0.85498301
      0.85369288
      0.85239852
      0.85109995
      0.84979721
      0.84849032
      0.84717930
      0.84586419
      0.84454499
      0.84322175
      0.84189448
      0.84056322
      0.83922798
      0.83788879
      0.83654568
      0.83519868
      0.83384780
      0.83249308
      0.83113454
      0.82977221
      0.82840611
      0.82703627
      0.82566272
      0.82428548
      0.82290457
      0.82152003
      0.82013188
      0.81874014
      0.81734484
      0.81594602
      0.81454369
      0.81313787
      0.81172861
      0.81031592
      0.80889983
      0.80748036
      0.80605755
      0.80463142
      0.80320199
      0.80176930
      0.80033336
      0.79889421
      0.79745188
      0.79600638
      0.79455775
      0.79310600
      0.79165118
      0.79019331
      0.78873240
      0.78726850
      0.78580162
      0.78433179
      0.78285904
      0.78138340
      0.77990489
      0.77842354
      0.77693938
      0.77545243
      0.77396272
      0.77247027
      0.77097513
      0.76947730
      0.76797682
      0.76647371
      0.76496801
      0.76345973
      0.76194891
      0.76043558
      0.75891975
      0.75740145
      0.75588072
      0.75435758
      0.75283206
      0.75130418
      0.74977397
      0.74824146
      0.74670667
      0.74516963
      0.74363037
      0.74208892
      0.74054530
      0.73899953
      0.73745166
      0.73590169
      0.73434966
      0.73279560
      0.73123953
      0.72968148
      0.72812148
      0.72655955
      0.72499572
      0.72343001
      0.72186246
      0.72029309
      0.71872192
      0.71714899
      0.71557432
      0.71399793
      0.71241986
      0.71084013
      0.70925876
      0.70767578
      0.70609123
      0.70450512
      0.70291748
      0.70132834
      0.69973772
      0.69814566
      0.69655217
      0.69495728
      0.69336103
      0.69176343
      0.69016452
      0.68856431
      0.68696284
      0.68536013
      0.68375620
      0.68215109
      0.68054482
      0.67893741
      0.67732890
      0.67571930
      0.67410864
      0.67249695
      0.67088426
      0.66927058
      0.66765596
      0.66604040
      0.66442394
      0.66280660
      0.66118841
      0.65956940
      0.65794958
      0.65632899
      0.65470765
      0.65308558
      0.65146281
      0.64983937
      0.64821528
      0.64659057
      0.64496525
      0.64333937
      0.64171293
      0.64008597
      0.63845851
      0.63683058
      0.63520219
      0.63357338
      0.63194417
      0.63031459
      0.62868465
      0.62705439
      0.62542382
      0.62379298
      0.62216188
      0.62053056
      0.61889903
      0.61726731
      0.61563544
      0.61400344
      0.61237133
      0.61073913
      0.60910688
      0.60747458
      0.60584228
      0.60420998
      0.60257771
      0.60094550
      0.59931338
      0.59768135
      0.59604946
      0.59441771
      0.59278614
      0.59115477
      0.58952361
      0.58789270
      0.58626205
      0.58463169
      0.58300165
      0.58137194
      0.57974258
      0.57811360
      0.57648503
      0.57485688
      0.57322918
      0.57160194
      0.56997520
      0.56834897
      0.56672327
      0.56509814
      0.56347358
      0.56184962
      0.56022628
      0.55860359
      0.55698157
      0.55536023
      0.55373961
      0.55211971
      0.55050056
      0.54888219
      0.54726461
      0.54564785
      0.54403192
      0.54241685
      0.54080266
      0.53918936
      0.53757699
      0.53596555
      0.53435508
      0.53274558
      0.53113709
      0.52952962
      0.52792319
      0.52631782
      0.52471353
      0.52311034
      0.52150828
      0.51990735
      0.51830759
      0.51670901
      0.51511162
      0.51351546
      0.51192053
      0.51032686
      0.50873447
      0.50714337
      0.50555359
      0.50396514
      0.50237805
      0.50079232
      0.49920798
      0.49762506
      0.49604356
      0.49446350
      0.49288491
      0.49130780
      0.48973218
      0.48815809
      0.48658553
      0.48501452
      0.48344509
      0.48187724
      0.48031100
      0.47874638
      0.47718340
      0.47562208
      0.47406244
      0.47250449
      0.47094824
      0.46939372
      0.46784095
      0.46628993
      0.46474070
      0.46319325
      0.46164761
      0.46010380
      0.45856183
      0.45702171
      0.45548348
      0.45394713
      0.45241268
      0.45088016
      0.44934957
      0.44782094
      0.44629427
      0.44476959
      0.44324690
      0.44172623
      0.44020759
      0.43869099
      0.43717645
      0.43566398
      0.43415361
      0.43264533
      0.43113917
      0.42963515
      0.42813326
      0.42663354
      0.42513600
      0.42364064
      0.42214748
      0.42065654
      0.41916783
      0.41768137
      0.41619716
      0.41471522
      0.41323556
      0.41175821
      0.41028316
      0.40881043
      0.40734004
      0.40587200
      0.40440632
      0.40294302
      0.40148210
      0.40002359
      0.39856748
      0.39711380
      0.39566256
      0.39421376
      0.39276742
      0.39132356
      0.38988218
      0.38844329
      0.38700692
      0.38557306
      0.38414173
      0.38271294
      0.38128671
      0.37986304
      0.37844195
      0.37702344
      0.37560752
      0.37419422
      0.37278353
      0.37137547
      0.36997005
      0.36856728
      0.36716717
      0.36576973
      0.36437496
      0.36298289
      0.36159352
      0.36020685
      0.35882291
      0.35744169
      0.35606321
      0.35468748
      0.35331450
      0.35194429
      0.35057686
      0.34921221
      0.34785035
      0.34649129
      0.34513505
      0.34378162
      0.34243102
      0.34108325
      0.33973833
      0.33839626
      0.33705705
      0.33572071
      0.33438725
      0.33305667
      0.33172898
      0.33040419
      0.32908231
      0.32776334
      0.32644730
      0.32513419
      0.32382401
      0.32251677
      0.32121249
      0.31991116
      0.31861280
      0.31731741
      0.31602500
      0.31473557
      0.31344913
      0.31216569
      0.31088525
      0.30960783
      0.30833342
      0.30706203
      0.30579366
      0.30452834
      0.30326605
      0.30200680
      0.30075061
      0.29949747
      0.29824739
      0.29700038
      0.29575645
      0.29451558
      0.29327781
      0.29204311
      0.29081151
      0.28958301
      0.28835761
      0.28713531
      0.28591612
      0.28470005
      0.28348710
      0.28227727
      0.28107057
      0.27986700
      0.27866656
      0.27746926
      0.27627511
      0.27508411
      0.27389625
      0.27271155
      0.27153001
      0.27035163
      0.26917641
      0.26800436
      0.26683548
      0.26566977
      0.26450724
      0.26334790
      0.26219173
      0.26103875
      0.25988895
      0.25874235
      0.25759894
      0.25645873
      0.25532171
      0.25418789
      0.25305728
      0.25192987
      0.25080566
      0.24968467
      0.24856688
      0.24745231
      0.24634095
      0.24523280
      0.24412787
      0.24302616
      0.24192767
      0.24083240
      0.23974036
      0.23865153
      0.23756593
      0.23648356
      0.23540441
      0.23432849
      0.23325580
      0.23218633
      0.23112010
      0.23005710
      0.22899732
      0.22794078
      0.22688747
      0.22583739
      0.22479054
      0.22374693
      0.22270654
      0.22166939
      0.22063547
      0.21960479
      0.21857733
      0.21755311
      0.21653211
      0.21551435
      0.21449982
      0.21348852
      0.21248044
      0.21147560
      0.21047398
      0.20947559
      0.20848043
      0.20748849
      0.20649977
      0.20551428
      0.20453201
      0.20355296
      0.20257713
      0.20160451
      0.20063512
      0.19966894
      0.19870597
      0.19774621
      0.19678967
      0.19583633
      0.19488620
      0.19393928
      0.19299555
      0.19205503
      0.19111771
      0.19018359
      0.18925266
      0.18832492
      0.18740038
      0.18647902
      0.18556085
      0.18464586
      0.18373405
      0.18282542
      0.18191997
      0.18101769
      0.18011858
      0.17922264
      0.17832987
      0.17744025
      0.17655380
      0.17567050
      0.17479035
      0.17391336
      0.17303951
      0.17216880
      0.17130124
      0.17043681
      0.16957552
      0.16871736
      0.16786232
      0.16701041
      0.16616162
      0.16531595
      0.16447338
      0.16363393
      0.16279758
      0.16196434
      0.16113419
      0.16030713
      0.15948317
      0.15866229
      0.15784449
      0.15702977
      0.15621813
      0.15540955
      0.15460404
      0.15380159
      0.15300220
      0.15220586
      0.15141257
      0.15062232
      0.14983511
      0.14905094
      0.14826980
      0.14749168
      0.14671658
      0.14594450
      0.14517543
      0.14440937
      0.14364631
      0.14288624
      0.14212917
      0.14137509
      0.14062399
      0.13987586
      0.13913071
      0.13838852
      0.13764930
      0.13691304
      0.13617972
      0.13544936
      0.13472193
      0.13399744
      0.13327588
      0.13255725
      0.13184154
      0.13112874
      0.13041885
      0.12971186
      0.12900778
      0.12830658
      0.12760827
      0.12691285
      0.12622029
      0.12553061
      0.12484380
      0.12415984
      0.12347873
      0.12280048
      0.12212506
      0.12145248
      0.12078272
      0.12011579
      0.11945168
      0.11879038
      0.11813189
      0.11747619
      0.11682329
      0.11617317
      0.11552584
      0.11488128
      0.11423949
      0.11360046
      0.11296419
      0.11233067
      0.11169989
      0.11107185
      0.11044655
      0.10982396
      0.10920410
      0.10858694
      0.10797250
      0.10736075
      0.10675170
      0.10614533
      0.10554164
      0.10494062
      0.10434228
      0.10374659
      0.10315355
      0.10256317
      0.10197542
      0.10139031
      0.10080782
      0.10022795
     0.099650702
     0.099076058
     0.098504013
     0.097934562
     0.097367698
     0.096803414
     0.096241703
     0.095682559
     0.095125974
     0.094571941
     0.094020455
     0.093471507
     0.092925092
     0.092381202
     0.091839830
     0.091300969
     0.090764612
     0.090230753
     0.089699384
     0.089170499
     0.088644090
     0.088120151
     0.087598673
     0.087079651
     0.086563078
     0.086048945
     0.085537247
     0.085027976
     0.084521124
     0.084016686
     0.083514653
     0.083015019
     0.082517776
     0.082022917
     0.081530436
     0.081040325
     0.080552576
     0.080067183
     0.079584139
     0.079103436
     0.078625067
     0.078149025
     0.077675302
     0.077203892
     0.076734787
     0.076267980
     0.075803464
     0.075341232
     0.074881275
     0.074423588
     0.073968162
     0.073514991
     0.073064067
     0.072615383
     0.072168932
     0.071724706
     0.071282698
     0.070842901
     0.070405307
     0.069969910
     0.069536701
     0.069105675
     0.068676822
     0.068250137
     0.067825611
     0.067403238
     0.066983010
     0.066564919
     0.066148960
     0.065735123
     0.065323402
     0.064913790
     0.064506279
     0.064100862
     0.063697532
     0.063296281
     0.062897103
     0.062499989
     0.062104932
     0.061711926
     0.061320962
     0.060932034
     0.060545134
     0.060160256
     0.059777391
     0.059396532
     0.059017672
     0.058640805
     0.058265922
     0.057893016
     0.057522080
     0.057153107
     0.056786089
     0.056421019
     0.056057891
     0.055696696
     0.055337428
     0.054980079
     0.054624642
     0.054271110
     0.053919475
     0.053569730
     0.053221869
     0.052875884
     0.052531767
     0.052189512
     0.051849111
     0.051510558
     0.051173844
     0.050838963
     0.050505908
     0.050174671
     0.049845246
     0.049517625
     0.049191801
     0.048867767
     0.048545515
     0.048225040
     0.047906333
     0.047589388
     0.047274197
     0.046960754
     0.046649051
     0.046339082
     0.046030838
     0.045724314
     0.045419502
     0.045116396
     0.044814987
     0.044515270
     0.044217237
     0.043920881
     0.043626196
     0.043333173
     0.043041808
     0.042752091
     0.042464018
     0.042177579
     0.041892770
     0.041609582
     0.041328010
     0.041048045
     0.040769682
     0.040492913
     0.040217732
     0.039944131
     0.039672105
     0.039401646
     0.039132747
     0.038865401
     0.038599603
     0.038335345
     0.038072620
     0.037811421
     0.037551743
     0.037293578
     0.037036920
     0.036781761
     0.036528096
     0.036275918
     0.036025220
     0.035775995
     0.035528236
     0.035281939
     0.035037094
     0.034793697
     0.034551741
     0.034311218
     0.034072124
     0.033834450
     0.033598191
     0.033363340
     0.033129890
     0.032897836
     0.032667170
     0.032437887
     0.032209980
     0.031983443
     0.031758269
     0.031534452
     0.031311985
     0.031090862
     0.030871078
     0.030652625
     0.030435498
     0.030219690
     0.030005194
     0.029792006
     0.029580117
     0.029369523
     0.029160218
     0.028952194
     0.028745446
     0.028539967
     0.028335753
     0.028132795
     0.027931090
     0.027730629
     0.027531408
     0.027333420
     0.027136659
     0.026941120
     0.026746795
     0.026553681
     0.026361769
     0.026171055
     0.025981533
     0.025793196
     0.025606039
     0.025420056
     0.025235241
     0.025051588
     0.024869091
     0.024687746
     0.024507545
     0.024328483
     0.024150555
     0.023973754
     0.023798075
     0.023623513
     0.023450061
     0.023277714
     0.023106466
     0.022936313
     0.022767247
     0.022599263
     0.022432357
     0.022266522
     0.022101753
     0.021938044
     0.021775391
     0.021613786
     0.021453226
     0.021293704
     0.021135215
     0.020977754
     0.020821315
     0.020665894
     0.020511483
     0.020358079
     0.020205676
     0.020054269
     0.019903852
     0.019754420
     0.019605968
     0.019458491
     0.019311983
     0.019166439
     0.019021855
     0.018878224
     0.018735543
     0.018593805
     0.018453006
     0.018313140
     0.018174202
     0.018036189
     0.017899093
     0.017762911
     0.017627638
     0.017493268
     0.017359796
     0.017227218
     0.017095529
     0.016964724
     0.016834797
     0.016705745
     0.016577561
     0.016450243
     0.016323783
     0.016198179
     0.016073425
     0.015949516
     0.015826447
     0.015704215
     0.015582813
     0.015462238
     0.015342485
     0.015223549
     0.015105426
     0.014988111
     0.014871599
     0.014755886
     0.014640968
     0.014526839
     0.014413495
     0.014300932
     0.014189145
     0.014078131
     0.013967883
     0.013858399
     0.013749673
     0.013641702
     0.013534480
     0.013428004
     0.013322269
     0.013217270
     0.013113005
     0.013009467
     0.012906654
     0.012804561
     0.012703183
     0.012602516
     0.012502556
     0.012403300
     0.012304743
     0.012206880
     0.012109707
     0.012013222
     0.011917419
     0.011822294
     0.011727843
     0.011634063
     0.011540949
     0.011448498
     0.011356705
     0.011265566
     0.011175077
     0.011085236
     0.010996037
     0.010907476
     0.010819551
     0.010732256
     0.010645589
     0.010559545
     0.010474121
     0.010389312
     0.010305116
     0.010221528
     0.010138544
     0.010056162
    0.0099743763
    0.0098931843
    0.0098125822
    0.0097325662
    0.0096531329
    0.0095742784
    0.0094959994
    0.0094182922
    0.0093411532
    0.0092645788
    0.0091885657
    0.0091131102
    0.0090382089
    0.0089638583
    0.0088900549
    0.0088167953
    0.0087440761
    0.0086718939
    0.0086002452
    0.0085291267
    0.0084585351
    0.0083884670
    0.0083189190
    0.0082498880
    0.0081813704
    0.0081133632
    0.0080458630
    0.0079788666
    0.0079123708
    0.0078463723
    0.0077808679
    0.0077158546
    0.0076513290
    0.0075872881
    0.0075237287
    0.0074606477
    0.0073980420
    0.0073359086
    0.0072742443
    0.0072130461
    0.0071523109
    0.0070920358
    0.0070322177
    0.0069728537
    0.0069139407
    0.0068554758
    0.0067974560
    0.0067398785
    0.0066827403
    0.0066260385
    0.0065697702
    0.0065139326
    0.0064585228
    0.0064035379
    0.0063489751
    0.0062948317
    0.0062411048
    0.0061877917
    0.0061348895
    0.0060823955
    0.0060303071
    0.0059786214
    0.0059273358
    0.0058764476
    0.0058259541
    0.0057758526
    0.0057261405
    0.0056768151
    0.0056278739
    0.0055793142
    0.0055311334
    0.0054833290
    0.0054358984
    0.0053888390
    0.0053421483
    0.0052958239
    0.0052498631
    0.0052042634
    0.0051590225
    0.0051141379
    0.0050696070
    0.0050254275
    0.0049815969
    0.0049381128
    0.0048949728
    0.0048521746
    0.0048097157
    0.0047675938
    0.0047258066
    0.0046843517
    0.0046432269
    0.0046024297
    0.0045619580
    0.0045218094
    0.0044819817
    0.0044424726
    0.0044032799
    0.0043644013
    0.0043258347
    0.0042875779
    0.0042496286
    0.0042119846
    0.0041746439
    0.0041376043
    0.0041008636
    0.0040644197
    0.0040282705
    0.0039924140
    0.0039568479
    0.0039215702
    0.0038865789
    0.0038518720
    0.0038174473
    0.0037833029
    0.0037494367
    0.0037158468
    0.0036825311
    0.0036494877
    0.0036167146
    0.0035842098
    0.0035519715
    0.0035199976
    0.0034882863
    0.0034568356
    0.0034256437
    0.0033947086
    0.0033640286
    0.0033336016
    0.0033034260
    0.0032734997
    0.0032438211
    0.0032143883
    0.0031851995
    0.0031562529
    0.0031275467
    0.0030990791
    0.0030708484
    0.0030428528
    0.0030150906
    0.0029875601
    0.0029602595
    0.0029331871
    0.0029063413
    0.0028797203
    0.0028533225
    0.0028271462
    0.0028011898
    0.0027754515
    0.0027499299
    0.0027246232
    0.0026995298
    0.0026746481
    0.0026499766
    0.0026255137
    0.0026012577
    0.0025772072
    0.0025533606
    0.0025297162
    0.0025062727
    0.0024830284
    0.0024599819
    0.0024371317
    0.0024144762
    0.0023920140
    0.0023697436
    0.0023476636
    0.0023257724
    0.0023040687
    0.0022825509
    0.0022612178
    0.0022400678
    0.0022190996
    0.0021983117
    0.0021777028
    0.0021572714
    0.0021370163
    0.0021169360
    0.0020970292
    0.0020772946
    0.0020577308
    0.0020383364
    0.0020191103
    0.0020000510
    0.0019811572
    0.0019624277
    0.0019438613
    0.0019254565
    0.0019072121
    0.0018891270
    0.0018711998
    0.0018534293
    0.0018358143
    0.0018183535
    0.0018010457
    0.0017838898
    0.0017668844
    0.0017500286
    0.0017333209
    0.0017167604
    0.0017003457
    0.0016840758
    0.0016679495
    0.0016519656
    0.0016361231
    0.0016204208
    0.0016048575
    0.0015894322
    0.0015741438
    0.0015589911
    0.0015439732
    0.0015290888
    0.0015143369
    0.0014997165
    0.0014852265
    0.0014708658
    0.0014566334
    0.0014425283
    0.0014285495
    0.0014146958
    0.0014009664
    0.0013873602
    0.0013738761
    0.0013605133
    0.0013472706
    0.0013341472
    0.0013211421
    0.0013082542
    0.0012954827
    0.0012828266
    0.0012702849
    0.0012578568
    0.0012455412
    0.0012333372
    0.0012212440
    0.0012092606
    0.0011973861
    0.0011856197
    0.0011739603
    0.0011624072
    0.0011509595
    0.0011396162
    0.0011283766
    0.0011172397
    0.0011062047
    0.0010952708
    0.0010844371
    0.0010737028
    0.0010630671
    0.0010525290
    0.0010420879
    0.0010317429
    0.0010214932
    0.0010113380
    0.0010012765
   0.00099130793
   0.00098143149
   0.00097164641
   0.00096195192
   0.00095234726
   0.00094283166
   0.00093340439
   0.00092406468
   0.00091481181
   0.00090564502
   0.00089656360
   0.00088756681
   0.00087865394
   0.00086982427
   0.00086107709
   0.00085241171
   0.00084382741
   0.00083532352
   0.00082689934
   0.00081855418
   0.00081028738
   0.00080209825
   0.00079398614
   0.00078595038
   0.00077799031
   0.00077010529
   0.00076229466
   0.00075455778
   0.00074689401
   0.00073930273
   0.00073178331
   0.00072433512
   0.00071695755
   0.00070964998
   0.00070241180
   0.00069524242
   0.00068814122
   0.00068110763
   0.00067414104
   0.00066724088
   0.00066040657
   0.00065363752
   0.00064693316
   0.00064029294
   0.00063371628
   0.00062720263
   0.00062075143
   0.00061436214
   0.00060803421
   0.00060176710
   0.00059556027
   0.00058941319
   0.00058332534
   0.00057729618
   0.00057132520
   0.00056541188
   0.00055955572
   0.00055375620
   0.00054801281
   0.00054232507
   0.00053669248
   0.00053111454
   0.00052559076
   0.00052012067
   0.00051470377
   0.00050933961
   0.00050402770
   0.00049876757
   0.00049355876
   0.00048840082
   0.00048329328
   0.00047823568
   0.00047322759
   0.00046826855
   0.00046335812
   0.00045849586
   0.00045368134
   0.00044891412
   0.00044419378
   0.00043951989
   0.00043489203
   0.00043030979
   0.00042577273
   0.00042128047
   0.00041683258
   0.00041242867
   0.00040806833
   0.00040375116
   0.00039947678
   0.00039524478
   0.00039105479
   0.00038690641
   0.00038279926
   0.00037873297
   0.00037470716
   0.00037072146
   0.00036677550
   0.00036286891
   0.00035900133
   0.00035517240
   0.00035138176
   0.00034762906
   0.00034391395
   0.00034023607
   0.00033659510
   0.00033299067
   0.00032942245
   0.00032589011
   0.00032239331
   0.00031893173
   0.00031550502
   0.00031211287
   0.00030875496
   0.00030543096
   0.00030214056
   0.00029888344
   0.00029565929
   0.00029246780
   0.00028930867
