      0.18678413
      0.18749010
      0.18819643
      0.18890314
      0.18961020
      0.19031763
      0.19102542
      0.19173357
      0.19244209
      0.19315096
      0.19386019
      0.19456977
      0.19527971
      0.19599001
      0.19670066
      0.19741166
      0.19812302
      0.19883472
      0.19954677
      0.20025918
      0.20097192
      0.20168502
      0.20239846
      0.20311225
      0.20382637
      0.20454084
      0.20525565
      0.20597080
      0.20668629
      0.20740212
      0.20811828
      0.20883478
      0.20955161
      0.21026877
      0.21098627
      0.21170410
      0.21242226
      0.21314075
      0.21385956
      0.21457870
      0.21529817
      0.21601796
      0.21673808
      0.21745852
      0.21817928
      0.21890035
      0.21962175
      0.22034347
      0.22106550
      0.22178785
      0.22251051
      0.22323349
      0.22395678
      0.22468038
      0.22540429
      0.22612851
      0.22685304
      0.22757788
      0.22830302
      0.22902846
      0.22975421
      0.23048026
      0.23120662
      0.23193327
      0.23266022
      0.23338747
      0.23411502
      0.23484286
      0.23557100
      0.23629943
      0.23702816
      0.23775717
      0.23848648
      0.23921608
      0.23994596
      0.24067613
      0.24140658
      0.24213732
      0.24286835
      0.24359965
      0.24433124
      0.24506311
      0.24579525
      0.24652768
      0.24726038
      0.24799336
      0.24872661
      0.24946013
      0.25019393
      0.25092800
      0.25166233
      0.25239694
      0.25313181
      0.25386695
      0.25460236
      0.25533803
      0.25607396
      0.25681016
      0.25754661
      0.25828333
      0.25902030
      0.25975754
      0.26049502
      0.26123277
      0.26197076
      0.26270901
      0.26344751
      0.26418626
      0.26492527
      0.26566452
      0.26640401
      0.26714375
      0.26788374
      0.26862397
      0.26936444
      0.27010516
      0.27084611
      0.27158731
      0.27232874
      0.27307040
      0.27381231
      0.27455444
      0.27529682
      0.27603942
      0.27678225
      0.27752531
      0.27826861
      0.27901212
      0.27975587
      0.28049984
      0.28124403
      0.28198845
      0.28273309
      0.28347795
      0.28422302
      0.28496832
      0.28571383
      0.28645956
      0.28720550
      0.28795166
      0.28869803
      0.28944461
      0.29019139
      0.29093839
      0.29168560
      0.29243301
      0.29318062
      0.29392844
      0.29467646
      0.29542469
      0.29617311
      0.29692174
      0.29767056
      0.29841958
      0.29916879
      0.29991820
      0.30066780
      0.30141759
      0.30216758
      0.30291775
      0.30366811
      0.30441866
      0.30516940
      0.30592032
      0.30667142
      0.30742271
      0.30817418
      0.30892582
      0.30967765
      0.31042966
      0.31118184
      0.31193419
      0.31268673
      0.31343943
      0.31419230
      0.31494535
      0.31569857
      0.31645195
      0.31720550
      0.31795922
      0.31871310
      0.31946714
      0.32022135
      0.32097571
      0.32173024
      0.32248493
      0.32323977
      0.32399477
      0.32474992
      0.32550523
      0.32626069
      0.32701630
      0.32777206
      0.32852797
      0.32928403
      0.33004023
      0.33079658
      0.33155307
      0.33230971
      0.33306648
      0.33382340
      0.33458046
      0.33533765
      0.33609499
      0.33685245
      0.33761005
      0.33836779
      0.33912565
      0.33988365
      0.34064178
      0.34140003
      0.34215841
      0.34291692
      0.34367555
      0.34443430
      0.34519318
      0.34595218
      0.34671130
      0.34747053
      0.34822988
      0.34898935
      0.34974893
      0.35050863
      0.35126844
      0.35202836
      0.35278839
      0.35354853
      0.35430877
      0.35506913
      0.35582958
      0.35659014
      0.35735080
      0.35811157
      0.35887243
      0.35963339
      0.36039445
      0.36115561
      0.36191686
      0.36267821
      0.36343964
      0.36420117
      0.36496279
      0.36572450
      0.36648629
      0.36724817
      0.36801014
      0.36877219
      0.36953432
      0.37029654
      0.37105883
      0.37182120
      0.37258366
      0.37334618
      0.37410878
      0.37487146
      0.37563421
      0.37639703
      0.37715992
      0.37792288
      0.37868591
      0.37944900
      0.38021216
      0.38097538
      0.38173867
      0.38250202
      0.38326542
      0.38402889
      0.38479241
      0.38555599
      0.38631963
      0.38708332
      0.38784706
      0.38861085
      0.38937470
      0.39013859
      0.39090253
      0.39166652
      0.39243055
      0.39319463
      0.39395875
      0.39472291
      0.39548711
      0.39625134
      0.39701562
      0.39777994
      0.39854428
      0.39930867
      0.40007308
      0.40083753
      0.40160200
      0.40236651
      0.40313104
      0.40389560
      0.40466019
      0.40542480
      0.40618943
      0.40695408
      0.40771875
      0.40848344
      0.40924815
      0.41001287
      0.41077761
      0.41154237
      0.41230713
      0.41307191
      0.41383670
      0.41460149
      0.41536630
      0.41613111
      0.41689592
      0.41766074
      0.41842556
      0.41919038
      0.41995520
      0.42072002
      0.42148484
      0.42224965
      0.42301446
      0.42377926
      0.42454406
      0.42530884
      0.42607361
      0.42683838
      0.42760313
      0.42836786
      0.42913258
      0.42989729
      0.43066197
      0.43142664
      0.43219129
      0.43295591
      0.43372051
      0.43448509
      0.43524964
      0.43601417
      0.43677866
      0.43754313
      0.43830757
      0.43907197
      0.43983634
      0.44060068
      0.44136498
      0.44212925
      0.44289347
      0.44365766
      0.44442180
      0.44518591
      0.44594997
      0.44671398
      0.44747795
      0.44824188
      0.44900575
      0.44976957
      0.45053335
      0.45129707
      0.45206073
      0.45282435
      0.45358790
      0.45435140
      0.45511484
      0.45587822
      0.45664154
      0.45740480
      0.45816799
      0.45893112
      0.45969418
      0.46045717
      0.46122010
      0.46198295
      0.46274574
      0.46350845
      0.46427108
      0.46503364
      0.46579613
      0.46655853
      0.46732086
      0.46808311
      0.46884527
      0.46960736
      0.47036935
      0.47113127
      0.47189309
      0.47265483
      0.47341648
      0.47417803
      0.47493950
      0.47570087
      0.47646215
      0.47722333
      0.47798442
      0.47874540
      0.47950629
      0.48026707
      0.48102776
      0.48178834
      0.48254881
      0.48330918
      0.48406944
      0.48482960
      0.48558964
      0.48634957
      0.48710939
      0.48786910
      0.48862869
      0.48938816
      0.49014752
      0.49090676
      0.49166588
      0.49242487
      0.49318375
      0.49394250
      0.49470112
      0.49545962
      0.49621799
      0.49697623
      0.49773434
      0.49849232
      0.49925017
      0.50000788
      0.50076545
      0.50152289
      0.50228019
      0.50303736
      0.50379438
      0.50455126
      0.50530799
      0.50606458
      0.50682103
      0.50757733
      0.50833347
      0.50908947
      0.50984532
      0.51060102
      0.51135656
      0.51211195
      0.51286718
      0.51362226
      0.51437718
      0.51513193
      0.51588653
      0.51664096
      0.51739523
      0.51814933
      0.51890327
      0.51965704
      0.52041064
      0.52116407
      0.52191733
      0.52267042
      0.52342333
      0.52417606
      0.52492862
      0.52568101
      0.52643321
      0.52718523
      0.52793707
      0.52868873
      0.52944020
      0.53019149
      0.53094259
      0.53169350
      0.53244423
      0.53319476
      0.53394510
      0.53469525
      0.53544520
      0.53619496
      0.53694452
      0.53769388
      0.53844304
      0.53919200
      0.53994076
      0.54068931
      0.54143766
      0.54218581
      0.54293374
      0.54368147
      0.54442899
      0.54517629
      0.54592339
      0.54667027
      0.54741693
      0.54816338
      0.54890961
      0.54965562
      0.55040142
      0.55114699
      0.55189233
      0.55263746
      0.55338235
      0.55412703
      0.55487147
      0.55561568
      0.55635967
      0.55710342
      0.55784694
      0.55859023
      0.55933328
      0.56007609
      0.56081866
      0.56156100
      0.56230309
      0.56304495
      0.56378656
      0.56452792
      0.56526904
      0.56600991
      0.56675054
      0.56749091
      0.56823103
      0.56897091
      0.56971052
      0.57044989
      0.57118900
      0.57192785
      0.57266644
      0.57340477
      0.57414284
      0.57488065
      0.57561819
      0.57635547
      0.57709249
      0.57782923
      0.57856571
      0.57930192
      0.58003786
      0.58077352
      0.58150891
      0.58224403
      0.58297887
      0.58371343
      0.58444771
      0.58518172
      0.58591544
      0.58664888
      0.58738203
      0.58811490
      0.58884748
      0.58957978
      0.59031179
      0.59104350
      0.59177493
      0.59250606
      0.59323690
      0.59396744
      0.59469768
      0.59542763
      0.59615728
      0.59688663
      0.59761568
      0.59834442
      0.59907286
      0.59980100
      0.60052883
      0.60125635
      0.60198356
      0.60271046
      0.60343704
      0.60416332
      0.60488928
      0.60561493
      0.60634026
      0.60706527
      0.60778996
      0.60851433
      0.60923838
      0.60996211
      0.61068551
      0.61140858
      0.61213133
      0.61285376
      0.61357585
      0.61429761
      0.61501904
      0.61574014
      0.61646090
      0.61718132
      0.61790141
      0.61862117
      0.61934058
      0.62005965
      0.62077838
      0.62149677
      0.62221481
      0.62293250
      0.62364985
      0.62436685
      0.62508351
      0.62579981
      0.62651576
      0.62723135
      0.62794660
      0.62866148
      0.62937601
      0.63009018
      0.63080399
      0.63151745
      0.63223053
      0.63294326
      0.63365562
      0.63436762
      0.63507925
      0.63579051
      0.63650140
      0.63721192
      0.63792207
      0.63863185
      0.63934125
      0.64005028
      0.64075893
      0.64146720
      0.64217509
      0.64288261
      0.64358974
      0.64429648
      0.64500285
      0.64570883
      0.64641442
      0.64711962
      0.64782443
      0.64852886
      0.64923289
      0.64993653
      0.65063977
      0.65134262
      0.65204508
      0.65274713
      0.65344879
      0.65415005
      0.65485090
      0.65555135
      0.65625140
      0.65695105
      0.65765028
      0.65834911
      0.65904753
      0.65974554
      0.66044314
      0.66114033
      0.66183710
      0.66253346
      0.66322940
      0.66392492
      0.66462003
      0.66531472
      0.66600898
      0.66670282
      0.66739624
      0.66808924
      0.66878181
      0.66947395
      0.67016566
      0.67085694
      0.67154780
      0.67223822
      0.67292820
      0.67361776
      0.67430687
      0.67499555
      0.67568380
      0.67637160
      0.67705896
      0.67774588
      0.67843236
      0.67911839
      0.67980398
      0.68048912
      0.68117382
      0.68185806
      0.68254186
      0.68322520
      0.68390809
      0.68459053
      0.68527251
      0.68595404
      0.68663511
      0.68731572
      0.68799587
      0.68867555
      0.68935478
      0.69003355
      0.69071184
      0.69138968
      0.69206704
      0.69274394
      0.69342037
      0.69409633
      0.69477182
      0.69544683
      0.69612137
      0.69679543
      0.69746902
      0.69814213
      0.69881476
      0.69948691
      0.70015858
      0.70082977
      0.70150047
      0.70217069
      0.70284042
      0.70350967
      0.70417842
      0.70484669
      0.70551447
      0.70618175
      0.70684854
      0.70751484
      0.70818064
      0.70884595
      0.70951076
      0.71017506
      0.71083887
      0.71150218
      0.71216498
      0.71282728
      0.71348908
      0.71415037
      0.71481115
      0.71547142
      0.71613119
      0.71679044
      0.71744918
      0.71810741
      0.71876513
      0.71942232
      0.72007901
      0.72073517
      0.72139082
      0.72204594
      0.72270055
      0.72335463
      0.72400819
      0.72466122
      0.72531373
      0.72596571
      0.72661716
      0.72726808
      0.72791847
      0.72856833
      0.72921766
      0.72986646
      0.73051472
      0.73116244
      0.73180962
      0.73245627
      0.73310238
      0.73374794
      0.73439297
      0.73503745
      0.73568138
      0.73632477
      0.73696762
      0.73760991
      0.73825166
      0.73889286
      0.73953351
      0.74017360
      0.74081314
      0.74145213
      0.74209056
      0.74272843
      0.74336575
      0.74400250
      0.74463870
      0.74527433
      0.74590940
      0.74654391
      0.74717786
      0.74781123
      0.74844404
      0.74907629
      0.74970796
      0.75033906
      0.75096959
      0.75159955
      0.75222893
      0.75285774
      0.75348598
      0.75411363
      0.75474071
      0.75536721
      0.75599313
      0.75661846
      0.75724322
      0.75786739
      0.75849097
      0.75911397
      0.75973638
      0.76035820
      0.76097944
      0.76160008
      0.76222013
      0.76283959
      0.76345845
      0.76407672
      0.76469440
      0.76531147
      0.76592795
      0.76654383
      0.76715911
      0.76777378
      0.76838786
      0.76900133
      0.76961419
      0.77022645
      0.77083810
      0.77144915
      0.77205958
      0.77266940
      0.77327862
      0.77388722
      0.77449520
      0.77510257
      0.77570933
      0.77631547
      0.77692099
      0.77752589
      0.77813017
      0.77873383
      0.77933687
      0.77993929
      0.78054108
      0.78114224
      0.78174278
      0.78234269
      0.78294197
      0.78354062
      0.78413864
      0.78473603
      0.78533279
      0.78592891
      0.78652439
      0.78711924
      0.78771346
      0.78830703
      0.78889996
      0.78949226
      0.79008391
      0.79067492
      0.79126529
      0.79185501
      0.79244408
      0.79303251
      0.79362029
      0.79420742
      0.79479390
      0.79537973
      0.79596491
      0.79654944
      0.79713331
      0.79771652
      0.79829908
      0.79888098
      0.79946223
      0.80004281
      0.80062273
      0.80120199
      0.80178059
      0.80235853
      0.80293580
      0.80351240
      0.80408834
      0.80466361
      0.80523821
      0.80581214
      0.80638540
      0.80695799
      0.80752991
      0.80810115
      0.80867171
      0.80924160
      0.80981082
      0.81037935
      0.81094721
      0.81151438
      0.81208088
      0.81264669
      0.81321182
      0.81377626
      0.81434002
      0.81490309
      0.81546548
      0.81602718
      0.81658819
      0.81714850
      0.81770813
      0.81826706
      0.81882531
      0.81938285
      0.81993970
      0.82049586
      0.82105132
      0.82160607
      0.82216013
      0.82271349
      0.82326615
      0.82381811
      0.82436936
      0.82491991
      0.82546975
      0.82601889
      0.82656731
      0.82711503
      0.82766205
      0.82820835
      0.82875394
      0.82929881
      0.82984298
      0.83038643
      0.83092916
      0.83147118
      0.83201248
      0.83255307
      0.83309293
      0.83363207
      0.83417050
      0.83470820
      0.83524518
      0.83578143
      0.83631696
      0.83685176
      0.83738584
      0.83791919
      0.83845180
      0.83898369
      0.83951485
      0.84004528
      0.84057498
      0.84110394
      0.84163216
      0.84215965
      0.84268641
      0.84321242
      0.84373770
      0.84426224
      0.84478604
      0.84530910
      0.84583142
      0.84635299
      0.84687382
      0.84739390
      0.84791324
      0.84843183
      0.84894967
      0.84946676
      0.84998311
      0.85049870
      0.85101354
      0.85152763
      0.85204097
      0.85255355
      0.85306538
      0.85357645
      0.85408676
      0.85459632
      0.85510511
      0.85561315
      0.85612042
      0.85662694
      0.85713269
      0.85763768
      0.85814190
      0.85864536
      0.85914805
      0.85964997
      0.86015113
      0.86065151
      0.86115113
      0.86164998
      0.86214805
      0.86264535
      0.86314188
      0.86363763
      0.86413261
      0.86462681
      0.86512024
      0.86561288
      0.86610475
      0.86659584
      0.86708615
      0.86757567
      0.86806441
      0.86855237
      0.86903955
      0.86952594
      0.87001154
      0.87049636
      0.87098039
      0.87146363
      0.87194608
      0.87242774
      0.87290861
      0.87338869
      0.87386797
      0.87434646
      0.87482415
      0.87530105
      0.87577716
      0.87625246
      0.87672697
      0.87720068
      0.87767358
      0.87814569
      0.87861700
      0.87908750
      0.87955720
      0.88002610
      0.88049419
      0.88096147
      0.88142795
      0.88189362
      0.88235848
      0.88282253
      0.88328577
      0.88374820
      0.88420982
      0.88467063
      0.88513062
      0.88558980
      0.88604816
      0.88650570
      0.88696243
      0.88741835
      0.88787344
      0.88832771
      0.88878117
      0.88923380
      0.88968561
      0.89013660
      0.89058676
      0.89103610
      0.89148462
      0.89193231
      0.89237917
      0.89282520
      0.89327041
      0.89371479
      0.89415833
      0.89460105
      0.89504294
      0.89548399
      0.89592421
      0.89636359
      0.89680214
      0.89723986
      0.89767673
      0.89811277
      0.89854798
      0.89898234
      0.89941586
      0.89984855
      0.90028039
      0.90071139
      0.90114155
      0.90157086
      0.90199933
      0.90242696
      0.90285374
      0.90327967
      0.90370475
      0.90412899
      0.90455238
      0.90497491
      0.90539660
      0.90581744
      0.90623742
      0.90665655
      0.90707483
      0.90749225
      0.90790882
      0.90832453
      0.90873939
      0.90915338
      0.90956652
      0.90997880
      0.91039022
      0.91080078
      0.91121048
      0.91161932
      0.91202730
      0.91243441
      0.91284065
      0.91324604
      0.91365055
      0.91405420
      0.91445699
      0.91485890
      0.91525995
      0.91566013
      0.91605943
      0.91645787
      0.91685543
      0.91725213
      0.91764795
      0.91804289
      0.91843697
      0.91883016
      0.91922248
      0.91961393
      0.92000449
      0.92039418
      0.92078299
      0.92117092
      0.92155798
      0.92194415
      0.92232943
      0.92271384
      0.92309736
      0.92348000
      0.92386176
      0.92424263
      0.92462261
      0.92500171
      0.92537992
      0.92575724
      0.92613368
      0.92650923
      0.92688388
      0.92725765
      0.92763052
      0.92800250
      0.92837359
      0.92874379
      0.92911309
      0.92948150
      0.92984901
      0.93021562
      0.93058134
      0.93094617
      0.93131009
      0.93167312
      0.93203524
      0.93239647
      0.93275679
      0.93311622
      0.93347474
      0.93383236
      0.93418908
      0.93454489
      0.93489980
      0.93525380
      0.93560690
      0.93595909
      0.93631037
      0.93666075
      0.93701021
      0.93735877
      0.93770642
      0.93805316
      0.93839898
      0.93874390
      0.93908790
      0.93943099
      0.93977317
      0.94011443
      0.94045478
      0.94079421
      0.94113273
      0.94147033
      0.94180701
      0.94214277
      0.94247762
      0.94281154
      0.94314455
      0.94347664
      0.94380780
      0.94413805
      0.94446737
      0.94479577
      0.94512325
      0.94544980
      0.94577543
      0.94610013
      0.94642390
      0.94674675
      0.94706868
      0.94738967
      0.94770974
      0.94802888
      0.94834709
      0.94866437
      0.94898072
      0.94929614
      0.94961063
      0.94992418
      0.95023680
      0.95054849
      0.95085925
      0.95116907
      0.95147795
      0.95178590
      0.95209291
      0.95239899
      0.95270413
      0.95300833
      0.95331160
      0.95361392
      0.95391530
      0.95421575
      0.95451525
      0.95481382
      0.95511144
      0.95540812
      0.95570385
      0.95599864
      0.95629249
      0.95658540
      0.95687736
      0.95716837
      0.95745844
      0.95774756
      0.95803573
      0.95832296
      0.95860924
      0.95889457
      0.95917895
      0.95946238
      0.95974486
      0.96002639
      0.96030697
      0.96058659
      0.96086527
      0.96114299
      0.96141976
      0.96169557
      0.96197043
      0.96224434
      0.96251729
      0.96278928
      0.96306032
      0.96333040
      0.96359952
      0.96386769
      0.96413490
      0.96440114
      0.96466643
      0.96493076
      0.96519413
      0.96545654
      0.96571799
      0.96597847
      0.96623799
      0.96649655
      0.96675415
      0.96701078
      0.96726645
      0.96752116
      0.96777490
      0.96802767
      0.96827948
      0.96853032
      0.96878020
      0.96902910
      0.96927704
      0.96952401
      0.96977002
      0.97001505
      0.97025911
      0.97050221
      0.97074433
      0.97098548
      0.97122566
      0.97146487
      0.97170311
      0.97194037
      0.97217666
      0.97241198
      0.97264632
      0.97287969
      0.97311208
      0.97334350
      0.97357394
      0.97380341
      0.97403190
      0.97425941
      0.97448595
      0.97471150
      0.97493608
      0.97515968
      0.97538230
      0.97560395
      0.97582461
      0.97604429
      0.97626299
      0.97648071
      0.97669745
      0.97691320
      0.97712798
      0.97734177
      0.97755458
      0.97776640
      0.97797724
      0.97818710
      0.97839597
      0.97860386
      0.97881076
      0.97901667
      0.97922160
      0.97942554
      0.97962850
      0.97983047
      0.98003145
      0.98023144
      0.98043044
      0.98062846
      0.98082549
      0.98102152
      0.98121657
      0.98141063
      0.98160369
      0.98179577
      0.98198685
      0.98217694
      0.98236604
      0.98255415
      0.98274126
      0.98292739
      0.98311251
      0.98329665
      0.98347979
      0.98366194
      0.98384309
      0.98402324
      0.98420240
      0.98438057
      0.98455774
      0.98473391
      0.98490909
      0.98508327
      0.98525645
      0.98542863
      0.98559982
      0.98577000
      0.98593919
      0.98610738
      0.98627457
      0.98644077
      0.98660596
      0.98677015
      0.98693334
      0.98709553
      0.98725672
      0.98741690
      0.98757609
      0.98773427
      0.98789146
      0.98804764
      0.98820281
      0.98835698
      0.98851015
      0.98866232
      0.98881348
      0.98896364
      0.98911279
      0.98926094
      0.98940809
      0.98955422
      0.98969936
      0.98984348
      0.98998660
      0.99012872
      0.99026983
      0.99040993
      0.99054902
      0.99068711
      0.99082418
      0.99096025
      0.99109532
      0.99122937
      0.99136242
      0.99149445
      0.99162548
      0.99175550
      0.99188450
      0.99201250
      0.99213949
      0.99226547
      0.99239043
      0.99251439
      0.99263734
      0.99275927
      0.99288019
      0.99300010
      0.99311900
      0.99323689
      0.99335376
      0.99346962
      0.99358447
      0.99369831
      0.99381113
      0.99392294
      0.99403373
      0.99414351
      0.99425228
      0.99436003
      0.99446677
      0.99457250
      0.99467721
      0.99478090
      0.99488358
      0.99498524
      0.99508589
      0.99518552
      0.99528414
      0.99538174
      0.99547832
      0.99557389
      0.99566844
      0.99576197
      0.99585449
      0.99594599
      0.99603647
      0.99612593
      0.99621438
      0.99630181
      0.99638822
      0.99647361
      0.99655798
      0.99664134
      0.99672368
      0.99680500
      0.99688529
      0.99696457
      0.99704284
      0.99712008
      0.99719630
      0.99727150
      0.99734568
      0.99741884
      0.99749099
      0.99756211
      0.99763221
      0.99770129
      0.99776935
      0.99783639
      0.99790241
      0.99796741
      0.99803139
      0.99809434
      0.99815627
      0.99821719
      0.99827708
      0.99833595
      0.99839380
      0.99845062
      0.99850643
      0.99856121
      0.99861497
      0.99866770
      0.99871942
      0.99877011
      0.99881978
      0.99886843
      0.99891605
      0.99896265
      0.99900823
      0.99905279
      0.99909632
      0.99913883
      0.99918031
      0.99922078
      0.99926022
      0.99929863
      0.99933602
      0.99937239
      0.99940774
      0.99944206
      0.99947535
      0.99950763
      0.99953888
      0.99956910
      0.99959830
      0.99962648
      0.99965363
      0.99967976
      0.99970487
      0.99972895
      0.99975200
      0.99977403
      0.99979504
      0.99981502
      0.99983398
      0.99985191
      0.99986882
      0.99988471
      0.99989957
      0.99991340
      0.99992621
      0.99993800
      0.99994876
      0.99995849
      0.99996720
      0.99997489
      0.99998155
      0.99998719
      0.99999180
      0.99999539
      0.99999795
      0.99999949
       1.0000000
      0.99999949
      0.99999795
      0.99999539
      0.99999180
      0.99998719
      0.99998155
      0.99997489
      0.99996720
      0.99995849
      0.99994876
      0.99993800
      0.99992621
      0.99991340
      0.99989957
      0.99988471
      0.99986882
      0.99985191
      0.99983398
      0.99981502
      0.99979504
      0.99977403
      0.99975200
      0.99972895
      0.99970487
      0.99967976
      0.99965363
      0.99962648
      0.99959830
      0.99956910
      0.99953888
      0.99950763
      0.99947535
      0.99944206
      0.99940774
      0.99937239
      0.99933602
      0.99929863
      0.99926022
      0.99922078
      0.99918031
      0.99913883
      0.99909632
      0.99905279
      0.99900823
      0.99896265
      0.99891605
      0.99886843
      0.99881978
      0.99877011
      0.99871942
      0.99866770
      0.99861497
      0.99856121
      0.99850643
      0.99845062
      0.99839380
      0.99833595
      0.99827708
      0.99821719
      0.99815627
      0.99809434
      0.99803139
      0.99796741
      0.99790241
      0.99783639
      0.99776935
      0.99770129
      0.99763221
      0.99756211
      0.99749099
      0.99741884
      0.99734568
      0.99727150
      0.99719630
      0.99712008
      0.99704284
      0.99696457
      0.99688529
      0.99680500
      0.99672368
      0.99664134
      0.99655798
      0.99647361
      0.99638822
      0.99630181
      0.99621438
      0.99612593
      0.99603647
      0.99594599
      0.99585449
      0.99576197
      0.99566844
      0.99557389
      0.99547832
      0.99538174
      0.99528414
      0.99518552
      0.99508589
      0.99498524
      0.99488358
      0.99478090
      0.99467721
      0.99457250
      0.99446677
      0.99436003
      0.99425228
      0.99414351
      0.99403373
      0.99392294
      0.99381113
      0.99369831
      0.99358447
      0.99346962
      0.99335376
      0.99323689
      0.99311900
      0.99300010
      0.99288019
      0.99275927
      0.99263734
      0.99251439
      0.99239043
      0.99226547
      0.99213949
      0.99201250
      0.99188450
      0.99175550
      0.99162548
      0.99149445
      0.99136242
      0.99122937
      0.99109532
      0.99096025
      0.99082418
      0.99068711
      0.99054902
      0.99040993
      0.99026983
      0.99012872
      0.98998660
      0.98984348
      0.98969936
      0.98955422
      0.98940809
      0.98926094
      0.98911279
      0.98896364
      0.98881348
      0.98866232
      0.98851015
      0.98835698
      0.98820281
      0.98804764
      0.98789146
      0.98773427
      0.98757609
      0.98741690
      0.98725672
      0.98709553
      0.98693334
      0.98677015
      0.98660596
      0.98644077
      0.98627457
      0.98610738
      0.98593919
      0.98577000
      0.98559982
      0.98542863
      0.98525645
      0.98508327
      0.98490909
      0.98473391
      0.98455774
      0.98438057
      0.98420240
      0.98402324
      0.98384309
      0.98366194
      0.98347979
      0.98329665
      0.98311251
      0.98292739
      0.98274126
      0.98255415
      0.98236604
      0.98217694
      0.98198685
      0.98179577
      0.98160369
      0.98141063
      0.98121657
      0.98102152
      0.98082549
      0.98062846
      0.98043044
      0.98023144
      0.98003145
      0.97983047
      0.97962850
      0.97942554
      0.97922160
      0.97901667
      0.97881076
      0.97860386
      0.97839597
      0.97818710
      0.97797724
      0.97776640
      0.97755458
      0.97734177
      0.97712798
      0.97691320
      0.97669745
      0.97648071
      0.97626299
      0.97604429
      0.97582461
      0.97560395
      0.97538230
      0.97515968
      0.97493608
      0.97471150
      0.97448595
      0.97425941
      0.97403190
      0.97380341
      0.97357394
      0.97334350
      0.97311208
      0.97287969
      0.97264632
      0.97241198
      0.97217666
      0.97194037
      0.97170311
      0.97146487
      0.97122566
      0.97098548
      0.97074433
      0.97050221
      0.97025911
      0.97001505
      0.96977002
      0.96952401
      0.96927704
      0.96902910
      0.96878020
      0.96853032
      0.96827948
      0.96802767
      0.96777490
      0.96752116
      0.96726645
      0.96701078
      0.96675415
      0.96649655
      0.96623799
      0.96597847
      0.96571799
      0.96545654
      0.96519413
      0.96493076
      0.96466643
      0.96440114
      0.96413490
      0.96386769
      0.96359952
      0.96333040
      0.96306032
      0.96278928
      0.96251729
      0.96224434
      0.96197043
      0.96169557
      0.96141976
      0.96114299
      0.96086527
      0.96058659
      0.96030697
      0.96002639
      0.95974486
      0.95946238
      0.95917895
      0.95889457
      0.95860924
      0.95832296
      0.95803573
      0.95774756
      0.95745844
      0.95716837
      0.95687736
      0.95658540
      0.95629249
      0.95599864
      0.95570385
      0.95540812
      0.95511144
      0.95481382
      0.95451525
      0.95421575
      0.95391530
      0.95361392
      0.95331160
      0.95300833
      0.95270413
      0.95239899
      0.95209291
      0.95178590
      0.95147795
      0.95116907
      0.95085925
      0.95054849
      0.95023680
      0.94992418
      0.94961063
      0.94929614
      0.94898072
      0.94866437
      0.94834709
      0.94802888
      0.94770974
      0.94738967
      0.94706868
      0.94674675
      0.94642390
      0.94610013
      0.94577543
      0.94544980
      0.94512325
      0.94479577
      0.94446737
      0.94413805
      0.94380780
      0.94347664
      0.94314455
      0.94281154
      0.94247762
      0.94214277
      0.94180701
      0.94147033
      0.94113273
      0.94079421
      0.94045478
      0.94011443
      0.93977317
      0.93943099
      0.93908790
      0.93874390
      0.93839898
      0.93805316
      0.93770642
      0.93735877
      0.93701021
      0.93666075
      0.93631037
      0.93595909
      0.93560690
      0.93525380
      0.93489980
      0.93454489
      0.93418908
      0.93383236
      0.93347474
      0.93311622
      0.93275679
      0.93239647
      0.93203524
      0.93167312
      0.93131009
      0.93094617
      0.93058134
      0.93021562
      0.92984901
      0.92948150
      0.92911309
      0.92874379
      0.92837359
      0.92800250
      0.92763052
      0.92725765
      0.92688388
      0.92650923
      0.92613368
      0.92575724
      0.92537992
      0.92500171
      0.92462261
      0.92424263
      0.92386176
      0.92348000
      0.92309736
      0.92271384
      0.92232943
      0.92194415
      0.92155798
      0.92117092
      0.92078299
      0.92039418
      0.92000449
      0.91961393
      0.91922248
      0.91883016
      0.91843697
      0.91804289
      0.91764795
      0.91725213
      0.91685543
      0.91645787
      0.91605943
      0.91566013
      0.91525995
      0.91485890
      0.91445699
      0.91405420
      0.91365055
      0.91324604
      0.91284065
      0.91243441
      0.91202730
      0.91161932
      0.91121048
      0.91080078
      0.91039022
      0.90997880
      0.90956652
      0.90915338
      0.90873939
      0.90832453
      0.90790882
      0.90749225
      0.90707483
      0.90665655
      0.90623742
      0.90581744
      0.90539660
      0.90497491
      0.90455238
      0.90412899
      0.90370475
      0.90327967
      0.90285374
      0.90242696
      0.90199933
      0.90157086
      0.90114155
      0.90071139
      0.90028039
      0.89984855
      0.89941586
      0.89898234
      0.89854798
      0.89811277
      0.89767673
      0.89723986
      0.89680214
      0.89636359
      0.89592421
      0.89548399
      0.89504294
      0.89460105
      0.89415833
      0.89371479
      0.89327041
      0.89282520
      0.89237917
      0.89193231
      0.89148462
      0.89103610
      0.89058676
      0.89013660
      0.88968561
      0.88923380
      0.88878117
      0.88832771
      0.88787344
      0.88741835
      0.88696243
      0.88650570
      0.88604816
      0.88558980
      0.88513062
      0.88467063
      0.88420982
      0.88374820
      0.88328577
      0.88282253
      0.88235848
      0.88189362
      0.88142795
      0.88096147
      0.88049419
      0.88002610
      0.87955720
      0.87908750
      0.87861700
      0.87814569
      0.87767358
      0.87720068
      0.87672697
      0.87625246
      0.87577716
      0.87530105
      0.87482415
      0.87434646
      0.87386797
      0.87338869
      0.87290861
      0.87242774
      0.87194608
      0.87146363
      0.87098039
      0.87049636
      0.87001154
      0.86952594
      0.86903955
      0.86855237
      0.86806441
      0.86757567
      0.86708615
      0.86659584
      0.86610475
      0.86561288
      0.86512024
      0.86462681
      0.86413261
      0.86363763
      0.86314188
      0.86264535
      0.86214805
      0.86164998
      0.86115113
      0.86065151
      0.86015113
      0.85964997
      0.85914805
      0.85864536
      0.85814190
      0.85763768
      0.85713269
      0.85662694
      0.85612042
      0.85561315
      0.85510511
      0.85459632
      0.85408676
      0.85357645
      0.85306538
      0.85255355
      0.85204097
      0.85152763
      0.85101354
      0.85049870
      0.84998311
      0.84946676
      0.84894967
      0.84843183
      0.84791324
      0.84739390
      0.84687382
      0.84635299
      0.84583142
      0.84530910
      0.84478604
      0.84426224
      0.84373770
      0.84321242
      0.84268641
      0.84215965
      0.84163216
      0.84110394
      0.84057498
      0.84004528
      0.83951485
      0.83898369
      0.83845181
      0.83791919
      0.83738584
      0.83685176
      0.83631696
      0.83578143
      0.83524518
      0.83470820
      0.83417050
      0.83363207
      0.83309293
      0.83255307
      0.83201248
      0.83147118
      0.83092916
      0.83038643
      0.82984298
      0.82929881
      0.82875394
      0.82820835
      0.82766205
      0.82711503
      0.82656731
      0.82601889
      0.82546975
      0.82491991
      0.82436936
      0.82381811
      0.82326615
      0.82271349
      0.82216013
      0.82160607
      0.82105132
      0.82049586
      0.81993970
      0.81938285
      0.81882531
      0.81826706
      0.81770813
      0.81714850
      0.81658819
      0.81602718
      0.81546548
      0.81490309
      0.81434002
      0.81377626
      0.81321182
      0.81264669
      0.81208088
      0.81151438
      0.81094721
      0.81037935
      0.80981082
      0.80924160
      0.80867171
      0.80810115
      0.80752991
      0.80695799
      0.80638540
      0.80581214
      0.80523821
      0.80466361
      0.80408834
      0.80351240
      0.80293580
      0.80235853
      0.80178059
      0.80120199
      0.80062273
      0.80004281
      0.79946223
      0.79888098
      0.79829908
      0.79771652
      0.79713331
      0.79654944
      0.79596491
      0.79537973
      0.79479390
      0.79420742
      0.79362029
      0.79303251
      0.79244408
      0.79185501
      0.79126529
      0.79067492
      0.79008391
      0.78949226
      0.78889996
      0.78830703
      0.78771346
      0.78711924
      0.78652439
      0.78592891
      0.78533279
      0.78473603
      0.78413864
      0.78354062
      0.78294197
      0.78234269
      0.78174278
      0.78114224
      0.78054108
      0.77993929
      0.77933687
      0.77873383
      0.77813017
      0.77752589
      0.77692099
      0.77631547
      0.77570933
      0.77510257
      0.77449520
      0.77388722
      0.77327862
      0.77266940
      0.77205958
      0.77144915
      0.77083810
      0.77022645
      0.76961419
      0.76900133
      0.76838786
      0.76777378
      0.76715911
      0.76654383
      0.76592795
      0.76531147
      0.76469440
      0.76407672
      0.76345845
      0.76283959
      0.76222013
      0.76160008
      0.76097944
      0.76035820
      0.75973638
      0.75911397
      0.75849097
      0.75786739
      0.75724322
      0.75661846
      0.75599313
      0.75536721
      0.75474071
      0.75411363
      0.75348598
      0.75285774
      0.75222893
      0.75159955
      0.75096959
      0.75033906
      0.74970796
      0.74907629
      0.74844404
      0.74781123
      0.74717786
      0.74654391
      0.74590940
      0.74527433
      0.74463870
      0.74400250
      0.74336575
      0.74272843
      0.74209056
      0.74145213
      0.74081314
      0.74017360
      0.73953351
      0.73889286
      0.73825166
      0.73760991
      0.73696762
      0.73632477
      0.73568138
      0.73503745
      0.73439297
      0.73374794
      0.73310238
      0.73245627
      0.73180962
      0.73116244
      0.73051472
      0.72986646
      0.72921766
      0.72856833
      0.72791847
      0.72726808
      0.72661716
      0.72596571
      0.72531373
      0.72466122
      0.72400819
      0.72335463
      0.72270055
      0.72204594
      0.72139082
      0.72073517
      0.72007901
      0.71942232
      0.71876513
      0.71810741
      0.71744918
      0.71679044
      0.71613119
      0.71547142
      0.71481115
      0.71415037
      0.71348908
      0.71282728
      0.71216498
      0.71150218
      0.71083887
      0.71017506
      0.70951076
      0.70884595
      0.70818064
      0.70751484
      0.70684854
      0.70618175
      0.70551447
      0.70484669
      0.70417842
      0.70350967
      0.70284042
      0.70217069
      0.70150047
      0.70082977
      0.70015858
      0.69948691
      0.69881476
      0.69814213
      0.69746902
      0.69679543
      0.69612137
      0.69544683
      0.69477182
      0.69409633
      0.69342037
      0.69274394
      0.69206704
      0.69138968
      0.69071184
      0.69003355
      0.68935478
      0.68867555
      0.68799587
      0.68731572
      0.68663511
      0.68595404
      0.68527251
      0.68459053
      0.68390809
      0.68322520
      0.68254186
      0.68185806
      0.68117382
      0.68048912
      0.67980398
      0.67911839
      0.67843236
      0.67774588
      0.67705896
      0.67637160
      0.67568380
      0.67499555
      0.67430687
      0.67361776
      0.67292820
      0.67223822
      0.67154780
      0.67085694
      0.67016566
      0.66947395
      0.66878181
      0.66808924
      0.66739624
      0.66670282
      0.66600898
      0.66531472
      0.66462003
      0.66392492
      0.66322940
      0.66253346
      0.66183710
      0.66114033
      0.66044314
      0.65974554
      0.65904753
      0.65834911
      0.65765028
      0.65695105
      0.65625140
      0.65555135
      0.65485090
      0.65415005
      0.65344879
      0.65274713
      0.65204508
      0.65134262
      0.65063977
      0.64993653
      0.64923289
      0.64852886
      0.64782443
      0.64711962
      0.64641442
      0.64570883
      0.64500285
      0.64429648
      0.64358974
      0.64288261
      0.64217509
      0.64146720
      0.64075893
      0.64005028
      0.63934125
      0.63863185
      0.63792207
      0.63721192
      0.63650140
      0.63579051
      0.63507925
      0.63436762
      0.63365562
      0.63294326
      0.63223053
      0.63151745
      0.63080399
      0.63009018
      0.62937601
      0.62866148
      0.62794660
      0.62723135
      0.62651576
      0.62579981
      0.62508351
      0.62436685
      0.62364985
      0.62293250
      0.62221481
      0.62149677
      0.62077838
      0.62005965
      0.61934058
      0.61862117
      0.61790141
      0.61718132
      0.61646090
      0.61574014
      0.61501904
      0.61429761
      0.61357585
      0.61285376
      0.61213133
      0.61140858
      0.61068551
      0.60996211
      0.60923838
      0.60851433
      0.60778996
      0.60706527
      0.60634026
      0.60561493
      0.60488928
      0.60416332
      0.60343704
      0.60271046
      0.60198356
      0.60125635
      0.60052883
      0.59980100
      0.59907286
      0.59834442
      0.59761568
      0.59688663
      0.59615728
      0.59542763
      0.59469768
      0.59396744
      0.59323690
      0.59250606
      0.59177493
      0.59104350
      0.59031179
      0.58957978
      0.58884748
      0.58811490
      0.58738203
      0.58664888
      0.58591544
      0.58518172
      0.58444771
      0.58371343
      0.58297887
      0.58224403
      0.58150891
      0.58077352
      0.58003786
      0.57930192
      0.57856571
      0.57782923
      0.57709249
      0.57635547
      0.57561819
      0.57488065
      0.57414284
      0.57340477
      0.57266644
      0.57192785
      0.57118900
      0.57044989
      0.56971052
      0.56897091
      0.56823103
      0.56749091
      0.56675054
      0.56600991
      0.56526904
      0.56452792
      0.56378656
      0.56304495
      0.56230309
      0.56156100
      0.56081866
      0.56007609
      0.55933328
      0.55859023
      0.55784694
      0.55710342
      0.55635967
      0.55561568
      0.55487147
      0.55412703
      0.55338235
      0.55263746
      0.55189233
      0.55114699
      0.55040142
      0.54965562
      0.54890961
      0.54816338
      0.54741693
      0.54667027
      0.54592339
      0.54517629
      0.54442899
      0.54368147
      0.54293374
      0.54218581
      0.54143766
      0.54068931
      0.53994076
      0.53919200
      0.53844304
      0.53769388
      0.53694452
      0.53619496
      0.53544520
      0.53469525
      0.53394510
      0.53319476
      0.53244423
      0.53169350
      0.53094259
      0.53019149
      0.52944020
      0.52868873
      0.52793707
      0.52718523
      0.52643321
      0.52568101
      0.52492862
      0.52417606
      0.52342333
      0.52267042
      0.52191733
      0.52116407
      0.52041064
      0.51965704
      0.51890327
      0.51814933
      0.51739523
      0.51664096
      0.51588653
      0.51513193
      0.51437718
      0.51362226
      0.51286718
      0.51211195
      0.51135656
      0.51060102
      0.50984532
      0.50908947
      0.50833347
      0.50757733
      0.50682103
      0.50606458
      0.50530799
      0.50455126
      0.50379438
      0.50303736
      0.50228019
      0.50152289
      0.50076545
      0.50000788
      0.49925017
      0.49849232
      0.49773434
      0.49697623
      0.49621799
      0.49545962
      0.49470112
      0.49394250
      0.49318375
      0.49242487
      0.49166588
      0.49090676
      0.49014752
      0.48938816
      0.48862869
      0.48786910
      0.48710939
      0.48634957
      0.48558964
      0.48482960
      0.48406944
      0.48330918
      0.48254881
      0.48178834
      0.48102776
      0.48026707
      0.47950629
      0.47874540
      0.47798442
      0.47722333
      0.47646215
      0.47570087
      0.47493950
      0.47417803
      0.47341648
      0.47265483
      0.47189309
      0.47113127
      0.47036935
      0.46960736
      0.46884527
      0.46808311
      0.46732086
      0.46655853
      0.46579613
      0.46503364
      0.46427108
      0.46350845
      0.46274574
      0.46198295
      0.46122010
      0.46045717
      0.45969418
      0.45893112
      0.45816799
      0.45740480
      0.45664154
      0.45587822
      0.45511484
      0.45435140
      0.45358790
      0.45282435
      0.45206073
      0.45129707
      0.45053335
      0.44976957
      0.44900575
      0.44824188
      0.44747795
      0.44671398
      0.44594997
      0.44518591
      0.44442180
      0.44365766
      0.44289347
      0.44212925
      0.44136498
      0.44060068
      0.43983634
      0.43907197
      0.43830757
      0.43754313
      0.43677866
      0.43601417
      0.43524964
      0.43448509
      0.43372051
      0.43295591
      0.43219129
      0.43142664
      0.43066197
      0.42989729
      0.42913258
      0.42836786
      0.42760313
      0.42683838
      0.42607361
      0.42530884
      0.42454406
      0.42377926
      0.42301446
      0.42224965
      0.42148484
      0.42072002
      0.41995520
      0.41919038
      0.41842556
      0.41766074
      0.41689592
      0.41613111
      0.41536630
      0.41460149
      0.41383670
      0.41307191
      0.41230713
      0.41154237
      0.41077761
      0.41001287
      0.40924815
      0.40848344
      0.40771875
      0.40695408
      0.40618943
      0.40542480
      0.40466019
      0.40389560
      0.40313104
      0.40236651
      0.40160200
      0.40083753
      0.40007308
      0.39930867
      0.39854428
      0.39777994
      0.39701562
      0.39625134
      0.39548711
      0.39472291
      0.39395875
      0.39319463
      0.39243055
      0.39166652
      0.39090253
      0.39013859
      0.38937470
      0.38861085
      0.38784706
      0.38708332
      0.38631963
      0.38555599
      0.38479241
      0.38402889
      0.38326542
      0.38250202
      0.38173867
      0.38097538
      0.38021216
      0.37944900
      0.37868591
      0.37792288
      0.37715992
      0.37639703
      0.37563421
      0.37487146
      0.37410878
      0.37334618
      0.37258366
      0.37182120
      0.37105883
      0.37029654
      0.36953432
      0.36877219
      0.36801014
      0.36724817
      0.36648629
      0.36572450
      0.36496279
      0.36420117
      0.36343964
      0.36267821
      0.36191686
      0.36115561
      0.36039445
      0.35963339
      0.35887243
      0.35811157
      0.35735080
      0.35659014
      0.35582958
      0.35506913
      0.35430877
      0.35354853
      0.35278839
      0.35202836
      0.35126844
      0.35050863
      0.34974893
      0.34898935
      0.34822988
      0.34747053
      0.34671130
      0.34595218
      0.34519318
      0.34443430
      0.34367555
      0.34291692
      0.34215841
      0.34140003
      0.34064178
      0.33988365
      0.33912565
      0.33836779
      0.33761005
      0.33685245
      0.33609499
      0.33533765
      0.33458046
      0.33382340
      0.33306648
      0.33230971
      0.33155307
      0.33079658
      0.33004023
      0.32928403
      0.32852797
      0.32777206
      0.32701630
      0.32626069
      0.32550523
      0.32474992
      0.32399477
      0.32323977
      0.32248492
      0.32173024
      0.32097571
      0.32022135
      0.31946714
      0.31871310
      0.31795922
      0.31720550
      0.31645195
      0.31569857
      0.31494535
      0.31419230
      0.31343943
      0.31268673
      0.31193419
      0.31118184
      0.31042966
      0.30967765
      0.30892582
      0.30817418
      0.30742271
      0.30667142
      0.30592032
      0.30516940
      0.30441866
      0.30366811
      0.30291775
      0.30216758
      0.30141759
      0.30066780
      0.29991820
      0.29916879
      0.29841958
      0.29767056
      0.29692174
      0.29617311
      0.29542469
      0.29467646
      0.29392844
      0.29318062
      0.29243301
      0.29168560
      0.29093839
      0.29019139
      0.28944461
      0.28869803
      0.28795166
      0.28720550
      0.28645956
      0.28571383
      0.28496832
      0.28422302
      0.28347795
      0.28273309
      0.28198845
      0.28124403
      0.28049984
      0.27975587
      0.27901212
      0.27826861
      0.27752531
      0.27678225
      0.27603942
      0.27529682
      0.27455444
      0.27381231
      0.27307040
      0.27232874
      0.27158731
      0.27084611
      0.27010516
      0.26936444
      0.26862397
      0.26788374
      0.26714375
      0.26640401
      0.26566452
      0.26492527
      0.26418626
      0.26344751
      0.26270901
      0.26197076
      0.26123277
      0.26049502
      0.25975754
      0.25902030
      0.25828333
      0.25754661
      0.25681016
      0.25607396
      0.25533803
      0.25460236
      0.25386695
      0.25313181
      0.25239694
      0.25166233
      0.25092800
      0.25019393
      0.24946013
      0.24872661
      0.24799336
      0.24726038
      0.24652768
      0.24579525
      0.24506311
      0.24433124
      0.24359965
      0.24286835
      0.24213732
      0.24140658
      0.24067613
      0.23994596
      0.23921608
      0.23848648
      0.23775717
      0.23702816
      0.23629943
      0.23557100
      0.23484286
      0.23411502
      0.23338747
      0.23266022
      0.23193327
      0.23120662
      0.23048026
      0.22975421
      0.22902846
      0.22830302
      0.22757788
      0.22685304
      0.22612851
      0.22540429
      0.22468038
      0.22395678
      0.22323349
      0.22251051
      0.22178785
      0.22106550
      0.22034347
      0.21962175
      0.21890035
      0.21817927
      0.21745852
      0.21673808
      0.21601796
      0.21529817
      0.21457870
      0.21385956
      0.21314075
      0.21242226
      0.21170410
      0.21098627
      0.21026877
      0.20955161
      0.20883478
      0.20811828
      0.20740212
      0.20668629
      0.20597080
      0.20525565
      0.20454084
      0.20382637
      0.20311225
      0.20239846
      0.20168502
      0.20097192
      0.20025918
      0.19954677
      0.19883472
      0.19812302
      0.19741166
      0.19670066
      0.19599001
      0.19527971
      0.19456977
      0.19386019
      0.19315096
      0.19244209
      0.19173357
      0.19102542
      0.19031763
      0.18961020
      0.18890314
      0.18819643
      0.18749010
      0.18678413
      0.18631360
      0.18631360
