     -0.16483811
     -0.16442933
     -0.16401894
     -0.16360692
     -0.16319329
     -0.16277805
     -0.16236119
     -0.16194271
     -0.16152262
     -0.16110091
     -0.16067759
     -0.16025265
     -0.15982609
     -0.15939793
     -0.15896814
     -0.15853675
     -0.15810374
     -0.15766911
     -0.15723287
     -0.15679502
     -0.15635556
     -0.15591448
     -0.15547180
     -0.15502749
     -0.15458158
     -0.15413406
     -0.15368492
     -0.15323418
     -0.15278182
     -0.15232786
     -0.15187228
     -0.15141509
     -0.15095630
     -0.15049590
     -0.15003388
     -0.14957027
     -0.14910504
     -0.14863820
     -0.14816976
     -0.14769972
     -0.14722806
     -0.14675480
     -0.14627994
     -0.14580347
     -0.14532540
     -0.14484572
     -0.14436444
     -0.14388156
     -0.14339707
     -0.14291099
     -0.14242330
     -0.14193401
     -0.14144312
     -0.14095063
     -0.14045654
     -0.13996086
     -0.13946357
     -0.13896469
     -0.13846421
     -0.13796213
     -0.13745846
     -0.13695319
     -0.13644633
     -0.13593787
     -0.13542782
     -0.13491617
     -0.13440294
     -0.13388811
     -0.13337169
     -0.13285368
     -0.13233408
     -0.13181289
     -0.13129011
     -0.13076575
     -0.13023979
     -0.12971225
     -0.12918313
     -0.12865241
     -0.12812012
     -0.12758624
     -0.12705078
     -0.12651373
     -0.12597510
     -0.12543490
     -0.12489311
     -0.12434974
     -0.12380479
     -0.12325827
     -0.12271017
     -0.12216049
     -0.12160924
     -0.12105641
     -0.12050201
     -0.11994603
     -0.11938849
     -0.11882937
     -0.11826868
     -0.11770642
     -0.11714259
     -0.11657719
     -0.11601023
     -0.11544170
     -0.11487160
     -0.11429994
     -0.11372672
     -0.11315193
     -0.11257558
     -0.11199767
     -0.11141820
     -0.11083717
     -0.11025458
     -0.10967044
     -0.10908474
     -0.10849748
     -0.10790867
     -0.10731830
     -0.10672639
     -0.10613292
     -0.10553790
     -0.10494133
     -0.10434321
     -0.10374355
     -0.10314234
     -0.10253958
     -0.10193528
     -0.10132944
     -0.10072205
     -0.10011313
    -0.099502658
    -0.098890652
    -0.098277108
    -0.097662027
    -0.097045410
    -0.096427258
    -0.095807573
    -0.095186355
    -0.094563607
    -0.093939328
    -0.093313520
    -0.092686184
    -0.092057322
    -0.091426934
    -0.090795021
    -0.090161586
    -0.089526628
    -0.088890150
    -0.088252152
    -0.087612636
    -0.086971602
    -0.086329053
    -0.085684989
    -0.085039411
    -0.084392322
    -0.083743721
    -0.083093611
    -0.082441992
    -0.081788866
    -0.081134234
    -0.080478097
    -0.079820458
    -0.079161316
    -0.078500674
    -0.077838532
    -0.077174892
    -0.076509755
    -0.075843124
    -0.075174998
    -0.074505379
    -0.073834270
    -0.073161670
    -0.072487582
    -0.071812006
    -0.071134945
    -0.070456400
    -0.069776371
    -0.069094861
    -0.068411871
    -0.067727402
    -0.067041456
    -0.066354034
    -0.065665138
    -0.064974769
    -0.064282928
    -0.063589618
    -0.062894838
    -0.062198592
    -0.061500881
    -0.060801705
    -0.060101067
    -0.059398968
    -0.058695409
    -0.057990393
    -0.057283920
    -0.056575992
    -0.055866611
    -0.055155778
    -0.054443495
    -0.053729763
    -0.053014585
    -0.052297960
    -0.051579892
    -0.050860382
    -0.050139431
    -0.049417041
    -0.048693214
    -0.047967950
    -0.047241253
    -0.046513123
    -0.045783563
    -0.045052573
    -0.044320155
    -0.043586312
    -0.042851044
    -0.042114354
    -0.041376244
    -0.040636714
    -0.039895766
    -0.039153403
    -0.038409626
    -0.037664437
    -0.036917837
    -0.036169829
    -0.035420413
    -0.034669593
    -0.033917368
    -0.033163742
    -0.032408716
    -0.031652292
    -0.030894472
    -0.030135257
    -0.029374649
    -0.028612650
    -0.027849262
    -0.027084487
    -0.026318326
    -0.025550782
    -0.024781855
    -0.024011549
    -0.023239865
    -0.022466805
    -0.021692370
    -0.020916563
    -0.020139385
    -0.019360838
    -0.018580925
    -0.017799647
    -0.017017006
    -0.016233004
    -0.015447643
    -0.014660924
    -0.013872851
    -0.013083424
    -0.012292646
    -0.011500518
    -0.010707043
   -0.0099122231
   -0.0091160594
   -0.0083185543
   -0.0075197098
   -0.0067195278
   -0.0059180104
   -0.0051151596
   -0.0043109775
   -0.0035054660
   -0.0026986272
   -0.0018904632
   -0.0010809759
  -0.00027016755
   0.00054195991
    0.0013554044
    0.0021701638
    0.0029862360
    0.0038036190
    0.0046223106
    0.0054423088
    0.0062636114
    0.0070862163
    0.0079101214
    0.0087353246
    0.0095618236
     0.010389616
     0.011218701
     0.012049075
     0.012880736
     0.013713682
     0.014547912
     0.015383422
     0.016220210
     0.017058275
     0.017897614
     0.018738225
     0.019580106
     0.020423255
     0.021267668
     0.022113345
     0.022960282
     0.023808478
     0.024657930
     0.025508637
     0.026360595
     0.027213802
     0.028068257
     0.028923956
     0.029780898
     0.030639081
     0.031498501
     0.032359157
     0.033221047
     0.034084167
     0.034948517
     0.035814092
     0.036680892
     0.037548913
     0.038418153
     0.039288611
     0.040160283
     0.041033167
     0.041907260
     0.042782562
     0.043659068
     0.044536777
     0.045415686
     0.046295792
     0.047177094
     0.048059589
     0.048943275
     0.049828148
     0.050714207
     0.051601449
     0.052489872
     0.053379473
     0.054270249
     0.055162199
     0.056055320
     0.056949609
     0.057845063
     0.058741681
     0.059639460
     0.060538396
     0.061438489
     0.062339734
     0.063242131
     0.064145675
     0.065050365
     0.065956198
     0.066863171
     0.067771282
     0.068680529
     0.069590908
     0.070502417
     0.071415054
     0.072328815
     0.073243699
     0.074159703
     0.075076824
     0.075995059
     0.076914407
     0.077834863
     0.078756426
     0.079679093
     0.080602861
     0.081527728
     0.082453691
     0.083380747
     0.084308894
     0.085238128
     0.086168448
     0.087099851
     0.088032333
     0.088965893
     0.089900527
     0.090836233
     0.091773008
     0.092710849
     0.093649754
     0.094589719
     0.095530743
     0.096472822
     0.097415953
     0.098360134
     0.099305363
      0.10025164
      0.10119895
      0.10214730
      0.10309669
      0.10404711
      0.10499857
      0.10595104
      0.10690455
      0.10785908
      0.10881462
      0.10977118
      0.11072876
      0.11168734
      0.11264694
      0.11360753
      0.11456913
      0.11553173
      0.11649533
      0.11745992
      0.11842550
      0.11939206
      0.12035962
      0.12132815
      0.12229766
      0.12326815
      0.12423961
      0.12521204
      0.12618544
      0.12715981
      0.12813513
      0.12911141
      0.13008865
      0.13106684
      0.13204599
      0.13302607
      0.13400710
      0.13498908
      0.13597199
      0.13695583
      0.13794061
      0.13892631
      0.13991294
      0.14090050
      0.14188897
      0.14287836
      0.14386866
      0.14485988
      0.14585200
      0.14684503
      0.14783896
      0.14883378
      0.14982951
      0.15082612
      0.15182362
      0.15282202
      0.15382129
      0.15482144
      0.15582247
      0.15682438
      0.15782716
      0.15883080
      0.15983531
      0.16084068
      0.16184691
      0.16285399
      0.16386193
      0.16487071
      0.16588035
      0.16689082
      0.16790213
      0.16891428
      0.16992727
      0.17094108
      0.17195572
      0.17297119
      0.17398748
      0.17500458
      0.17602250
      0.17704123
      0.17806077
      0.17908111
      0.18010225
      0.18112419
      0.18214693
      0.18317046
      0.18419478
      0.18521988
      0.18624577
      0.18727244
      0.18829988
      0.18932809
      0.19035708
      0.19138683
      0.19241734
      0.19344861
      0.19448064
      0.19551342
      0.19654695
      0.19758123
      0.19861625
      0.19965201
      0.20068851
      0.20172574
      0.20276370
      0.20380239
      0.20484180
      0.20588194
      0.20692279
      0.20796435
      0.20900662
      0.21004960
      0.21109328
      0.21213767
      0.21318275
      0.21422852
      0.21527498
      0.21632213
      0.21736997
      0.21841848
      0.21946767
      0.22051753
      0.22156807
      0.22261927
      0.22367113
      0.22472365
      0.22577683
      0.22683067
      0.22788515
      0.22894028
      0.22999605
      0.23105246
      0.23210950
      0.23316718
      0.23422549
      0.23528442
      0.23634398
      0.23740415
      0.23846494
      0.23952634
      0.24058835
      0.24165097
      0.24271419
      0.24377800
      0.24484241
      0.24590741
      0.24697300
      0.24803917
      0.24910592
      0.25017325
      0.25124115
      0.25230962
      0.25337866
      0.25444827
      0.25551843
      0.25658915
      0.25766042
      0.25873224
      0.25980461
      0.26087751
      0.26195096
      0.26302494
      0.26409945
      0.26517450
      0.26625006
      0.26732615
      0.26840275
      0.26947987
      0.27055749
      0.27163563
      0.27271426
      0.27379340
      0.27487303
      0.27595316
      0.27703377
      0.27811487
      0.27919645
      0.28027851
      0.28136104
      0.28244404
      0.28352751
      0.28461145
      0.28569584
      0.28678069
      0.28786599
      0.28895175
      0.29003794
      0.29112458
      0.29221166
      0.29329917
      0.29438712
      0.29547549
      0.29656428
      0.29765350
      0.29874313
      0.29983317
      0.30092362
      0.30201448
      0.30310574
      0.30419740
      0.30528945
      0.30638190
      0.30747473
      0.30856794
      0.30966154
      0.31075551
      0.31184985
      0.31294456
      0.31403964
      0.31513508
      0.31623087
      0.31732702
      0.31842352
      0.31952037
      0.32061756
      0.32171509
      0.32281295
      0.32391115
      0.32500967
      0.32610852
      0.32720769
      0.32830717
      0.32940697
      0.33050708
      0.33160749
      0.33270821
      0.33380922
      0.33491053
      0.33601213
      0.33711401
      0.33821618
      0.33931863
      0.34042136
      0.34152435
      0.34262762
      0.34373115
      0.34483494
      0.34593898
      0.34704328
      0.34814783
      0.34925263
      0.35035766
      0.35146294
      0.35256844
      0.35367418
      0.35478015
      0.35588634
      0.35699275
      0.35809937
      0.35920620
      0.36031325
      0.36142049
      0.36252794
      0.36363558
      0.36474341
      0.36585144
      0.36695965
      0.36806804
      0.36917660
      0.37028534
      0.37139425
      0.37250333
      0.37361257
      0.37472196
      0.37583151
      0.37694121
      0.37805106
      0.37916105
      0.38027118
      0.38138144
      0.38249184
      0.38360236
      0.38471300
      0.38582377
      0.38693465
      0.38804565
      0.38915675
      0.39026795
      0.39137926
      0.39249066
      0.39360216
      0.39471375
      0.39582542
      0.39693717
      0.39804900
      0.39916090
      0.40027287
      0.40138491
      0.40249701
      0.40360916
      0.40472138
      0.40583364
      0.40694594
      0.40805830
      0.40917068
      0.41028311
      0.41139556
      0.41250804
      0.41362055
      0.41473307
      0.41584561
      0.41695816
      0.41807072
      0.41918328
      0.42029584
      0.42140840
      0.42252094
      0.42363348
      0.42474600
      0.42585850
      0.42697098
      0.42808343
      0.42919585
      0.43030823
      0.43142057
      0.43253287
      0.43364512
      0.43475732
      0.43586947
      0.43698156
      0.43809358
      0.43920554
      0.44031743
      0.44142924
      0.44254097
      0.44365262
      0.44476419
      0.44587566
      0.44698704
      0.44809833
      0.44920951
      0.45032058
      0.45143155
      0.45254240
      0.45365313
      0.45476374
      0.45587422
      0.45698458
      0.45809480
      0.45920489
      0.46031483
      0.46142463
      0.46253428
      0.46364377
      0.46475311
      0.46586229
      0.46697130
      0.46808014
      0.46918882
      0.47029731
      0.47140562
      0.47251375
      0.47362169
      0.47472944
      0.47583699
      0.47694434
      0.47805148
      0.47915842
      0.48026514
      0.48137165
      0.48247794
      0.48358400
      0.48468984
      0.48579544
      0.48690081
      0.48800594
      0.48911082
      0.49021546
      0.49131985
      0.49242397
      0.49352784
      0.49463145
      0.49573479
      0.49683785
      0.49794064
      0.49904315
      0.50014538
      0.50124732
      0.50234897
      0.50345032
      0.50455138
      0.50565213
      0.50675257
      0.50785271
      0.50895253
      0.51005203
      0.51115120
      0.51225005
      0.51334857
      0.51444675
      0.51554460
      0.51664210
      0.51773926
      0.51883606
      0.51993251
      0.52102861
      0.52212434
      0.52321970
      0.52431469
      0.52540931
      0.52650355
      0.52759741
      0.52869088
      0.52978397
      0.53087665
      0.53196894
      0.53306083
      0.53415231
      0.53524339
      0.53633405
      0.53742429
      0.53851411
      0.53960350
      0.54069247
      0.54178100
      0.54286909
      0.54395674
      0.54504395
      0.54613071
      0.54721701
      0.54830286
      0.54938825
      0.55047317
      0.55155762
      0.55264160
      0.55372511
      0.55480813
      0.55589067
      0.55697271
      0.55805427
      0.55913533
      0.56021589
      0.56129595
      0.56237549
      0.56345453
      0.56453305
      0.56561104
      0.56668852
      0.56776547
      0.56884188
      0.56991776
      0.57099310
      0.57206790
      0.57314215
      0.57421584
      0.57528898
      0.57636157
      0.57743359
      0.57850504
      0.57957592
      0.58064623
      0.58171595
      0.58278510
      0.58385366
      0.58492162
      0.58598900
      0.58705577
      0.58812195
      0.58918751
      0.59025247
      0.59131681
      0.59238054
      0.59344364
      0.59450612
      0.59556796
      0.59662918
      0.59768975
      0.59874969
      0.59980898
      0.60086762
      0.60192561
      0.60298294
      0.60403961
      0.60509562
      0.60615096
      0.60720562
      0.60825961
      0.60931292
      0.61036555
      0.61141749
      0.61246874
      0.61351929
      0.61456914
      0.61561829
      0.61666673
      0.61771446
      0.61876147
      0.61980777
      0.62085334
      0.62189819
      0.62294231
      0.62398569
      0.62502834
      0.62607024
      0.62711140
      0.62815181
      0.62919147
      0.63023036
      0.63126850
      0.63230587
      0.63334248
      0.63437831
      0.63541336
      0.63644764
      0.63748113
      0.63851383
      0.63954574
      0.64057686
      0.64160718
      0.64263669
      0.64366540
      0.64469330
      0.64572038
      0.64674664
      0.64777208
      0.64879670
      0.64982048
      0.65084344
      0.65186555
      0.65288683
      0.65390726
      0.65492684
      0.65594557
      0.65696344
      0.65798045
      0.65899660
      0.66001188
      0.66102629
      0.66203983
      0.66305248
      0.66406425
      0.66507514
      0.66608514
      0.66709424
      0.66810245
      0.66910975
      0.67011615
      0.67112164
      0.67212622
      0.67312988
      0.67413262
      0.67513444
      0.67613533
      0.67713529
      0.67813431
      0.67913240
      0.68012954
      0.68112574
      0.68212098
      0.68311528
      0.68410861
      0.68510099
      0.68609240
      0.68708284
      0.68807231
      0.68906080
      0.69004832
      0.69103485
      0.69202039
      0.69300495
      0.69398851
      0.69497107
      0.69595263
      0.69693319
      0.69791273
      0.69889127
      0.69986878
      0.70084528
      0.70182076
      0.70279520
      0.70376862
      0.70474100
      0.70571234
      0.70668265
      0.70765190
      0.70862011
      0.70958727
      0.71055337
      0.71151840
      0.71248238
      0.71344529
      0.71440713
      0.71536789
      0.71632758
      0.71728618
      0.71824370
      0.71920013
      0.72015547
      0.72110971
      0.72206285
      0.72301489
      0.72396582
      0.72491565
      0.72586436
      0.72681195
      0.72775842
      0.72870376
      0.72964798
      0.73059107
      0.73153302
      0.73247383
      0.73341350
      0.73435203
      0.73528941
      0.73622563
      0.73716070
      0.73809460
      0.73902735
      0.73995892
      0.74088933
      0.74181856
      0.74274662
      0.74367349
      0.74459918
      0.74552368
      0.74644699
      0.74736911
      0.74829003
      0.74920974
      0.75012825
      0.75104556
      0.75196165
      0.75287652
      0.75379018
      0.75470261
      0.75561382
      0.75652379
      0.75743254
      0.75834005
      0.75924631
      0.76015134
      0.76105512
      0.76195765
      0.76285892
      0.76375894
      0.76465770
      0.76555519
      0.76645142
      0.76734638
      0.76824006
      0.76913247
      0.77002360
      0.77091344
      0.77180199
      0.77268926
      0.77357523
      0.77445990
      0.77534328
      0.77622534
      0.77710610
      0.77798555
      0.77886369
      0.77974051
      0.78061601
      0.78149018
      0.78236303
      0.78323455
      0.78410473
      0.78497357
      0.78584108
      0.78670724
      0.78757205
      0.78843552
      0.78929762
      0.79015838
      0.79101777
      0.79187580
      0.79273246
      0.79358775
      0.79444167
      0.79529421
      0.79614538
      0.79699516
      0.79784355
      0.79869055
      0.79953617
      0.80038038
      0.80122320
      0.80206461
      0.80290462
      0.80374322
      0.80458041
      0.80541618
      0.80625054
      0.80708347
      0.80791498
      0.80874506
      0.80957371
      0.81040093
      0.81122671
      0.81205105
      0.81287394
      0.81369539
      0.81451539
      0.81533394
      0.81615103
      0.81696666
      0.81778083
      0.81859353
      0.81940477
      0.82021453
      0.82102282
      0.82182963
      0.82263496
      0.82343881
      0.82424117
      0.82504204
      0.82584141
      0.82663929
      0.82743568
      0.82823056
      0.82902393
      0.82981580
      0.83060615
      0.83139499
      0.83218231
      0.83296812
      0.83375240
      0.83453515
      0.83531637
      0.83609607
      0.83687422
      0.83765084
      0.83842592
      0.83919945
      0.83997144
      0.84074187
      0.84151076
      0.84227808
      0.84304385
      0.84380806
      0.84457070
      0.84533177
      0.84609128
      0.84684921
      0.84760556
      0.84836033
      0.84911353
      0.84986513
      0.85061515
      0.85136358
      0.85211041
      0.85285565
      0.85359929
      0.85434133
      0.85508176
      0.85582058
      0.85655779
      0.85729339
      0.85802738
      0.85875974
      0.85949048
      0.86021960
      0.86094709
      0.86167294
      0.86239717
      0.86311976
      0.86384071
      0.86456002
      0.86527768
      0.86599370
      0.86670807
      0.86742078
      0.86813184
      0.86884125
      0.86954899
      0.87025507
      0.87095948
      0.87166222
      0.87236329
      0.87306269
      0.87376041
      0.87445645
      0.87515081
      0.87584348
      0.87653447
      0.87722376
      0.87791137
      0.87859727
      0.87928148
      0.87996399
      0.88064480
      0.88132390
      0.88200128
      0.88267696
      0.88335093
      0.88402318
      0.88469371
      0.88536251
      0.88602960
      0.88669495
      0.88735858
      0.88802047
      0.88868064
      0.88933906
      0.88999574
      0.89065069
      0.89130388
      0.89195533
      0.89260503
      0.89325298
      0.89389918
      0.89454361
      0.89518629
      0.89582721
      0.89646636
      0.89710374
      0.89773936
      0.89837320
      0.89900527
      0.89963556
      0.90026407
      0.90089080
      0.90151575
      0.90213891
      0.90276028
      0.90337986
      0.90399764
      0.90461363
      0.90522782
      0.90584022
      0.90645080
      0.90705958
      0.90766656
      0.90827172
      0.90887507
      0.90947661
      0.91007633
      0.91067423
      0.91127031
      0.91186456
      0.91245699
      0.91304759
      0.91363636
      0.91422329
      0.91480839
      0.91539165
      0.91597308
      0.91655265
      0.91713039
      0.91770628
      0.91828032
      0.91885250
      0.91942284
      0.91999132
      0.92055794
      0.92112270
      0.92168560
      0.92224663
      0.92280580
      0.92336310
      0.92391853
      0.92447208
      0.92502376
      0.92557356
      0.92612149
      0.92666753
      0.92721169
      0.92775396
      0.92829434
      0.92883284
      0.92936944
      0.92990415
      0.93043696
      0.93096788
      0.93149689
      0.93202400
      0.93254921
      0.93307251
      0.93359390
      0.93411339
      0.93463095
      0.93514661
      0.93566035
      0.93617217
      0.93668207
      0.93719005
      0.93769610
      0.93820022
      0.93870242
      0.93920269
      0.93970103
      0.94019743
      0.94069189
      0.94118442
      0.94167501
      0.94216366
      0.94265036
      0.94313512
      0.94361793
      0.94409879
      0.94457769
      0.94505465
      0.94552965
      0.94600270
      0.94647378
      0.94694291
      0.94741007
      0.94787527
      0.94833850
      0.94879977
      0.94925907
      0.94971639
      0.95017174
      0.95062512
      0.95107652
      0.95152595
      0.95197339
      0.95241885
      0.95286233
      0.95330382
      0.95374333
      0.95418084
      0.95461637
      0.95504991
      0.95548145
      0.95591099
      0.95633854
      0.95676409
      0.95718764
      0.95760919
      0.95802874
      0.95844628
      0.95886181
      0.95927533
      0.95968685
      0.96009635
      0.96050384
      0.96090931
      0.96131277
      0.96171421
      0.96211363
      0.96251103
      0.96290641
      0.96329976
      0.96369108
      0.96408038
      0.96446765
      0.96485290
      0.96523610
      0.96561728
      0.96599642
      0.96637352
      0.96674859
      0.96712162
      0.96749261
      0.96786155
      0.96822845
      0.96859331
      0.96895612
      0.96931688
      0.96967560
      0.97003226
      0.97038687
      0.97073943
      0.97108994
      0.97143838
      0.97178477
      0.97212910
      0.97247138
      0.97281159
      0.97314973
      0.97348582
      0.97381984
      0.97415179
      0.97448167
      0.97480948
      0.97513523
      0.97545890
      0.97578050
      0.97610003
      0.97641747
      0.97673285
      0.97704614
      0.97735736
      0.97766649
      0.97797355
      0.97827852
      0.97858140
      0.97888221
      0.97918092
      0.97947755
      0.97977209
      0.98006454
      0.98035490
      0.98064316
      0.98092934
      0.98121341
      0.98149540
      0.98177529
      0.98205307
      0.98232877
      0.98260236
      0.98287385
      0.98314323
      0.98341052
      0.98367570
      0.98393878
      0.98419975
      0.98445861
      0.98471537
      0.98497001
      0.98522255
      0.98547297
      0.98572129
      0.98596749
      0.98621157
      0.98645355
      0.98669340
      0.98693114
      0.98716676
      0.98740026
      0.98763165
      0.98786091
      0.98808805
      0.98831307
      0.98853597
      0.98875674
      0.98897539
      0.98919191
      0.98940630
      0.98961857
      0.98982871
      0.99003672
      0.99024260
      0.99044635
      0.99064797
      0.99084746
      0.99104481
      0.99124003
      0.99143312
      0.99162407
      0.99181288
      0.99199956
      0.99218410
      0.99236650
      0.99254677
      0.99272489
      0.99290087
      0.99307471
      0.99324642
      0.99341597
      0.99358339
      0.99374866
      0.99391179
      0.99407277
      0.99423161
      0.99438830
      0.99454284
      0.99469524
      0.99484549
      0.99499359
      0.99513954
      0.99528334
      0.99542499
      0.99556449
      0.99570184
      0.99583704
      0.99597009
      0.99610098
      0.99622972
      0.99635630
      0.99648073
      0.99660300
      0.99672312
      0.99684109
      0.99695690
      0.99707055
      0.99718204
      0.99729138
      0.99739855
      0.99750357
      0.99760643
      0.99770713
      0.99780568
      0.99790206
      0.99799628
      0.99808834
      0.99817824
      0.99826597
      0.99835155
      0.99843496
      0.99851621
      0.99859530
      0.99867222
      0.99874698
      0.99881958
      0.99889001
      0.99895828
      0.99902439
      0.99908833
      0.99915010
      0.99920971
      0.99926715
      0.99932243
      0.99937554
      0.99942649
      0.99947527
      0.99952188
      0.99956632
      0.99960860
      0.99964871
      0.99968666
      0.99972243
      0.99975604
      0.99978748
      0.99981676
      0.99984386
      0.99986880
      0.99989157
      0.99991217
      0.99993060
      0.99994687
      0.99996096
      0.99997289
      0.99998265
      0.99999024
      0.99999566
      0.99999892
       1.0000000
      0.99999892
      0.99999566
      0.99999024
      0.99998265
      0.99997289
      0.99996096
      0.99994687
      0.99993060
      0.99991217
      0.99989157
      0.99986880
      0.99984386
      0.99981676
      0.99978748
      0.99975604
      0.99972243
      0.99968666
      0.99964871
      0.99960860
      0.99956632
      0.99952188
      0.99947527
      0.99942649
      0.99937554
      0.99932243
      0.99926715
      0.99920971
      0.99915010
      0.99908833
      0.99902439
      0.99895828
      0.99889001
      0.99881958
      0.99874698
      0.99867222
      0.99859530
      0.99851621
      0.99843496
      0.99835155
      0.99826597
      0.99817824
      0.99808834
      0.99799628
      0.99790206
      0.99780568
      0.99770713
      0.99760643
      0.99750357
      0.99739855
      0.99729138
      0.99718204
      0.99707055
      0.99695690
      0.99684109
      0.99672312
      0.99660300
      0.99648073
      0.99635630
      0.99622972
      0.99610098
      0.99597009
      0.99583704
      0.99570184
      0.99556449
      0.99542499
      0.99528334
      0.99513954
      0.99499359
      0.99484549
      0.99469524
      0.99454284
      0.99438830
      0.99423161
      0.99407277
      0.99391179
      0.99374866
      0.99358339
      0.99341597
      0.99324642
      0.99307471
      0.99290087
      0.99272489
      0.99254677
      0.99236650
      0.99218410
      0.99199956
      0.99181288
      0.99162407
      0.99143312
      0.99124003
      0.99104481
      0.99084746
      0.99064797
      0.99044635
      0.99024260
      0.99003672
      0.98982871
      0.98961857
      0.98940630
      0.98919191
      0.98897539
      0.98875674
      0.98853597
      0.98831307
      0.98808805
      0.98786091
      0.98763165
      0.98740026
      0.98716676
      0.98693114
      0.98669340
      0.98645355
      0.98621157
      0.98596749
      0.98572129
      0.98547297
      0.98522255
      0.98497001
      0.98471537
      0.98445861
      0.98419975
      0.98393878
      0.98367570
      0.98341052
      0.98314323
      0.98287385
      0.98260236
      0.98232877
      0.98205307
      0.98177529
      0.98149540
      0.98121341
      0.98092934
      0.98064316
      0.98035490
      0.98006454
      0.97977209
      0.97947755
      0.97918092
      0.97888221
      0.97858140
      0.97827852
      0.97797355
      0.97766649
      0.97735736
      0.97704614
      0.97673285
      0.97641747
      0.97610003
      0.97578050
      0.97545890
      0.97513523
      0.97480948
      0.97448167
      0.97415179
      0.97381984
      0.97348582
      0.97314973
      0.97281159
      0.97247138
      0.97212910
      0.97178477
      0.97143838
      0.97108994
      0.97073943
      0.97038687
      0.97003226
      0.96967560
      0.96931688
      0.96895612
      0.96859331
      0.96822845
      0.96786155
      0.96749261
      0.96712162
      0.96674859
      0.96637352
      0.96599642
      0.96561728
      0.96523610
      0.96485290
      0.96446765
      0.96408038
      0.96369108
      0.96329976
      0.96290641
      0.96251103
      0.96211363
      0.96171421
      0.96131277
      0.96090931
      0.96050384
      0.96009635
      0.95968685
      0.95927533
      0.95886181
      0.95844628
      0.95802874
      0.95760919
      0.95718764
      0.95676409
      0.95633854
      0.95591099
      0.95548145
      0.95504991
      0.95461637
      0.95418084
      0.95374333
      0.95330382
      0.95286233
      0.95241885
      0.95197339
      0.95152595
      0.95107652
      0.95062512
      0.95017174
      0.94971639
      0.94925907
      0.94879977
      0.94833850
      0.94787527
      0.94741007
      0.94694291
      0.94647378
      0.94600270
      0.94552965
      0.94505465
      0.94457769
      0.94409879
      0.94361793
      0.94313512
      0.94265036
      0.94216366
      0.94167501
      0.94118442
      0.94069189
      0.94019743
      0.93970103
      0.93920269
      0.93870242
      0.93820022
      0.93769610
      0.93719005
      0.93668207
      0.93617217
      0.93566035
      0.93514661
      0.93463095
      0.93411339
      0.93359390
      0.93307251
      0.93254921
      0.93202400
      0.93149689
      0.93096788
      0.93043696
      0.92990415
      0.92936944
      0.92883284
      0.92829434
      0.92775396
      0.92721169
      0.92666753
      0.92612149
      0.92557356
      0.92502376
      0.92447208
      0.92391853
      0.92336310
      0.92280580
      0.92224663
      0.92168560
      0.92112270
      0.92055794
      0.91999132
      0.91942284
      0.91885250
      0.91828032
      0.91770628
      0.91713039
      0.91655265
      0.91597308
      0.91539165
      0.91480839
      0.91422329
      0.91363636
      0.91304759
      0.91245699
      0.91186456
      0.91127031
      0.91067423
      0.91007633
      0.90947661
      0.90887507
      0.90827172
      0.90766656
      0.90705958
      0.90645080
      0.90584022
      0.90522782
      0.90461363
      0.90399764
      0.90337986
      0.90276028
      0.90213891
      0.90151575
      0.90089080
      0.90026407
      0.89963556
      0.89900527
      0.89837320
      0.89773936
      0.89710374
      0.89646636
      0.89582721
      0.89518629
      0.89454361
      0.89389918
      0.89325298
      0.89260503
      0.89195533
      0.89130388
      0.89065069
      0.88999574
      0.88933906
      0.88868064
      0.88802047
      0.88735858
      0.88669495
      0.88602960
      0.88536251
      0.88469371
      0.88402318
      0.88335093
      0.88267696
      0.88200128
      0.88132389
      0.88064480
      0.87996399
      0.87928148
      0.87859727
      0.87791137
      0.87722376
      0.87653447
      0.87584348
      0.87515081
      0.87445645
      0.87376041
      0.87306269
      0.87236329
      0.87166222
      0.87095948
      0.87025507
      0.86954899
      0.86884125
      0.86813184
      0.86742078
      0.86670807
      0.86599370
      0.86527768
      0.86456002
      0.86384071
      0.86311976
      0.86239717
      0.86167294
      0.86094709
      0.86021960
      0.85949048
      0.85875974
      0.85802738
      0.85729339
      0.85655779
      0.85582058
      0.85508176
      0.85434133
      0.85359929
      0.85285565
      0.85211041
      0.85136358
      0.85061515
      0.84986513
      0.84911353
      0.84836033
      0.84760556
      0.84684921
      0.84609128
      0.84533177
      0.84457070
      0.84380806
      0.84304385
      0.84227808
      0.84151076
      0.84074187
      0.83997144
      0.83919945
      0.83842592
      0.83765084
      0.83687422
      0.83609607
      0.83531637
      0.83453515
      0.83375240
      0.83296812
      0.83218231
      0.83139499
      0.83060615
      0.82981580
      0.82902393
      0.82823056
      0.82743568
      0.82663929
      0.82584141
      0.82504204
      0.82424117
      0.82343881
      0.82263496
      0.82182963
      0.82102282
      0.82021453
      0.81940477
      0.81859353
      0.81778083
      0.81696666
      0.81615103
      0.81533394
      0.81451539
      0.81369539
      0.81287394
      0.81205105
      0.81122671
      0.81040093
      0.80957371
      0.80874506
      0.80791498
      0.80708347
      0.80625054
      0.80541618
      0.80458041
      0.80374322
      0.80290462
      0.80206461
      0.80122320
      0.80038038
      0.79953617
      0.79869055
      0.79784355
      0.79699516
      0.79614538
      0.79529421
      0.79444167
      0.79358775
      0.79273246
      0.79187580
      0.79101777
      0.79015838
      0.78929762
      0.78843552
      0.78757205
      0.78670724
      0.78584108
      0.78497357
      0.78410473
      0.78323455
      0.78236303
      0.78149018
      0.78061601
      0.77974051
      0.77886369
      0.77798555
      0.77710610
      0.77622534
      0.77534328
      0.77445990
      0.77357523
      0.77268926
      0.77180199
      0.77091344
      0.77002360
      0.76913247
      0.76824006
      0.76734638
      0.76645142
      0.76555519
      0.76465770
      0.76375894
      0.76285892
      0.76195765
      0.76105512
      0.76015134
      0.75924631
      0.75834005
      0.75743254
      0.75652379
      0.75561382
      0.75470261
      0.75379018
      0.75287652
      0.75196165
      0.75104556
      0.75012825
      0.74920974
      0.74829003
      0.74736911
      0.74644699
      0.74552368
      0.74459918
      0.74367349
      0.74274662
      0.74181856
      0.74088933
      0.73995892
      0.73902735
      0.73809460
      0.73716070
      0.73622563
      0.73528941
      0.73435203
      0.73341350
      0.73247383
      0.73153302
      0.73059107
      0.72964798
      0.72870376
      0.72775842
      0.72681195
      0.72586436
      0.72491565
      0.72396582
      0.72301489
      0.72206285
      0.72110971
      0.72015547
      0.71920013
      0.71824370
      0.71728618
      0.71632758
      0.71536789
      0.71440713
      0.71344529
      0.71248238
      0.71151840
      0.71055337
      0.70958727
      0.70862011
      0.70765190
      0.70668265
      0.70571234
      0.70474100
      0.70376862
      0.70279520
      0.70182076
      0.70084528
      0.69986878
      0.69889127
      0.69791273
      0.69693319
      0.69595263
      0.69497107
      0.69398851
      0.69300495
      0.69202039
      0.69103485
      0.69004832
      0.68906080
      0.68807231
      0.68708284
      0.68609240
      0.68510099
      0.68410861
      0.68311528
      0.68212098
      0.68112574
      0.68012954
      0.67913240
      0.67813431
      0.67713529
      0.67613533
      0.67513444
      0.67413262
      0.67312988
      0.67212622
      0.67112164
      0.67011615
      0.66910975
      0.66810245
      0.66709424
      0.66608514
      0.66507514
      0.66406425
      0.66305248
      0.66203983
      0.66102629
      0.66001188
      0.65899660
      0.65798045
      0.65696344
      0.65594557
      0.65492684
      0.65390726
      0.65288683
      0.65186555
      0.65084344
      0.64982048
      0.64879670
      0.64777208
      0.64674664
      0.64572038
      0.64469330
      0.64366540
      0.64263669
      0.64160718
      0.64057686
      0.63954574
      0.63851383
      0.63748113
      0.63644764
      0.63541336
      0.63437831
      0.63334248
      0.63230587
      0.63126850
      0.63023036
      0.62919147
      0.62815181
      0.62711140
      0.62607024
      0.62502834
      0.62398569
      0.62294231
      0.62189819
      0.62085334
      0.61980777
      0.61876147
      0.61771446
      0.61666673
      0.61561829
      0.61456914
      0.61351929
      0.61246874
      0.61141749
      0.61036555
      0.60931292
      0.60825961
      0.60720562
      0.60615096
      0.60509562
      0.60403961
      0.60298294
      0.60192561
      0.60086762
      0.59980898
      0.59874969
      0.59768975
      0.59662918
      0.59556796
      0.59450612
      0.59344364
      0.59238054
      0.59131681
      0.59025247
      0.58918751
      0.58812195
      0.58705577
      0.58598900
      0.58492162
      0.58385366
      0.58278510
      0.58171595
      0.58064623
      0.57957592
      0.57850504
      0.57743359
      0.57636157
      0.57528898
      0.57421584
      0.57314215
      0.57206790
      0.57099310
      0.56991776
      0.56884188
      0.56776547
      0.56668852
      0.56561104
      0.56453305
      0.56345453
      0.56237549
      0.56129595
      0.56021589
      0.55913533
      0.55805427
      0.55697271
      0.55589067
      0.55480813
      0.55372511
      0.55264160
      0.55155762
      0.55047317
      0.54938825
      0.54830286
      0.54721701
      0.54613071
      0.54504395
      0.54395674
      0.54286909
      0.54178100
      0.54069247
      0.53960350
      0.53851411
      0.53742429
      0.53633405
      0.53524339
      0.53415231
      0.53306083
      0.53196894
      0.53087665
      0.52978397
      0.52869088
      0.52759741
      0.52650355
      0.52540931
      0.52431469
      0.52321970
      0.52212434
      0.52102861
      0.51993251
      0.51883606
      0.51773926
      0.51664210
      0.51554460
      0.51444675
      0.51334857
      0.51225005
      0.51115120
      0.51005203
      0.50895253
      0.50785271
      0.50675257
      0.50565213
      0.50455138
      0.50345032
      0.50234897
      0.50124732
      0.50014538
      0.49904315
      0.49794064
      0.49683785
      0.49573479
      0.49463145
      0.49352784
      0.49242397
      0.49131985
      0.49021546
      0.48911082
      0.48800594
      0.48690081
      0.48579544
      0.48468984
      0.48358400
      0.48247794
      0.48137165
      0.48026514
      0.47915842
      0.47805148
      0.47694434
      0.47583699
      0.47472944
      0.47362169
      0.47251375
      0.47140562
      0.47029731
      0.46918882
      0.46808014
      0.46697130
      0.46586229
      0.46475311
      0.46364377
      0.46253428
      0.46142463
      0.46031483
      0.45920489
      0.45809480
      0.45698458
      0.45587422
      0.45476374
      0.45365313
      0.45254240
      0.45143155
      0.45032058
      0.44920951
      0.44809833
      0.44698704
      0.44587566
      0.44476419
      0.44365262
      0.44254097
      0.44142924
      0.44031743
      0.43920554
      0.43809358
      0.43698156
      0.43586947
      0.43475732
      0.43364512
      0.43253287
      0.43142057
      0.43030823
      0.42919585
      0.42808343
      0.42697098
      0.42585850
      0.42474600
      0.42363348
      0.42252094
      0.42140840
      0.42029584
      0.41918328
      0.41807072
      0.41695816
      0.41584561
      0.41473307
      0.41362055
      0.41250804
      0.41139556
      0.41028311
      0.40917068
      0.40805830
      0.40694594
      0.40583364
      0.40472138
      0.40360916
      0.40249701
      0.40138491
      0.40027287
      0.39916090
      0.39804900
      0.39693717
      0.39582542
      0.39471375
      0.39360216
      0.39249066
      0.39137926
      0.39026795
      0.38915675
      0.38804565
      0.38693465
      0.38582377
      0.38471300
      0.38360236
      0.38249184
      0.38138144
      0.38027118
      0.37916105
      0.37805106
      0.37694121
      0.37583151
      0.37472196
      0.37361257
      0.37250333
      0.37139425
      0.37028534
      0.36917660
      0.36806804
      0.36695965
      0.36585144
      0.36474341
      0.36363558
      0.36252794
      0.36142049
      0.36031325
      0.35920620
      0.35809937
      0.35699275
      0.35588634
      0.35478015
      0.35367418
      0.35256844
      0.35146294
      0.35035766
      0.34925263
      0.34814783
      0.34704328
      0.34593898
      0.34483494
      0.34373115
      0.34262762
      0.34152435
      0.34042136
      0.33931863
      0.33821618
      0.33711401
      0.33601213
      0.33491053
      0.33380922
      0.33270821
      0.33160749
      0.33050708
      0.32940697
      0.32830717
      0.32720769
      0.32610852
      0.32500967
      0.32391115
      0.32281295
      0.32171509
      0.32061756
      0.31952037
      0.31842352
      0.31732702
      0.31623087
      0.31513508
      0.31403964
      0.31294456
      0.31184985
      0.31075551
      0.30966154
      0.30856794
      0.30747473
      0.30638190
      0.30528945
      0.30419740
      0.30310574
      0.30201448
      0.30092362
      0.29983317
      0.29874313
      0.29765350
      0.29656428
      0.29547549
      0.29438712
      0.29329917
      0.29221166
      0.29112458
      0.29003794
      0.28895175
      0.28786599
      0.28678069
      0.28569584
      0.28461145
      0.28352751
      0.28244404
      0.28136104
      0.28027851
      0.27919645
      0.27811487
      0.27703377
      0.27595316
      0.27487303
      0.27379340
      0.27271426
      0.27163563
      0.27055749
      0.26947987
      0.26840275
      0.26732615
      0.26625006
      0.26517450
      0.26409945
      0.26302494
      0.26195096
      0.26087751
      0.25980461
      0.25873224
      0.25766042
      0.25658915
      0.25551843
      0.25444827
      0.25337866
      0.25230962
      0.25124115
      0.25017325
      0.24910592
      0.24803917
      0.24697300
      0.24590741
      0.24484241
      0.24377800
      0.24271419
      0.24165097
      0.24058835
      0.23952634
      0.23846494
      0.23740415
      0.23634398
      0.23528442
      0.23422549
      0.23316718
      0.23210950
      0.23105246
      0.22999605
      0.22894028
      0.22788515
      0.22683067
      0.22577683
      0.22472365
      0.22367113
      0.22261927
      0.22156807
      0.22051753
      0.21946767
      0.21841848
      0.21736997
      0.21632213
      0.21527498
      0.21422852
      0.21318275
      0.21213767
      0.21109328
      0.21004960
      0.20900662
      0.20796435
      0.20692279
      0.20588194
      0.20484180
      0.20380239
      0.20276370
      0.20172574
      0.20068851
      0.19965201
      0.19861625
      0.19758123
      0.19654695
      0.19551342
      0.19448064
      0.19344861
      0.19241734
      0.19138683
      0.19035708
      0.18932809
      0.18829988
      0.18727244
      0.18624577
      0.18521988
      0.18419478
      0.18317046
      0.18214693
      0.18112419
      0.18010225
      0.17908111
      0.17806077
      0.17704123
      0.17602250
      0.17500458
      0.17398748
      0.17297119
      0.17195572
      0.17094108
      0.16992727
      0.16891428
      0.16790213
      0.16689082
      0.16588035
      0.16487071
      0.16386193
      0.16285399
      0.16184691
      0.16084068
      0.15983531
      0.15883080
      0.15782716
      0.15682438
      0.15582247
      0.15482144
      0.15382129
      0.15282202
      0.15182362
      0.15082612
      0.14982951
      0.14883378
      0.14783896
      0.14684503
      0.14585200
      0.14485988
      0.14386866
      0.14287836
      0.14188897
      0.14090050
      0.13991294
      0.13892631
      0.13794061
      0.13695583
      0.13597199
      0.13498908
      0.13400710
      0.13302607
      0.13204599
      0.13106684
      0.13008865
      0.12911141
      0.12813513
      0.12715981
      0.12618544
      0.12521204
      0.12423961
      0.12326815
      0.12229766
      0.12132815
      0.12035962
      0.11939206
      0.11842550
      0.11745992
      0.11649533
      0.11553173
      0.11456913
      0.11360753
      0.11264694
      0.11168734
      0.11072876
      0.10977118
      0.10881462
      0.10785908
      0.10690455
      0.10595104
      0.10499857
      0.10404711
      0.10309669
      0.10214730
      0.10119895
      0.10025164
     0.099305363
     0.098360134
     0.097415953
     0.096472822
     0.095530743
     0.094589719
     0.093649753
     0.092710849
     0.091773008
     0.090836233
     0.089900527
     0.088965893
     0.088032333
     0.087099851
     0.086168448
     0.085238128
     0.084308894
     0.083380747
     0.082453691
     0.081527728
     0.080602861
     0.079679093
     0.078756426
     0.077834863
     0.076914407
     0.075995059
     0.075076824
     0.074159703
     0.073243699
     0.072328815
     0.071415054
     0.070502417
     0.069590908
     0.068680529
     0.067771282
     0.066863171
     0.065956198
     0.065050365
     0.064145675
     0.063242131
     0.062339734
     0.061438489
     0.060538396
     0.059639460
     0.058741681
     0.057845063
     0.056949609
     0.056055320
     0.055162199
     0.054270249
     0.053379473
     0.052489872
     0.051601449
     0.050714207
     0.049828148
     0.048943275
     0.048059589
     0.047177094
     0.046295792
     0.045415686
     0.044536777
     0.043659068
     0.042782562
     0.041907260
     0.041033167
     0.040160283
     0.039288611
     0.038418153
     0.037548913
     0.036680892
     0.035814092
     0.034948517
     0.034084167
     0.033221047
     0.032359157
     0.031498501
     0.030639081
     0.029780898
     0.028923956
     0.028068257
     0.027213802
     0.026360595
     0.025508637
     0.024657930
     0.023808478
     0.022960282
     0.022113345
     0.021267668
     0.020423255
     0.019580106
     0.018738225
     0.017897614
     0.017058275
     0.016220210
     0.015383422
     0.014547912
     0.013713682
     0.012880736
     0.012049075
     0.011218701
     0.010389616
    0.0095618236
    0.0087353245
    0.0079101214
    0.0070862163
    0.0062636114
    0.0054423088
    0.0046223106
    0.0038036190
    0.0029862360
    0.0021701637
    0.0013554044
   0.00054195989
  -0.00027016757
   -0.0010809759
   -0.0018904632
   -0.0026986272
   -0.0035054660
   -0.0043109775
   -0.0051151596
   -0.0059180104
   -0.0067195278
   -0.0075197098
   -0.0083185543
   -0.0091160595
   -0.0099122231
    -0.010707043
    -0.011500518
    -0.012292646
    -0.013083424
    -0.013872851
    -0.014660924
    -0.015447643
    -0.016233004
    -0.017017006
    -0.017799647
    -0.018580925
    -0.019360838
    -0.020139385
    -0.020916563
    -0.021692370
    -0.022466805
    -0.023239865
    -0.024011549
    -0.024781855
    -0.025550782
    -0.026318326
    -0.027084487
    -0.027849262
    -0.028612650
    -0.029374649
    -0.030135257
    -0.030894472
    -0.031652292
    -0.032408716
    -0.033163742
    -0.033917368
    -0.034669593
    -0.035420413
    -0.036169829
    -0.036917837
    -0.037664437
    -0.038409626
    -0.039153403
    -0.039895766
    -0.040636714
    -0.041376244
    -0.042114354
    -0.042851044
    -0.043586312
    -0.044320155
    -0.045052573
    -0.045783563
    -0.046513123
    -0.047241253
    -0.047967951
    -0.048693214
    -0.049417041
    -0.050139431
    -0.050860382
    -0.051579892
    -0.052297960
    -0.053014585
    -0.053729763
    -0.054443495
    -0.055155778
    -0.055866611
    -0.056575992
    -0.057283920
    -0.057990393
    -0.058695409
    -0.059398968
    -0.060101067
    -0.060801705
    -0.061500881
    -0.062198592
    -0.062894838
    -0.063589618
    -0.064282928
    -0.064974769
    -0.065665138
    -0.066354034
    -0.067041456
    -0.067727402
    -0.068411871
    -0.069094861
    -0.069776371
    -0.070456400
    -0.071134945
    -0.071812006
    -0.072487582
    -0.073161670
    -0.073834270
    -0.074505379
    -0.075174998
    -0.075843124
    -0.076509755
    -0.077174892
    -0.077838532
    -0.078500674
    -0.079161316
    -0.079820458
    -0.080478097
    -0.081134234
    -0.081788866
    -0.082441992
    -0.083093611
    -0.083743721
    -0.084392322
    -0.085039412
    -0.085684989
    -0.086329053
    -0.086971602
    -0.087612636
    -0.088252152
    -0.088890150
    -0.089526628
    -0.090161586
    -0.090795021
    -0.091426934
    -0.092057322
    -0.092686184
    -0.093313520
    -0.093939328
    -0.094563607
    -0.095186355
    -0.095807573
    -0.096427258
    -0.097045410
    -0.097662027
    -0.098277108
    -0.098890652
    -0.099502658
     -0.10011313
     -0.10072205
     -0.10132944
     -0.10193528
     -0.10253958
     -0.10314234
     -0.10374355
     -0.10434321
     -0.10494133
     -0.10553790
     -0.10613292
     -0.10672639
     -0.10731830
     -0.10790867
     -0.10849748
     -0.10908474
     -0.10967044
     -0.11025458
     -0.11083717
     -0.11141820
     -0.11199767
     -0.11257558
     -0.11315193
     -0.11372672
     -0.11429994
     -0.11487160
     -0.11544170
     -0.11601023
     -0.11657719
     -0.11714259
     -0.11770642
     -0.11826868
     -0.11882937
     -0.11938849
     -0.11994603
     -0.12050201
     -0.12105641
     -0.12160924
     -0.12216049
     -0.12271017
     -0.12325827
     -0.12380479
     -0.12434974
     -0.12489311
     -0.12543490
     -0.12597510
     -0.12651373
     -0.12705078
     -0.12758624
     -0.12812012
     -0.12865241
     -0.12918313
     -0.12971225
     -0.13023979
     -0.13076575
     -0.13129011
     -0.13181289
     -0.13233408
     -0.13285368
     -0.13337169
     -0.13388811
     -0.13440294
     -0.13491617
     -0.13542782
     -0.13593787
     -0.13644633
     -0.13695319
     -0.13745846
     -0.13796213
     -0.13846421
     -0.13896469
     -0.13946357
     -0.13996086
     -0.14045654
     -0.14095063
     -0.14144312
     -0.14193401
     -0.14242330
     -0.14291099
     -0.14339707
     -0.14388156
     -0.14436444
     -0.14484572
     -0.14532540
     -0.14580347
     -0.14627994
     -0.14675480
     -0.14722806
     -0.14769972
     -0.14816976
     -0.14863820
     -0.14910504
     -0.14957027
     -0.15003388
     -0.15049590
     -0.15095630
     -0.15141509
     -0.15187228
     -0.15232786
     -0.15278182
     -0.15323418
     -0.15368492
     -0.15413406
     -0.15458158
     -0.15502749
     -0.15547180
     -0.15591448
     -0.15635556
     -0.15679502
     -0.15723287
     -0.15766911
     -0.15810374
     -0.15853675
     -0.15896814
     -0.15939793
     -0.15982609
     -0.16025265
     -0.16067759
     -0.16110091
     -0.16152262
     -0.16194271
     -0.16236119
     -0.16277805
     -0.16319329
     -0.16360692
     -0.16401894
     -0.16442933
     -0.16483811
     -0.16511009
     -0.16511009
