  -0.00030811286
  -0.00067061606
  -0.00048035877
   0.00010643891
   0.00060621058
   0.00060653797
   0.00010648261
  -0.00048208918
  -0.00067373481
  -0.00030981739
   0.00031018347
   0.00067512172
   0.00048358655
  -0.00010715728
  -0.00061029307
  -0.00061062383
  -0.00010719910
   0.00048534261
   0.00067828330
   0.00031191004
  -0.00031228007
  -0.00067968708
  -0.00048685730
   0.00010788607
   0.00061443193
   0.00061476648
   0.00010792673
  -0.00048863914
  -0.00068289302
  -0.00031403081
   0.00031440583
   0.00068431608
   0.00049017513
  -0.00010862152
  -0.00061862387
  -0.00061896297
  -0.00010866275
   0.00049198103
   0.00068756518
   0.00031617964
  -0.00031656150
  -0.00068900882
  -0.00049353829
   0.00010936744
   0.00062287364
   0.00062321697
   0.00010940823
  -0.00049537009
  -0.00069230326
  -0.00031835996
   0.00031874482
   0.00069376416
   0.00049694582
  -0.00011012553
  -0.00062718377
  -0.00062753132
  -0.00011016572
   0.00049880373
   0.00069710368
   0.00032056625
  -0.00032096314
  -0.00069858984
  -0.00050040375
   0.00011089273
   0.00063155372
   0.00063190592
   0.00011093313
  -0.00050228755
  -0.00070197510
  -0.00032280838
   0.00032320761
   0.00070347944
   0.00050390842
  -0.00011167054
  -0.00063598376
  -0.00063634070
  -0.00011171094
   0.00050581949
   0.00070691324
   0.00032508001
  -0.00032548517
  -0.00070843830
  -0.00050746158
   0.00011246126
   0.00064047868
   0.00064084021
   0.00011250108
  -0.00050940093
  -0.00071192146
  -0.00032738413
   0.00032779511
   0.00071346828
   0.00051106655
  -0.00011326164
  -0.00064503629
  -0.00064540334
  -0.00011330308
   0.00051303201
   0.00071699941
   0.00032971975
  -0.00033013875
  -0.00071857024
  -0.00051472308
   0.00011407287
   0.00064965739
   0.00065002877
   0.00011411254
  -0.00051671943
  -0.00072215386
  -0.00033209126
   0.00033251508
   0.00072374549
   0.00051843222
  -0.00011489661
  -0.00065434732
  -0.00065472468
  -0.00011493861
   0.00052045477
   0.00072737802
   0.00033449366
  -0.00033492744
  -0.00072899579
  -0.00052219450
   0.00011573235
   0.00065910371
   0.00065948504
   0.00011577128
  -0.00052425018
  -0.00073268267
  -0.00033693313
   0.00033737527
   0.00073432424
   0.00052601288
  -0.00011658093
  -0.00066393250
  -0.00066431941
  -0.00011662055
   0.00052809827
   0.00073806451
   0.00033941001
  -0.00033985618
  -0.00073972820
  -0.00052988574
   0.00011744211
   0.00066883117
   0.00066922322
   0.00011748083
  -0.00053200366
  -0.00074352511
  -0.00034192182
   0.00034237578
   0.00074521374
   0.00053381673
  -0.00011831607
  -0.00067380293
  -0.00067420007
  -0.00011835366
   0.00053596771
   0.00074906741
   0.00034447074
  -0.00034493426
  -0.00075078326
  -0.00053780875
   0.00011920138
   0.00067884851
   0.00067925222
   0.00011924128
  -0.00053998937
  -0.00075469184
  -0.00034705836
   0.00034752921
   0.00075643355
   0.00054185785
  -0.00012010189
  -0.00068397010
  -0.00068437850
  -0.00012013888
   0.00054407535
   0.00076040380
   0.00034968585
  -0.00035016438
  -0.00076217118
  -0.00054596976
   0.00012101585
   0.00068917066
   0.00068958491
   0.00012105264
  -0.00054822136
  -0.00076620119
  -0.00035235230
   0.00035284066
   0.00076799733
   0.00055014534
  -0.00012194321
  -0.00069445070
  -0.00069487134
  -0.00012198077
   0.00055243094
   0.00077208822
   0.00035506101
  -0.00035555647
  -0.00077391172
  -0.00055438462
   0.00012288434
   0.00069981052
   0.00070023694
   0.00012292064
  -0.00055670772
  -0.00077806752
  -0.00035781180
   0.00035831501
   0.00077991872
   0.00055869016
  -0.00012384056
  -0.00070525527
  -0.00070568864
  -0.00012387830
   0.00056104813
   0.00078413784
   0.00036060459
  -0.00036111608
  -0.00078601775
  -0.00056306040
   0.00012481441
   0.00071078726
   0.00071122649
   0.00012485039
  -0.00056545805
  -0.00079030483
  -0.00036344160
   0.00036396248
   0.00079221563
   0.00056750329
  -0.00012579978
  -0.00071640347
  -0.00071684989
  -0.00012583694
   0.00056993817
   0.00079657000
   0.00036632461
  -0.00036685246
  -0.00079851014
  -0.00057201532
   0.00012680159
   0.00072210913
   0.00072256258
   0.00012683913
  -0.00057448924
  -0.00080293409
  -0.00036925239
   0.00036978949
   0.00080490522
   0.00057659832
  -0.00012782155
  -0.00072790854
  -0.00072836869
  -0.00012785825
   0.00057911349
   0.00080940106
   0.00037222783
  -0.00037277362
  -0.00081140363
  -0.00058125592
   0.00012885694
   0.00073380026
   0.00073426702
   0.00012889221
  -0.00058381381
  -0.00081597304
  -0.00037525053
   0.00037580813
   0.00081800977
   0.00058599072
  -0.00012990897
  -0.00073978906
  -0.00074026345
  -0.00012994510
   0.00058858929
   0.00082265160
   0.00037832259
  -0.00037889187
  -0.00082472348
  -0.00059080264
   0.00013097826
   0.00074587532
   0.00074635649
   0.00013101250
  -0.00059344653
  -0.00082944295
  -0.00038144711
   0.00038202570
   0.00083154779
   0.00059569358
  -0.00013206656
  -0.00075206452
  -0.00075255303
  -0.00013209978
   0.00059838300
   0.00083634646
   0.00038462314
  -0.00038521251
  -0.00083848730
  -0.00060066816
   0.00013317087
   0.00075835551
   0.00075885256
   0.00013320569
  -0.00060340106
  -0.00084336455
  -0.00038785184
   0.00038845262
   0.00084554250
   0.00060572517
  -0.00013429479
  -0.00076475289
  -0.00076525807
  -0.00013432965
   0.00060850439
   0.00085050137
   0.00039113485
  -0.00039174799
  -0.00085271733
  -0.00061086755
   0.00013543835
   0.00077125904
   0.00077177146
   0.00013547042
  -0.00061369779
  -0.00085776291
  -0.00039447598
   0.00039509883
   0.00086001487
   0.00061609789
  -0.00013660258
  -0.00077787940
  -0.00077840068
  -0.00013663549
   0.00061897611
   0.00086514618
   0.00039787283
  -0.00039850814
  -0.00086743865
  -0.00062141940
   0.00013778490
   0.00078461083
   0.00078514017
   0.00013781596
  -0.00062435010
  -0.00087266032
  -0.00040132974
   0.00040197699
   0.00087499237
   0.00062683388
  -0.00013898867
  -0.00079146180
  -0.00079200021
  -0.00013901987
   0.00062981615
   0.00088030544
   0.00040484802
  -0.00040550500
  -0.00088267685
  -0.00063234221
   0.00014021384
   0.00079843243
   0.00079897938
   0.00014024317
  -0.00063537983
  -0.00088808544
  -0.00040842686
   0.00040909815
   0.00089050033
   0.00063795026
  -0.00014146032
  -0.00080552828
  -0.00080608541
  -0.00014149146
   0.00064104001
   0.00089600297
   0.00041206997
  -0.00041275401
  -0.00089846217
  -0.00064365818
   0.00014272791
   0.00081274855
   0.00081331549
   0.00014275926
  -0.00064680330
  -0.00090406249
  -0.00041577701
   0.00041647743
   0.00090656807
   0.00064946772
  -0.00014402144
  -0.00082010290
  -0.00082067892
  -0.00014405042
   0.00065267300
   0.00091227169
   0.00041955492
  -0.00042026625
  -0.00091482109
  -0.00065538432
   0.00014533660
   0.00082758998
   0.00082817666
   0.00014536641
  -0.00065864798
  -0.00092062910
  -0.00042340066
   0.00042412499
   0.00092322525
   0.00066140901
  -0.00014667636
  -0.00083521478
  -0.00083581199
  -0.00014670594
   0.00066473380
   0.00092914105
   0.00042731726
  -0.00042805559
  -0.00093178554
  -0.00066754574
   0.00014804067
   0.00084298081
   0.00084358880
   0.00014807008
  -0.00067093282
  -0.00093781091
  -0.00043130572
   0.00043206067
   0.00094050603
   0.00067379617
  -0.00014943277
  -0.00085089489
  -0.00085151309
  -0.00014945970
   0.00067725025
   0.00094664674
   0.00043537194
  -0.00043613985
  -0.00094939135
  -0.00068016637
   0.00015084870
   0.00085895631
   0.00085958581
   0.00015087514
  -0.00068368684
  -0.00095564864
  -0.00043951316
   0.00044029876
   0.00095844706
   0.00068665771
  -0.00015229334
  -0.00086717410
  -0.00086781492
  -0.00015231852
   0.00069024735
   0.00096482477
   0.00044373559
  -0.00044453664
  -0.00096767720
  -0.00069327533
   0.00015376409
   0.00087554899
   0.00087620239
   0.00015379035
  -0.00069693335
  -0.00097417680
  -0.00044803832
   0.00044885748
   0.00097708628
   0.00070002041
  -0.00015526490
  -0.00088408791
  -0.00088475313
  -0.00015528930
   0.00070375247
   0.00098371433
   0.00045242732
  -0.00045326181
  -0.00098667933
  -0.00070689737
   0.00015679625
   0.00089279648
   0.00089347426
   0.00015681973
  -0.00071070459
  -0.00099343903
  -0.00045690188
   0.00045775482
   0.00099646434
   0.00071391272
  -0.00015835634
  -0.00090167723
  -0.00090236888
  -0.00015838121
   0.00071779475
    0.0010033579
   0.00046146714
  -0.00046233531
   -0.0010064425
  -0.00072106654
   0.00015994831
   0.00091073504
   0.00091143970
   0.00015997136
  -0.00072502933
   -0.0010134765
  -0.00046612222
   0.00046701176
    0.0010166256
   0.00072836703
  -0.00016157250
  -0.00091997806
  -0.00092069685
  -0.00016159575
   0.00073241002
    0.0010238010
   0.00047087282
  -0.00047178264
   -0.0010270157
  -0.00073581589
   0.00016323057
   0.00092941068
   0.00093014357
   0.00016325267
  -0.00073994354
   -0.0010343390
  -0.00047572194
   0.00047665183
    0.0010376207
   0.00074341953
  -0.00016492194
  -0.00093903766
  -0.00093978521
  -0.00016494310
   0.00074763444
    0.0010450971
   0.00048067302
  -0.00048162147
   -0.0010484461
  -0.00075118136
   0.00016664898
   0.00094886626
   0.00094962916
   0.00016666986
  -0.00075548516
   -0.0010560790
  -0.00048572564
   0.00048669804
    0.0010595011
   0.00075910722
  -0.00016841307
  -0.00095890341
  -0.00095968160
  -0.00016843227
   0.00076350431
    0.0010672963
   0.00049088758
  -0.00049188164
   -0.0010707915
  -0.00076720265
   0.00017021438
   0.00096915532
   0.00096995030
   0.00017023440
  -0.00077169313
   -0.0010787525
  -0.00049615948
   0.00049717648
    0.0010823238
   0.00077547081
  -0.00017205604
  -0.00097962916
  -0.00098044012
  -0.00017207330
   0.00078006240
    0.0010904601
   0.00050154788
  -0.00050258576
   -0.0010941076
  -0.00078392037
   0.00017393670
   0.00099033131
   0.00099116008
   0.00017395453
  -0.00078861202
   -0.0011024212
  -0.00050705163
   0.00050811597
    0.0011061517
   0.00079255601
  -0.00017585925
   -0.0010012698
   -0.0010021160
  -0.00017587523
   0.00079735411
    0.0011146510
   0.00051268074
  -0.00051376668
   -0.0011184622
  -0.00080138350
   0.00017782449
    0.0010124520
    0.0010133165
   0.00017783934
  -0.00080629052
   -0.0011271523
  -0.00051843280
   0.00051954786
    0.0011310524
   0.00081041110
  -0.00017983424
   -0.0010238877
   -0.0010247714
  -0.00017984839
   0.00081542997
    0.0011399389
   0.00052431767
  -0.00052545822
   -0.0011439274
  -0.00081964327
   0.00018189023
    0.0010355845
    0.0010364877
   0.00018190292
  -0.00082477909
   -0.0011530185
  -0.00053033695
   0.00053150554
    0.0011570997
   0.00082908882
  -0.00018399363
   -0.0010475519
   -0.0010484757
  -0.00018400580
   0.00083434437
    0.0011664014
   0.00053649615
  -0.00053769329
   -0.0011705786
  -0.00083875470
   0.00018614558
    0.0010597980
    0.0010607429
   0.00018615667
  -0.00084413475
   -0.0011800987
  -0.00054279955
   0.00054402741
    0.0011843753
   0.00084864776
  -0.00018835034
   -0.0010723364
   -0.0010733032
  -0.00018836037
   0.00085415685
    0.0011941219
   0.00054925416
  -0.00055051112
   -0.0011985004
  -0.00085877752
   0.00019060610
    0.0010851722
    0.0010861616
   0.00019061458
  -0.00086442105
   -0.0012084826
  -0.00055586367
   0.00055715177
    0.0012129666
   0.00086915135
  -0.00019291787
   -0.0010983207
   -0.0010993332
  -0.00019292435
   0.00087493456
    0.0012231929
   0.00056263420
  -0.00056395493
   -0.0012277871
  -0.00087978025
   0.00019528487
    0.0011117904
    0.0011128275
   0.00019529073
  -0.00088570636
   -0.0012382647
  -0.00056957055
   0.00057092733
    0.0012429751
   0.00089067290
  -0.00019771031
   -0.0011255945
   -0.0011266573
  -0.00019771615
   0.00089674635
    0.0012537124
   0.00057668037
  -0.00057807317
   -0.0012585415
  -0.00090183567
   0.00020020014
    0.0011397487
    0.0011408371
   0.00020020324
  -0.00090806564
   -0.0012695517
  -0.00058397104
   0.00058539998
    0.0012745038
   0.00091328424
  -0.00020275032
   -0.0011542602
   -0.0011553760
  -0.00020275206
   0.00091967519
    0.0012857967
   0.00059144869
  -0.00059291450
   -0.0012908757
  -0.00092502649
   0.00020536710
    0.0011691469
    0.0011702910
   0.00020536738
  -0.00093158483
   -0.0013024625
  -0.00059912026
   0.00060062434
    0.0013076736
   0.00093707472
  -0.00020805192
   -0.0011844220
   -0.0011855955
  -0.00020805082
   0.00094380671
    0.0013195653
   0.00060699259
  -0.00060853803
   -0.0013249147
  -0.00094944074
   0.00021080840
    0.0012001021
    0.0012013062
   0.00021080562
  -0.00095635343
   -0.0013371233
  -0.00061507458
   0.00061666308
    0.0013426167
   0.00096213783
  -0.00021363847
   -0.0012162026
   -0.0012174386
  -0.00021363451
   0.00096923753
    0.0013551536
   0.00062337340
  -0.00062500889
   -0.0013607980
  -0.00097517797
   0.00021654748
    0.0012327429
    0.0012340115
   0.00021654054
  -0.00098247438
   -0.0013736781
  -0.00063190001
   0.00063358412
    0.0013794803
   0.00098857918
  -0.00021953384
   -0.0012497369
   -0.0012510402
  -0.00021952574
   0.00099607858
    0.0013927171
   0.00064066477
  -0.00064239577
   -0.0013986803
   -0.0010023516
   0.00022260572
    0.0012672077
    0.0012685470
   0.00022259579
   -0.0010100637
   -0.0014122906
  -0.00064967579
   0.00065145593
    0.0014184223
    0.0010165134
  -0.00022576409
   -0.0012851727
   -0.0012865495
  -0.00022575195
    0.0010244474
    0.0014324216
   0.00065894290
  -0.00066077646
   -0.0014387304
   -0.0010310813
   0.00022901373
    0.0013036551
    0.0013050707
   0.00022899888
   -0.0010392472
   -0.0014531356
  -0.00066847882
   0.00067036755
    0.0014596291
    0.0010460740
  -0.00023235710
   -0.0013226761
   -0.0013241331
  -0.00023234127
    0.0010544802
    0.0014744574
   0.00067829559
  -0.00068023950
   -0.0014811420
   -0.0010615076
   0.00023580015
    0.0013422600
    0.0013437597
   0.00023578205
   -0.0010701660
   -0.0014964125
  -0.00068840242
   0.00069040910
    0.0015033001
    0.0010774036
  -0.00023934783
   -0.0013624342
   -0.0013639779
  -0.00023932605
    0.0010863271
    0.0015190338
   0.00069881763
  -0.00070088546
   -0.0015261303
   -0.0010937828
   0.00024300379
    0.0013832242
    0.0013848144
   0.00024297914
   -0.0011029829
   -0.0015423489
  -0.00070955206
   0.00071168583
    0.0015496665
    0.0011106702
  -0.00024677064
   -0.0014046567
   -0.0014062969
  -0.00024674626
    0.0011201559
    0.0015663897
   0.00072062157
  -0.00072282275
   -0.0015739378
   -0.0011280851
   0.00025065724
    0.0014267637
    0.0014284556
   0.00025063137
   -0.0011378720
   -0.0015911907
  -0.00073204025
   0.00073431496
    0.0015989814
    0.0011460536
  -0.00025467007
   -0.0014495791
   -0.0014513240
  -0.00025463960
    0.0011561595
    0.0016167916
   0.00074382788
  -0.00074617829
   -0.0016248354
   -0.0011646045
   0.00025881289
    0.0014731358
    0.0014749364
   0.00025877781
   -0.0011750448
   -0.0016432299
  -0.00075600053
   0.00075843315
    0.0016515419
    0.0011837683
  -0.00026309148
   -0.0014974714
   -0.0014993320
  -0.00026305569
    0.0011945550
    0.0016705467
   0.00076857974
  -0.00077109445
   -0.0016791381
   -0.0012035719
   0.00026751340
    0.0015226223
    0.0015245452
   0.00026747459
   -0.0012147259
   -0.0016987878
  -0.00078158479
   0.00078418542
    0.0017076715
    0.0012240478
  -0.00027208865
   -0.0015486347
   -0.0015506226
  -0.00027204565
    0.0012355891
    0.0017279998
   0.00079503688
  -0.00079772968
   -0.0017371930
   -0.0012452345
   0.00027682074
    0.0015755490
    0.0015776058
   0.00027677449
   -0.0012571818
   -0.0017582338
  -0.00080895988
   0.00081174995
    0.0017677523
    0.0012671658
  -0.00028172308
   -0.0016034186
   -0.0016055480
  -0.00028167335
    0.0012795409
    0.0017895438
   0.00082337879
  -0.00082627226
   -0.0017994068
   -0.0012898851
   0.00028679992
    0.0016322893
    0.0016344954
   0.00028674678
   -0.0013027109
   -0.0018219897
  -0.00083832142
   0.00084132322
    0.0018322151
    0.0013134330
  -0.00029206377
   -0.0016622191
   -0.0016645055
  -0.00029200560
    0.0013267363
    0.0018556343
   0.00085381625
  -0.00085693334
   -0.0018662427
   -0.0013378570
   0.00029752514
    0.0016932684
    0.0016956400
   0.00029746236
   -0.0013516641
   -0.0018905457
  -0.00086989637
   0.00087313189
    0.0019015571
    0.0013632068
  -0.00030319315
   -0.0017254977
   -0.0017279597
  -0.00030312630
    0.0013775458
    0.0019267939
   0.00088659137
  -0.00088995658
   -0.0019382345
   -0.0013895352
   0.00030908289
    0.0017589795
    0.0017615364
   0.00030900969
   -0.0014044398
   -0.0019644618
  -0.00090394200
   0.00090744124
    0.0019763549
    0.0014169022
  -0.00031520396
   -0.0017937848
   -0.0017964435
  -0.00031512714
    0.0014324029
    0.0020036299
   0.00092198436
  -0.00092562626
   -0.0020160034
   -0.0014453669
   0.00032157365
    0.0018299954
    0.0018327611
   0.00032149010
   -0.0014615032
   -0.0020443917
  -0.00094076028
   0.00094455735
    0.0020572775
    0.0014750001
  -0.00032820650
   -0.0018677002
   -0.0018705803
  -0.00032811796
    0.0014918092
    0.0020868471
   0.00096031894
  -0.00096427611
   -0.0021002745
   -0.0015058725
   0.00033511854
    0.0019069900
    0.0019099914
   0.00033502355
   -0.0015233988
   -0.0021311021
  -0.00098070630
   0.00098483765
    0.0021451085
    0.0015380652
  -0.00034232834
   -0.0019479688
   -0.0019510987
  -0.00034222455
    0.0015563579
    0.0021772777
    0.0010019802
   -0.0010062947
   -0.0021918996
   -0.0015716669
   0.00034985313
    0.0019907471
    0.0019940163
   0.00034974567
   -0.0015907705
   -0.0022254960
   -0.0010241974
    0.0010287053
    0.0022407742
    0.0016067667
  -0.00035771679
   -0.0020354445
   -0.0020388608
  -0.00035760100
    0.0016267417
    0.0022758985
    0.0010474205
   -0.0010521392
   -0.0022918796
   -0.0016434701
   0.00036594360
    0.0020821974
    0.0020857707
   0.00036581830
   -0.0016643773
   -0.0023286373
   -0.0010717213
    0.0010766659
    0.0023453713
    0.0016818902
  -0.00037455751
   -0.0021311489
   -0.0021348908
  -0.00037442273
    0.0017037954
    0.0023838786
    0.0010971769
   -0.0011023635
   -0.0024014205
   -0.0017221510
   0.00038358532
    0.0021824565
    0.0021863797
   0.00038344125
   -0.0017451265
   -0.0024418056
   -0.0011238726
    0.0011293164
    0.0024602134
    0.0017643867
  -0.00039305837
   -0.0022362948
   -0.0022404135
  -0.00039290585
    0.0017885112
    0.0025026162
    0.0011518986
   -0.0011576206
   -0.0025219566
   -0.0018087451
   0.00040301172
    0.0022928564
    0.0022971848
   0.00040284839
   -0.0018341087
   -0.0025665332
   -0.0011813578
    0.0011873803
    0.0025868785
    0.0018553903
  -0.00041348424
   -0.0023523556
   -0.0023569100
  -0.00041330825
    0.0018820920
    0.0026338013
    0.0012123640
   -0.0012187103
   -0.0026552317
   -0.0019045059
   0.00042451487
    0.0024150250
    0.0024198243
   0.00042432672
   -0.0019326524
   -0.0027046896
   -0.0012450413
    0.0012517386
    0.0027272954
    0.0019562930
  -0.00043614938
   -0.0024811241
   -0.0024861887
  -0.00043594796
    0.0019860049
    0.0027795000
    0.0012795293
   -0.0012866071
   -0.0028033806
   -0.0020109766
   0.00044843791
    0.0025509418
    0.0025562951
   0.00044822396
   -0.0020423860
   -0.0028585658
   -0.0013159826
    0.0013234724
    0.0028838302
    0.0020688023
  -0.00046144122
   -0.0026248035
   -0.0026304694
  -0.00046120940
    0.0021020642
    0.0029422639
    0.0013545752
   -0.0013625123
   -0.0029690346
   -0.0021300538
   0.00047521914
    0.0027030682
    0.0027090758
   0.00047496972
   -0.0021653337
   -0.0030310087
   -0.0013954971
    0.0014039275
    0.0030594275
    0.0021950414
  -0.00048984823
   -0.0027861475
   -0.0027925284
  -0.00048957856
    0.0022325294
    0.0031252740
    0.0014389694
   -0.0014479389
   -0.0031554979
   -0.0022641205
   0.00050540505
    0.0028744942
    0.0028812845
   0.00050511301
   -0.0023040311
   -0.0032255932
   -0.0014852395
    0.0014947978
    0.0032577974
    0.0023376903
  -0.00052198033
   -0.0029686256
   -0.0029758678
  -0.00052166742
    0.0023802613
    0.0033325631
    0.0015345818
   -0.0015447915
   -0.0033669511
   -0.0024162000
   0.00053968113
    0.0030691314
    0.0030768710
   0.00053934267
   -0.0024617089
   -0.0034468709
   -0.0015873141
    0.0015982464
    0.0034836739
    0.0025001665
  -0.00055862514
   -0.0031766819
   -0.0031849716
  -0.00055825675
    0.0025489299
    0.0035693014
    0.0016438016
   -0.0016555321
   -0.0036087799
   -0.0025901791
   0.00057894771
    0.0032920448
    0.0033009460
   0.00057854688
   -0.0026425581
   -0.0037007498
   -0.0017044587
    0.0017170766
    0.0037432073
    0.0026869180
  -0.00060080055
   -0.0034160982
   -0.0034256829
  -0.00060036732
    0.0027433246
    0.0038422465
    0.0017697602
   -0.0017833755
   -0.0038880361
   -0.0027911595
   0.00062437324
    0.0035498725
    0.0035602210
   0.00062389905
   -0.0028520825
   -0.0039949971
   -0.0018402687
    0.0018549972
    0.0040445227
    0.0029038176
  -0.00064986780
   -0.0036945473
   -0.0037057553
  -0.00064934850
    0.0029698207
    0.0041603957
    0.0019166274
   -0.0019326138
   -0.0042141357
   -0.0030259534
   0.00067753307
    0.0038515169
    0.0038636973
   0.00067696473
   -0.0030976966
   -0.0043400814
   -0.0019995988
    0.0020170065
    0.0043985945
    0.0031588127
  -0.00070765869
   -0.0040224156
   -0.0040357003
  -0.00070703337
    0.0032370795
    0.0045359859
    0.0020900747
   -0.0021091108
   -0.0045999440
   -0.0033038759
   0.00074058865
    0.0042091868
    0.0042237334
   0.00073989768
   -0.0033895984
   -0.0047504157
   -0.0021891304
    0.0022100257
    0.0048206104
    0.0034629050
  -0.00077673007
   -0.0044141443
   -0.0044301426
  -0.00077596559
    0.0035571988
    0.0049861231
    0.0022980406
   -0.0023210836
   -0.0050635145
   -0.0036380162
   0.00081658163
    0.0046400849
    0.0046577631
   0.00081572969
   -0.0037422363
   -0.0052464430
   -0.0024183546
    0.0024438946
    0.0053321980
    0.0038317813
  -0.00086074360
   -0.0048904045
   -0.0049100423
  -0.00085978994
    0.0039475810
    0.0055354442
    0.0025519654
   -0.0025804252
   -0.0056309922
   -0.0040473479
   0.00090995423
    0.0051692717
    0.0051912155
   0.00090888283
   -0.0041767669
   -0.0058581383
   -0.0027012007
    0.0027331150
    0.0059652617
    0.0042886154
  -0.00096513180
   -0.0054818648
   -0.0055065452
  -0.00096391752
    0.0044342091
    0.0062207892
    0.0028689775
   -0.0029050090
   -0.0063417212
   -0.0045604711
    0.0010274321
    0.0058346977
    0.0058626624
    0.0010260490
   -0.0047254674
   -0.0066312984
   -0.0030589710
    0.0030999805
    0.0067689002
    0.0048691261
   -0.0010983308
   -0.0062360766
   -0.0062680273
   -0.0010967397
    0.0050576823
    0.0070998214
    0.0032759201
   -0.0033230006
   -0.0072577837
   -0.0052225950
    0.0011797356
    0.0066967560
    0.0067336120
    0.0011778916
   -0.0054401377
   -0.0076395786
   -0.0035259857
    0.0035806021
    0.0078227877
    0.0056314014
   -0.0012741731
   -0.0072309322
   -0.0072739171
   -0.0012720116
    0.0058851685
    0.0082681629
    0.0038173889
   -0.0038814940
   -0.0084831857
   -0.0061096437
    0.0013850407
    0.0078577124
    0.0079084941
    0.0013824754
   -0.0064094981
   -0.0090094614
   -0.0041612955
    0.0042375959
    0.0092653674
    0.0066766522
   -0.0015170395
   -0.0086034696
   -0.0086643791
   -0.0015139448
    0.0070363976
    0.0098967824
    0.0045733032
   -0.0046656391
    -0.010206448
   -0.0073596788
    0.0016768349
    0.0095056256
    0.0095800306
    0.0016730415
   -0.0077992213
    -0.010977979
   -0.0050758599
    0.0051898706
     0.011360313
    0.0081983767
   -0.0018742522
    -0.010619155
    -0.010712091
   -0.0018694868
    0.0087475630
     0.012324400
    0.0057025065
   -0.0058468201
    -0.012808342
   -0.0092528254
    0.0021243330
     0.012028198
     0.012147566
    0.0021181815
   -0.0099584610
    -0.014047277
   -0.0065056730
    0.0066941888
     0.014679461
     0.010618561
   -0.0024513876
    -0.013868399
    -0.014027323
   -0.0024431497
     0.011558479
     0.016330167
    0.0075721712
   -0.0078288025
    -0.017190842
    -0.012457309
    0.0028973902
     0.016373420
     0.016595398
    0.0028857938
    -0.013771107
    -0.019499136
   -0.0090569068
    0.0094265219
     0.020738982
     0.015066299
   -0.0035415793
    -0.019983009
    -0.020314647
   -0.0035240552
     0.017031513
     0.024194380
     0.011265901
    -0.011843586
    -0.026133003
    -0.019057807
    0.0045535428
     0.025634545
     0.026182922
    0.0045239641
    -0.022315014
    -0.031868691
    -0.014900054
     0.015927590
     0.035320363
     0.025927233
   -0.0063728427
    -0.035744954
    -0.036820592
   -0.0063120835
     0.032352552
     0.046676969
     0.021995307
    -0.024310545
    -0.054477069
    -0.040544783
     0.010596125
     0.059037127
     0.062033498
     0.010399216
    -0.058821305
    -0.087240747
    -0.041991016
     0.051322292
      0.11919694
     0.093078999
    -0.030727394
     -0.17011993
     -0.19808585
    -0.025087541
      0.33030865
      0.73339940
       1.0000000
       1.0000000
      0.73339940
      0.33030865
    -0.025087542
     -0.19808585
     -0.17011993
    -0.030727395
     0.093078999
      0.11919695
     0.051322293
    -0.041991015
    -0.087240748
    -0.058821306
     0.010399215
     0.062033497
     0.059037127
     0.010596126
    -0.040544782
    -0.054477068
    -0.024310545
     0.021995307
     0.046676969
     0.032352552
   -0.0063120828
    -0.036820591
    -0.035744954
   -0.0063728428
     0.025927232
     0.035320362
     0.015927590
    -0.014900054
    -0.031868690
    -0.022315013
    0.0045239654
     0.026182922
     0.025634544
    0.0045535418
    -0.019057808
    -0.026133004
    -0.011843586
     0.011265901
     0.024194380
     0.017031513
   -0.0035240553
    -0.020314648
    -0.019983009
   -0.0035415794
     0.015066299
     0.020738983
    0.0094265220
   -0.0090569067
    -0.019499136
    -0.013771107
    0.0028857938
     0.016595398
     0.016373420
    0.0028973901
    -0.012457309
    -0.017190841
   -0.0078288018
    0.0075721719
     0.016330167
     0.011558479
   -0.0024431503
    -0.014027324
    -0.013868399
   -0.0024513873
     0.010618562
     0.014679462
    0.0066941894
   -0.0065056730
    -0.014047278
   -0.0099584618
    0.0021181807
     0.012147566
     0.012028198
    0.0021243331
   -0.0092528251
    -0.012808342
   -0.0058468197
    0.0057025067
     0.012324400
    0.0087475629
   -0.0018694872
    -0.010712091
    -0.010619155
   -0.0018742520
    0.0081983771
     0.011360313
    0.0051898704
   -0.0050758607
    -0.010977981
   -0.0077992224
    0.0016730412
    0.0095800313
    0.0095056272
    0.0016768366
   -0.0073596775
    -0.010206448
   -0.0046656398
    0.0045733019
    0.0098967813
    0.0070363972
   -0.0015139444
   -0.0086643782
   -0.0086034686
   -0.0015170389
    0.0066766521
    0.0092653668
    0.0042375952
   -0.0041612961
   -0.0090094618
   -0.0064094981
    0.0013824758
    0.0079084946
    0.0078577129
    0.0013850412
   -0.0061096434
   -0.0084831857
   -0.0038814941
    0.0038173887
    0.0082681627
    0.0058851685
   -0.0012720114
   -0.0072739168
   -0.0072309319
   -0.0012741729
    0.0056314015
    0.0078227875
    0.0035806017
   -0.0035259864
   -0.0076395794
   -0.0054401383
    0.0011778914
    0.0067336124
    0.0066967568
    0.0011797365
   -0.0052225945
   -0.0072577838
   -0.0033230014
    0.0032759190
    0.0070998204
    0.0050576819
   -0.0010967394
   -0.0062680264
   -0.0062360757
   -0.0010983302
    0.0048691262
    0.0067688998
    0.0030999798
   -0.0030589717
   -0.0066312988
   -0.0047254675
    0.0010260491
    0.0058626626
    0.0058346978
    0.0010274320
   -0.0045604713
   -0.0063417215
   -0.0029050093
    0.0028689775
    0.0062207896
    0.0044342098
  -0.00096391678
   -0.0055065447
   -0.0054818645
  -0.00096513185
    0.0042886152
    0.0059652615
    0.0027331150
   -0.0027012007
   -0.0058581384
   -0.0041767673
   0.00090888227
    0.0051912149
    0.0051692712
   0.00090995392
   -0.0040473480
   -0.0056309923
   -0.0025804253
    0.0025519653
    0.0055354442
    0.0039475811
  -0.00085978972
   -0.0049100421
   -0.0048904043
  -0.00086074357
    0.0038317813
    0.0053321981
    0.0024438949
   -0.0024183541
   -0.0052464424
   -0.0037422359
   0.00081572980
    0.0046577629
    0.0046400846
   0.00081658142
   -0.0036380162
   -0.0050635144
   -0.0023210834
    0.0022980407
    0.0049861230
    0.0035571985
  -0.00077596610
   -0.0044301432
   -0.0044141448
  -0.00077673033
    0.0034629052
    0.0048206110
    0.0022100265
   -0.0021891297
   -0.0047504154
   -0.0033895987
   0.00073989677
    0.0042237322
    0.0042091859
   0.00074058830
   -0.0033038756
   -0.0045999433
   -0.0021091099
    0.0020900754
    0.0045359864
    0.0032370798
  -0.00070703331
   -0.0040357005
   -0.0040224159
  -0.00070765911
    0.0031588124
    0.0043985945
    0.0020170069
   -0.0019995982
   -0.0043400809
   -0.0030976966
   0.00067696420
    0.0038636965
    0.0038515162
   0.00067753284
   -0.0030259532
   -0.0042141352
   -0.0019326135
    0.0019166272
    0.0041603953
    0.0029698204
  -0.00064934836
   -0.0037057547
   -0.0036945465
  -0.00064986728
    0.0029038175
    0.0040445221
    0.0018549964
   -0.0018402693
   -0.0039949972
   -0.0028520824
   0.00062389923
    0.0035602209
    0.0035498722
   0.00062437300
   -0.0027911593
   -0.0038880353
   -0.0017833744
    0.0017697612
    0.0038422469
    0.0027433244
  -0.00060036802
   -0.0034256838
   -0.0034160988
  -0.00060080075
    0.0026869181
    0.0037432076
    0.0017170769
   -0.0017044586
   -0.0037007498
   -0.0026425581
   0.00057854670
    0.0033009457
    0.0032920443
   0.00057894729
   -0.0025901793
   -0.0036087798
   -0.0016555317
    0.0016438022
    0.0035693019
    0.0025489302
  -0.00055825670
   -0.0031849716
   -0.0031766819
  -0.00055862507
    0.0025001667
    0.0034836741
    0.0015982465
   -0.0015873142
   -0.0034468711
   -0.0024617090
   0.00053934272
    0.0030768711
    0.0030691314
   0.00053968086
   -0.0024162006
   -0.0033669520
   -0.0015447922
    0.0015345816
    0.0033325635
    0.0023802622
  -0.00052166645
   -0.0029758672
   -0.0029686258
  -0.00052198100
    0.0023376896
    0.0032577973
    0.0014947984
   -0.0014852383
   -0.0032255921
   -0.0023040307
   0.00050511244
    0.0028812832
    0.0028744928
   0.00050540428
   -0.0022641204
   -0.0031554971
   -0.0014479381
    0.0014389698
    0.0031252737
    0.0022325287
  -0.00048957905
   -0.0027925283
   -0.0027861467
  -0.00048984719
    0.0021950421
    0.0030594275
    0.0014039268
   -0.0013954980
   -0.0030310091
   -0.0021653334
   0.00047497060
    0.0027090768
    0.0027030687
   0.00047521878
   -0.0021300549
   -0.0029690360
   -0.0013625135
    0.0013545747
    0.0029422641
    0.0021020650
  -0.00046120849
   -0.0026304687
   -0.0026248031
  -0.00046144123
    0.0020688021
    0.0028838299
    0.0013234719
   -0.0013159831
   -0.0028585663
   -0.0020423864
   0.00044822368
    0.0025562952
    0.0025509422
   0.00044843850
   -0.0020109760
   -0.0028033801
   -0.0012866069
    0.0012795294
    0.0027795001
    0.0019860051
  -0.00043594768
   -0.0024861885
   -0.0024811242
  -0.00043614985
    0.0019562923
    0.0027272946
    0.0012517381
   -0.0012450415
   -0.0027046895
   -0.0019326522
   0.00042432692
    0.0024198245
    0.0024150253
   0.00042451517
   -0.0019045056
   -0.0026552316
   -0.0012187105
    0.0012123637
    0.0026338011
    0.0018820923
  -0.00041330750
   -0.0023569092
   -0.0023523551
  -0.00041348445
    0.0018553894
    0.0025868773
    0.0011873793
   -0.0011813580
   -0.0025665326
   -0.0018341076
   0.00040284964
    0.0022971857
    0.0022928568
   0.00040301169
   -0.0018087455
   -0.0025219574
   -0.0011576217
    0.0011518974
    0.0025026153
    0.0017885109
  -0.00039290538
   -0.0022404124
   -0.0022362937
  -0.00039305787
    0.0017643863
    0.0024602125
    0.0011293155
   -0.0011238729
   -0.0024418052
   -0.0017451257
   0.00038344201
    0.0021863800
    0.0021824564
   0.00038358517
   -0.0017221508
   -0.0024014199
   -0.0011023629
    0.0010971770
    0.0023838780
    0.0017037942
  -0.00037442371
   -0.0021348910
   -0.0021311482
  -0.00037455639
    0.0016818910
    0.0023453713
    0.0010766649
   -0.0010717225
   -0.0023286381
   -0.0016643772
   0.00036581895
    0.0020857715
    0.0020821976
   0.00036594331
   -0.0016434706
   -0.0022918797
   -0.0010521386
    0.0010474215
    0.0022758993
    0.0016267417
  -0.00035760188
   -0.0020388623
   -0.0020354458
  -0.00035771734
    0.0016067672
    0.0022407753
    0.0010287064
   -0.0010241969
   -0.0022254964
   -0.0015907715
   0.00034974458
    0.0019940158
    0.0019907473
   0.00034985420
   -0.0015716655
   -0.0021918985
   -0.0010062943
    0.0010019798
    0.0021772767
    0.0015563568
  -0.00034222511
   -0.0019510986
   -0.0019479681
  -0.00034232760
    0.0015380655
    0.0021451081
   0.00098483668
  -0.00098070736
   -0.0021311027
   -0.0015233987
   0.00033502424
    0.0019099924
    0.0019069907
   0.00033511885
   -0.0015058727
   -0.0021002750
  -0.00096427660
   0.00096031859
    0.0020868469
    0.0014918093
  -0.00032811772
   -0.0018705800
   -0.0018676999
  -0.00032820646
    0.0014749999
    0.0020572771
   0.00094455696
  -0.00094076031
   -0.0020443913
   -0.0014615024
   0.00032149088
    0.0018327614
    0.0018299951
   0.00032157275
   -0.0014453679
   -0.0020160040
  -0.00092562636
   0.00092198473
    0.0020036304
    0.0014324033
  -0.00031512695
   -0.0017964435
   -0.0017937848
  -0.00031520396
    0.0014169021
    0.0019763547
   0.00090744097
  -0.00090394217
   -0.0019644617
   -0.0014044395
   0.00030901014
    0.0017615366
    0.0017589792
   0.00030908230
   -0.0013895357
   -0.0019382346
  -0.00088995612
   0.00088659218
    0.0019267946
    0.0013775460
  -0.00030312679
   -0.0017279605
   -0.0017254984
  -0.00030319332
    0.0013632071
    0.0019015575
   0.00087313209
  -0.00086989658
   -0.0018905461
   -0.0013516646
   0.00029746225
    0.0016956403
    0.0016932689
   0.00029752571
   -0.0013378565
   -0.0018662422
  -0.00085693289
   0.00085381657
    0.0018556343
    0.0013267359
  -0.00029200641
   -0.0016645064
   -0.0016622197
  -0.00029206387
    0.0013134334
    0.0018322156
   0.00084132341
  -0.00083832160
   -0.0018219901
   -0.0013027111
   0.00028674691
    0.0016344959
    0.0016322898
   0.00028680016
   -0.0012898852
   -0.0017994071
  -0.00082627236
   0.00082337912
    0.0017895445
    0.0012795416
  -0.00028167289
   -0.0016055481
   -0.0016034191
  -0.00028172382
    0.0012671651
    0.0017677516
   0.00081174945
  -0.00080896024
   -0.0017582339
   -0.0012571815
   0.00027677522
    0.0015776067
    0.0015755497
   0.00027682088
   -0.0012452350
   -0.0017371938
  -0.00079773037
   0.00079503672
    0.0017280002
    0.0012355896
  -0.00027204534
   -0.0015506227
   -0.0015486351
  -0.00027208894
    0.0012240480
    0.0017076722
   0.00078418615
  -0.00078158455
   -0.0016987883
   -0.0012147268
   0.00026747385
    0.0015245452
    0.0015226232
   0.00026751468
   -0.0012035710
   -0.0016791381
  -0.00077109533
   0.00076857849
    0.0016705458
    0.0011945550
  -0.00026305492
   -0.0014993310
   -0.0014974709
  -0.00026309174
    0.0011837674
    0.0016515407
   0.00075843234
  -0.00075600068
   -0.0016432294
   -0.0011750441
   0.00025877840
    0.0014749366
    0.0014731358
   0.00025881264
   -0.0011646047
   -0.0016248354
  -0.00074617805
   0.00074382825
    0.0016167920
    0.0011561596
  -0.00025463971
   -0.0014513243
   -0.0014495794
  -0.00025467017
    0.0011460537
    0.0015989817
   0.00073431516
  -0.00073204032
   -0.0015911910
   -0.0011378724
   0.00025063132
    0.0014284561
    0.0014267644
   0.00025065780
   -0.0011280853
   -0.0015739388
  -0.00072282427
   0.00072062025
    0.0015663893
    0.0011201566
  -0.00024674492
   -0.0014062957
   -0.0014046562
  -0.00024677107
    0.0011106694
    0.0015496662
   0.00071168640
  -0.00070955074
   -0.0015423475
   -0.0011029824
   0.00024297832
    0.0013848126
    0.0013832223
   0.00024300263
   -0.0010937829
   -0.0015261296
  -0.00070088463
   0.00069881800
    0.0015190336
    0.0010863266
  -0.00023932627
   -0.0013639776
   -0.0013624334
  -0.00023934709
    0.0010774040
    0.0015032999
   0.00069040876
  -0.00068840257
   -0.0014964122
   -0.0010701653
   0.00023578281
    0.0013437601
    0.0013422600
   0.00023579964
   -0.0010615084
   -0.0014811429
  -0.00068024034
   0.00067829494
    0.0014744570
    0.0010544803
  -0.00023234080
   -0.0013241324
   -0.0013226756
  -0.00023235694
    0.0010460737
    0.0014596286
   0.00067036724
  -0.00066847855
   -0.0014531347
   -0.0010392461
   0.00022899976
    0.0013050709
    0.0013036544
   0.00022901258
   -0.0010310824
   -0.0014387311
  -0.00066077655
   0.00065894326
    0.0014324221
    0.0010244478
  -0.00022575178
   -0.0012865495
   -0.0012851728
  -0.00022576419
    0.0010165133
    0.0014184224
   0.00065145611
  -0.00064967551
   -0.0014122903
   -0.0010100635
   0.00022259580
    0.0012685468
    0.0012672073
   0.00022260534
   -0.0010023519
   -0.0013986805
  -0.00064239590
   0.00064066460
    0.0013927169
   0.00099607853
  -0.00021952557
   -0.0012510399
   -0.0012497366
  -0.00021953384
   0.00098857879
    0.0013794797
   0.00063358372
  -0.00063189981
   -0.0013736772
  -0.00098247325
   0.00021654131
    0.0012340114
    0.0012327419
   0.00021654614
  -0.00097517888
   -0.0013607979
  -0.00062500774
   0.00062337504
    0.0013551549
   0.00096923792
  -0.00021363512
   -0.0012174398
   -0.0012162036
  -0.00021363892
   0.00096213800
    0.0013426172
   0.00061666343
  -0.00061507460
   -0.0013371236
  -0.00095635381
   0.00021080547
    0.0012013064
    0.0012001025
   0.00021080873
  -0.00094944066
   -0.0013249149
  -0.00060853839
   0.00060699228
    0.0013195653
   0.00094380699
  -0.00020805026
   -0.0011855949
   -0.0011844215
  -0.00020805179
   0.00093707443
    0.0013076730
   0.00060062371
  -0.00059912064
   -0.0013024625
  -0.00093158439
   0.00020536797
    0.0011702914
    0.0011691469
   0.00020536675
  -0.00092502702
   -0.0012908762
  -0.00059291462
   0.00059144891
    0.0012857972
   0.00091967562
  -0.00020275177
   -0.0011553759
   -0.0011542603
  -0.00020275046
   0.00091328402
    0.0012745036
   0.00058539967
  -0.00058397132
   -0.0012695519
  -0.00090806573
   0.00020020326
    0.0011408372
    0.0011397488
   0.00020020033
  -0.00090183537
   -0.0012585411
  -0.00057807273
   0.00057668070
    0.0012537125
   0.00089674617
  -0.00019771655
   -0.0011266578
   -0.0011255949
  -0.00019771064
   0.00089067267
    0.0012429750
   0.00057092721
  -0.00056957058
   -0.0012382646
  -0.00088570619
   0.00019529087
    0.0011128275
    0.0011117902
   0.00019528452
  -0.00087978051
   -0.0012277871
  -0.00056395466
   0.00056263463
    0.0012231933
   0.00087493471
  -0.00019292440
   -0.0010993333
   -0.0010983207
  -0.00019291758
   0.00086915178
    0.0012129669
   0.00055715189
  -0.00055586382
   -0.0012084829
  -0.00086442131
   0.00019061448
    0.0010861616
    0.0010851724
   0.00019060624
  -0.00085877740
   -0.0011985003
  -0.00055051091
   0.00054925445
    0.0011941222
   0.00085415706
  -0.00018836031
   -0.0010733032
   -0.0010723365
  -0.00018835052
   0.00084864760
    0.0011843752
   0.00054402720
  -0.00054279985
   -0.0011800990
  -0.00084413518
   0.00018615630
    0.0010607427
    0.0010597981
   0.00018614606
  -0.00083875393
   -0.0011705777
  -0.00053769262
   0.00053649642
    0.0011664013
   0.00083434388
  -0.00018400630
   -0.0010484760
   -0.0010475520
  -0.00018399365
   0.00082908855
    0.0011570990
   0.00053150461
  -0.00053033776
   -0.0011530188
  -0.00082477873
   0.00018190379
    0.0010364887
    0.0010355851
   0.00018189035
  -0.00081964358
   -0.0011439278
  -0.00052545864
   0.00052431738
    0.0011399387
   0.00081542977
  -0.00017984858
   -0.0010247715
   -0.0010238876
  -0.00017983405
   0.00081041120
    0.0011310523
   0.00051954752
  -0.00051843309
   -0.0011271523
  -0.00080628996
   0.00017784023
    0.0010133174
    0.0010124523
   0.00017782416
  -0.00080138426
   -0.0011184630
  -0.00051376710
   0.00051268073
    0.0011146512
   0.00079735421
  -0.00017587537
   -0.0010021163
   -0.0010012698
  -0.00017585892
   0.00079255661
    0.0011061522
   0.00050811616
  -0.00050705192
   -0.0011024217
  -0.00078861247
   0.00017395446
   0.00099116042
   0.00099033182
   0.00017393711
  -0.00078392021
   -0.0010941077
  -0.00050258589
   0.00050154775
    0.0010904600
   0.00078006217
  -0.00017207356
  -0.00098044022
  -0.00097962889
  -0.00017205540
   0.00077547157
    0.0010823242
   0.00049717620
  -0.00049616046
   -0.0010787537
  -0.00077169404
   0.00017023427
   0.00096995098
   0.00096915643
   0.00017021541
  -0.00076720205
   -0.0010707914
  -0.00049188178
   0.00049088737
    0.0010672961
   0.00076350401
  -0.00016843270
  -0.00095968203
  -0.00095890360
  -0.00016841280
   0.00075910788
    0.0010595018
   0.00048669838
  -0.00048572588
   -0.0010560796
  -0.00075548570
   0.00016666979
   0.00094962960
   0.00094886684
   0.00016664918
  -0.00075118181
   -0.0010484471
  -0.00048162241
   0.00048067262
    0.0010450974
   0.00074763523
  -0.00016494231
  -0.00093978475
  -0.00093903757
  -0.00016492200
   0.00074341953
    0.0010376207
   0.00047665160
  -0.00047572265
   -0.0010343401
  -0.00073994461
   0.00016325223
   0.00093014410
   0.00092941199
   0.00016323201
  -0.00073581503
   -0.0010270157
  -0.00047178340
   0.00047087197
    0.0010238006
   0.00073241034
  -0.00016159500
  -0.00092069616
  -0.00091997778
  -0.00016157267
   0.00072836666
    0.0010166253
   0.00046701162
  -0.00046612227
   -0.0010134766
  -0.00072502948
   0.00015997129
   0.00091143983
   0.00091073532
   0.00015994846
  -0.00072106683
   -0.0010064433
  -0.00046233636
   0.00046146644
    0.0010033581
   0.00071779579
  -0.00015837971
  -0.00090236761
  -0.00090167676
  -0.00015835675
   0.00071391188
   0.00099646370
   0.00045775480
  -0.00045690133
  -0.00099343836
  -0.00071070431
   0.00015681939
   0.00089347348
   0.00089279569
   0.00015679580
  -0.00070689741
  -0.00098667918
  -0.00045326177
   0.00045242710
   0.00098371400
   0.00070375231
  -0.00015528906
  -0.00088475252
  -0.00088408723
  -0.00015526450
   0.00070002032
   0.00097708576
   0.00044885682
  -0.00044803876
  -0.00097417680
  -0.00069693293
   0.00015379101
   0.00087620304
   0.00087554944
   0.00015376427
  -0.00069327543
  -0.00096767755
  -0.00044453719
   0.00044373492
   0.00096482415
   0.00069024694
  -0.00015231858
  -0.00086781461
  -0.00086717355
  -0.00015229280
   0.00068665802
   0.00095844704
   0.00044029853
  -0.00043951334
  -0.00095564850
  -0.00068368627
   0.00015087601
   0.00085958666
   0.00085895678
   0.00015084858
  -0.00068016703
  -0.00094939228
  -0.00043614068
   0.00043537147
   0.00094664667
   0.00067725044
  -0.00014945946
  -0.00085151293
  -0.00085089482
  -0.00014943273
   0.00067379620
   0.00094050600
   0.00043206046
  -0.00043130615
  -0.00093781142
  -0.00067093317
   0.00014807014
   0.00084358931
   0.00084298154
   0.00014804123
  -0.00066754566
  -0.00093178594
  -0.00042805619
   0.00042731687
   0.00092914113
   0.00066473424
  -0.00014670552
  -0.00083581199
  -0.00083521532
  -0.00014667717
   0.00066140846
   0.00092322536
   0.00042412576
  -0.00042339964
  -0.00092062844
  -0.00065864805
   0.00014536572
   0.00082817587
   0.00082758965
   0.00014533702
  -0.00065538335
  -0.00091482011
  -0.00042026582
   0.00041955460
   0.00091227086
   0.00065267214
  -0.00014405087
  -0.00082067885
  -0.00082010250
  -0.00014402109
   0.00064946773
   0.00090656771
   0.00041647687
  -0.00041577749
  -0.00090406267
  -0.00064680311
   0.00014275977
   0.00081331618
   0.00081274924
   0.00014272839
  -0.00064365808
  -0.00089846251
  -0.00041275464
   0.00041206934
   0.00089600270
   0.00064104032
  -0.00014149067
  -0.00080608453
  -0.00080552776
  -0.00014146046
   0.00063794956
   0.00089049950
   0.00040909767
  -0.00040842673
  -0.00088808484
  -0.00063537921
   0.00014024337
   0.00079897899
   0.00079843164
   0.00014021307
  -0.00063234262
  -0.00088267680
  -0.00040550466
   0.00040484838
   0.00088030567
   0.00062981633
  -0.00013901961
  -0.00079199981
  -0.00079146139
  -0.00013898851
   0.00062683363
   0.00087499179
   0.00040197642
  -0.00040132994
  -0.00087265998
  -0.00062434944
   0.00013781652
   0.00078514024
   0.00078461034
   0.00013778415
  -0.00062141993
  -0.00086743862
  -0.00039850758
   0.00039787357
   0.00086514666
   0.00061897611
  -0.00013663584
  -0.00077840102
  -0.00077787939
  -0.00013660214
   0.00061609854
   0.00086001540
   0.00039509903
  -0.00039447608
  -0.00085776310
  -0.00061369785
   0.00013547049
   0.00077177145
   0.00077125873
   0.00013543769
  -0.00061086830
  -0.00085271777
  -0.00039174782
   0.00039113562
   0.00085050238
   0.00060850510
  -0.00013432964
  -0.00076525880
  -0.00076475405
  -0.00013429587
   0.00060572455
   0.00084554246
   0.00038845298
  -0.00038785143
  -0.00084336432
  -0.00060340105
   0.00013320563
   0.00075885263
   0.00075835582
   0.00013317136
  -0.00060066771
  -0.00083848712
  -0.00038521271
   0.00038462262
   0.00083634585
   0.00059838257
  -0.00013209985
  -0.00075255276
  -0.00075206413
  -0.00013206635
   0.00059569340
   0.00083154723
   0.00038202502
  -0.00038144754
  -0.00082944286
  -0.00059344593
   0.00013101327
   0.00074635699
   0.00074587520
   0.00013097754
  -0.00059080360
  -0.00082472416
  -0.00037889190
   0.00037832321
   0.00082265253
   0.00058859002
  -0.00012994487
  -0.00074026370
  -0.00073978947
  -0.00012990917
   0.00058599091
   0.00081801024
   0.00037580858
  -0.00037525038
  -0.00081597326
  -0.00058381426
   0.00012889176
   0.00073426672
   0.00073380010
   0.00012885681
  -0.00058125607
  -0.00081140374
  -0.00037277353
   0.00037222819
   0.00080940161
   0.00057911402
  -0.00012785795
  -0.00072836864
  -0.00072790854
  -0.00012782133
   0.00057659890
   0.00080490597
   0.00036978998
  -0.00036925259
  -0.00080293512
  -0.00057449081
   0.00012683762
   0.00072256170
   0.00072210908
   0.00012680214
  -0.00057201468
  -0.00079850984
  -0.00036685263
   0.00036632421
   0.00079656975
   0.00056993830
  -0.00012583647
  -0.00071684937
  -0.00071640318
  -0.00012579981
   0.00056750311
   0.00079221557
   0.00036396271
  -0.00036344118
  -0.00079030449
  -0.00056545807
   0.00012484995
   0.00071122580
   0.00071078664
   0.00012481414
  -0.00056306026
  -0.00078601733
  -0.00036111562
   0.00036060493
   0.00078413801
   0.00056104818
  -0.00012387831
  -0.00070568872
  -0.00070525547
  -0.00012384085
   0.00055868986
   0.00077991859
   0.00035831518
  -0.00035781133
  -0.00077806689
  -0.00055670715
   0.00012292096
   0.00070023691
   0.00069981020
   0.00012288383
  -0.00055438521
  -0.00077391232
  -0.00035555698
   0.00035506073
   0.00077208832
   0.00055243148
  -0.00012197989
  -0.00069487044
  -0.00069445017
  -0.00012194334
   0.00055014452
   0.00076799611
   0.00035283951
  -0.00035235298
  -0.00076620123
  -0.00054822086
   0.00012105339
   0.00068958563
   0.00068917120
   0.00012101618
  -0.00054596960
  -0.00076217119
  -0.00035016457
   0.00034968546
   0.00076040328
   0.00054407489
  -0.00012013910
  -0.00068437839
  -0.00068396975
  -0.00012010151
   0.00054185804
   0.00075643346
   0.00034752891
  -0.00034705870
  -0.00075469209
  -0.00053998949
   0.00011924126
   0.00067925229
   0.00067884876
   0.00011920192
  -0.00053780786
  -0.00075078220
  -0.00034493341
   0.00034447095
   0.00074906677
   0.00053596643
  -0.00011835501
  -0.00067420082
  -0.00067380269
  -0.00011831498
   0.00053381811
   0.00074521467
   0.00034237580
  -0.00034192267
  -0.00074352634
  -0.00053200466
   0.00011748046
   0.00066922347
   0.00066883169
   0.00011744245
  -0.00052988579
  -0.00073972856
  -0.00033985654
   0.00033940997
   0.00073806490
   0.00052809892
  -0.00011661994
  -0.00066431916
  -0.00066393274
  -0.00011658159
   0.00052601204
   0.00073432351
   0.00033737491
  -0.00033693295
  -0.00073268195
  -0.00052424912
   0.00011577232
   0.00065948568
   0.00065910371
   0.00011573173
  -0.00052219537
  -0.00072899637
  -0.00033492730
   0.00033449458
   0.00072737938
   0.00052045594
  -0.00011493816
  -0.00065472509
  -0.00065434827
  -0.00011489750
   0.00051843188
   0.00072374586
   0.00033251585
  -0.00033209060
  -0.00072215373
  -0.00051671991
   0.00011411170
   0.00065002795
   0.00064965684
   0.00011407257
  -0.00051472333
  -0.00071857062
  -0.00033013921
   0.00032971946
   0.00071699960
   0.00051303277
  -0.00011330196
  -0.00064540231
  -0.00064503578
  -0.00011326184
   0.00051106584
   0.00071346747
   0.00032779460
  -0.00032738420
  -0.00071192122
  -0.00050940068
   0.00011250112
   0.00064084000
   0.00064047835
   0.00011246098
  -0.00050746173
  -0.00070843836
  -0.00032548525
   0.00032507989
   0.00070691314
   0.00050581952
  -0.00011171072
  -0.00063634041
  -0.00063598359
  -0.00011167062
   0.00050390816
   0.00070347927
   0.00032320784
  -0.00032280763
  -0.00070197407
  -0.00050228672
   0.00011093330
   0.00063190530
   0.00063155264
   0.00011089180
  -0.00050040395
  -0.00069858917
  -0.00032096198
   0.00032056722
   0.00069710386
   0.00049880297
  -0.00011016704
  -0.00062753249
  -0.00062718419
  -0.00011012501
   0.00049694698
   0.00069376541
   0.00031874563
  -0.00031835981
  -0.00069230364
  -0.00049537068
   0.00010940772
   0.00062321669
   0.00062287356
   0.00010936750
  -0.00049353815
  -0.00068900862
  -0.00031656129
   0.00031617979
   0.00068756515
   0.00049198078
  -0.00010866317
  -0.00061896337
  -0.00061862407
  -0.00010862140
   0.00049017551
   0.00068431655
   0.00031440618
  -0.00031403072
  -0.00068289322
  -0.00048863956
   0.00010792620
   0.00061476593
   0.00061443148
   0.00010788586
  -0.00048685718
  -0.00067968664
  -0.00031227947
   0.00031191053
   0.00067828342
   0.00048534228
  -0.00010719969
  -0.00061062434
  -0.00061029324
  -0.00010715708
   0.00048358686
   0.00067512175
   0.00031018303
  -0.00030981814
  -0.00067373539
  -0.00048208912
   0.00010648345
   0.00060653925
   0.00060621167
   0.00010643925
  -0.00048035930
  -0.00067061704
  -0.00030811360
   3.3069151e-08
