   4.4841258e-44
   5.1221971e-44
   5.8505440e-44
   6.6818648e-44
   7.6306333e-44
   8.7133459e-44
   9.9488021e-44
   1.1358425e-43
   1.2966623e-43
   1.4801206e-43
   1.6893857e-43
   1.9280665e-43
   2.2002734e-43
   2.5106881e-43
   2.8646420e-43
   3.2682058e-43
   3.7282920e-43
   4.2527701e-43
   4.8505989e-43
   5.5319760e-43
   6.3085083e-43
   7.1934055e-43
   8.2016998e-43
   9.3504963e-43
   1.0659257e-42
   1.2150123e-42
   1.3848281e-42
   1.5782381e-42
   1.7985009e-42
   2.0493223e-42
   2.3349165e-42
   2.6600751e-42
   3.0302461e-42
   3.4516232e-42
   3.9312469e-42
   4.4771200e-42
   5.0983380e-42
   5.8052372e-42
   6.6095637e-42
   7.5246634e-42
   8.5656995e-42
   9.7498977e-42
   1.1096825e-41
   1.2628708e-41
   1.4370786e-41
   1.6351727e-41
   1.8604080e-41
   2.1164803e-41
   2.4075856e-41
   2.7384871e-41
   3.1145918e-41
   3.5420366e-41
   4.0277862e-41
   4.5797445e-41
   5.2068799e-41
   5.9193680e-41
   6.7287530e-41
   7.6481307e-41
   8.6923555e-41
   9.8782754e-41
   1.1224997e-40
   1.2754189e-40
   1.4490417e-40
   1.6461538e-40
   1.8699130e-40
   2.1238990e-40
   2.4121693e-40
   2.7393226e-40
   3.1105705e-40
   3.5318185e-40
   4.0097582e-40
   4.5519706e-40
   5.1670443e-40
   5.8647080e-40
   6.6559809e-40
   7.5533430e-40
   8.5709273e-40
   9.7247376e-40
   1.1032894e-39
   1.2515911e-39
   1.4197011e-39
   1.6102484e-39
   1.8262082e-39
   2.0709480e-39
   2.3482782e-39
   2.6625107e-39
   3.0185241e-39
   3.4218377e-39
   3.8786951e-39
   4.3961584e-39
   4.9822153e-39
   5.6458993e-39
   6.3974253e-39
   7.2483439e-39
   8.2117142e-39
   9.3022998e-39
   1.0536790e-38
   1.1934047e-38
   1.3515392e-38
   1.5304919e-38
   1.7329853e-38
   1.9620957e-38
   2.2212987e-38
   2.5145207e-38
   2.8461969e-38
   3.2213367e-38
   3.6455980e-38
   4.1253699e-38
   4.6678671e-38
   5.2812356e-38
   5.9746720e-38
   6.7585583e-38
   7.6446134e-38
   8.6460642e-38
   9.7778384e-38
   1.1056781e-37
   1.2501901e-37
   1.4134644e-37
   1.5979204e-37
   1.8062875e-37
   2.0416443e-37
   2.3074631e-37
   2.6076596e-37
   2.9466497e-37
   3.3294124e-37
   3.7615613e-37
   4.2494249e-37
   4.8001371e-37
   5.4217389e-37
   6.1232927e-37
   6.9150115e-37
   7.8084038e-37
   8.8164366e-37
   9.9537192e-37
   1.1236709e-36
   1.2683946e-36
   1.4316309e-36
   1.6157317e-36
   1.8233451e-36
   2.0574533e-36
   2.3214137e-36
   2.6190066e-36
   2.9544871e-36
   3.3326451e-36
   3.7588718e-36
   4.2392344e-36
   4.7805604e-36
   5.3905323e-36
   6.0777939e-36
   6.8520695e-36
   7.7242978e-36
   8.7067832e-36
   9.8133642e-36
   1.1059604e-35
   1.2463003e-35
   1.4043239e-35
   1.5822436e-35
   1.7825466e-35
   2.0080286e-35
   2.2618320e-35
   2.5474888e-35
   2.8689679e-35
   3.2307292e-35
   3.6377839e-35
   4.0957619e-35
   4.6109878e-35
   5.1905660e-35
   5.8424759e-35
   6.5756791e-35
   7.4002392e-35
   8.3274565e-35
   9.3700187e-35
   1.0542170e-34
   1.1859900e-34
   1.3341158e-34
   1.5006088e-34
   1.6877297e-34
   1.8980157e-34
   2.1343132e-34
   2.3998162e-34
   2.6981077e-34
   3.0332070e-34
   3.4096223e-34
   3.8324101e-34
   4.3072408e-34
   4.8404729e-34
   5.4392359e-34
   6.1115233e-34
   6.8662958e-34
   7.7135984e-34
   8.6646894e-34
   9.7321871e-34
   1.0930232e-33
   1.2274668e-33
   1.3783249e-33
   1.5475864e-33
   1.7374796e-33
   1.9505000e-33
   2.1894432e-33
   2.4574397e-33
   2.7579954e-33
   3.0950357e-33
   3.4729559e-33
   3.8966763e-33
   4.3717051e-33
   4.9042078e-33
   5.5010847e-33
   6.1700583e-33
   6.9197703e-33
   7.7598897e-33
   8.7012349e-33
   9.7559082e-33
   1.0937447e-32
   1.2260995e-32
   1.3743487e-32
   1.5403862e-32
   1.7263298e-32
   1.9345475e-32
   2.1676865e-32
   2.4287065e-32
   2.7209155e-32
   3.0480112e-32
   3.4141258e-32
   3.8238772e-32
   4.2824257e-32
   4.7955365e-32
   5.3696507e-32
   6.0119635e-32
   6.7305120e-32
   7.5342728e-32
   8.4332708e-32
   9.4387008e-32
   1.0563063e-31
   1.1820313e-31
   1.3226031e-31
   1.4797611e-31
   1.6554463e-31
   1.8518256e-31
   2.0713169e-31
   2.3166182e-31
   2.5907401e-31
   2.8970414e-31
   3.2392691e-31
   3.6216028e-31
   4.0487045e-31
   4.5257734e-31
   5.0586077e-31
   5.6536727e-31
   6.3181771e-31
   7.0601576e-31
   7.8885733e-31
   8.8134106e-31
   9.8457999e-31
   1.0998146e-30
   1.2284272e-30
   1.3719580e-30
   1.5321233e-30
   1.7108347e-30
   1.9102221e-30
   2.1326577e-30
   2.3807835e-30
   2.6575419e-30
   2.9662094e-30
   3.3104342e-30
   3.6942780e-30
   4.1222627e-30
   4.5994217e-30
   5.1313573e-30
   5.7243048e-30
   6.3852031e-30
   7.1217733e-30
   7.9426065e-30
   8.8572604e-30
   9.8763677e-30
   1.1011755e-29
   1.2276578e-29
   1.3685465e-29
   1.5254686e-29
   1.7002330e-29
   1.8948511e-29
   2.1115589e-29
   2.3528421e-29
   2.6214637e-29
   2.9204943e-29
   3.2533467e-29
   3.6238132e-29
   4.0361074e-29
   4.4949111e-29
   5.0054251e-29
   5.5734267e-29
   6.2053330e-29
   6.9082708e-29
   7.6901548e-29
   8.5597737e-29
   9.5268856e-29
   1.0602324e-28
   1.1798117e-28
   1.3127613e-28
   1.4605630e-28
   1.6248614e-28
   1.8074812e-28
   2.0104475e-28
   2.2360069e-28
   2.4866521e-28
   2.7651479e-28
   3.0745615e-28
   3.4182945e-28
   3.8001193e-28
   4.2242192e-28
   4.6952329e-28
   5.2183030e-28
   5.7991310e-28
   6.4440369e-28
   7.1600257e-28
   7.9548613e-28
   8.8371476e-28
   9.8164187e-28
   1.0903238e-27
   1.2109310e-27
   1.3447600e-27
   1.4932469e-27
   1.6579825e-27
   1.8407284e-27
   2.0434356e-27
   2.2682643e-27
   2.5176065e-27
   2.7941099e-27
   3.1007061e-27
   3.4406397e-27
   3.8175018e-27
   4.2352667e-27
   4.6983326e-27
   5.2115657e-27
   5.7803500e-27
   6.4106421e-27
   7.1090308e-27
   7.8828039e-27
   8.7400219e-27
   9.6895987e-27
   1.0741391e-26
   1.1906297e-26
   1.3196367e-26
   1.4624921e-26
   1.6206683e-26
   1.7957928e-26
   1.9896641e-26
   2.2042699e-26
   2.4418065e-26
   2.7047006e-26
   2.9956331e-26
   3.3175655e-26
   3.6737691e-26
   4.0678570e-26
   4.5038193e-26
   4.9860625e-26
   5.5194518e-26
   6.1093589e-26
   6.7617140e-26
   7.4830634e-26
   8.2806328e-26
   9.1623967e-26
   1.0137156e-25
   1.1214622e-25
   1.2405509e-25
   1.3721640e-25
   1.5176057e-25
   1.6783144e-25
   1.8558769e-25
   2.0520431e-25
   2.2687427e-25
   2.5081037e-25
   2.7724723e-25
   3.0644349e-25
   3.3868429e-25
   3.7428392e-25
   4.1358879e-25
   4.5698065e-25
   5.0488020e-25
   5.5775096e-25
   6.1610366e-25
   6.8050092e-25
   7.5156252e-25
   8.2997112e-25
   9.1647857e-25
   1.0119129e-24
   1.1171857e-24
   1.2333011e-24
   1.3613642e-24
   1.5025918e-24
   1.6583231e-24
   1.8300323e-24
   2.0193418e-24
   2.2280369e-24
   2.4580822e-24
   2.7116391e-24
   2.9910855e-24
   3.2990375e-24
   3.6383723e-24
   4.0122547e-24
   4.4241650e-24
   4.8779305e-24
   5.3777594e-24
   5.9282785e-24
   6.5345742e-24
   7.2022379e-24
   7.9374151e-24
   8.7468604e-24
   9.6379965e-24
   1.0618980e-23
   1.1698773e-23
   1.2887221e-23
   1.4195141e-23
   1.5634415e-23
   1.7218091e-23
   1.8960503e-23
   2.0877388e-23
   2.2986029e-23
   2.5305400e-23
   2.7856332e-23
   3.0661692e-23
   3.3746580e-23
   3.7138545e-23
   4.0867821e-23
   4.4967583e-23
   4.9474233e-23
   5.4427710e-23
   5.9871829e-23
   6.5854652e-23
   7.2428895e-23
   7.9652375e-23
   8.7588496e-23
   9.6306782e-23
   1.0588347e-22
   1.1640212e-22
   1.2795436e-22
   1.4064062e-22
   1.5457097e-22
   1.6986603e-22
   1.8665800e-22
   2.0509174e-22
   2.2532594e-22
   2.4753446e-22
   2.7190777e-22
   2.9865449e-22
   3.2800309e-22
   3.6020381e-22
   3.9553063e-22
   4.3428359e-22
   4.7679115e-22
   5.2341289e-22
   5.7454244e-22
   6.3061063e-22
   6.9208896e-22
   7.5949344e-22
   8.3338868e-22
   9.1439247e-22
   1.0031807e-21
   1.1004926e-21
   1.2071370e-21
   1.3239985e-21
   1.4520443e-21
   1.5923323e-21
   1.7460193e-21
   1.9143697e-21
   2.0987663e-21
   2.3007201e-21
   2.5218833e-21
   2.7640611e-21
   3.0292267e-21
   3.3195359e-21
   3.6373444e-21
   3.9852261e-21
   4.3659922e-21
   4.7827142e-21
   5.2387463e-21
   5.7377519e-21
   6.2837318e-21
   6.8810542e-21
   7.5344887e-21
   8.2492424e-21
   9.0309993e-21
   9.8859640e-21
   1.0820908e-20
   1.1843222e-20
   1.2960969e-20
   1.4182949e-20
   1.5518763e-20
   1.6978884e-20
   1.8574735e-20
   2.0318778e-20
   2.2224603e-20
   2.4307030e-20
   2.6582221e-20
   2.9067795e-20
   3.1782964e-20
   3.4748668e-20
   3.7987735e-20
   4.1525044e-20
   4.5387710e-20
   4.9605280e-20
   5.4209951e-20
   5.9236801e-20
   6.4724043e-20
   7.0713307e-20
   7.7249936e-20
   8.4383314e-20
   9.2167222e-20
   1.0066022e-19
   1.0992608e-19
   1.2003421e-19
   1.3106021e-19
   1.4308632e-19
   1.5620209e-19
   1.7050496e-19
   1.8610099e-19
   2.0310556e-19
   2.2164422e-19
   2.4185356e-19
   2.6388215e-19
   2.8789162e-19
   3.1405773e-19
   3.4257166e-19
   3.7364127e-19
   4.0749258e-19
   4.4437135e-19
   4.8454472e-19
   5.2830308e-19
   5.7596208e-19
   6.2786476e-19
   6.8438392e-19
   7.4592463e-19
   8.1292704e-19
   8.8586931e-19
   9.6527090e-19
   1.0516960e-18
   1.1457576e-18
   1.2481210e-18
   1.3595091e-18
   1.4807066e-18
   1.6125656e-18
   1.7560110e-18
   1.9120468e-18
   2.0817630e-18
   2.2663425e-18
   2.4670687e-18
   2.6853347e-18
   2.9226517e-18
   3.1806594e-18
   3.4611367e-18
   3.7660128e-18
   4.0973807e-18
   4.4575097e-18
   4.8488612e-18
   5.2741038e-18
   5.7361310e-18
   6.2380796e-18
   6.7833502e-18
   7.3756285e-18
   8.0189091e-18
   8.7175214e-18
   9.4761564e-18
   1.0299897e-17
   1.1194250e-17
   1.2165182e-17
   1.3219155e-17
   1.4363168e-17
   1.5604801e-17
   1.6952264e-17
   1.8414446e-17
   2.0000970e-17
   2.1722257e-17
   2.3589584e-17
   2.5615162e-17
   2.7812203e-17
   3.0195007e-17
   3.2779050e-17
   3.5581074e-17
   3.8619194e-17
   4.1913008e-17
   4.5483714e-17
   4.9354241e-17
   5.3549388e-17
   5.8095970e-17
   6.3022985e-17
   6.8361787e-17
   7.4146269e-17
   8.0413076e-17
   8.7201813e-17
   9.4555287e-17
   1.0251976e-16
   1.1114523e-16
   1.2048571e-16
   1.3059956e-16
   1.4154984e-16
   1.5340464e-16
   1.6623753e-16
   1.8012795e-16
   1.9516172e-16
   2.1143147e-16
   2.2903723e-16
   2.4808700e-16
   2.6869736e-16
   2.9099415e-16
   3.1511319e-16
   3.4120107e-16
   3.6941595e-16
   3.9992852e-16
   4.3292292e-16
   4.6859780e-16
   5.0716746e-16
   5.4886304e-16
   5.9393383e-16
   6.4264866e-16
   6.9529741e-16
   7.5219266e-16
   8.1367138e-16
   8.8009682e-16
   9.5186057e-16
   1.0293846e-15
   1.1131239e-15
   1.2035684e-15
   1.3012464e-15
   1.4067268e-15
   1.5206227e-15
   1.6435943e-15
   1.7763529e-15
   1.9196645e-15
   2.0743542e-15
   2.2413101e-15
   2.4214887e-15
   2.6159197e-15
   2.8257117e-15
   3.0520578e-15
   3.2962423e-15
   3.5596473e-15
   3.8437601e-15
   4.1501811e-15
   4.4806322e-15
   4.8369657e-15
   5.2211743e-15
   5.6354012e-15
   6.0819516e-15
   6.5633044e-15
   7.0821252e-15
   7.6412802e-15
   8.2438506e-15
   8.8931491e-15
   9.5927362e-15
   1.0346439e-14
   1.1158370e-14
   1.2032949e-14
   1.2974926e-14
   1.3989402e-14
   1.5081860e-14
   1.6258186e-14
   1.7524707e-14
   1.8888215e-14
   2.0356004e-14
   2.1935907e-14
   2.3636335e-14
   2.5466318e-14
   2.7435548e-14
   2.9554430e-14
   3.1834131e-14
   3.4286637e-14
   3.6924808e-14
   3.9762443e-14
   4.2814350e-14
   4.6096411e-14
   4.9625665e-14
   5.3420388e-14
   5.7500179e-14
   6.1886059e-14
   6.6600567e-14
   7.1667870e-14
   7.7113876e-14
   8.2966360e-14
   8.9255093e-14
   9.6011985e-14
   1.0327123e-13
   1.1106948e-13
   1.1944599e-13
   1.2844284e-13
   1.3810508e-13
   1.4848101e-13
   1.5962233e-13
   1.7158441e-13
   1.8442656e-13
   1.9821230e-13
   2.1300960e-13
   2.2889128e-13
   2.4593524e-13
   2.6422491e-13
   2.8384956e-13
   3.0490473e-13
   3.2749265e-13
   3.5172272e-13
   3.7771198e-13
   4.0558563e-13
   4.3547761e-13
   4.6753117e-13
   5.0189952e-13
   5.3874649e-13
   5.7824728e-13
   6.2058920e-13
   6.6597249e-13
   7.1461123e-13
   7.6673424e-13
   8.2258605e-13
   8.8242803e-13
   9.4653944e-13
   1.0152187e-12
   1.0887846e-12
   1.1675777e-12
   1.2519618e-12
   1.3423255e-12
   1.4390838e-12
   1.5426797e-12
   1.6535866e-12
   1.7723095e-12
   1.8993879e-12
   2.0353975e-12
   2.1809529e-12
   2.3367099e-12
   2.5033684e-12
   2.6816754e-12
   2.8724278e-12
   3.0764758e-12
   3.2947263e-12
   3.5281469e-12
   3.7777694e-12
   4.0446943e-12
   4.3300950e-12
   4.6352228e-12
   4.9614117e-12
   5.3100840e-12
   5.6827557e-12
   6.0810426e-12
   6.5066669e-12
   6.9614639e-12
   7.4473890e-12
   7.9665259e-12
   8.5210944e-12
   9.1134591e-12
   9.7461386e-12
   1.0421816e-11
   1.1143347e-11
   1.1913775e-11
   1.2736339e-11
   1.3614488e-11
   1.4551891e-11
   1.5552459e-11
   1.6620349e-11
   1.7759989e-11
   1.8976089e-11
   2.0273662e-11
   2.1658041e-11
   2.3134898e-11
   2.4710269e-11
   2.6390574e-11
   2.8182640e-11
   3.0093726e-11
   3.2131554e-11
   3.4304332e-11
   3.6620787e-11
   3.9090195e-11
   4.1722419e-11
   4.4527938e-11
   4.7517891e-11
   5.0704114e-11
   5.4099183e-11
   5.7716460e-11
   6.1570139e-11
   6.5675298e-11
   7.0047950e-11
   7.4705106e-11
   7.9664824e-11
   8.4946285e-11
   9.0569850e-11
   9.6557135e-11
   1.0293109e-10
   1.0971606e-10
   1.1693792e-10
   1.2462408e-10
   1.3280365e-10
   1.4150753e-10
   1.5076848e-10
   1.6062126e-10
   1.7110274e-10
   1.8225202e-10
   1.9411059e-10
   2.0672242e-10
   2.2013413e-10
   2.3439517e-10
   2.4955795e-10
   2.6567802e-10
   2.8281426e-10
   3.0102908e-10
   3.2038862e-10
   3.4096293e-10
   3.6282627e-10
   3.8605728e-10
   4.1073928e-10
   4.3696051e-10
   4.6481445e-10
   4.9440006e-10
   5.2582216e-10
   5.5919170e-10
   5.9462616e-10
   6.3224992e-10
   6.7219460e-10
   7.1459953e-10
   7.5961214e-10
   8.0738846e-10
   8.5809357e-10
   9.1190212e-10
   9.6899887e-10
   1.0295793e-09
   1.0938500e-09
   1.1620297e-09
   1.2343495e-09
   1.3110538e-09
   1.3924012e-09
   1.4786647e-09
   1.5701332e-09
   1.6671119e-09
   1.7699234e-09
   1.8789087e-09
   1.9944279e-09
   2.1168616e-09
   2.2466120e-09
   2.3841037e-09
   2.5297854e-09
   2.6841308e-09
   2.8476404e-09
   3.0208426e-09
   3.2042951e-09
   3.3985869e-09
   3.6043398e-09
   3.8222099e-09
   4.0528900e-09
   4.2971110e-09
   4.5556441e-09
   4.8293032e-09
   5.1189469e-09
   5.4254810e-09
   5.7498609e-09
   6.0930943e-09
   6.4562439e-09
   6.8404303e-09
   7.2468352e-09
   7.6767044e-09
   8.1313511e-09
   8.6121599e-09
   9.1205897e-09
   9.6581784e-09
   1.0226546e-08
   1.0827401e-08
   1.1462542e-08
   1.2133864e-08
   1.2843363e-08
   1.3593143e-08
   1.4385417e-08
   1.5222518e-08
   1.6106902e-08
   1.7041154e-08
   1.8027997e-08
   1.9070294e-08
   2.0171063e-08
   2.1333477e-08
   2.2560876e-08
   2.3856776e-08
   2.5224875e-08
   2.6669063e-08
   2.8193432e-08
   2.9802289e-08
   3.1500159e-08
   3.3291806e-08
   3.5182235e-08
   3.7176711e-08
   3.9280768e-08
   4.1500225e-08
   4.3841196e-08
   4.6310109e-08
   4.8913719e-08
   5.1659124e-08
   5.4553781e-08
   5.7605525e-08
   6.0822587e-08
   6.4213614e-08
   6.7787685e-08
   7.1554337e-08
   7.5523583e-08
   7.9705939e-08
   8.4112442e-08
   8.8754682e-08
   9.3644822e-08
   9.8795631e-08
   1.0422050e-07
   1.0993351e-07
   1.1594938e-07
   1.2228362e-07
   1.2895245e-07
   1.3597290e-07
   1.4336285e-07
   1.5114101e-07
   1.5932705e-07
   1.6794155e-07
   1.7700611e-07
   1.8654339e-07
   1.9657709e-07
   2.0713211e-07
   2.1823450e-07
   2.2991159e-07
   2.4219200e-07
   2.5510572e-07
   2.6868415e-07
   2.8296022e-07
   2.9796838e-07
   3.1374474e-07
   3.3032708e-07
   3.4775500e-07
   3.6606993e-07
   3.8531525e-07
   4.0553636e-07
   4.2678080e-07
   4.4909831e-07
   4.7254093e-07
   4.9716313e-07
   5.2302188e-07
   5.5017680e-07
   5.7869024e-07
   6.0862741e-07
   6.4005652e-07
   6.7304890e-07
   7.0767911e-07
   7.4402512e-07
   7.8216845e-07
   8.2219428e-07
   8.6419168e-07
   9.0825371e-07
   9.5447761e-07
   1.0029650e-06
   1.0538220e-06
   1.1071597e-06
   1.1630937e-06
   1.2217451e-06
   1.2832402e-06
   1.3477111e-06
   1.4152955e-06
   1.4861372e-06
   1.5603864e-06
   1.6381998e-06
   1.7197410e-06
   1.8051808e-06
   1.8946972e-06
   1.9884762e-06
   2.0867118e-06
   2.1896061e-06
   2.2973702e-06
   2.4102242e-06
   2.5283976e-06
   2.6521297e-06
   2.7816702e-06
   2.9172790e-06
   3.0592274e-06
   3.2077982e-06
   3.3632858e-06
   3.5259973e-06
   3.6962527e-06
   3.8743852e-06
   4.0607421e-06
   4.2556851e-06
   4.4595910e-06
   4.6728522e-06
   4.8958773e-06
   5.1290919e-06
   5.3729389e-06
   5.6278795e-06
   5.8943937e-06
   6.1729814e-06
   6.4641624e-06
   6.7684779e-06
   7.0864911e-06
   7.4187877e-06
   7.7659771e-06
   8.1286933e-06
   8.5075957e-06
   8.9033698e-06
   9.3167287e-06
   9.7484137e-06
   1.0199196e-05
   1.0669876e-05
   1.1161287e-05
   1.1674295e-05
   1.2209799e-05
   1.2768733e-05
   1.3352070e-05
   1.3960817e-05
   1.4596024e-05
   1.5258778e-05
   1.5950210e-05
   1.6671494e-05
   1.7423850e-05
   1.8208542e-05
   1.9026886e-05
   1.9880244e-05
   2.0770032e-05
   2.1697720e-05
   2.2664832e-05
   2.3672950e-05
   2.4723714e-05
   2.5818827e-05
   2.6960056e-05
   2.8149231e-05
   2.9388251e-05
   3.0679086e-05
   3.2023778e-05
   3.3424443e-05
   3.4883275e-05
   3.6402550e-05
   3.7984623e-05
   3.9631938e-05
   4.1347025e-05
   4.3132506e-05
   4.4991097e-05
   4.6925611e-05
   4.8938963e-05
   5.1034170e-05
   5.3214358e-05
   5.5482760e-05
   5.7842726e-05
   6.0297724e-05
   6.2851343e-05
   6.5507294e-05
   6.8269424e-05
   7.1141706e-05
   7.4128256e-05
   7.7233330e-05
   8.0461330e-05
   8.3816808e-05
   8.7304474e-05
   9.0929196e-05
   9.4696007e-05
   9.8610113e-05
   0.00010267689
   0.00010690190
   0.00011129089
   0.00011584980
   0.00012058476
   0.00012550210
   0.00013060839
   0.00013591037
   0.00014141504
   0.00014712960
   0.00015306151
   0.00015921845
   0.00016560837
   0.00017223944
   0.00017912014
   0.00018625918
   0.00019366558
   0.00020134862
   0.00020931788
   0.00021758326
   0.00022615495
   0.00023504347
   0.00024425966
   0.00025381469
   0.00026372011
   0.00027398779
   0.00028462998
   0.00029565929
   0.00030708874
   0.00031893173
   0.00033120205
   0.00034391395
   0.00035708205
   0.00037072146
   0.00038484770
   0.00039947678
   0.00041462515
   0.00043030979
   0.00044654812
   0.00046335812
   0.00048075826
   0.00049876757
   0.00051740560
   0.00053669248
   0.00055664891
   0.00057729618
   0.00059865618
   0.00062075143
   0.00064360507
   0.00066724088
   0.00069168333
   0.00071695755
   0.00074308935
   0.00077010529
   0.00079803261
   0.00082689934
   0.00085673422
   0.00088756681
   0.00091942744
   0.00095234726
   0.00098635824
    0.0010214932
    0.0010577859
    0.0010952708
    0.0011339835
    0.0011739603
    0.0012152386
    0.0012578568
    0.0013018540
    0.0013472706
    0.0013941479
    0.0014425283
    0.0014924552
    0.0015439732
    0.0015971277
    0.0016519656
    0.0017085349
    0.0017668844
    0.0018270647
    0.0018891270
    0.0019531242
    0.0020191103
    0.0020871405
    0.0021572714
    0.0022295611
    0.0023040687
    0.0023808549
    0.0024599819
    0.0025415132
    0.0026255137
    0.0027120499
    0.0028011898
    0.0028930028
    0.0029875601
    0.0030849342
    0.0031851995
    0.0032884318
    0.0033947086
    0.0035041092
    0.0036167146
    0.0037326074
    0.0038518720
    0.0039745947
    0.0041008636
    0.0042307686
    0.0043644013
    0.0045018556
    0.0046432269
    0.0047886128
    0.0049381128
    0.0050918284
    0.0052498631
    0.0054123224
    0.0055793142
    0.0057509480
    0.0059273358
    0.0061085917
    0.0062948317
    0.0064861744
    0.0066827403
    0.0068846524
    0.0070920358
    0.0073050180
    0.0075237287
    0.0077483001
    0.0079788666
    0.0082155652
    0.0084585351
    0.0087079181
    0.0089638583
    0.0092265023
    0.0094959994
    0.0097725011
     0.010056162
     0.010347138
     0.010645589
     0.010951677
     0.011265566
     0.011587423
     0.011917419
     0.012255725
     0.012602516
     0.012957971
     0.013322269
     0.013695593
     0.014078131
     0.014470069
     0.014871599
     0.015282916
     0.015704215
     0.016135696
     0.016577561
     0.017030016
     0.017493268
     0.017967526
     0.018453006
     0.018949921
     0.019458491
     0.019978937
     0.020511483
     0.021056357
     0.021613786
     0.022184005
     0.022767247
     0.023363750
     0.023973754
     0.024597503
     0.025235241
     0.025887216
     0.026553681
     0.027234886
     0.027931090
     0.028642548
     0.029369523
     0.030112278
     0.030871078
     0.031646191
     0.032437887
     0.033246440
     0.034072124
     0.034915215
     0.035775995
     0.036654743
     0.037551743
     0.038467282
     0.039401646
     0.040355125
     0.041328010
     0.042320594
     0.043333173
     0.044366043
     0.045419502
     0.046493850
     0.047589388
     0.048706419
     0.049845246
     0.051006175
     0.052189512
     0.053395565
     0.054624642
     0.055877052
     0.057153107
     0.058453116
     0.059777391
     0.061126244
     0.062499989
     0.063898937
     0.065323402
     0.066773698
     0.068250137
     0.069753032
     0.071282698
     0.072839446
     0.074423588
     0.076035436
     0.077675302
     0.079343495
     0.081040325
     0.082766099
     0.084521124
     0.086305707
     0.088120151
     0.089964758
     0.091839830
     0.093745664
     0.095682559
     0.097650807
     0.099650702
      0.10168253
      0.10374659
      0.10584315
      0.10797250
      0.11013491
      0.11233067
      0.11456004
      0.11682329
      0.11912068
      0.12145248
      0.12381893
      0.12622029
      0.12865682
      0.13112874
      0.13363630
      0.13617972
      0.13875925
      0.14137509
      0.14402746
      0.14671658
      0.14944265
      0.15220586
      0.15500641
      0.15784449
      0.16072027
      0.16363393
      0.16658563
      0.16957552
      0.17260376
      0.17567050
      0.17877586
      0.18191997
      0.18510296
      0.18832492
      0.19158597
      0.19488620
      0.19822569
      0.20160451
      0.20502274
      0.20848043
      0.21197762
      0.21551435
      0.21909066
      0.22270654
      0.22636203
      0.23005710
      0.23379174
      0.23756593
      0.24137963
      0.24523280
      0.24912537
      0.25305728
      0.25702843
      0.26103875
      0.26508811
      0.26917641
      0.27330351
      0.27746926
      0.28167353
      0.28591612
      0.29019687
      0.29451558
      0.29887205
      0.30326605
      0.30769734
      0.31216569
      0.31667083
      0.32121249
      0.32579038
      0.33040419
      0.33505362
      0.33973833
      0.34445798
      0.34921221
      0.35400065
      0.35882291
      0.36367859
      0.36856728
      0.37348855
      0.37844195
      0.38342702
      0.38844329
      0.39349028
      0.39856748
      0.40367438
      0.40881043
      0.41397510
      0.41916783
      0.42438804
      0.42963515
      0.43490853
      0.44020759
      0.44553168
      0.45088016
      0.45625236
      0.46164761
      0.46706522
      0.47250449
      0.47796468
      0.48344509
      0.48894494
      0.49446350
      0.49999998
      0.50555359
      0.51112354
      0.51670901
      0.52230917
      0.52792319
      0.53355021
      0.53918936
      0.54483978
      0.55050056
      0.55617081
      0.56184962
      0.56753605
      0.57322918
      0.57892804
      0.58463169
      0.59033916
      0.59604946
      0.60176160
      0.60747458
      0.61318740
      0.61889903
      0.62460843
      0.63031459
      0.63601644
      0.64171293
      0.64740300
      0.65308558
      0.65875959
      0.66442394
      0.67007754
      0.67571930
      0.68134810
      0.68696284
      0.69256240
      0.69814566
      0.70371149
      0.70925876
      0.71478634
      0.72029309
      0.72577787
      0.73123953
      0.73667693
      0.74208892
      0.74747435
      0.75283206
      0.75816091
      0.76345973
      0.76872739
      0.77396272
      0.77916457
      0.78433179
      0.78946323
      0.79455775
      0.79961419
      0.80463142
      0.80960830
      0.81454369
      0.81943645
      0.82428548
      0.82908963
      0.83384780
      0.83855887
      0.84322175
      0.84783533
      0.85239852
      0.85691023
      0.86136940
      0.86577496
      0.87012585
      0.87442102
      0.87865943
      0.88284005
      0.88696187
      0.89102387
      0.89502506
      0.89896446
      0.90284109
      0.90665400
      0.91040223
      0.91408485
      0.91770094
      0.92124960
      0.92472993
      0.92814106
      0.93148213
      0.93475228
      0.93795070
      0.94107656
      0.94412906
      0.94710744
      0.95001092
      0.95283875
      0.95559022
      0.95826461
      0.96086123
      0.96337941
      0.96581850
      0.96817785
      0.97045687
      0.97265495
      0.97477151
      0.97680602
      0.97875793
      0.98062673
      0.98241194
      0.98411308
      0.98572970
      0.98726138
      0.98870772
      0.99006833
      0.99134285
      0.99253095
      0.99363232
      0.99464665
      0.99557368
      0.99641317
      0.99716490
      0.99782865
      0.99840426
      0.99889158
      0.99929047
      0.99960083
      0.99982257
      0.99995564
       1.0000000
      0.99995564
      0.99982257
      0.99960083
      0.99929047
      0.99889158
      0.99840426
      0.99782865
      0.99716490
      0.99641317
      0.99557368
      0.99464665
      0.99363232
      0.99253095
      0.99134285
      0.99006833
      0.98870772
      0.98726138
      0.98572970
      0.98411308
      0.98241194
      0.98062673
      0.97875793
      0.97680602
      0.97477151
      0.97265495
      0.97045687
      0.96817785
      0.96581850
      0.96337941
      0.96086123
      0.95826461
      0.95559022
      0.95283875
      0.95001092
      0.94710744
      0.94412906
      0.94107656
      0.93795070
      0.93475228
      0.93148213
      0.92814106
      0.92472993
      0.92124960
      0.91770094
      0.91408485
      0.91040223
      0.90665400
      0.90284109
      0.89896446
      0.89502506
      0.89102387
      0.88696187
      0.88284005
      0.87865943
      0.87442102
      0.87012585
      0.86577496
      0.86136940
      0.85691023
      0.85239852
      0.84783533
      0.84322175
      0.83855887
      0.83384780
      0.82908963
      0.82428548
      0.81943645
      0.81454369
      0.80960830
      0.80463142
      0.79961419
      0.79455775
      0.78946323
      0.78433179
      0.77916457
      0.77396272
      0.76872739
      0.76345973
      0.75816091
      0.75283206
      0.74747435
      0.74208892
      0.73667693
      0.73123953
      0.72577787
      0.72029309
      0.71478634
      0.70925876
      0.70371149
      0.69814566
      0.69256240
      0.68696284
      0.68134810
      0.67571930
      0.67007754
      0.66442394
      0.65875959
      0.65308558
      0.64740300
      0.64171293
      0.63601644
      0.63031459
      0.62460843
      0.61889903
      0.61318740
      0.60747458
      0.60176160
      0.59604946
      0.59033916
      0.58463169
      0.57892804
      0.57322918
      0.56753605
      0.56184962
      0.55617081
      0.55050056
      0.54483978
      0.53918936
      0.53355021
      0.52792319
      0.52230917
      0.51670901
      0.51112354
      0.50555359
      0.49999998
      0.49446350
      0.48894494
      0.48344509
      0.47796468
      0.47250449
      0.46706522
      0.46164761
      0.45625236
      0.45088016
      0.44553168
      0.44020759
      0.43490853
      0.42963515
      0.42438804
      0.41916783
      0.41397510
      0.40881043
      0.40367438
      0.39856748
      0.39349028
      0.38844329
      0.38342702
      0.37844195
      0.37348855
      0.36856728
      0.36367859
      0.35882291
      0.35400065
      0.34921221
      0.34445798
      0.33973833
      0.33505362
      0.33040419
      0.32579038
      0.32121249
      0.31667083
      0.31216569
      0.30769734
      0.30326605
      0.29887205
      0.29451558
      0.29019687
      0.28591612
      0.28167353
      0.27746926
      0.27330351
      0.26917641
      0.26508811
      0.26103875
      0.25702843
      0.25305728
      0.24912537
      0.24523280
      0.24137963
      0.23756593
      0.23379174
      0.23005710
      0.22636203
      0.22270654
      0.21909066
      0.21551435
      0.21197762
      0.20848043
      0.20502274
      0.20160451
      0.19822569
      0.19488620
      0.19158597
      0.18832492
      0.18510296
      0.18191997
      0.17877586
      0.17567050
      0.17260376
      0.16957552
      0.16658563
      0.16363393
      0.16072027
      0.15784449
      0.15500641
      0.15220586
      0.14944265
      0.14671658
      0.14402746
      0.14137509
      0.13875925
      0.13617972
      0.13363630
      0.13112874
      0.12865682
      0.12622029
      0.12381893
      0.12145248
      0.11912068
      0.11682329
      0.11456004
      0.11233067
      0.11013491
      0.10797250
      0.10584315
      0.10374659
      0.10168253
     0.099650702
     0.097650807
     0.095682559
     0.093745664
     0.091839830
     0.089964758
     0.088120151
     0.086305707
     0.084521124
     0.082766099
     0.081040325
     0.079343495
     0.077675302
     0.076035436
     0.074423588
     0.072839446
     0.071282698
     0.069753032
     0.068250137
     0.066773698
     0.065323402
     0.063898937
     0.062499989
     0.061126244
     0.059777391
     0.058453116
     0.057153107
     0.055877052
     0.054624642
     0.053395565
     0.052189512
     0.051006175
     0.049845246
     0.048706419
     0.047589388
     0.046493850
     0.045419502
     0.044366043
     0.043333173
     0.042320594
     0.041328010
     0.040355125
     0.039401646
     0.038467282
     0.037551743
     0.036654743
     0.035775995
     0.034915215
     0.034072124
     0.033246440
     0.032437887
     0.031646191
     0.030871078
     0.030112278
     0.029369523
     0.028642548
     0.027931090
     0.027234886
     0.026553681
     0.025887216
     0.025235241
     0.024597503
     0.023973754
     0.023363750
     0.022767247
     0.022184005
     0.021613786
     0.021056357
     0.020511483
     0.019978937
     0.019458491
     0.018949921
     0.018453006
     0.017967526
     0.017493268
     0.017030016
     0.016577561
     0.016135696
     0.015704215
     0.015282916
     0.014871599
     0.014470069
     0.014078131
     0.013695593
     0.013322269
     0.012957971
     0.012602516
     0.012255725
     0.011917419
     0.011587423
     0.011265566
     0.010951677
     0.010645589
     0.010347138
     0.010056162
    0.0097725011
    0.0094959994
    0.0092265023
    0.0089638583
    0.0087079181
    0.0084585351
    0.0082155652
    0.0079788666
    0.0077483001
    0.0075237287
    0.0073050180
    0.0070920358
    0.0068846524
    0.0066827403
    0.0064861744
    0.0062948317
    0.0061085917
    0.0059273358
    0.0057509480
    0.0055793142
    0.0054123224
    0.0052498631
    0.0050918284
    0.0049381128
    0.0047886128
    0.0046432269
    0.0045018556
    0.0043644013
    0.0042307686
    0.0041008636
    0.0039745947
    0.0038518720
    0.0037326074
    0.0036167146
    0.0035041092
    0.0033947086
    0.0032884318
    0.0031851995
    0.0030849342
    0.0029875601
    0.0028930028
    0.0028011898
    0.0027120499
    0.0026255137
    0.0025415132
    0.0024599819
    0.0023808549
    0.0023040687
    0.0022295611
    0.0021572714
    0.0020871405
    0.0020191103
    0.0019531242
    0.0018891270
    0.0018270647
    0.0017668844
    0.0017085349
    0.0016519656
    0.0015971277
    0.0015439732
    0.0014924552
    0.0014425283
    0.0013941479
    0.0013472706
    0.0013018540
    0.0012578568
    0.0012152386
    0.0011739603
    0.0011339835
    0.0010952708
    0.0010577859
    0.0010214932
   0.00098635824
   0.00095234726
   0.00091942744
   0.00088756681
   0.00085673422
   0.00082689934
   0.00079803261
   0.00077010529
   0.00074308935
   0.00071695755
   0.00069168333
   0.00066724088
   0.00064360507
   0.00062075143
   0.00059865618
   0.00057729618
   0.00055664891
   0.00053669248
   0.00051740560
   0.00049876757
   0.00048075826
   0.00046335812
   0.00044654812
   0.00043030979
   0.00041462515
   0.00039947678
   0.00038484770
   0.00037072146
   0.00035708205
   0.00034391395
   0.00033120205
   0.00031893173
   0.00030708874
   0.00029565929
   0.00028462998
   0.00027398779
   0.00026372011
   0.00025381469
   0.00024425966
   0.00023504347
   0.00022615495
   0.00021758326
   0.00020931788
   0.00020134862
   0.00019366558
   0.00018625918
   0.00017912014
   0.00017223944
   0.00016560837
   0.00015921845
   0.00015306151
   0.00014712960
   0.00014141504
   0.00013591037
   0.00013060839
   0.00012550210
   0.00012058476
   0.00011584980
   0.00011129089
   0.00010690190
   0.00010267689
   9.8610113e-05
   9.4696007e-05
   9.0929196e-05
   8.7304474e-05
   8.3816808e-05
   8.0461330e-05
   7.7233330e-05
   7.4128256e-05
   7.1141706e-05
   6.8269424e-05
   6.5507294e-05
   6.2851343e-05
   6.0297724e-05
   5.7842726e-05
   5.5482760e-05
   5.3214358e-05
   5.1034170e-05
   4.8938963e-05
   4.6925611e-05
   4.4991097e-05
   4.3132506e-05
   4.1347025e-05
   3.9631938e-05
   3.7984623e-05
   3.6402550e-05
   3.4883275e-05
   3.3424443e-05
   3.2023778e-05
   3.0679086e-05
   2.9388251e-05
   2.8149231e-05
   2.6960056e-05
   2.5818827e-05
   2.4723714e-05
   2.3672950e-05
   2.2664832e-05
   2.1697720e-05
   2.0770032e-05
   1.9880244e-05
   1.9026886e-05
   1.8208542e-05
   1.7423850e-05
   1.6671494e-05
   1.5950210e-05
   1.5258778e-05
   1.4596024e-05
   1.3960817e-05
   1.3352070e-05
   1.2768733e-05
   1.2209799e-05
   1.1674295e-05
   1.1161287e-05
   1.0669876e-05
   1.0199196e-05
   9.7484137e-06
   9.3167287e-06
   8.9033698e-06
   8.5075957e-06
   8.1286933e-06
   7.7659771e-06
   7.4187877e-06
   7.0864911e-06
   6.7684779e-06
   6.4641624e-06
   6.1729814e-06
   5.8943937e-06
   5.6278795e-06
   5.3729389e-06
   5.1290919e-06
   4.8958773e-06
   4.6728522e-06
   4.4595910e-06
   4.2556851e-06
   4.0607421e-06
   3.8743852e-06
   3.6962527e-06
   3.5259973e-06
   3.3632858e-06
   3.2077982e-06
   3.0592274e-06
   2.9172790e-06
   2.7816702e-06
   2.6521297e-06
   2.5283976e-06
   2.4102242e-06
   2.2973702e-06
   2.1896061e-06
   2.0867118e-06
   1.9884762e-06
   1.8946972e-06
   1.8051808e-06
   1.7197410e-06
   1.6381998e-06
   1.5603864e-06
   1.4861372e-06
   1.4152955e-06
   1.3477111e-06
   1.2832402e-06
   1.2217451e-06
   1.1630937e-06
   1.1071597e-06
   1.0538220e-06
   1.0029650e-06
   9.5447761e-07
   9.0825371e-07
   8.6419168e-07
   8.2219428e-07
   7.8216845e-07
   7.4402512e-07
   7.0767911e-07
   6.7304890e-07
   6.4005652e-07
   6.0862741e-07
   5.7869024e-07
   5.5017680e-07
   5.2302188e-07
   4.9716313e-07
   4.7254093e-07
   4.4909831e-07
   4.2678080e-07
   4.0553636e-07
   3.8531525e-07
   3.6606993e-07
   3.4775500e-07
   3.3032708e-07
   3.1374474e-07
   2.9796838e-07
   2.8296022e-07
   2.6868415e-07
   2.5510572e-07
   2.4219200e-07
   2.2991159e-07
   2.1823450e-07
   2.0713211e-07
   1.9657709e-07
   1.8654339e-07
   1.7700611e-07
   1.6794155e-07
   1.5932705e-07
   1.5114101e-07
   1.4336285e-07
   1.3597290e-07
   1.2895245e-07
   1.2228362e-07
   1.1594938e-07
   1.0993351e-07
   1.0422050e-07
   9.8795631e-08
   9.3644822e-08
   8.8754682e-08
   8.4112442e-08
   7.9705939e-08
   7.5523583e-08
   7.1554337e-08
   6.7787685e-08
   6.4213614e-08
   6.0822587e-08
   5.7605525e-08
   5.4553781e-08
   5.1659124e-08
   4.8913719e-08
   4.6310109e-08
   4.3841196e-08
   4.1500225e-08
   3.9280768e-08
   3.7176711e-08
   3.5182235e-08
   3.3291806e-08
   3.1500159e-08
   2.9802289e-08
   2.8193432e-08
   2.6669063e-08
   2.5224875e-08
   2.3856776e-08
   2.2560876e-08
   2.1333477e-08
   2.0171063e-08
   1.9070294e-08
   1.8027997e-08
   1.7041154e-08
   1.6106902e-08
   1.5222518e-08
   1.4385417e-08
   1.3593143e-08
   1.2843363e-08
   1.2133864e-08
   1.1462542e-08
   1.0827401e-08
   1.0226546e-08
   9.6581784e-09
   9.1205897e-09
   8.6121599e-09
   8.1313511e-09
   7.6767044e-09
   7.2468352e-09
   6.8404303e-09
   6.4562439e-09
   6.0930943e-09
   5.7498609e-09
   5.4254810e-09
   5.1189469e-09
   4.8293032e-09
   4.5556441e-09
   4.2971110e-09
   4.0528900e-09
   3.8222099e-09
   3.6043398e-09
   3.3985869e-09
   3.2042951e-09
   3.0208426e-09
   2.8476404e-09
   2.6841308e-09
   2.5297854e-09
   2.3841037e-09
   2.2466120e-09
   2.1168616e-09
   1.9944279e-09
   1.8789087e-09
   1.7699234e-09
   1.6671119e-09
   1.5701332e-09
   1.4786647e-09
   1.3924012e-09
   1.3110538e-09
   1.2343495e-09
   1.1620297e-09
   1.0938500e-09
   1.0295793e-09
   9.6899887e-10
   9.1190212e-10
   8.5809357e-10
   8.0738846e-10
   7.5961214e-10
   7.1459953e-10
   6.7219460e-10
   6.3224992e-10
   5.9462616e-10
   5.5919170e-10
   5.2582216e-10
   4.9440006e-10
   4.6481445e-10
   4.3696051e-10
   4.1073928e-10
   3.8605728e-10
   3.6282627e-10
   3.4096293e-10
   3.2038862e-10
   3.0102908e-10
   2.8281426e-10
   2.6567802e-10
   2.4955795e-10
   2.3439517e-10
   2.2013413e-10
   2.0672242e-10
   1.9411059e-10
   1.8225202e-10
   1.7110274e-10
   1.6062126e-10
   1.5076848e-10
   1.4150753e-10
   1.3280365e-10
   1.2462408e-10
   1.1693792e-10
   1.0971606e-10
   1.0293109e-10
   9.6557135e-11
   9.0569850e-11
   8.4946285e-11
   7.9664824e-11
   7.4705106e-11
   7.0047950e-11
   6.5675298e-11
   6.1570139e-11
   5.7716460e-11
   5.4099183e-11
   5.0704114e-11
   4.7517891e-11
   4.4527938e-11
   4.1722419e-11
   3.9090195e-11
   3.6620787e-11
   3.4304332e-11
   3.2131554e-11
   3.0093726e-11
   2.8182640e-11
   2.6390574e-11
   2.4710269e-11
   2.3134898e-11
   2.1658041e-11
   2.0273662e-11
   1.8976089e-11
   1.7759989e-11
   1.6620349e-11
   1.5552459e-11
   1.4551891e-11
   1.3614488e-11
   1.2736339e-11
   1.1913775e-11
   1.1143347e-11
   1.0421816e-11
   9.7461386e-12
   9.1134591e-12
   8.5210944e-12
   7.9665259e-12
   7.4473890e-12
   6.9614639e-12
   6.5066669e-12
   6.0810426e-12
   5.6827557e-12
   5.3100840e-12
   4.9614117e-12
   4.6352228e-12
   4.3300950e-12
   4.0446943e-12
   3.7777694e-12
   3.5281469e-12
   3.2947263e-12
   3.0764758e-12
   2.8724278e-12
   2.6816754e-12
   2.5033684e-12
   2.3367099e-12
   2.1809529e-12
   2.0353975e-12
   1.8993879e-12
   1.7723095e-12
   1.6535866e-12
   1.5426797e-12
   1.4390838e-12
   1.3423255e-12
   1.2519618e-12
   1.1675777e-12
   1.0887846e-12
   1.0152187e-12
   9.4653944e-13
   8.8242803e-13
   8.2258605e-13
   7.6673424e-13
   7.1461123e-13
   6.6597249e-13
   6.2058920e-13
   5.7824728e-13
   5.3874649e-13
   5.0189952e-13
   4.6753117e-13
   4.3547761e-13
   4.0558563e-13
   3.7771198e-13
   3.5172272e-13
   3.2749265e-13
   3.0490473e-13
   2.8384956e-13
   2.6422491e-13
   2.4593524e-13
   2.2889128e-13
   2.1300960e-13
   1.9821230e-13
   1.8442656e-13
   1.7158441e-13
   1.5962233e-13
   1.4848101e-13
   1.3810508e-13
   1.2844284e-13
   1.1944599e-13
   1.1106948e-13
   1.0327123e-13
   9.6011985e-14
   8.9255093e-14
   8.2966360e-14
   7.7113876e-14
   7.1667870e-14
   6.6600567e-14
   6.1886059e-14
   5.7500179e-14
   5.3420388e-14
   4.9625665e-14
   4.6096411e-14
   4.2814350e-14
   3.9762443e-14
   3.6924808e-14
   3.4286637e-14
   3.1834131e-14
   2.9554430e-14
   2.7435548e-14
   2.5466318e-14
   2.3636335e-14
   2.1935907e-14
   2.0356004e-14
   1.8888215e-14
   1.7524707e-14
   1.6258186e-14
   1.5081860e-14
   1.3989402e-14
   1.2974926e-14
   1.2032949e-14
   1.1158370e-14
   1.0346439e-14
   9.5927362e-15
   8.8931491e-15
   8.2438506e-15
   7.6412802e-15
   7.0821252e-15
   6.5633044e-15
   6.0819516e-15
   5.6354012e-15
   5.2211743e-15
   4.8369657e-15
   4.4806322e-15
   4.1501811e-15
   3.8437601e-15
   3.5596473e-15
   3.2962423e-15
   3.0520578e-15
   2.8257117e-15
   2.6159197e-15
   2.4214887e-15
   2.2413101e-15
   2.0743542e-15
   1.9196645e-15
   1.7763529e-15
   1.6435943e-15
   1.5206227e-15
   1.4067268e-15
   1.3012464e-15
   1.2035684e-15
   1.1131239e-15
   1.0293846e-15
   9.5186057e-16
   8.8009682e-16
   8.1367138e-16
   7.5219266e-16
   6.9529741e-16
   6.4264866e-16
   5.9393383e-16
   5.4886304e-16
   5.0716746e-16
   4.6859780e-16
   4.3292292e-16
   3.9992852e-16
   3.6941595e-16
   3.4120107e-16
   3.1511319e-16
   2.9099415e-16
   2.6869736e-16
   2.4808700e-16
   2.2903723e-16
   2.1143147e-16
   1.9516172e-16
   1.8012795e-16
   1.6623753e-16
   1.5340464e-16
   1.4154984e-16
   1.3059956e-16
   1.2048571e-16
   1.1114523e-16
   1.0251976e-16
   9.4555287e-17
   8.7201813e-17
   8.0413076e-17
   7.4146269e-17
   6.8361787e-17
   6.3022985e-17
   5.8095970e-17
   5.3549388e-17
   4.9354241e-17
   4.5483714e-17
   4.1913008e-17
   3.8619194e-17
   3.5581074e-17
   3.2779050e-17
   3.0195007e-17
   2.7812203e-17
   2.5615162e-17
   2.3589584e-17
   2.1722257e-17
   2.0000970e-17
   1.8414446e-17
   1.6952264e-17
   1.5604801e-17
   1.4363168e-17
   1.3219155e-17
   1.2165182e-17
   1.1194250e-17
   1.0299897e-17
   9.4761564e-18
   8.7175214e-18
   8.0189091e-18
   7.3756285e-18
   6.7833502e-18
   6.2380796e-18
   5.7361310e-18
   5.2741038e-18
   4.8488612e-18
   4.4575097e-18
   4.0973807e-18
   3.7660128e-18
   3.4611367e-18
   3.1806594e-18
   2.9226517e-18
   2.6853347e-18
   2.4670687e-18
   2.2663425e-18
   2.0817630e-18
   1.9120468e-18
   1.7560110e-18
   1.6125656e-18
   1.4807066e-18
   1.3595091e-18
   1.2481210e-18
   1.1457576e-18
   1.0516960e-18
   9.6527090e-19
   8.8586931e-19
   8.1292704e-19
   7.4592463e-19
   6.8438392e-19
   6.2786476e-19
   5.7596208e-19
   5.2830308e-19
   4.8454472e-19
   4.4437135e-19
   4.0749258e-19
   3.7364127e-19
   3.4257166e-19
   3.1405773e-19
   2.8789162e-19
   2.6388215e-19
   2.4185356e-19
   2.2164422e-19
   2.0310556e-19
   1.8610099e-19
   1.7050496e-19
   1.5620209e-19
   1.4308632e-19
   1.3106021e-19
   1.2003421e-19
   1.0992608e-19
   1.0066022e-19
   9.2167222e-20
   8.4383314e-20
   7.7249936e-20
   7.0713307e-20
   6.4724043e-20
   5.9236801e-20
   5.4209951e-20
   4.9605280e-20
   4.5387710e-20
   4.1525044e-20
   3.7987735e-20
   3.4748668e-20
   3.1782964e-20
   2.9067795e-20
   2.6582221e-20
   2.4307030e-20
   2.2224603e-20
   2.0318778e-20
   1.8574735e-20
   1.6978884e-20
   1.5518763e-20
   1.4182949e-20
   1.2960969e-20
   1.1843222e-20
   1.0820908e-20
   9.8859640e-21
   9.0309993e-21
   8.2492424e-21
   7.5344887e-21
   6.8810542e-21
   6.2837318e-21
   5.7377519e-21
   5.2387463e-21
   4.7827142e-21
   4.3659922e-21
   3.9852261e-21
   3.6373444e-21
   3.3195359e-21
   3.0292267e-21
   2.7640611e-21
   2.5218833e-21
   2.3007201e-21
   2.0987663e-21
   1.9143697e-21
   1.7460193e-21
   1.5923323e-21
   1.4520443e-21
   1.3239985e-21
   1.2071370e-21
   1.1004926e-21
   1.0031807e-21
   9.1439247e-22
   8.3338868e-22
   7.5949344e-22
   6.9208896e-22
   6.3061063e-22
   5.7454244e-22
   5.2341289e-22
   4.7679115e-22
   4.3428359e-22
   3.9553063e-22
   3.6020381e-22
   3.2800309e-22
   2.9865449e-22
   2.7190777e-22
   2.4753446e-22
   2.2532594e-22
   2.0509174e-22
   1.8665800e-22
   1.6986603e-22
   1.5457097e-22
   1.4064062e-22
   1.2795436e-22
   1.1640212e-22
   1.0588347e-22
   9.6306782e-23
   8.7588496e-23
   7.9652375e-23
   7.2428895e-23
   6.5854652e-23
   5.9871829e-23
   5.4427710e-23
   4.9474233e-23
   4.4967583e-23
   4.0867821e-23
   3.7138545e-23
   3.3746580e-23
   3.0661692e-23
   2.7856332e-23
   2.5305400e-23
   2.2986029e-23
   2.0877388e-23
   1.8960503e-23
   1.7218091e-23
   1.5634415e-23
   1.4195141e-23
   1.2887221e-23
   1.1698773e-23
   1.0618980e-23
   9.6379965e-24
   8.7468604e-24
   7.9374151e-24
   7.2022379e-24
   6.5345742e-24
   5.9282785e-24
   5.3777594e-24
   4.8779305e-24
   4.4241650e-24
   4.0122547e-24
   3.6383723e-24
   3.2990375e-24
   2.9910855e-24
   2.7116391e-24
   2.4580822e-24
   2.2280369e-24
   2.0193418e-24
   1.8300323e-24
   1.6583231e-24
   1.5025918e-24
   1.3613642e-24
   1.2333011e-24
   1.1171857e-24
   1.0119129e-24
   9.1647857e-25
   8.2997112e-25
   7.5156252e-25
   6.8050092e-25
   6.1610366e-25
   5.5775096e-25
   5.0488020e-25
   4.5698065e-25
   4.1358879e-25
   3.7428392e-25
   3.3868429e-25
   3.0644349e-25
   2.7724723e-25
   2.5081037e-25
   2.2687427e-25
   2.0520431e-25
   1.8558769e-25
   1.6783144e-25
   1.5176057e-25
   1.3721640e-25
   1.2405509e-25
   1.1214622e-25
   1.0137156e-25
   9.1623967e-26
   8.2806328e-26
   7.4830634e-26
   6.7617140e-26
   6.1093589e-26
   5.5194518e-26
   4.9860625e-26
   4.5038193e-26
   4.0678570e-26
   3.6737691e-26
   3.3175655e-26
   2.9956331e-26
   2.7047006e-26
   2.4418065e-26
   2.2042699e-26
   1.9896641e-26
   1.7957928e-26
   1.6206683e-26
   1.4624921e-26
   1.3196367e-26
   1.1906297e-26
   1.0741391e-26
   9.6895987e-27
   8.7400219e-27
   7.8828039e-27
   7.1090308e-27
   6.4106421e-27
   5.7803500e-27
   5.2115657e-27
   4.6983326e-27
   4.2352667e-27
   3.8175018e-27
   3.4406397e-27
   3.1007061e-27
   2.7941099e-27
   2.5176065e-27
   2.2682643e-27
   2.0434356e-27
   1.8407284e-27
   1.6579825e-27
   1.4932469e-27
   1.3447600e-27
   1.2109310e-27
   1.0903238e-27
   9.8164187e-28
   8.8371476e-28
   7.9548613e-28
   7.1600257e-28
   6.4440369e-28
   5.7991310e-28
   5.2183030e-28
   4.6952329e-28
   4.2242192e-28
   3.8001193e-28
   3.4182945e-28
   3.0745615e-28
   2.7651479e-28
   2.4866521e-28
   2.2360069e-28
   2.0104475e-28
   1.8074812e-28
   1.6248614e-28
   1.4605630e-28
   1.3127613e-28
   1.1798117e-28
   1.0602324e-28
   9.5268856e-29
   8.5597737e-29
   7.6901548e-29
   6.9082708e-29
   6.2053330e-29
   5.5734267e-29
   5.0054251e-29
   4.4949111e-29
   4.0361074e-29
   3.6238132e-29
   3.2533467e-29
   2.9204943e-29
   2.6214637e-29
   2.3528421e-29
   2.1115589e-29
   1.8948511e-29
   1.7002330e-29
   1.5254686e-29
   1.3685465e-29
   1.2276578e-29
   1.1011755e-29
   9.8763677e-30
   8.8572604e-30
   7.9426065e-30
   7.1217733e-30
   6.3852031e-30
   5.7243048e-30
   5.1313573e-30
   4.5994217e-30
   4.1222627e-30
   3.6942780e-30
   3.3104342e-30
   2.9662094e-30
   2.6575419e-30
   2.3807835e-30
   2.1326577e-30
   1.9102221e-30
   1.7108347e-30
   1.5321233e-30
   1.3719580e-30
   1.2284272e-30
   1.0998146e-30
   9.8457999e-31
   8.8134106e-31
   7.8885733e-31
   7.0601576e-31
   6.3181771e-31
   5.6536727e-31
   5.0586077e-31
   4.5257734e-31
   4.0487045e-31
   3.6216028e-31
   3.2392691e-31
   2.8970414e-31
   2.5907401e-31
   2.3166182e-31
   2.0713169e-31
   1.8518256e-31
   1.6554463e-31
   1.4797611e-31
   1.3226031e-31
   1.1820313e-31
   1.0563063e-31
   9.4387008e-32
   8.4332708e-32
   7.5342728e-32
   6.7305120e-32
   6.0119635e-32
   5.3696507e-32
   4.7955365e-32
   4.2824257e-32
   3.8238772e-32
   3.4141258e-32
   3.0480112e-32
   2.7209155e-32
   2.4287065e-32
   2.1676865e-32
   1.9345475e-32
   1.7263298e-32
   1.5403862e-32
   1.3743487e-32
   1.2260995e-32
   1.0937447e-32
   9.7559082e-33
   8.7012349e-33
   7.7598897e-33
   6.9197703e-33
   6.1700583e-33
   5.5010847e-33
   4.9042078e-33
   4.3717051e-33
   3.8966763e-33
   3.4729559e-33
   3.0950357e-33
   2.7579954e-33
   2.4574397e-33
   2.1894432e-33
   1.9505000e-33
   1.7374796e-33
   1.5475864e-33
   1.3783249e-33
   1.2274668e-33
   1.0930232e-33
   9.7321871e-34
   8.6646894e-34
   7.7135984e-34
   6.8662958e-34
   6.1115233e-34
   5.4392359e-34
   4.8404729e-34
   4.3072408e-34
   3.8324101e-34
   3.4096223e-34
   3.0332070e-34
   2.6981077e-34
   2.3998162e-34
   2.1343132e-34
   1.8980157e-34
   1.6877297e-34
   1.5006088e-34
   1.3341158e-34
   1.1859900e-34
   1.0542170e-34
   9.3700187e-35
   8.3274565e-35
   7.4002392e-35
   6.5756791e-35
   5.8424759e-35
   5.1905660e-35
   4.6109878e-35
   4.0957619e-35
   3.6377839e-35
   3.2307292e-35
   2.8689679e-35
   2.5474888e-35
   2.2618320e-35
   2.0080286e-35
   1.7825466e-35
   1.5822436e-35
   1.4043239e-35
   1.2463003e-35
   1.1059604e-35
   9.8133642e-36
   8.7067832e-36
   7.7242978e-36
   6.8520695e-36
   6.0777939e-36
   5.3905323e-36
   4.7805604e-36
   4.2392344e-36
   3.7588718e-36
   3.3326451e-36
   2.9544871e-36
   2.6190066e-36
   2.3214137e-36
   2.0574533e-36
   1.8233451e-36
   1.6157317e-36
   1.4316309e-36
   1.2683946e-36
   1.1236709e-36
   9.9537192e-37
   8.8164366e-37
   7.8084038e-37
   6.9150115e-37
   6.1232927e-37
   5.4217389e-37
   4.8001371e-37
   4.2494249e-37
   3.7615613e-37
   3.3294124e-37
   2.9466497e-37
   2.6076596e-37
   2.3074631e-37
   2.0416443e-37
   1.8062875e-37
   1.5979204e-37
   1.4134644e-37
   1.2501901e-37
   1.1056781e-37
   9.7778384e-38
   8.6460642e-38
   7.6446134e-38
   6.7585583e-38
   5.9746720e-38
   5.2812356e-38
   4.6678671e-38
   4.1253699e-38
   3.6455980e-38
   3.2213367e-38
   2.8461969e-38
   2.5145207e-38
   2.2212987e-38
   1.9620957e-38
   1.7329853e-38
   1.5304919e-38
   1.3515392e-38
   1.1934047e-38
   1.0536790e-38
   9.3022998e-39
   8.2117142e-39
   7.2483439e-39
   6.3974253e-39
   5.6458993e-39
   4.9822153e-39
   4.3961584e-39
   3.8786951e-39
   3.4218377e-39
   3.0185241e-39
   2.6625107e-39
   2.3482782e-39
   2.0709480e-39
   1.8262082e-39
   1.6102484e-39
   1.4197011e-39
   1.2515911e-39
   1.1032894e-39
   9.7247376e-40
   8.5709273e-40
   7.5533430e-40
   6.6559809e-40
   5.8647080e-40
   5.1670443e-40
   4.5519706e-40
   4.0097582e-40
   3.5318185e-40
   3.1105705e-40
   2.7393226e-40
   2.4121693e-40
   2.1238990e-40
   1.8699130e-40
   1.6461538e-40
   1.4490417e-40
   1.2754189e-40
   1.1224997e-40
   9.8782754e-41
   8.6923555e-41
   7.6481307e-41
   6.7287530e-41
   5.9193680e-41
   5.2068799e-41
   4.5797445e-41
   4.0277862e-41
   3.5420366e-41
   3.1145918e-41
   2.7384871e-41
   2.4075856e-41
   2.1164803e-41
   1.8604080e-41
   1.6351727e-41
   1.4370786e-41
   1.2628708e-41
   1.1096825e-41
   9.7498977e-42
   8.5656995e-42
   7.5246634e-42
   6.6095637e-42
   5.8052372e-42
   5.0983380e-42
   4.4771200e-42
   3.9312469e-42
   3.4516232e-42
   3.0302461e-42
   2.6600751e-42
   2.3349165e-42
   2.0493223e-42
   1.7985009e-42
   1.5782381e-42
   1.3848281e-42
   1.2150123e-42
   1.0659257e-42
   9.3504963e-43
   8.2016998e-43
   7.1934055e-43
   6.3085083e-43
   5.5319760e-43
   4.8505989e-43
   4.2527701e-43
   3.7282920e-43
   3.2682058e-43
   2.8646420e-43
   2.5106881e-43
   2.2002734e-43
   1.9280665e-43
   1.6893857e-43
   1.4801206e-43
   1.2966623e-43
   1.1358425e-43
   9.9488021e-44
   8.7133459e-44
   7.6306333e-44
   6.6818648e-44
   5.8505440e-44
   5.1221971e-44
   4.4841258e-44
