     0.070758059
     0.070798988
     0.070833679
     0.070862120
     0.070884301
     0.070900211
     0.070909840
     0.070913179
     0.070910219
     0.070900953
     0.070885372
     0.070863469
     0.070835238
     0.070800673
     0.070759769
     0.070712519
     0.070658921
     0.070598970
     0.070532662
     0.070459996
     0.070380969
     0.070295578
     0.070203824
     0.070105706
     0.070001223
     0.069890376
     0.069773166
     0.069649596
     0.069519666
     0.069383381
     0.069240743
     0.069091756
     0.068936424
     0.068774753
     0.068606749
     0.068432417
     0.068251764
     0.068064797
     0.067871524
     0.067671954
     0.067466095
     0.067253957
     0.067035550
     0.066810884
     0.066579971
     0.066342823
     0.066099451
     0.065849869
     0.065594089
     0.065332127
     0.065063995
     0.064789711
     0.064509288
     0.064222743
     0.063930094
     0.063631356
     0.063326549
     0.063015690
     0.062698799
     0.062375894
     0.062046997
     0.061712127
     0.061371305
     0.061024554
     0.060671896
     0.060313353
     0.059948948
     0.059578706
     0.059202651
     0.058820807
     0.058433201
     0.058039859
     0.057640806
     0.057236070
     0.056825679
     0.056409660
     0.055988043
     0.055560856
     0.055128129
     0.054689893
     0.054246178
     0.053797016
     0.053342438
     0.052882477
     0.052417165
     0.051946536
     0.051470623
     0.050989462
     0.050503086
     0.050011532
     0.049514834
     0.049013030
     0.048506157
     0.047994250
     0.047477350
     0.046955492
     0.046428718
     0.045897065
     0.045360574
     0.044819285
     0.044273238
     0.043722474
     0.043167037
     0.042606966
     0.042042306
     0.041473098
     0.040899387
     0.040321217
     0.039738631
     0.039151675
     0.038560395
     0.037964834
     0.037365041
     0.036761061
     0.036152942
     0.035540730
     0.034924474
     0.034304222
     0.033680023
     0.033051926
     0.032419980
     0.031784236
     0.031144743
     0.030501553
     0.029854716
     0.029204284
     0.028550309
     0.027892843
     0.027231939
     0.026567650
     0.025900029
     0.025229130
     0.024555007
     0.023877715
     0.023197309
     0.022513843
     0.021827373
     0.021137956
     0.020445646
     0.019750502
     0.019052579
     0.018351935
     0.017648628
     0.016942714
     0.016234254
     0.015523303
     0.014809923
     0.014094171
     0.013376107
     0.012655791
     0.011933282
     0.011208641
     0.010481928
    0.0097532038
    0.0090225293
    0.0082899660
    0.0075555752
    0.0068194187
    0.0060815585
    0.0053420568
    0.0046009761
    0.0038583791
    0.0031143287
    0.0023688880
    0.0016221204
   0.00087408938
   0.00012485879
  -0.00062550746
   -0.0013769452
   -0.0021293901
   -0.0028827776
   -0.0036370431
   -0.0043921216
   -0.0051479482
   -0.0059044576
   -0.0066615844
   -0.0074192632
   -0.0081774284
   -0.0089360140
   -0.0096949542
    -0.010454183
    -0.011213634
    -0.011973241
    -0.012732938
    -0.013492658
    -0.014252334
    -0.015011901
    -0.015771290
    -0.016530435
    -0.017289269
    -0.018047726
    -0.018805737
    -0.019563236
    -0.020320156
    -0.021076429
    -0.021831988
    -0.022586765
    -0.023340694
    -0.024093706
    -0.024845735
    -0.025596712
    -0.026346571
    -0.027095243
    -0.027842662
    -0.028588759
    -0.029333468
    -0.030076721
    -0.030818450
    -0.031558588
    -0.032297068
    -0.033033822
    -0.033768783
    -0.034501884
    -0.035233058
    -0.035962237
    -0.036689355
    -0.037414344
    -0.038137138
    -0.038857670
    -0.039575873
    -0.040291680
    -0.041005025
    -0.041715842
    -0.042424065
    -0.043129626
    -0.043832461
    -0.044532503
    -0.045229687
    -0.045923946
    -0.046615216
    -0.047303431
    -0.047988526
    -0.048670436
    -0.049349097
    -0.050024443
    -0.050696410
    -0.051364934
    -0.052029951
    -0.052691397
    -0.053349208
    -0.054003322
    -0.054653674
    -0.055300202
    -0.055942844
    -0.056581535
    -0.057216216
    -0.057846822
    -0.058473293
    -0.059095567
    -0.059713583
    -0.060327280
    -0.060936597
    -0.061541474
    -0.062141850
    -0.062737667
    -0.063328863
    -0.063915381
    -0.064497161
    -0.065074144
    -0.065646273
    -0.066213490
    -0.066775735
    -0.067332954
    -0.067885088
    -0.068432081
    -0.068973876
    -0.069510419
    -0.070041653
    -0.070567523
    -0.071087974
    -0.071602953
    -0.072112404
    -0.072616275
    -0.073114512
    -0.073607063
    -0.074093874
    -0.074574894
    -0.075050072
    -0.075519356
    -0.075982695
    -0.076440039
    -0.076891339
    -0.077336544
    -0.077775607
    -0.078208477
    -0.078635108
    -0.079055451
    -0.079469460
    -0.079877087
    -0.080278287
    -0.080673014
    -0.081061222
    -0.081442867
    -0.081817904
    -0.082186290
    -0.082547981
    -0.082902935
    -0.083251109
    -0.083592462
    -0.083926952
    -0.084254538
    -0.084575181
    -0.084888841
    -0.085195479
    -0.085495055
    -0.085787533
    -0.086072874
    -0.086351042
    -0.086622000
    -0.086885713
    -0.087142145
    -0.087391261
    -0.087633028
    -0.087867412
    -0.088094380
    -0.088313899
    -0.088525938
    -0.088730466
    -0.088927451
    -0.089116865
    -0.089298677
    -0.089472859
    -0.089639383
    -0.089798220
    -0.089949345
    -0.090092730
    -0.090228351
    -0.090356181
    -0.090476197
    -0.090588374
    -0.090692690
    -0.090789121
    -0.090877646
    -0.090958244
    -0.091030894
    -0.091095576
    -0.091152270
    -0.091200959
    -0.091241623
    -0.091274245
    -0.091298810
    -0.091315300
    -0.091323700
    -0.091323996
    -0.091316174
    -0.091300220
    -0.091276121
    -0.091243866
    -0.091203443
    -0.091154841
    -0.091098051
    -0.091033063
    -0.090959869
    -0.090878460
    -0.090788830
    -0.090690971
    -0.090584879
    -0.090470548
    -0.090347973
    -0.090217151
    -0.090078079
    -0.089930754
    -0.089775175
    -0.089611341
    -0.089439252
    -0.089258907
    -0.089070309
    -0.088873459
    -0.088668360
    -0.088455015
    -0.088233428
    -0.088003605
    -0.087765549
    -0.087519268
    -0.087264769
    -0.087002059
    -0.086731146
    -0.086452040
    -0.086164749
    -0.085869286
    -0.085565661
    -0.085253885
    -0.084933972
    -0.084605935
    -0.084269787
    -0.083925545
    -0.083573222
    -0.083212836
    -0.082844404
    -0.082467943
    -0.082083471
    -0.081691008
    -0.081290573
    -0.080882187
    -0.080465871
    -0.080041648
    -0.079609540
    -0.079169569
    -0.078721762
    -0.078266142
    -0.077802734
    -0.077331566
    -0.076852663
    -0.076366055
    -0.075871768
    -0.075369833
    -0.074860279
    -0.074343137
    -0.073818437
    -0.073286212
    -0.072746494
    -0.072199317
    -0.071644715
    -0.071082721
    -0.070513373
    -0.069936705
    -0.069352756
    -0.068761561
    -0.068163159
    -0.067557590
    -0.066944892
    -0.066325106
    -0.065698273
    -0.065064434
    -0.064423631
    -0.063775908
    -0.063121309
    -0.062459876
    -0.061791655
    -0.061116693
    -0.060435034
    -0.059746726
    -0.059051817
    -0.058350354
    -0.057642386
    -0.056927964
    -0.056207136
    -0.055479955
    -0.054746470
    -0.054006735
    -0.053260802
    -0.052508723
    -0.051750554
    -0.050986349
    -0.050216162
    -0.049440050
    -0.048658069
    -0.047870275
    -0.047076727
    -0.046277483
    -0.045472600
    -0.044662140
    -0.043846161
    -0.043024725
    -0.042197891
    -0.041365723
    -0.040528282
    -0.039685630
    -0.038837833
    -0.037984952
    -0.037127053
    -0.036264201
    -0.035396461
    -0.034523900
    -0.033646584
    -0.032764580
    -0.031877957
    -0.030986781
    -0.030091123
    -0.029191050
    -0.028286634
    -0.027377944
    -0.026465051
    -0.025548026
    -0.024626941
    -0.023701869
    -0.022772881
    -0.021840052
    -0.020903454
    -0.019963163
    -0.019019251
    -0.018071795
    -0.017120870
    -0.016166551
    -0.015208916
    -0.014248041
    -0.013284002
    -0.012316878
    -0.011346747
    -0.010373687
   -0.0093977761
   -0.0084190946
   -0.0074377218
   -0.0064537376
   -0.0054672224
   -0.0044782568
   -0.0034869221
   -0.0024932996
   -0.0014974711
  -0.00049951879
   0.00050047482
    0.0015024269
    0.0025062544
    0.0035118737
    0.0045192011
    0.0055281524
    0.0065386434
    0.0075505892
    0.0085639048
    0.0095785051
     0.010594304
     0.011611217
     0.012629157
     0.013648037
     0.014667772
     0.015688274
     0.016709457
     0.017731232
     0.018753513
     0.019776212
     0.020799240
     0.021822510
     0.022845933
     0.023869421
     0.024892885
     0.025916237
     0.026939386
     0.027962244
     0.028984721
     0.030006728
     0.031028176
     0.032048973
     0.033069032
     0.034088260
     0.035106569
     0.036123868
     0.037140066
     0.038155074
     0.039168800
     0.040181155
     0.041192046
     0.042201384
     0.043209078
     0.044215037
     0.045219170
     0.046221387
     0.047221595
     0.048219705
     0.049215625
     0.050209264
     0.051200532
     0.052189337
     0.053175589
     0.054159196
     0.055140068
     0.056118114
     0.057093244
     0.058065366
     0.059034389
     0.060000224
     0.060962780
     0.061921966
     0.062877693
     0.063829869
     0.064778405
     0.065723211
     0.066664198
     0.067601274
     0.068534351
     0.069463340
     0.070388151
     0.071308694
     0.072224882
     0.073136626
     0.074043836
     0.074946424
     0.075844303
     0.076737385
     0.077625581
     0.078508804
     0.079386967
     0.080259983
     0.081127765
     0.081990227
     0.082847282
     0.083698844
     0.084544828
     0.085385148
     0.086219719
     0.087048457
     0.087871276
     0.088688093
     0.089498823
     0.090303384
     0.091101691
     0.091893663
     0.092679216
     0.093458269
     0.094230739
     0.094996545
     0.095755607
     0.096507843
     0.097253174
     0.097991519
     0.098722799
     0.099446935
      0.10016385
      0.10087346
      0.10157570
      0.10227048
      0.10295772
      0.10363736
      0.10430932
      0.10497351
      0.10562987
      0.10627832
      0.10691879
      0.10755120
      0.10817548
      0.10879156
      0.10939937
      0.10999883
      0.11058988
      0.11117244
      0.11174644
      0.11231182
      0.11286851
      0.11341644
      0.11395553
      0.11448574
      0.11500698
      0.11551919
      0.11602231
      0.11651628
      0.11700102
      0.11747649
      0.11794260
      0.11839931
      0.11884655
      0.11928426
      0.11971238
      0.12013085
      0.12053962
      0.12093862
      0.12132780
      0.12170710
      0.12207646
      0.12243584
      0.12278517
      0.12312440
      0.12345348
      0.12377236
      0.12408099
      0.12437931
      0.12466727
      0.12494483
      0.12521193
      0.12546854
      0.12571460
      0.12595006
      0.12617488
      0.12638901
      0.12659242
      0.12678506
      0.12696688
      0.12713785
      0.12729792
      0.12744705
      0.12758521
      0.12771235
      0.12782845
      0.12793345
      0.12802733
      0.12811006
      0.12818159
      0.12824189
      0.12829094
      0.12832869
      0.12835513
      0.12837021
      0.12837391
      0.12836621
      0.12834707
      0.12831647
      0.12827438
      0.12822078
      0.12815565
      0.12807896
      0.12799069
      0.12789081
      0.12777932
      0.12765619
      0.12752140
      0.12737493
      0.12721677
      0.12704691
      0.12686532
      0.12667200
      0.12646692
      0.12625009
      0.12602149
      0.12578111
      0.12552894
      0.12526497
      0.12498919
      0.12470161
      0.12440221
      0.12409099
      0.12376795
      0.12343308
      0.12308638
      0.12272786
      0.12235752
      0.12197535
      0.12158136
      0.12117555
      0.12075793
      0.12032850
      0.11988726
      0.11943424
      0.11896943
      0.11849285
      0.11800450
      0.11750440
      0.11699255
      0.11646898
      0.11593370
      0.11538672
      0.11482806
      0.11425774
      0.11367577
      0.11308218
      0.11247698
      0.11186020
      0.11123186
      0.11059198
      0.10994059
      0.10927771
      0.10860337
      0.10791760
      0.10722043
      0.10651188
      0.10579198
      0.10506078
      0.10431829
      0.10356456
      0.10279961
      0.10202349
      0.10123623
      0.10043786
     0.099628436
     0.098807984
     0.097976548
     0.097134170
     0.096280892
     0.095416759
     0.094541814
     0.093656103
     0.092759674
     0.091852572
     0.090934847
     0.090006549
     0.089067727
     0.088118433
     0.087158721
     0.086188643
     0.085208253
     0.084217608
     0.083216763
     0.082205776
     0.081184705
     0.080153610
     0.079112550
     0.078061588
     0.077000785
     0.075930205
     0.074849911
     0.073759970
     0.072660445
     0.071551406
     0.070432920
     0.069305055
     0.068167881
     0.067021470
     0.065865893
     0.064701222
     0.063527531
     0.062344895
     0.061153389
     0.059953090
     0.058744074
     0.057526419
     0.056300206
     0.055065513
     0.053822422
     0.052571014
     0.051311373
     0.050043581
     0.048767723
     0.047483884
     0.046192150
     0.044892609
     0.043585349
     0.042270457
     0.040948025
     0.039618141
     0.038280898
     0.036936388
     0.035584703
     0.034225938
     0.032860187
     0.031487546
     0.030108110
     0.028721978
     0.027329246
     0.025930014
     0.024524381
     0.023112447
     0.021694314
     0.020270082
     0.018839856
     0.017403738
     0.015961832
     0.014514244
     0.013061078
     0.011602442
     0.010138442
    0.0086691859
    0.0071947828
    0.0057153418
    0.0042309727
    0.0027417864
    0.0012478942
  -0.00025059179
   -0.0017535589
   -0.0032608935
   -0.0047724817
   -0.0062882087
   -0.0078079589
   -0.0093316163
    -0.010859064
    -0.012390185
    -0.013924862
    -0.015462975
    -0.017004405
    -0.018549032
    -0.020096737
    -0.021647398
    -0.023200893
    -0.024757101
    -0.026315898
    -0.027877162
    -0.029440768
    -0.031006592
    -0.032574509
    -0.034144393
    -0.035716120
    -0.037289561
    -0.038864590
    -0.040441080
    -0.042018902
    -0.043597929
    -0.045178031
    -0.046759078
    -0.048340941
    -0.049923490
    -0.051506593
    -0.053090120
    -0.054673939
    -0.056257917
    -0.057841923
    -0.059425824
    -0.061009486
    -0.062592776
    -0.064175559
    -0.065757702
    -0.067339069
    -0.068919526
    -0.070498938
    -0.072077168
    -0.073654080
    -0.075229539
    -0.076803407
    -0.078375548
    -0.079945824
    -0.081514098
    -0.083080233
    -0.084644089
    -0.086205530
    -0.087764416
    -0.089320608
    -0.090873969
    -0.092424358
    -0.093971637
    -0.095515666
    -0.097056304
    -0.098593413
     -0.10012685
     -0.10165648
     -0.10318216
     -0.10470375
     -0.10622111
     -0.10773409
     -0.10924256
     -0.11074638
     -0.11224541
     -0.11373950
     -0.11522851
     -0.11671230
     -0.11819074
     -0.11966367
     -0.12113096
     -0.12259247
     -0.12404806
     -0.12549758
     -0.12694090
     -0.12837786
     -0.12980834
     -0.13123219
     -0.13264926
     -0.13405943
     -0.13546254
     -0.13685845
     -0.13824703
     -0.13962814
     -0.14100163
     -0.14236736
     -0.14372520
     -0.14507499
     -0.14641662
     -0.14774992
     -0.14907477
     -0.15039102
     -0.15169854
     -0.15299718
     -0.15428681
     -0.15556729
     -0.15683848
     -0.15810024
     -0.15935243
     -0.16059492
     -0.16182757
     -0.16305024
     -0.16426280
     -0.16546510
     -0.16665702
     -0.16783841
     -0.16900914
     -0.17016908
     -0.17131809
     -0.17245604
     -0.17358279
     -0.17469821
     -0.17580217
     -0.17689453
     -0.17797516
     -0.17904393
     -0.18010070
     -0.18114536
     -0.18217775
     -0.18319777
     -0.18420526
     -0.18520012
     -0.18618220
     -0.18715138
     -0.18810753
     -0.18905053
     -0.18998024
     -0.19089655
     -0.19179932
     -0.19268843
     -0.19356376
     -0.19442518
     -0.19527257
     -0.19610581
     -0.19692477
     -0.19772934
     -0.19851939
     -0.19929480
     -0.20005545
     -0.20080123
     -0.20153202
     -0.20224769
     -0.20294813
     -0.20363323
     -0.20430287
     -0.20495694
     -0.20559532
     -0.20621789
     -0.20682455
     -0.20741519
     -0.20798968
     -0.20854793
     -0.20908983
     -0.20961525
     -0.21012411
     -0.21061628
     -0.21109167
     -0.21155017
     -0.21199167
     -0.21241607
     -0.21282326
     -0.21321316
     -0.21358564
     -0.21394062
     -0.21427799
     -0.21459766
     -0.21489952
     -0.21518349
     -0.21544946
     -0.21569734
     -0.21592703
     -0.21613845
     -0.21633150
     -0.21650609
     -0.21666213
     -0.21679953
     -0.21691821
     -0.21701806
     -0.21709902
     -0.21716099
     -0.21720389
     -0.21722763
     -0.21723214
     -0.21721733
     -0.21718313
     -0.21712944
     -0.21705620
     -0.21696333
     -0.21685076
     -0.21671840
     -0.21656618
     -0.21639403
     -0.21620189
     -0.21598967
     -0.21575731
     -0.21550475
     -0.21523190
     -0.21493872
     -0.21462513
     -0.21429106
     -0.21393647
     -0.21356128
     -0.21316543
     -0.21274887
     -0.21231154
     -0.21185338
     -0.21137433
     -0.21087435
     -0.21035337
     -0.20981135
     -0.20924823
     -0.20866397
     -0.20805851
     -0.20743182
     -0.20678383
     -0.20611452
     -0.20542383
     -0.20471172
     -0.20397816
     -0.20322310
     -0.20244650
     -0.20164832
     -0.20082854
     -0.19998712
     -0.19912401
     -0.19823919
     -0.19733264
     -0.19640431
     -0.19545418
     -0.19448223
     -0.19348843
     -0.19247275
     -0.19143516
     -0.19037566
     -0.18929422
     -0.18819081
     -0.18706543
     -0.18591805
     -0.18474866
     -0.18355724
     -0.18234379
     -0.18110829
     -0.17985073
     -0.17857110
     -0.17726940
     -0.17594562
     -0.17459975
     -0.17323180
     -0.17184175
     -0.17042962
     -0.16899539
     -0.16753908
     -0.16606069
     -0.16456021
     -0.16303767
     -0.16149306
     -0.15992639
     -0.15833768
     -0.15672693
     -0.15509417
     -0.15343940
     -0.15176264
     -0.15006391
     -0.14834322
     -0.14660060
     -0.14483607
     -0.14304965
     -0.14124136
     -0.13941124
     -0.13755930
     -0.13568558
     -0.13379010
     -0.13187290
     -0.12993401
     -0.12797346
     -0.12599129
     -0.12398754
     -0.12196224
     -0.11991543
     -0.11784716
     -0.11575746
     -0.11364638
     -0.11151396
     -0.10936026
     -0.10718531
     -0.10498917
     -0.10277189
     -0.10053352
    -0.098274106
    -0.095993714
    -0.093692395
    -0.091370207
    -0.089027209
    -0.086663460
    -0.084279022
    -0.081873958
    -0.079448332
    -0.077002209
    -0.074535657
    -0.072048744
    -0.069541538
    -0.067014112
    -0.064466538
    -0.061898889
    -0.059311239
    -0.056703667
    -0.054076248
    -0.051429062
    -0.048762190
    -0.046075713
    -0.043369714
    -0.040644278
    -0.037899489
    -0.035135435
    -0.032352205
    -0.029549887
    -0.026728573
    -0.023888354
    -0.021029324
    -0.018151579
    -0.015255213
    -0.012340324
   -0.0094070110
   -0.0064553736
   -0.0034855129
  -0.00049753126
    0.0025084676
    0.0055323789
    0.0085740963
     0.011633513
     0.014710519
     0.017805006
     0.020916862
     0.024045975
     0.027192232
     0.030355517
     0.033535714
     0.036732708
     0.039946378
     0.043176606
     0.046423271
     0.049686251
     0.052965423
     0.056260663
     0.059571844
     0.062898842
     0.066241528
     0.069599772
     0.072973446
     0.076362418
     0.079766556
     0.083185726
     0.086619794
     0.090068625
     0.093532082
     0.097010027
      0.10050232
      0.10400882
      0.10752940
      0.11106390
      0.11461218
      0.11817410
      0.12174952
      0.12533828
      0.12894024
      0.13255526
      0.13618318
      0.13982386
      0.14347714
      0.14714286
      0.15082089
      0.15451106
      0.15821321
      0.16192720
      0.16565286
      0.16939004
      0.17313858
      0.17689832
      0.18066909
      0.18445075
      0.18824311
      0.19204603
      0.19585934
      0.19968287
      0.20351645
      0.20735993
      0.21121313
      0.21507588
      0.21894802
      0.22282937
      0.22671977
      0.23061904
      0.23452702
      0.23844352
      0.24236837
      0.24630141
      0.25024245
      0.25419132
      0.25814784
      0.26211184
      0.26608313
      0.27006155
      0.27404690
      0.27803901
      0.28203770
      0.28604278
      0.29005408
      0.29407142
      0.29809460
      0.30212345
      0.30615778
      0.31019740
      0.31424214
      0.31829180
      0.32234620
      0.32640515
      0.33046846
      0.33453595
      0.33860742
      0.34268270
      0.34676158
      0.35084387
      0.35492940
      0.35901796
      0.36310936
      0.36720342
      0.37129994
      0.37539873
      0.37949959
      0.38360233
      0.38770676
      0.39181268
      0.39591990
      0.40002823
      0.40413746
      0.40824741
      0.41235788
      0.41646866
      0.42057958
      0.42469042
      0.42880099
      0.43291110
      0.43702055
      0.44112913
      0.44523666
      0.44934293
      0.45344775
      0.45755092
      0.46165224
      0.46575151
      0.46984853
      0.47394310
      0.47803503
      0.48212412
      0.48621016
      0.49029296
      0.49437232
      0.49844803
      0.50251991
      0.50658775
      0.51065135
      0.51471051
      0.51876503
      0.52281472
      0.52685937
      0.53089878
      0.53493277
      0.53896111
      0.54298363
      0.54700011
      0.55101037
      0.55501419
      0.55901139
      0.56300176
      0.56698511
      0.57096124
      0.57492995
      0.57889104
      0.58284431
      0.58678957
      0.59072663
      0.59465527
      0.59857532
      0.60248657
      0.60638882
      0.61028188
      0.61416555
      0.61803965
      0.62190397
      0.62575831
      0.62960250
      0.63343632
      0.63725960
      0.64107213
      0.64487372
      0.64866419
      0.65244333
      0.65621097
      0.65996690
      0.66371093
      0.66744289
      0.67116257
      0.67486979
      0.67856436
      0.68224609
      0.68591480
      0.68957029
      0.69321239
      0.69684090
      0.70045565
      0.70405644
      0.70764309
      0.71121542
      0.71477325
      0.71831639
      0.72184466
      0.72535788
      0.72885588
      0.73233847
      0.73580547
      0.73925670
      0.74269199
      0.74611117
      0.74951405
      0.75290045
      0.75627022
      0.75962316
      0.76295911
      0.76627790
      0.76957935
      0.77286330
      0.77612957
      0.77937800
      0.78260841
      0.78582065
      0.78901454
      0.79218992
      0.79534662
      0.79848448
      0.80160334
      0.80470303
      0.80778340
      0.81084428
      0.81388552
      0.81690695
      0.81990843
      0.82288978
      0.82585087
      0.82879153
      0.83171161
      0.83461096
      0.83748942
      0.84034685
      0.84318310
      0.84599802
      0.84879146
      0.85156328
      0.85431333
      0.85704147
      0.85974755
      0.86243143
      0.86509298
      0.86773205
      0.87034850
      0.87294220
      0.87551301
      0.87806080
      0.88058544
      0.88308678
      0.88556470
      0.88801907
      0.89044976
      0.89285664
      0.89523959
      0.89759847
      0.89993318
      0.90224357
      0.90452954
      0.90679096
      0.90902771
      0.91123967
      0.91342673
      0.91558877
      0.91772568
      0.91983735
      0.92192365
      0.92398450
      0.92601976
      0.92802935
      0.93001314
      0.93197104
      0.93390295
      0.93580875
      0.93768835
      0.93954166
      0.94136856
      0.94316898
      0.94494280
      0.94668994
      0.94841030
      0.95010379
      0.95177033
      0.95340982
      0.95502219
      0.95660733
      0.95816517
      0.95969563
      0.96119862
      0.96267406
      0.96412189
      0.96554201
      0.96693436
      0.96829885
      0.96963543
      0.97094401
      0.97222453
      0.97347692
      0.97470111
      0.97589704
      0.97706464
      0.97820386
      0.97931463
      0.98039689
      0.98145058
      0.98247566
      0.98347206
      0.98443973
      0.98537862
      0.98628868
      0.98716986
      0.98802212
      0.98884540
      0.98963968
      0.99040489
      0.99114101
      0.99184799
      0.99252580
      0.99317439
      0.99379375
      0.99438382
      0.99494459
      0.99547601
      0.99597807
      0.99645073
      0.99689398
      0.99730778
      0.99769212
      0.99804697
      0.99837231
      0.99866814
      0.99893443
      0.99917116
      0.99937833
      0.99955593
      0.99970394
      0.99982236
      0.99991118
      0.99997039
       1.0000000
       1.0000000
      0.99997039
      0.99991118
      0.99982236
      0.99970394
      0.99955593
      0.99937833
      0.99917116
      0.99893443
      0.99866814
      0.99837231
      0.99804697
      0.99769212
      0.99730778
      0.99689398
      0.99645073
      0.99597807
      0.99547601
      0.99494459
      0.99438382
      0.99379375
      0.99317439
      0.99252580
      0.99184799
      0.99114101
      0.99040489
      0.98963968
      0.98884540
      0.98802212
      0.98716986
      0.98628868
      0.98537862
      0.98443973
      0.98347206
      0.98247566
      0.98145058
      0.98039689
      0.97931463
      0.97820386
      0.97706464
      0.97589704
      0.97470111
      0.97347692
      0.97222453
      0.97094401
      0.96963543
      0.96829885
      0.96693436
      0.96554201
      0.96412189
      0.96267406
      0.96119862
      0.95969563
      0.95816517
      0.95660733
      0.95502219
      0.95340982
      0.95177033
      0.95010379
      0.94841030
      0.94668994
      0.94494280
      0.94316898
      0.94136856
      0.93954166
      0.93768835
      0.93580875
      0.93390295
      0.93197104
      0.93001314
      0.92802935
      0.92601976
      0.92398450
      0.92192365
      0.91983735
      0.91772568
      0.91558877
      0.91342673
      0.91123967
      0.90902771
      0.90679096
      0.90452954
      0.90224357
      0.89993318
      0.89759847
      0.89523959
      0.89285664
      0.89044976
      0.88801907
      0.88556470
      0.88308678
      0.88058544
      0.87806080
      0.87551301
      0.87294220
      0.87034850
      0.86773205
      0.86509298
      0.86243143
      0.85974755
      0.85704147
      0.85431333
      0.85156328
      0.84879146
      0.84599802
      0.84318310
      0.84034685
      0.83748942
      0.83461096
      0.83171161
      0.82879153
      0.82585087
      0.82288978
      0.81990843
      0.81690695
      0.81388552
      0.81084428
      0.80778340
      0.80470303
      0.80160334
      0.79848448
      0.79534662
      0.79218992
      0.78901454
      0.78582065
      0.78260841
      0.77937800
      0.77612957
      0.77286330
      0.76957935
      0.76627790
      0.76295911
      0.75962316
      0.75627022
      0.75290045
      0.74951405
      0.74611117
      0.74269199
      0.73925670
      0.73580547
      0.73233847
      0.72885588
      0.72535788
      0.72184466
      0.71831639
      0.71477325
      0.71121542
      0.70764309
      0.70405644
      0.70045565
      0.69684090
      0.69321239
      0.68957029
      0.68591480
      0.68224609
      0.67856436
      0.67486979
      0.67116257
      0.66744289
      0.66371093
      0.65996690
      0.65621097
      0.65244333
      0.64866419
      0.64487372
      0.64107213
      0.63725960
      0.63343632
      0.62960250
      0.62575831
      0.62190397
      0.61803965
      0.61416555
      0.61028188
      0.60638882
      0.60248657
      0.59857532
      0.59465527
      0.59072663
      0.58678957
      0.58284431
      0.57889104
      0.57492995
      0.57096124
      0.56698511
      0.56300176
      0.55901139
      0.55501419
      0.55101037
      0.54700011
      0.54298363
      0.53896111
      0.53493277
      0.53089878
      0.52685937
      0.52281472
      0.51876503
      0.51471051
      0.51065135
      0.50658775
      0.50251991
      0.49844803
      0.49437232
      0.49029296
      0.48621016
      0.48212412
      0.47803503
      0.47394310
      0.46984853
      0.46575150
      0.46165224
      0.45755092
      0.45344775
      0.44934293
      0.44523666
      0.44112913
      0.43702055
      0.43291110
      0.42880099
      0.42469042
      0.42057958
      0.41646866
      0.41235788
      0.40824741
      0.40413746
      0.40002823
      0.39591990
      0.39181268
      0.38770676
      0.38360233
      0.37949959
      0.37539873
      0.37129994
      0.36720342
      0.36310936
      0.35901796
      0.35492940
      0.35084387
      0.34676158
      0.34268270
      0.33860742
      0.33453595
      0.33046846
      0.32640515
      0.32234620
      0.31829180
      0.31424214
      0.31019740
      0.30615778
      0.30212345
      0.29809460
      0.29407142
      0.29005408
      0.28604278
      0.28203770
      0.27803901
      0.27404690
      0.27006155
      0.26608313
      0.26211184
      0.25814784
      0.25419132
      0.25024245
      0.24630141
      0.24236837
      0.23844352
      0.23452702
      0.23061904
      0.22671977
      0.22282937
      0.21894802
      0.21507588
      0.21121313
      0.20735993
      0.20351645
      0.19968287
      0.19585934
      0.19204603
      0.18824311
      0.18445075
      0.18066909
      0.17689832
      0.17313858
      0.16939004
      0.16565286
      0.16192720
      0.15821321
      0.15451106
      0.15082089
      0.14714286
      0.14347714
      0.13982386
      0.13618318
      0.13255526
      0.12894024
      0.12533828
      0.12174952
      0.11817410
      0.11461218
      0.11106390
      0.10752940
      0.10400882
      0.10050232
     0.097010027
     0.093532082
     0.090068625
     0.086619794
     0.083185726
     0.079766556
     0.076362418
     0.072973446
     0.069599772
     0.066241528
     0.062898842
     0.059571844
     0.056260663
     0.052965423
     0.049686251
     0.046423271
     0.043176606
     0.039946378
     0.036732708
     0.033535714
     0.030355517
     0.027192232
     0.024045975
     0.020916862
     0.017805006
     0.014710519
     0.011633513
    0.0085740963
    0.0055323789
    0.0025084676
  -0.00049753127
   -0.0034855129
   -0.0064553736
   -0.0094070110
    -0.012340324
    -0.015255213
    -0.018151579
    -0.021029324
    -0.023888354
    -0.026728573
    -0.029549887
    -0.032352205
    -0.035135435
    -0.037899489
    -0.040644278
    -0.043369714
    -0.046075713
    -0.048762190
    -0.051429063
    -0.054076248
    -0.056703667
    -0.059311239
    -0.061898889
    -0.064466538
    -0.067014113
    -0.069541539
    -0.072048744
    -0.074535657
    -0.077002209
    -0.079448332
    -0.081873958
    -0.084279022
    -0.086663460
    -0.089027209
    -0.091370207
    -0.093692395
    -0.095993714
    -0.098274106
     -0.10053352
     -0.10277189
     -0.10498917
     -0.10718531
     -0.10936026
     -0.11151396
     -0.11364638
     -0.11575746
     -0.11784716
     -0.11991543
     -0.12196224
     -0.12398754
     -0.12599129
     -0.12797346
     -0.12993401
     -0.13187290
     -0.13379010
     -0.13568558
     -0.13755930
     -0.13941124
     -0.14124136
     -0.14304965
     -0.14483607
     -0.14660060
     -0.14834322
     -0.15006391
     -0.15176264
     -0.15343940
     -0.15509417
     -0.15672693
     -0.15833768
     -0.15992639
     -0.16149306
     -0.16303767
     -0.16456021
     -0.16606069
     -0.16753908
     -0.16899539
     -0.17042962
     -0.17184175
     -0.17323180
     -0.17459975
     -0.17594562
     -0.17726940
     -0.17857110
     -0.17985073
     -0.18110829
     -0.18234379
     -0.18355724
     -0.18474866
     -0.18591805
     -0.18706543
     -0.18819081
     -0.18929422
     -0.19037566
     -0.19143516
     -0.19247275
     -0.19348843
     -0.19448223
     -0.19545418
     -0.19640431
     -0.19733264
     -0.19823919
     -0.19912401
     -0.19998712
     -0.20082854
     -0.20164832
     -0.20244650
     -0.20322310
     -0.20397816
     -0.20471172
     -0.20542383
     -0.20611452
     -0.20678383
     -0.20743182
     -0.20805851
     -0.20866397
     -0.20924823
     -0.20981135
     -0.21035337
     -0.21087435
     -0.21137433
     -0.21185338
     -0.21231154
     -0.21274887
     -0.21316543
     -0.21356128
     -0.21393647
     -0.21429106
     -0.21462513
     -0.21493872
     -0.21523190
     -0.21550475
     -0.21575731
     -0.21598967
     -0.21620189
     -0.21639403
     -0.21656618
     -0.21671840
     -0.21685076
     -0.21696333
     -0.21705620
     -0.21712944
     -0.21718313
     -0.21721733
     -0.21723214
     -0.21722763
     -0.21720389
     -0.21716099
     -0.21709902
     -0.21701806
     -0.21691821
     -0.21679953
     -0.21666213
     -0.21650609
     -0.21633150
     -0.21613845
     -0.21592703
     -0.21569734
     -0.21544946
     -0.21518349
     -0.21489952
     -0.21459766
     -0.21427799
     -0.21394062
     -0.21358564
     -0.21321316
     -0.21282326
     -0.21241607
     -0.21199167
     -0.21155017
     -0.21109167
     -0.21061628
     -0.21012411
     -0.20961525
     -0.20908983
     -0.20854793
     -0.20798968
     -0.20741519
     -0.20682455
     -0.20621789
     -0.20559532
     -0.20495694
     -0.20430287
     -0.20363323
     -0.20294813
     -0.20224769
     -0.20153202
     -0.20080123
     -0.20005545
     -0.19929480
     -0.19851939
     -0.19772934
     -0.19692477
     -0.19610581
     -0.19527257
     -0.19442518
     -0.19356376
     -0.19268843
     -0.19179932
     -0.19089655
     -0.18998024
     -0.18905053
     -0.18810753
     -0.18715138
     -0.18618220
     -0.18520012
     -0.18420526
     -0.18319777
     -0.18217775
     -0.18114536
     -0.18010070
     -0.17904393
     -0.17797516
     -0.17689453
     -0.17580217
     -0.17469821
     -0.17358279
     -0.17245604
     -0.17131809
     -0.17016908
     -0.16900914
     -0.16783841
     -0.16665702
     -0.16546510
     -0.16426280
     -0.16305024
     -0.16182757
     -0.16059492
     -0.15935243
     -0.15810024
     -0.15683848
     -0.15556729
     -0.15428681
     -0.15299718
     -0.15169854
     -0.15039102
     -0.14907477
     -0.14774992
     -0.14641662
     -0.14507499
     -0.14372520
     -0.14236736
     -0.14100163
     -0.13962814
     -0.13824703
     -0.13685845
     -0.13546254
     -0.13405943
     -0.13264926
     -0.13123219
     -0.12980834
     -0.12837786
     -0.12694090
     -0.12549758
     -0.12404806
     -0.12259247
     -0.12113096
     -0.11966367
     -0.11819074
     -0.11671230
     -0.11522851
     -0.11373950
     -0.11224541
     -0.11074638
     -0.10924256
     -0.10773409
     -0.10622111
     -0.10470375
     -0.10318216
     -0.10165648
     -0.10012685
    -0.098593413
    -0.097056304
    -0.095515666
    -0.093971637
    -0.092424358
    -0.090873969
    -0.089320608
    -0.087764416
    -0.086205530
    -0.084644089
    -0.083080233
    -0.081514098
    -0.079945824
    -0.078375548
    -0.076803407
    -0.075229539
    -0.073654080
    -0.072077168
    -0.070498938
    -0.068919526
    -0.067339069
    -0.065757702
    -0.064175559
    -0.062592776
    -0.061009486
    -0.059425824
    -0.057841923
    -0.056257917
    -0.054673939
    -0.053090120
    -0.051506593
    -0.049923490
    -0.048340941
    -0.046759078
    -0.045178031
    -0.043597929
    -0.042018902
    -0.040441080
    -0.038864590
    -0.037289561
    -0.035716120
    -0.034144393
    -0.032574509
    -0.031006592
    -0.029440768
    -0.027877162
    -0.026315898
    -0.024757101
    -0.023200893
    -0.021647398
    -0.020096737
    -0.018549032
    -0.017004405
    -0.015462975
    -0.013924862
    -0.012390185
    -0.010859064
   -0.0093316163
   -0.0078079589
   -0.0062882087
   -0.0047724817
   -0.0032608936
   -0.0017535589
  -0.00025059179
    0.0012478942
    0.0027417864
    0.0042309727
    0.0057153418
    0.0071947828
    0.0086691859
     0.010138442
     0.011602442
     0.013061078
     0.014514244
     0.015961832
     0.017403738
     0.018839856
     0.020270082
     0.021694314
     0.023112447
     0.024524381
     0.025930014
     0.027329246
     0.028721978
     0.030108110
     0.031487546
     0.032860187
     0.034225938
     0.035584703
     0.036936388
     0.038280898
     0.039618141
     0.040948025
     0.042270457
     0.043585349
     0.044892609
     0.046192150
     0.047483884
     0.048767723
     0.050043581
     0.051311373
     0.052571014
     0.053822422
     0.055065513
     0.056300206
     0.057526419
     0.058744074
     0.059953090
     0.061153389
     0.062344895
     0.063527531
     0.064701222
     0.065865893
     0.067021470
     0.068167881
     0.069305055
     0.070432920
     0.071551406
     0.072660445
     0.073759970
     0.074849911
     0.075930205
     0.077000785
     0.078061588
     0.079112550
     0.080153610
     0.081184705
     0.082205776
     0.083216763
     0.084217608
     0.085208253
     0.086188643
     0.087158721
     0.088118433
     0.089067727
     0.090006549
     0.090934847
     0.091852572
     0.092759674
     0.093656103
     0.094541814
     0.095416759
     0.096280892
     0.097134170
     0.097976548
     0.098807984
     0.099628436
      0.10043786
      0.10123623
      0.10202349
      0.10279961
      0.10356456
      0.10431829
      0.10506078
      0.10579198
      0.10651188
      0.10722043
      0.10791760
      0.10860337
      0.10927771
      0.10994059
      0.11059198
      0.11123186
      0.11186020
      0.11247698
      0.11308218
      0.11367577
      0.11425774
      0.11482806
      0.11538672
      0.11593370
      0.11646898
      0.11699255
      0.11750440
      0.11800450
      0.11849285
      0.11896943
      0.11943424
      0.11988726
      0.12032850
      0.12075793
      0.12117555
      0.12158136
      0.12197535
      0.12235752
      0.12272786
      0.12308638
      0.12343308
      0.12376795
      0.12409099
      0.12440221
      0.12470161
      0.12498919
      0.12526497
      0.12552894
      0.12578111
      0.12602149
      0.12625009
      0.12646692
      0.12667200
      0.12686532
      0.12704691
      0.12721677
      0.12737493
      0.12752140
      0.12765619
      0.12777932
      0.12789081
      0.12799069
      0.12807896
      0.12815565
      0.12822078
      0.12827438
      0.12831647
      0.12834707
      0.12836621
      0.12837391
      0.12837021
      0.12835513
      0.12832869
      0.12829094
      0.12824189
      0.12818159
      0.12811006
      0.12802733
      0.12793345
      0.12782845
      0.12771235
      0.12758521
      0.12744705
      0.12729792
      0.12713785
      0.12696688
      0.12678506
      0.12659242
      0.12638901
      0.12617488
      0.12595006
      0.12571460
      0.12546854
      0.12521193
      0.12494483
      0.12466727
      0.12437931
      0.12408099
      0.12377236
      0.12345348
      0.12312440
      0.12278517
      0.12243584
      0.12207646
      0.12170710
      0.12132780
      0.12093862
      0.12053962
      0.12013085
      0.11971238
      0.11928426
      0.11884655
      0.11839931
      0.11794260
      0.11747649
      0.11700102
      0.11651628
      0.11602231
      0.11551919
      0.11500698
      0.11448574
      0.11395553
      0.11341644
      0.11286851
      0.11231182
      0.11174644
      0.11117244
      0.11058988
      0.10999883
      0.10939937
      0.10879156
      0.10817548
      0.10755120
      0.10691879
      0.10627832
      0.10562987
      0.10497351
      0.10430932
      0.10363736
      0.10295772
      0.10227048
      0.10157570
      0.10087346
      0.10016385
     0.099446935
     0.098722799
     0.097991519
     0.097253174
     0.096507843
     0.095755607
     0.094996545
     0.094230739
     0.093458269
     0.092679216
     0.091893663
     0.091101691
     0.090303384
     0.089498823
     0.088688093
     0.087871276
     0.087048457
     0.086219719
     0.085385148
     0.084544828
     0.083698844
     0.082847282
     0.081990227
     0.081127765
     0.080259983
     0.079386967
     0.078508804
     0.077625581
     0.076737385
     0.075844303
     0.074946425
     0.074043836
     0.073136626
     0.072224882
     0.071308695
     0.070388151
     0.069463340
     0.068534351
     0.067601274
     0.066664198
     0.065723211
     0.064778405
     0.063829869
     0.062877693
     0.061921966
     0.060962780
     0.060000224
     0.059034389
     0.058065366
     0.057093244
     0.056118114
     0.055140068
     0.054159196
     0.053175589
     0.052189337
     0.051200532
     0.050209264
     0.049215625
     0.048219705
     0.047221595
     0.046221387
     0.045219170
     0.044215037
     0.043209079
     0.042201385
     0.041192046
     0.040181155
     0.039168800
     0.038155074
     0.037140067
     0.036123868
     0.035106569
     0.034088260
     0.033069032
     0.032048973
     0.031028176
     0.030006728
     0.028984721
     0.027962244
     0.026939386
     0.025916237
     0.024892886
     0.023869421
     0.022845933
     0.021822510
     0.020799240
     0.019776212
     0.018753513
     0.017731232
     0.016709457
     0.015688274
     0.014667772
     0.013648037
     0.012629157
     0.011611217
     0.010594305
    0.0095785052
    0.0085639049
    0.0075505892
    0.0065386434
    0.0055281525
    0.0045192011
    0.0035118738
    0.0025062545
    0.0015024270
   0.00050047490
  -0.00049951871
   -0.0014974710
   -0.0024932995
   -0.0034869220
   -0.0044782568
   -0.0054672223
   -0.0064537375
   -0.0074377217
   -0.0084190946
   -0.0093977760
    -0.010373686
    -0.011346747
    -0.012316878
    -0.013284002
    -0.014248041
    -0.015208916
    -0.016166551
    -0.017120870
    -0.018071795
    -0.019019251
    -0.019963162
    -0.020903454
    -0.021840052
    -0.022772881
    -0.023701869
    -0.024626941
    -0.025548026
    -0.026465051
    -0.027377944
    -0.028286634
    -0.029191050
    -0.030091122
    -0.030986781
    -0.031877957
    -0.032764580
    -0.033646584
    -0.034523900
    -0.035396461
    -0.036264201
    -0.037127053
    -0.037984952
    -0.038837832
    -0.039685630
    -0.040528282
    -0.041365723
    -0.042197891
    -0.043024725
    -0.043846161
    -0.044662140
    -0.045472600
    -0.046277482
    -0.047076727
    -0.047870275
    -0.048658068
    -0.049440050
    -0.050216162
    -0.050986349
    -0.051750554
    -0.052508723
    -0.053260801
    -0.054006735
    -0.054746470
    -0.055479955
    -0.056207136
    -0.056927964
    -0.057642386
    -0.058350354
    -0.059051817
    -0.059746726
    -0.060435034
    -0.061116693
    -0.061791655
    -0.062459876
    -0.063121308
    -0.063775908
    -0.064423631
    -0.065064434
    -0.065698273
    -0.066325106
    -0.066944892
    -0.067557590
    -0.068163159
    -0.068761561
    -0.069352755
    -0.069936705
    -0.070513373
    -0.071082721
    -0.071644714
    -0.072199317
    -0.072746494
    -0.073286212
    -0.073818437
    -0.074343137
    -0.074860279
    -0.075369833
    -0.075871768
    -0.076366055
    -0.076852663
    -0.077331566
    -0.077802734
    -0.078266141
    -0.078721762
    -0.079169569
    -0.079609539
    -0.080041648
    -0.080465871
    -0.080882187
    -0.081290573
    -0.081691007
    -0.082083471
    -0.082467943
    -0.082844404
    -0.083212836
    -0.083573222
    -0.083925545
    -0.084269787
    -0.084605935
    -0.084933972
    -0.085253885
    -0.085565661
    -0.085869286
    -0.086164749
    -0.086452039
    -0.086731146
    -0.087002059
    -0.087264769
    -0.087519268
    -0.087765549
    -0.088003605
    -0.088233428
    -0.088455015
    -0.088668360
    -0.088873459
    -0.089070309
    -0.089258907
    -0.089439252
    -0.089611341
    -0.089775175
    -0.089930754
    -0.090078079
    -0.090217151
    -0.090347973
    -0.090470548
    -0.090584879
    -0.090690971
    -0.090788830
    -0.090878460
    -0.090959868
    -0.091033063
    -0.091098051
    -0.091154841
    -0.091203443
    -0.091243866
    -0.091276121
    -0.091300220
    -0.091316174
    -0.091323996
    -0.091323700
    -0.091315300
    -0.091298810
    -0.091274245
    -0.091241623
    -0.091200959
    -0.091152270
    -0.091095576
    -0.091030894
    -0.090958244
    -0.090877646
    -0.090789121
    -0.090692690
    -0.090588374
    -0.090476197
    -0.090356181
    -0.090228351
    -0.090092730
    -0.089949345
    -0.089798220
    -0.089639383
    -0.089472859
    -0.089298677
    -0.089116865
    -0.088927451
    -0.088730466
    -0.088525938
    -0.088313899
    -0.088094380
    -0.087867412
    -0.087633028
    -0.087391261
    -0.087142145
    -0.086885713
    -0.086622000
    -0.086351042
    -0.086072874
    -0.085787533
    -0.085495055
    -0.085195479
    -0.084888841
    -0.084575181
    -0.084254538
    -0.083926951
    -0.083592461
    -0.083251109
    -0.082902935
    -0.082547981
    -0.082186290
    -0.081817904
    -0.081442867
    -0.081061222
    -0.080673014
    -0.080278287
    -0.079877087
    -0.079469460
    -0.079055451
    -0.078635108
    -0.078208477
    -0.077775607
    -0.077336544
    -0.076891339
    -0.076440039
    -0.075982695
    -0.075519356
    -0.075050072
    -0.074574894
    -0.074093874
    -0.073607062
    -0.073114512
    -0.072616275
    -0.072112404
    -0.071602953
    -0.071087974
    -0.070567523
    -0.070041653
    -0.069510419
    -0.068973876
    -0.068432081
    -0.067885088
    -0.067332954
    -0.066775735
    -0.066213489
    -0.065646273
    -0.065074144
    -0.064497161
    -0.063915381
    -0.063328863
    -0.062737667
    -0.062141850
    -0.061541474
    -0.060936597
    -0.060327280
    -0.059713583
    -0.059095567
    -0.058473293
    -0.057846822
    -0.057216216
    -0.056581535
    -0.055942843
    -0.055300202
    -0.054653674
    -0.054003322
    -0.053349208
    -0.052691397
    -0.052029951
    -0.051364934
    -0.050696410
    -0.050024443
    -0.049349097
    -0.048670436
    -0.047988526
    -0.047303431
    -0.046615216
    -0.045923946
    -0.045229687
    -0.044532503
    -0.043832461
    -0.043129626
    -0.042424065
    -0.041715842
    -0.041005025
    -0.040291680
    -0.039575873
    -0.038857670
    -0.038137138
    -0.037414344
    -0.036689355
    -0.035962237
    -0.035233058
    -0.034501884
    -0.033768783
    -0.033033822
    -0.032297068
    -0.031558588
    -0.030818450
    -0.030076721
    -0.029333468
    -0.028588759
    -0.027842662
    -0.027095243
    -0.026346571
    -0.025596712
    -0.024845735
    -0.024093706
    -0.023340694
    -0.022586765
    -0.021831988
    -0.021076429
    -0.020320156
    -0.019563236
    -0.018805737
    -0.018047726
    -0.017289269
    -0.016530435
    -0.015771290
    -0.015011901
    -0.014252334
    -0.013492658
    -0.012732938
    -0.011973241
    -0.011213634
    -0.010454183
   -0.0096949542
   -0.0089360140
   -0.0081774283
   -0.0074192632
   -0.0066615844
   -0.0059044575
   -0.0051479481
   -0.0043921216
   -0.0036370430
   -0.0028827776
   -0.0021293900
   -0.0013769451
  -0.00062550739
   0.00012485885
   0.00087408944
    0.0016221204
    0.0023688880
    0.0031143287
    0.0038583792
    0.0046009762
    0.0053420569
    0.0060815585
    0.0068194187
    0.0075555752
    0.0082899660
    0.0090225294
    0.0097532038
     0.010481928
     0.011208641
     0.011933282
     0.012655791
     0.013376107
     0.014094171
     0.014809923
     0.015523304
     0.016234254
     0.016942714
     0.017648628
     0.018351935
     0.019052579
     0.019750502
     0.020445646
     0.021137956
     0.021827373
     0.022513843
     0.023197309
     0.023877715
     0.024555007
     0.025229130
     0.025900029
     0.026567650
     0.027231939
     0.027892843
     0.028550309
     0.029204284
     0.029854716
     0.030501553
     0.031144743
     0.031784236
     0.032419980
     0.033051926
     0.033680023
     0.034304222
     0.034924474
     0.035540730
     0.036152942
     0.036761061
     0.037365041
     0.037964834
     0.038560395
     0.039151675
     0.039738631
     0.040321217
     0.040899387
     0.041473098
     0.042042306
     0.042606966
     0.043167037
     0.043722475
     0.044273238
     0.044819285
     0.045360574
     0.045897065
     0.046428718
     0.046955493
     0.047477350
     0.047994250
     0.048506157
     0.049013030
     0.049514834
     0.050011532
     0.050503086
     0.050989462
     0.051470623
     0.051946536
     0.052417165
     0.052882477
     0.053342438
     0.053797016
     0.054246178
     0.054689893
     0.055128129
     0.055560856
     0.055988043
     0.056409660
     0.056825679
     0.057236070
     0.057640806
     0.058039859
     0.058433201
     0.058820808
     0.059202651
     0.059578706
     0.059948948
     0.060313353
     0.060671896
     0.061024554
     0.061371305
     0.061712127
     0.062046997
     0.062375895
     0.062698799
     0.063015690
     0.063326549
     0.063631356
     0.063930094
     0.064222743
     0.064509288
     0.064789711
     0.065063995
     0.065332127
     0.065594089
     0.065849869
     0.066099451
     0.066342823
     0.066579971
     0.066810884
     0.067035550
     0.067253957
     0.067466095
     0.067671954
     0.067871524
     0.068064797
     0.068251764
     0.068432417
     0.068606749
     0.068774754
     0.068936424
     0.069091756
     0.069240743
     0.069383381
     0.069519666
     0.069649596
     0.069773166
     0.069890376
     0.070001223
     0.070105706
     0.070203824
     0.070295578
     0.070380969
     0.070459996
     0.070532662
     0.070598970
     0.070658921
     0.070712519
     0.070759769
     0.070800673
     0.070835238
     0.070863469
     0.070885372
     0.070900953
     0.070910219
     0.070913179
     0.070909840
     0.070900211
     0.070884301
     0.070862120
     0.070833679
     0.070798988
     0.070758059
     0.070736036
