  -8.1990939e-05
  -0.00043575591
  -0.00033115698
   0.00012227928
   0.00044756611
   0.00030201558
  -0.00016174311
  -0.00045581363
  -0.00027032171
   0.00020005879
   0.00046041413
   0.00023631584
  -0.00023691851
  -0.00046132204
  -0.00020026903
   0.00027201342
   0.00045851006
   0.00016245956
  -0.00030505637
  -0.00045198761
  -0.00012318617
   0.00033577185
   0.00044179128
   8.2758173e-05
  -0.00036390465
  -0.00042799064
  -4.1499374e-05
   0.00038921477
   0.00041067971
  -2.6301920e-07
  -0.00041148785
  -0.00038998406
   4.2194809e-05
   0.00043053279
   0.00036605766
  -8.3957565e-05
  -0.00044618151
  -0.00033907838
   0.00012521646
   0.00045829733
   0.00030925540
  -0.00016563198
  -0.00046676311
  -0.00027681303
   0.00020487809
   0.00047149717
   0.00024200198
  -0.00024263486
  -0.00047244792
  -0.00020509509
   0.00027859024
   0.00046959121
   0.00016638109
  -0.00031244644
  -0.00046293362
  -0.00012616419
   0.00034392162
   0.00045251210
   8.4760786e-05
  -0.00037275404
  -0.00043839698
  -4.2501834e-05
   0.00039869775
   0.00042068356
  -2.7950945e-07
  -0.00042153635
  -0.00039950500
   4.3234883e-05
   0.00044106737
   0.00037501315
  -8.6021434e-05
  -0.00045712007
  -0.00034738996
   0.00012829695
   0.00046955498
   0.00031684981
  -0.00016971404
  -0.00047825324
  -0.00028362475
   0.00020993529
   0.00048312732
   0.00024796827
  -0.00024863516
  -0.00048412555
  -0.00021016072
   0.00028549322
   0.00048122305
   0.00017049923
  -0.00032020103
  -0.00047442132
  -0.00012928905
   0.00035247671
   0.00046376525
   8.6861298e-05
  -0.00038204579
  -0.00044932200
  -4.3551817e-05
   0.00040865863
   0.00043119232
  -2.9246607e-07
  -0.00043208479
  -0.00040950138
   4.4327177e-05
   0.00045212954
   0.00038441698
  -8.8189956e-05
  -0.00046860881
  -0.00035611912
   0.00013153371
   0.00048138121
   0.00032482838
  -0.00017400107
  -0.00049032276
  -0.00029077997
   0.00021524896
   0.00049534689
   0.00025423774
  -0.00025493861
  -0.00049639502
  -0.00021548407
   0.00029274493
   0.00049344311
   0.00017482316
  -0.00032835413
  -0.00048649750
  -0.00013257541
   0.00036146768
   0.00047559415
   8.9071499e-05
  -0.00039181059
  -0.00046080597
  -4.4658251e-05
   0.00041912525
   0.00044223508
  -3.0961476e-07
  -0.00044317687
  -0.00042001286
   4.5473674e-05
   0.00046375826
   0.00039430243
  -9.0471872e-05
  -0.00048069052
  -0.00036529888
   0.00013493704
   0.00049381741
   0.00033321844
  -0.00017851031
  -0.00050301694
  -0.00029830567
   0.00022083755
   0.00050819873
   0.00026083038
  -0.00026157153
  -0.00050930322
  -0.00022108388
   0.00030037572
   0.00050630196
   0.00017937504
  -0.00033692981
  -0.00049920138
  -0.00013603127
   0.00037092969
   0.00048804151
   9.1396270e-05
  -0.00040208775
  -0.00047289166
  -4.5821422e-05
   0.00043014262
   0.00045385824
  -3.2840291e-07
  -0.00045485310
  -0.00043107686
   4.6683343e-05
   0.00047600384
   0.00040471284
  -9.2871940e-05
  -0.00049340897
  -0.00037496239
   0.00013852212
   0.00050691311
   0.00034205272
  -0.00018325995
  -0.00051638558
  -0.00030623022
   0.00022672536
   0.00052173638
   0.00026777511
  -0.00026855734
  -0.00052289854
  -0.00022698015
   0.00030841642
   0.00051984853
   0.00018416802
  -0.00034596843
  -0.00051258869
  -0.00013967265
   0.00038090096
   0.00050115823
   9.3844538e-05
  -0.00041292098
  -0.00048563076
  -4.7047713e-05
   0.00044175594
   0.00046611114
  -3.4680747e-07
  -0.00046716057
  -0.00044274012
   4.7958065e-05
   0.00048891283
   0.00041568727
  -9.5403760e-05
  -0.00050682051
  -0.00038515355
   0.00014230040
   0.00052072038
   0.00035136680
  -0.00018827067
  -0.00053048617
  -0.00031458968
   0.00023293356
   0.00053601359
   0.00027509894
  -0.00027592754
  -0.00053724144
  -0.00023320199
   0.00031689760
   0.00053414002
   0.00018922655
  -0.00035550174
  -0.00052671077
  -0.00014351325
   0.00039142240
   0.00051499840
   9.6427895e-05
  -0.00042435170
  -0.00049907150
  -4.8338095e-05
   0.00045401536
   0.00047904373
  -3.6798733e-07
  -0.00048015357
  -0.00045505233
   4.9304337e-05
   0.00050254096
   0.00042727212
  -9.8079037e-05
  -0.00052098203
  -0.00039591267
   0.00014629407
   0.00053530538
   0.00036120645
  -0.00019356035
  -0.00054537726
  -0.00032341825
   0.00023949095
   0.00055109380
   0.00028283452
  -0.00028371344
  -0.00055239261
  -0.00023977333
   0.00032585959
   0.00054923982
   0.00019456962
  -0.00036557797
  -0.00054163609
  -0.00014757312
   0.00040254129
   0.00052962573
   9.9158378e-05
  -0.00043643406
  -0.00051328016
  -4.9704956e-05
   0.00046697172
   0.00049271352
  -3.8997660e-07
  -0.00049388792
  -0.00046806685
   5.0730197e-05
   0.00051695274
   0.00043952398
  -0.00010090572
  -0.00053595600
  -0.00040729112
   0.00015051459
   0.00055072579
   0.00037160881
  -0.00019915743
  -0.00056112704
  -0.00033275328
   0.00024643190
   0.00056704991
   0.00029101933
  -0.00029195090
  -0.00056842344
  -0.00024672694
   0.00033534124
   0.00056521598
   0.00020022161
  -0.00037624237
  -0.00055743130
  -0.00015186877
   0.00041430980
   0.00054510626
   0.00010204529
  -0.00044922676
  -0.00052832237
  -5.1151041e-05
   0.00048068967
   0.00050718582
  -4.1578654e-07
  -0.00050843379
  -0.00048185059
   5.2238266e-05
   0.00053221297
   0.00045249696
  -0.00010390145
  -0.00055181548
  -0.00041933960
   0.00015499130
   0.00056706674
   0.00038263209
  -0.00020508692
  -0.00057781562
  -0.00034264706
   0.00025378302
   0.00058395400
   0.00029968932
  -0.00030068274
  -0.00058541318
  -0.00025409518
   0.00034539331
   0.00058215215
   0.00020621414
  -0.00038754653
  -0.00057417539
  -0.00015642210
   0.00042678802
   0.00056152131
   0.00010510868
  -0.00046278860
  -0.00054426999
  -5.2681621e-05
   0.00049523984
   0.00052253595
  -4.4205154e-07
  -0.00052386066
  -0.00049646941
   5.3839599e-05
   0.00054840197
   0.00046625890
  -0.00010708169
  -0.00056864487
  -0.00043212687
   0.00015973739
   0.00058440230
   0.00039432600
  -0.00021138165
  -0.00059552669
  -0.00035314513
   0.00026158921
   0.00060190037
   0.00030889520
  -0.00030995019
  -0.00060344825
  -0.00026191702
   0.00035606531
   0.00060013274
   0.00021257498
  -0.00039955122
  -0.00059195530
  -0.00016125457
   0.00044004389
   0.00057895791
   0.00010836292
  -0.00047719460
  -0.00056121088
  -5.4307302e-05
   0.00051069797
   0.00053884431
  -4.7048587e-07
  -0.00054025267
  -0.00051200297
   5.5542058e-05
   0.00056560666
   0.00048088440
  -0.00011046209
  -0.00058653199
  -0.00044571703
   0.00016478525
   0.00060283351
   0.00040675968
  -0.00021807292
  -0.00061435674
  -0.00036430715
   0.00026988913
   0.00062098215
   0.00031868173
  -0.00031980950
  -0.00062263150
  -0.00027023637
   0.00036741823
   0.00061926076
   0.00021934245
  -0.00041232219
  -0.00061087194
  -0.00016639781
   0.00045414487
   0.00059750641
   0.00011181980
  -0.00049253043
  -0.00057924347
  -5.6039743e-05
   0.00052714808
   0.00055619850
  -5.0644959e-07
  -0.00055770689
  -0.00052854109
   5.7356161e-05
   0.00058392673
   0.00049645749
  -0.00011406325
  -0.00060558150
  -0.00046018989
   0.00017016273
   0.00062246503
   0.00042000193
  -0.00022520351
  -0.00063441815
  -0.00037619829
   0.00027873403
   0.00064131528
   0.00032911026
  -0.00033031599
  -0.00064307446
  -0.00027910159
   0.00037951920
   0.00063964835
   0.00022655420
  -0.00042593827
  -0.00063103930
  -0.00017188036
   0.00046918127
   0.00061728626
   0.00011550833
  -0.00050888155
  -0.00059847060
  -5.7882666e-05
   0.00054469887
   0.00057471487
  -5.3963109e-07
  -0.00057632266
  -0.00054618269
   5.9291422e-05
   0.00060347236
   0.00051307385
  -0.00011790499
  -0.00062590827
  -0.00047563426
   0.00017590163
   0.00064341718
   0.00043413614
  -0.00023281384
  -0.00065583167
  -0.00038889129
   0.00028817692
   0.00066302304
   0.00034024350
  -0.00034153547
  -0.00066490396
  -0.00028856763
   0.00039244338
   0.00066142226
   0.00023425520
  -0.00044048394
  -0.00065258238
  -0.00017773551
   0.00048524733
   0.00063841978
   0.00011944836
  -0.00052635461
  -0.00061901681
  -5.9851420e-05
   0.00056345519
   0.00059450094
  -5.8183904e-07
  -0.00059622740
  -0.00056504303
   6.1363028e-05
   0.00062437270
   0.00053084077
  -0.00012201508
  -0.00064764628
  -0.00049214864
   0.00018204461
   0.00066583116
   0.00044925431
  -0.00024095924
  -0.00067874423
  -0.00040247206
   0.00029828294
   0.00068625388
   0.00035215807
  -0.00035354302
  -0.00068826674
  -0.00029869645
   0.00040628195
   0.00068473403
   0.00024250003
  -0.00045605829
  -0.00067564954
  -0.00018400428
   0.00050245346
   0.00066105322
   0.00012366741
  -0.00054507133
  -0.00064102621
  -6.1960272e-05
   0.00058355050
   0.00061570216
  -6.2312938e-07
  -0.00061755135
  -0.00058524985
   6.3585048e-05
   0.00064677187
   0.00054988103
  -0.00012642391
  -0.00067095156
  -0.00050985531
   0.00018862761
   0.00068985981
   0.00046546242
  -0.00024969412
  -0.00070331385
  -0.00041703460
   0.00030912304
   0.00071117000
   0.00036493512
  -0.00036642788
  -0.00071333338
  -0.00030956469
   0.00042112968
   0.00070974741
   0.00025134628
  -0.00047277297
  -0.00070040538
  -0.00019073067
   0.00052092339
   0.00068534746
   0.00012819194
  -0.00056517083
  -0.00066465964
  -6.4223564e-05
   0.00060513154
   0.00063846993
  -6.7120193e-07
  -0.00064045892
  -0.00060695594
   6.5975229e-05
   0.00067084023
   0.00057034037
  -0.00013116146
  -0.00069599561
  -0.00052888305
   0.00019570473
   0.00071568728
   0.00048288262
  -0.00025908789
  -0.00072973062
  -0.00043269082
   0.00032078243
   0.00073796698
   0.00037867823
  -0.00038028427
  -0.00074029344
  -0.00032125389
   0.00043710272
   0.00073665648
   0.00026086180
  -0.00049075944
  -0.00072704382
  -0.00019796641
   0.00054080486
   0.00071149816
   0.00013306335
  -0.00058680613
  -0.00069009965
  -6.6656508e-05
   0.00062837113
   0.00066298628
  -7.2589593e-07
  -0.00066513345
  -0.00063033706
   6.8548799e-05
   0.00069676630
   0.00059237938
  -0.00013626782
  -0.00072297993
  -0.00054938271
   0.00020333825
   0.00074352936
   0.00050166303
  -0.00026921149
  -0.00075820684
  -0.00044956881
   0.00033335284
   0.00076685812
   0.00039349301
  -0.00039523181
  -0.00076937091
  -0.00033385798
   0.00045433828
   0.00076568840
   0.00027112594
  -0.00051017114
  -0.00075579254
  -0.00020577656
   0.00056226179
   0.00073972319
   0.00013832035
  -0.00061016306
  -0.00071756495
  -6.9282741e-05
   0.00065346453
   0.00068945846
  -7.8828032e-07
  -0.00069178488
  -0.00065559022
   7.1333021e-05
   0.00072477821
   0.00061619063
  -0.00014178845
  -0.00075214293
  -0.00057153893
   0.00021158674
   0.00077361991
   0.00052195809
  -0.00028016248
  -0.00078899793
  -0.00046781716
   0.00034694975
   0.00079810497
   0.00040951463
  -0.00041140370
  -0.00080082892
  -0.00034749534
   0.00047298547
   0.00079710096
   0.00028223193
  -0.00053117847
  -0.00078690449
  -0.00021422557
   0.00058549186
   0.00077027768
   0.00014400614
  -0.00063545941
  -0.00074730778
  -7.2122543e-05
   0.00068064892
   0.00071813617
  -8.5624528e-07
  -0.00072066027
  -0.00068295143
   7.4352281e-05
   0.00075513608
   0.00064199576
  -0.00014777551
  -0.00078375736
  -0.00059555641
   0.00022053468
   0.00080625161
   0.00054396780
  -0.00029203907
  -0.00082239346
  -0.00048760819
   0.00036170387
   0.00083200723
   0.00042689759
  -0.00042895363
  -0.00083496704
  -0.00036229262
   0.00049322927
   0.00083120010
   0.00029428427
  -0.00055399275
  -0.00082068944
  -0.00022339781
   0.00061072626
   0.00080346803
   0.00015018206
  -0.00066294243
  -0.00077962255
  -7.5205423e-05
   0.00071019269
   0.00074930254
  -9.3391154e-07
  -0.00075205186
  -0.00071269645
   7.7638355e-05
   0.00078814866
   0.00067005711
  -0.00015429070
  -0.00081814717
  -0.00062168265
   0.00023027114
   0.00084175598
   0.00056791410
  -0.00030496887
  -0.00085874312
  -0.00050914985
   0.00037776724
   0.00086891744
   0.00044582262
  -0.00044806639
  -0.00087214421
  -0.00037840497
   0.00051528538
   0.00086834999
   0.00030741503
  -0.00057885270
  -0.00085750562
  -0.00023339255
   0.00063823115
   0.00083964528
   0.00015691006
  -0.00069291141
  -0.00081486045
  -7.8566714e-05
   0.00074241429
   0.00078329460
  -1.0232505e-06
  -0.00078630285
  -0.00074515091
   8.1226913e-05
   0.00082417811
   0.00070068335
  -0.00016140517
  -0.00085569031
  -0.00065020337
   0.00024090839
   0.00088053103
   0.00059406487
  -0.00031909669
  -0.00089845341
  -0.00053268097
   0.00039532455
   0.00090925332
   0.00046650000
  -0.00046896651
  -0.00091279118
  -0.00039602130
   0.00053940345
   0.00090897448
   0.00032177236
  -0.00060604684
  -0.00089777708
  -0.00024432014
   0.00066833308
   0.00087923589
   0.00016427063
  -0.00072571624
  -0.00085343168
  -8.2239210e-05
   0.00077770117
   0.00082051830
  -1.1260935e-06
  -0.00082382296
  -0.00078070155
   8.5165224e-05
   0.00086366196
   0.00073424502
  -0.00016920716
  -0.00089684512
  -0.00068146643
   0.00025257811
   0.00092305448
   0.00062274381
  -0.00033459493
  -0.00094201412
  -0.00055849312
   0.00041459376
   0.00095351893
   0.00048919351
  -0.00049190575
  -0.00095740622
  -0.00041535327
   0.00056589279
   0.00095358693
   0.00033753412
  -0.00063592668
  -0.00094202330
  -0.00025632653
   0.00070141164
   0.00092274352
   0.00017235563
  -0.00076178202
  -0.00089583741
  -8.6274131e-05
   0.00081650795
   0.00086145612
  -1.2435350e-06
  -0.00086510113
  -0.00081981277
   8.9505264e-05
   0.00090711879
   0.00077118265
  -0.00017780286
  -0.00094216060
  -0.00071589094
   0.00026543136
   0.00096988833
   0.00065432751
  -0.00035167900
  -0.00099001658
  -0.00058693647
   0.00043583496
    0.0010023118
   0.00051420445
  -0.00051720736
   -0.0010066088
  -0.00043667095
   0.00059511703
    0.0010028038
   0.00035491982
  -0.00066890387
  -0.00099085377
  -0.00026957041
   0.00073793764
   0.00097078186
   0.00018127676
  -0.00080162124
  -0.00094267803
  -9.0724262e-05
   0.00085939287
   0.00090669492
  -1.3800336e-06
  -0.00091073549
  -0.00086305177
   9.4308815e-05
   0.00095517841
   0.00081203181
  -0.00018731977
  -0.00099229920
  -0.00075397662
   0.00027966672
    0.0010217338
   0.00068929075
  -0.00037059833
   -0.0010431724
  -0.00061843165
   0.00045937138
    0.0010563694
   0.00054191213
  -0.00054525271
   -0.0010611438
  -0.00046029690
   0.00062752337
    0.0010573784
   0.00037419522
  -0.00070548767
   -0.0010450244
  -0.00028425958
   0.00077847498
    0.0010240965
   0.00019117315
  -0.00084585557
  -0.00099468621
  -9.5658573e-05
   0.00090703135
   0.00095694743
  -1.5408118e-06
  -0.00096145317
  -0.00091110658
   9.9656792e-05
    0.0010086165
   0.00085745319
  -0.00019790984
   -0.0010480724
  -0.00079634337
   0.00029551169
    0.0010794302
   0.00072819763
  -0.00039167033
   -0.0011023593
  -0.00065349706
   0.00048559602
    0.0011165905
   0.00057277573
  -0.00057651401
   -0.0011219262
  -0.00048662543
   0.00066366254
    0.0011182359
   0.00039568628
  -0.00074630190
   -0.0011054575
  -0.00030063924
   0.00082372640
    0.0010836080
   0.00020221271
  -0.00089525609
   -0.0010527668
  -0.00010115846
   0.00096026344
    0.0010130997
  -1.7280460e-06
   -0.0010181498
  -0.00096482600
   0.00010564834
    0.0010683868
   0.00090825403
  -0.00020977243
   -0.0011104911
  -0.00084375571
   0.00031326076
    0.0011440346
   0.00077176142
  -0.00041528164
   -0.0011686660
  -0.00069277814
   0.00051499567
    0.0011840927
   0.00060736767
  -0.00061157663
   -0.0011900932
  -0.00051614698
   0.00070421907
    0.0011865252
   0.00041979363
  -0.00079213174
   -0.0011733119
  -0.00031902333
   0.00087456294
    0.0011504628
   0.00021460480
  -0.00095078623
   -0.0011180531
  -0.00010733222
    0.0010201295
    0.0010762480
  -1.9566407e-06
   -0.0010819568
   -0.0010252798
   0.00011240621
    0.0011356901
   0.00096545765
  -0.00022314378
   -0.0011808131
  -0.00089717036
   0.00033327797
    0.0012168645
   0.00082086948
  -0.00044192186
   -0.0012434596
  -0.00073708337
   0.00054818477
    0.0012602818
   0.00064640629
  -0.00065118104
   -0.0012670808
  -0.00054948304
   0.00075005448
    0.0012636983
   0.00044703015
  -0.00084395765
   -0.0012500410
  -0.00033980283
   0.00093208588
    0.0012261082
   0.00022861329
   -0.0010136624
   -0.0011919737
  -0.00011430880
    0.0010879576
    0.0011477953
  -2.2286875e-06
   -0.0011542929
   -0.0010938148
   0.00012008614
    0.0012120406
    0.0010303489
  -0.00023833720
   -0.0012606442
  -0.00095780522
   0.00035602801
    0.0012995982
   0.00087665258
  -0.00047221374
   -0.0013284819
  -0.00078744471
   0.00058594304
    0.0013469462
   0.00069080508
  -0.00069627210
   -0.0013547197
  -0.00058742391
   0.00080227035
    0.0013516072
   0.00047804493
  -0.00090304068
   -0.0013375084
  -0.00036347815
   0.00099770878
    0.0013124028
   0.00024458058
   -0.0010854406
   -0.0012763584
  -0.00012225354
    0.0011654482
    0.0012295322
  -2.5618960e-06
   -0.0012369943
   -0.0011721679
   0.00012889334
    0.0012993988
    0.0011045941
  -0.00025574766
   -0.0013520493
   -0.0010272274
   0.00038211301
    0.0013944024
   0.00094056808
  -0.00050696711
   -0.0014259874
  -0.00084519378
   0.00062928928
    0.0014464146
   0.00074175891
  -0.00074806647
   -0.0014553785
  -0.00063099029
   0.00086230189
    0.0014526631
   0.00051368608
  -0.00097101679
   -0.0014381358
  -0.00039069916
    0.0010732713
    0.0014117635
   0.00026294510
   -0.0011681590
   -0.0013736019
  -0.00013138559
    0.0012548225
    0.0013238016
  -2.9758314e-06
   -0.0013324608
   -0.0012626119
   0.00013909464
    0.0014003279
    0.0011903690
  -0.00027590447
   -0.0014577492
   -0.0011075034
   0.00041231933
    0.0015041261
    0.0010145384
  -0.00054723811
   -0.0015389351
  -0.00091207983
   0.00067956224
    0.0015617439
   0.00080082431
  -0.00080819037
   -0.0015722004
  -0.00068153941
   0.00093204213
    0.0015700500
   0.00055506823
   -0.0010500615
   -0.0015551381
  -0.00042232774
    0.0011612180
    0.0015274030
   0.00028429199
   -0.0012645248
   -0.0014868853
  -0.00014199070
    0.0013590451
    0.0014337307
  -3.4938649e-06
   -0.0014438929
   -0.0013681805
   0.00015104583
    0.0015182531
    0.0012905846
  -0.00029951029
   -0.0015813761
   -0.0012013877
   0.00044771273
    0.0016325932
    0.0011011352
  -0.00059446205
   -0.0016713187
  -0.00099046597
   0.00073856253
    0.0016970581
   0.00087011187
  -0.00087882109
   -0.0017094118
  -0.00074089192
    0.0010140563
    0.0017080778
   0.00060370366
   -0.0011431140
   -0.0016928639
  -0.00045952882
    0.0012648626
    0.0016636756
   0.00030941003
   -0.0013782190
   -0.0016205333
  -0.00015445721
    0.0014821473
    0.0015635673
  -4.1638410e-06
   -0.0015756681
   -0.0014930170
   0.00016524058
    0.0016578667
    0.0014092270
  -0.00032753134
   -0.0017279152
   -0.0013126655
   0.00048975077
    0.0017850544
    0.0012038970
  -0.00065060169
   -0.0018286183
   -0.0010835903
   0.00080878139
    0.0018580439
   0.00095252393
  -0.00096297858
   -0.0018728621
  -0.00081156682
    0.0011118969
    0.0018727139
   0.00066168082
   -0.0012542603
   -0.0018573522
  -0.00050391370
    0.0013888238
    0.0018266469
   0.00033939514
   -0.0015143793
   -0.0017805822
  -0.00016932324
    0.0016297711
    0.0017192623
  -5.0421664e-06
   -0.0017339072
   -0.0016429167
   0.00018238199
    0.0018257606
    0.0015518928
  -0.00036133483
   -0.0019043865
   -0.0014466623
   0.00054049892
    0.0019689222
    0.0013278105
  -0.00071845237
   -0.0020186049
   -0.0011960429
   0.00089375609
    0.0020527751
    0.0010521811
   -0.0010649614
   -0.0020708762
  -0.00089714827
    0.0012306329
    0.0020724726
   0.00073197515
   -0.0013893506
   -0.0020572500
  -0.00055779219
    0.0015397200
    0.0020250150
   0.00037581595
   -0.0016803904
   -0.0019757081
  -0.00018735167
    0.0018100548
    0.0019093926
  -6.2316520e-06
   -0.0019274802
   -0.0018262792
   0.00020348490
    0.0020314905
    0.0017266982
  -0.00040291690
   -0.0021210044
   -0.0016111267
   0.00060297863
    0.0021950193
    0.0014801608
  -0.00080210063
   -0.0022526471
   -0.0013345402
   0.00099867957
    0.0022931013
    0.0011751275
   -0.0011911023
   -0.0023157119
   -0.0010029061
    0.0013777596
    0.0023199375
   0.00081898181
   -0.0015570505
   -0.0023053636
  -0.00062456836
    0.0017274045
    0.0022717189
   0.00042099310
   -0.0018872779
   -0.0022188624
  -0.00020966981
    0.0020351868
    0.0021468075
  -7.8920266e-06
   -0.0021697041
   -0.0020557140
   0.00023010147
    0.0022894711
    0.0019458840
  -0.00045530673
   -0.0023932217
   -0.0018177778
   0.00068179133
    0.0024797813
    0.0016720034
  -0.00090779170
   -0.0025480787
   -0.0015093141
    0.0011315120
    0.0025971600
    0.0013306068
   -0.0013511393
   -0.0026262044
   -0.0011369309
    0.0015648393
    0.0026345127
   0.00092946137
   -0.0017707911
   -0.0026215342
  -0.00070950819
    0.0019671905
    0.0025868681
   0.00047850755
   -0.0021522631
   -0.0025302687
  -0.00023801416
    0.0023242753
    0.0024516456
  -1.0314225e-05
   -0.0024815564
   -0.0023510761
   0.00026471963
    0.0026225063
    0.0022288052
  -0.00052335504
   -0.0027456085
   -0.0020852466
   0.00078429620
    0.0028494414
    0.0019209806
   -0.0010455582
   -0.0029326963
   -0.0017367599
    0.0013051026
    0.0029941855
    0.0015335054
   -0.0015608510
   -0.0030328505
   -0.0013122997
    0.0018107046
    0.0030477803
    0.0010743909
   -0.0020525502
   -0.0030382124
  -0.00082117980
    0.0022842814
    0.0030035470
   0.00055421733
   -0.0025038116
   -0.0029433548
  -0.00027519776
    0.0027090888
    0.0028573843
  -1.4046886e-05
   -0.0028981039
   -0.0027455577
   0.00031157047
    0.0030689243
    0.0026079967
  -0.00061530044
   -0.0032196854
   -0.0024450052
   0.00092306775
    0.0033486201
    0.0022570814
   -0.0012326131
   -0.0034540704
   -0.0020449199
    0.0015415981
    0.0035344995
    0.0018094098
   -0.0018476201
   -0.0035885044
   -0.0015516329
    0.0021482278
    0.0036148303
    0.0012728627
   -0.0024409340
   -0.0036123800
  -0.00097455731
    0.0027232373
    0.0035802330
   0.00065836483
   -0.0029926245
   -0.0035176406
  -0.00032610097
    0.0032466045
    0.0034240544
  -2.0237942e-05
   -0.0034827025
   -0.0032991104
   0.00037850954
    0.0036985049
    0.0031426661
  -0.00074640468
   -0.0038916463
   -0.0029547800
    0.0011214811
    0.0040598448
    0.0027357316
   -0.0015011636
   -0.0042009103
   -0.0024860207
    0.0018827584
    0.0043127599
    0.0022063684
   -0.0022634689
   -0.0043934375
   -0.0018977240
    0.0026404023
    0.0044411185
    0.0015612540
   -0.0030105976
   -0.0044541408
   -0.0011983595
    0.0033710203
    0.0044309968
   0.00081065555
   -0.0037185929
   -0.0043703568
  -0.00039997199
    0.0040502119
    0.0042710876
  -3.1637975e-05
   -0.0043627473
   -0.0041322454
   0.00048191988
    0.0046530716
    0.0039530948
  -0.00094842029
   -0.0049180760
   -0.0037331222
    0.0014284833
    0.0051546703
    0.0034720250
   -0.0019192796
   -0.0053598193
   -0.0031697385
    0.0024177948
    0.0055305394
    0.0028264270
   -0.0029208476
   -0.0056639147
   -0.0024424861
    0.0034251026
    0.0057571127
    0.0020185466
   -0.0039270806
   -0.0058073988
   -0.0015554818
    0.0044231595
    0.0058121357
    0.0010543975
   -0.0049095892
   -0.0057687916
  -0.00051662541
    0.0053825103
    0.0056749591
  -5.6264275e-05
   -0.0058379442
   -0.0055283405
   0.00066248466
    0.0062718140
    0.0053267597
   -0.0013000290
   -0.0066799424
   -0.0050681533
    0.0019666838
    0.0070580577
    0.0047505651
   -0.0026600380
   -0.0074017980
   -0.0043721439
    0.0033774814
    0.0077066918
    0.0039311102
   -0.0041162319
   -0.0079681651
   -0.0034257484
    0.0048733342
    0.0081815142
    0.0028543665
   -0.0056456824
   -0.0083418924
   -0.0022152675
    0.0064300215
    0.0084442672
    0.0015066928
   -0.0072229629
   -0.0084833731
  -0.00072675478
    0.0080210021
    0.0084536547
  -0.00012663703
   -0.0088205205
   -0.0083491715
    0.0010558890
    0.0096178020
    0.0081634900
   -0.0020638515
    -0.010409034
   -0.0078895236
    0.0031539960
     0.011190308
    0.0075193247
   -0.0043306449
    -0.011957624
   -0.0070438099
    0.0055992656
     0.012706867
    0.0064523726
   -0.0069668772
    -0.013433785
   -0.0057323635
    0.0084425903
     0.014133937
    0.0048683547
    -0.010038363
    -0.014802614
   -0.0038411038
     0.011770054
     0.015434703
    0.0026260439
    -0.013658958
    -0.016024466
   -0.0011910600
     0.015734038
     0.016565166
  -0.00050692706
    -0.018035367
    -0.017048455
    0.0025272973
     0.020619476
     0.017463266
   -0.0049544747
    -0.023568121
    -0.017793816
    0.0079128338
     0.027003198
     0.018015701
    -0.011593580
    -0.031113636
    -0.018087819
     0.016306519
     0.036207186
     0.017934095
    -0.022588506
    -0.042818880
    -0.017396997
     0.031457443
     0.051965037
     0.016099584
    -0.045105779
    -0.065836770
    -0.012931345
     0.069285940
     0.090185429
    0.0032619670
     -0.12559900
     -0.14661127
     0.055499549
      0.44674577
      0.83676583
       1.0000000
      0.83676583
      0.44674576
     0.055499548
     -0.14661127
     -0.12559900
    0.0032619671
     0.090185429
     0.069285940
    -0.012931345
    -0.065836769
    -0.045105778
     0.016099585
     0.051965036
     0.031457443
    -0.017396998
    -0.042818881
    -0.022588506
     0.017934096
     0.036207187
     0.016306519
    -0.018087820
    -0.031113638
    -0.011593582
     0.018015700
     0.027003197
    0.0079128339
    -0.017793816
    -0.023568120
   -0.0049544737
     0.017463268
     0.020619477
    0.0025272978
    -0.017048455
    -0.018035368
  -0.00050692861
     0.016565165
     0.015734038
   -0.0011910595
    -0.016024465
    -0.013658957
    0.0026260445
     0.015434703
     0.011770055
   -0.0038411030
    -0.014802614
    -0.010038363
    0.0048683534
     0.014133935
    0.0084425898
   -0.0057323630
    -0.013433784
   -0.0069668764
    0.0064523729
     0.012706867
    0.0055992656
   -0.0070438097
    -0.011957624
   -0.0043306446
    0.0075193245
     0.011190307
    0.0031539950
   -0.0078895245
    -0.010409034
   -0.0020638519
    0.0081634900
    0.0096178024
    0.0010558898
   -0.0083491706
   -0.0088205197
  -0.00012663676
    0.0084536542
    0.0080210011
  -0.00072675590
   -0.0084833740
   -0.0072229632
    0.0015066929
    0.0084442674
    0.0064300216
   -0.0022152675
   -0.0083418923
   -0.0056456819
    0.0028543676
    0.0081815157
    0.0048733357
   -0.0034257474
   -0.0079681650
   -0.0041162326
    0.0039311089
    0.0077066904
    0.0033774803
   -0.0043721444
   -0.0074017979
   -0.0026600374
    0.0047505662
    0.0070580590
    0.0019666849
   -0.0050681527
   -0.0066799427
   -0.0013000302
    0.0053267580
    0.0062718123
   0.00066248333
   -0.0055283411
   -0.0058379440
  -5.6263547e-05
    0.0056749601
    0.0053825113
  -0.00051662481
   -0.0057687917
   -0.0049095899
    0.0010543965
    0.0058121351
    0.0044231596
   -0.0015554809
   -0.0058073977
   -0.0039270797
    0.0020185471
    0.0057571129
    0.0034251028
   -0.0024424859
   -0.0056639148
   -0.0029208483
    0.0028264257
    0.0055305381
    0.0024177940
   -0.0031697385
   -0.0053598188
   -0.0019192789
    0.0034720255
    0.0051546707
    0.0014284839
   -0.0037331215
   -0.0049180754
  -0.00094842017
    0.0039530943
    0.0046530709
   0.00048191936
   -0.0041322454
   -0.0043627470
  -3.1637814e-05
    0.0042710873
    0.0040502112
  -0.00039997280
   -0.0043703574
   -0.0037185931
   0.00081065568
    0.0044309971
    0.0033710207
   -0.0011983591
   -0.0044541405
   -0.0030105977
    0.0015612537
    0.0044411183
    0.0026404026
   -0.0018977232
   -0.0043934365
   -0.0022634685
    0.0022063679
    0.0043127587
    0.0018827573
   -0.0024860211
   -0.0042009098
   -0.0015011630
    0.0027357317
    0.0040598442
    0.0011214803
   -0.0029547804
   -0.0038916460
  -0.00074640390
    0.0031426669
    0.0036985054
   0.00037850965
   -0.0032991106
   -0.0034827029
  -2.0238796e-05
    0.0034240532
    0.0032466032
  -0.00032610174
   -0.0035176404
   -0.0029926235
   0.00065836610
    0.0035802338
    0.0027232374
  -0.00097455765
   -0.0036123803
   -0.0024409340
    0.0012728629
    0.0036148302
    0.0021482274
   -0.0015516332
   -0.0035885044
   -0.0018476197
    0.0018094104
    0.0035345000
    0.0015415983
   -0.0020449198
   -0.0034540702
   -0.0012326127
    0.0022570818
    0.0033486203
   0.00092306807
   -0.0024450046
   -0.0032196845
  -0.00061529981
    0.0026079965
    0.0030689228
   0.00031156811
   -0.0027455599
   -0.0028981052
  -1.4046859e-05
    0.0028573851
    0.0027090897
  -0.00027519725
   -0.0029433546
   -0.0025038112
   0.00055421819
    0.0030035480
    0.0022842820
  -0.00082117996
   -0.0030382133
   -0.0020525513
    0.0010743902
    0.0030477802
    0.0018107050
   -0.0013122992
   -0.0030328500
   -0.0015608507
    0.0015335056
    0.0029941856
    0.0013051027
   -0.0017367599
   -0.0029326964
   -0.0010455584
    0.0019209801
    0.0028494407
   0.00078429559
   -0.0020852468
   -0.0027456081
  -0.00052335414
    0.0022288060
    0.0026225064
   0.00026471883
   -0.0023510773
   -0.0024815573
  -1.0314109e-05
    0.0024516468
    0.0023242770
  -0.00023801287
   -0.0025302682
   -0.0021522634
   0.00047850690
    0.0025868676
    0.0019671903
  -0.00070950830
   -0.0026215344
   -0.0017707915
   0.00092946091
    0.0026345123
    0.0015648391
   -0.0011369309
   -0.0026262041
   -0.0013511387
    0.0013306076
    0.0025971607
    0.0011315123
   -0.0015093145
   -0.0025480796
  -0.00090779264
    0.0016720029
    0.0024797813
   0.00068179158
   -0.0018177778
   -0.0023932223
  -0.00045530749
    0.0019458837
    0.0022894717
   0.00023010287
   -0.0020557126
   -0.0021697036
  -7.8925006e-06
    0.0021468066
    0.0020351864
  -0.00020966922
   -0.0022188612
   -0.0018872770
   0.00042099279
    0.0022717172
    0.0017274024
  -0.00062456995
   -0.0023053640
   -0.0015570500
   0.00081898251
    0.0023199378
    0.0013777593
   -0.0010029064
   -0.0023157118
   -0.0011911016
    0.0011751285
    0.0022931022
   0.00099868014
   -0.0013345399
   -0.0022526468
  -0.00080210028
    0.0014801612
    0.0021950198
   0.00060297908
   -0.0016111262
   -0.0021210042
  -0.00040291702
    0.0017266976
    0.0020314896
   0.00020348412
   -0.0018262794
   -0.0019274797
  -6.2308676e-06
    0.0019093932
    0.0018100547
  -0.00018735216
   -0.0019757086
   -0.0016803906
   0.00037581596
    0.0020250148
    0.0015397193
  -0.00055779313
   -0.0020572507
   -0.0013893507
   0.00073197577
    0.0020724735
    0.0012306335
  -0.00089714819
   -0.0020708766
   -0.0010649618
    0.0010521808
    0.0020527749
   0.00089375581
   -0.0011960432
   -0.0020186050
  -0.00071845205
    0.0013278113
    0.0019689230
   0.00054049943
   -0.0014466624
   -0.0019043870
  -0.00036133518
    0.0015518929
    0.0018257611
   0.00018238258
   -0.0016429164
   -0.0017339074
  -5.0427013e-06
    0.0017192617
    0.0016297708
  -0.00016932349
   -0.0017805825
   -0.0015143796
   0.00033939471
    0.0018266466
    0.0013888235
  -0.00050391379
   -0.0018573522
   -0.0012542603
   0.00066168081
    0.0018727139
    0.0011118971
  -0.00081156652
   -0.0018728618
  -0.00096297858
   0.00095252361
    0.0018580433
   0.00080878077
   -0.0010835907
   -0.0018286183
  -0.00065060136
    0.0012038974
    0.0017850548
   0.00048975103
   -0.0013126652
   -0.0017279149
  -0.00032753068
    0.0014092278
    0.0016578675
   0.00016524104
   -0.0014930170
   -0.0015756684
  -4.1642267e-06
    0.0015635670
    0.0014821471
  -0.00015445754
   -0.0016205339
   -0.0013782198
   0.00030940938
    0.0016636753
    0.0012648628
  -0.00045952839
   -0.0016928636
   -0.0011431140
   0.00060370365
    0.0017080780
    0.0010140571
  -0.00074089076
   -0.0017094109
  -0.00087882079
   0.00087011135
    0.0016970572
   0.00073856191
  -0.00099046581
   -0.0016713179
  -0.00059446118
    0.0011011353
    0.0016325923
   0.00044771099
   -0.0012013895
   -0.0015813772
  -0.00029951032
    0.0012905853
    0.0015182539
   0.00015104637
   -0.0013681803
   -0.0014438927
  -3.4934900e-06
    0.0014337313
    0.0013590456
  -0.00014199078
   -0.0014868862
   -0.0012645264
   0.00028429049
    0.0015274022
    0.0011612184
  -0.00042232648
   -0.0015551366
   -0.0010500605
   0.00055506855
    0.0015700498
   0.00093204177
  -0.00068153958
   -0.0015722004
  -0.00080819047
   0.00080082392
    0.0015617433
   0.00067956181
  -0.00091207985
   -0.0015389347
  -0.00054723762
    0.0010145388
    0.0015041262
   0.00041231944
   -0.0011075032
   -0.0014577490
  -0.00027590459
    0.0011903684
    0.0014003271
   0.00013909440
   -0.0012626112
   -0.0013324593
  -2.9743963e-06
    0.0013238020
    0.0012548214
  -0.00013138763
   -0.0013736038
   -0.0011681599
   0.00026294555
    0.0014117648
    0.0010732728
  -0.00039069809
   -0.0014381352
  -0.00097101667
   0.00051368578
    0.0014526622
   0.00086230058
  -0.00063099170
   -0.0014553793
  -0.00074806628
   0.00074176011
    0.0014464162
   0.00062929054
  -0.00084519332
   -0.0014259877
  -0.00050696768
   0.00094056756
    0.0013944020
   0.00038211248
   -0.0010272281
   -0.0013520499
  -0.00025574791
    0.0011045945
    0.0012993997
   0.00012889419
   -0.0011721676
   -0.0012369946
  -2.5624421e-06
    0.0012295319
    0.0011654485
  -0.00012225267
   -0.0012763575
   -0.0010854400
   0.00024458053
    0.0013124023
   0.00099770801
  -0.00036347880
   -0.0013375088
  -0.00090304085
   0.00047804484
    0.0013516072
   0.00080227043
  -0.00058742360
   -0.0013547192
  -0.00069627138
   0.00069080574
    0.0013469466
   0.00058594302
  -0.00078744509
   -0.0013284825
  -0.00047221434
   0.00087665220
    0.0012995981
   0.00035602838
  -0.00095780456
   -0.0012606435
  -0.00023833664
    0.0010303491
    0.0012120405
   0.00012008592
   -0.0010938149
   -0.0011542928
  -2.2284677e-06
    0.0011477955
    0.0010879576
  -0.00011430911
   -0.0011919744
   -0.0010136632
   0.00022861239
    0.0012261074
   0.00093208514
  -0.00033980348
   -0.0012500416
  -0.00084395832
   0.00044702953
    0.0012636979
   0.00075005458
  -0.00054948242
   -0.0012670799
  -0.00065118016
   0.00064640675
    0.0012602817
   0.00054818447
  -0.00073708350
   -0.0012434593
  -0.00044192110
   0.00082087041
    0.0012168653
   0.00033327859
  -0.00089716987
   -0.0011808126
  -0.00022314349
   0.00096545763
    0.0011356897
   0.00011240567
   -0.0010252800
   -0.0010819563
  -1.9554159e-06
    0.0010762495
    0.0010201303
  -0.00010733251
   -0.0011180546
  -0.00095078849
   0.00021460258
    0.0011504613
   0.00087456237
  -0.00031902316
   -0.0011733115
  -0.00079213154
   0.00041979346
    0.0011865249
   0.00070421895
  -0.00051614660
   -0.0011900924
  -0.00061157580
   0.00060736811
    0.0011840927
   0.00051499544
  -0.00069277808
   -0.0011686654
  -0.00041528069
   0.00077176224
    0.0011440350
   0.00031326081
  -0.00084375538
   -0.0011104900
  -0.00020977079
   0.00090825538
    0.0010683868
   0.00010564663
  -0.00096482898
   -0.0010181528
  -1.7301005e-06
    0.0010130991
   0.00096026377
  -0.00010115792
   -0.0010527665
  -0.00089525603
   0.00020221293
    0.0010836086
   0.00082372712
  -0.00030063893
   -0.0011054580
  -0.00074630317
   0.00039568489
    0.0011182351
   0.00066366294
  -0.00048662404
   -0.0011219245
  -0.00057651253
   0.00057277648
    0.0011165906
   0.00048559574
  -0.00065349723
   -0.0011023592
  -0.00039166986
   0.00072819812
    0.0010794304
   0.00029551154
  -0.00079634379
   -0.0010480728
  -0.00019791010
   0.00085745321
    0.0010086167
   9.9657016e-05
  -0.00091110648
  -0.00096145321
  -1.5409350e-06
   0.00095694733
   0.00090703132
  -9.5658602e-05
  -0.00099468638
  -0.00084585599
   0.00019117251
    0.0010240958
   0.00077847453
  -0.00028425964
   -0.0010450241
  -0.00070548722
   0.00037419561
    0.0010573787
   0.00062752365
  -0.00046029647
   -0.0010611432
  -0.00054525209
   0.00054191256
    0.0010563695
   0.00045937140
  -0.00061843166
   -0.0010431724
  -0.00037059873
   0.00068928985
    0.0010217325
   0.00027966553
  -0.00075397715
  -0.00099229889
  -0.00018731898
   0.00081203240
   0.00095517834
   9.4308197e-05
  -0.00086305232
  -0.00091073538
  -1.3791677e-06
   0.00090669610
   0.00085939378
  -9.0723914e-05
  -0.00094267807
  -0.00080162136
   0.00018127667
   0.00097078159
   0.00073793697
  -0.00026957137
  -0.00099085454
  -0.00066890396
   0.00035492046
    0.0010028047
   0.00059511753
  -0.00043667114
   -0.0010066094
  -0.00051720778
   0.00051420454
    0.0010023123
   0.00043583537
  -0.00058693641
  -0.00099001676
  -0.00035167906
   0.00065432776
   0.00096988869
   0.00026543137
  -0.00071589157
  -0.00094216171
  -0.00017780395
   0.00077118201
   0.00090711871
   8.9505500e-05
  -0.00081981247
  -0.00086510079
  -1.2429967e-06
   0.00086145690
   0.00081650871
  -8.6273842e-05
  -0.00089583786
  -0.00076178298
   0.00017235481
   0.00092274348
   0.00070141253
  -0.00025632518
  -0.00094202229
  -0.00063592658
   0.00033753328
   0.00095358565
   0.00056589174
  -0.00041535367
  -0.00095740598
  -0.00049190521
   0.00048919398
   0.00095351913
   0.00041459373
  -0.00055849324
  -0.00094201421
  -0.00033459501
   0.00062274366
   0.00092305420
   0.00025257776
  -0.00068146669
  -0.00089684512
  -0.00016920680
   0.00073424571
   0.00086366287
   8.5166204e-05
  -0.00078070066
  -0.00082382230
  -1.1257704e-06
   0.00082051826
   0.00077770087
  -8.2239613e-05
  -0.00085343206
  -0.00072571668
   0.00016426988
   0.00087923457
   0.00066833116
  -0.00024432228
  -0.00089777878
  -0.00060604751
   0.00032177294
   0.00090897609
   0.00053940562
  -0.00039601907
  -0.00091278927
  -0.00046896525
   0.00046650033
   0.00090925262
   0.00039532308
  -0.00053268248
  -0.00089845409
  -0.00031909606
   0.00059406653
   0.00088053277
   0.00024090920
  -0.00065020387
  -0.00085569165
  -0.00016140644
   0.00070068284
   0.00082417839
   8.1227464e-05
  -0.00074515057
  -0.00078630279
  -1.0231494e-06
   0.00078329502
   0.00074241493
  -7.8566302e-05
  -0.00081486061
  -0.00069291204
   0.00015690946
   0.00083964518
   0.00063823161
  -0.00023339194
  -0.00085750538
  -0.00057885302
   0.00030741434
   0.00086834927
   0.00051528475
  -0.00037840567
  -0.00087214513
  -0.00044806740
   0.00044582195
   0.00086891752
   0.00037776809
  -0.00050914867
  -0.00085874217
  -0.00030496834
   0.00056791448
   0.00084175664
   0.00023027220
  -0.00062168158
  -0.00081814673
  -0.00015429124
   0.00067005583
   0.00078814736
   7.7637689e-05
  -0.00071269637
  -0.00075205149
  -9.3382764e-07
   0.00074930207
   0.00071019191
  -7.5206059e-05
  -0.00077962277
  -0.00066294237
   0.00015018200
   0.00080346760
   0.00061072562
  -0.00022339822
  -0.00082068917
  -0.00055399171
   0.00029428577
   0.00083120152
   0.00049323014
  -0.00036229254
  -0.00083496772
  -0.00042895487
   0.00042689607
   0.00083200574
   0.00036170273
  -0.00048760876
  -0.00082239341
  -0.00029203853
   0.00054396867
   0.00080625266
   0.00022053586
  -0.00059555512
  -0.00078375611
  -0.00014777454
   0.00064199622
   0.00075513595
   7.4351737e-05
  -0.00068295210
  -0.00072066084
  -8.5669738e-07
   0.00071813572
   0.00068064836
  -7.2123185e-05
  -0.00074730834
  -0.00063545976
   0.00014400604
   0.00077027776
   0.00058549207
  -0.00021422525
  -0.00078690409
  -0.00053117810
   0.00028223207
   0.00079710073
   0.00047298495
  -0.00034749583
  -0.00080082907
  -0.00041140343
   0.00040951506
   0.00079810517
   0.00034694953
  -0.00046781760
  -0.00078899816
  -0.00028016220
   0.00052195877
   0.00077362057
   0.00021158695
  -0.00057153924
  -0.00075214345
  -0.00014178876
   0.00061619071
   0.00072477857
   7.1333385e-05
  -0.00065559003
  -0.00069178480
  -7.8818370e-07
   0.00068945858
   0.00065346449
  -6.9283191e-05
  -0.00071756587
  -0.00061016424
   0.00013831935
   0.00073972274
   0.00056226202
  -0.00020577587
  -0.00075579179
  -0.00051017077
   0.00027112568
   0.00076568756
   0.00045433725
  -0.00033385868
  -0.00076937088
  -0.00039523102
   0.00039349418
   0.00076685908
   0.00033335318
  -0.00044956911
  -0.00075820743
  -0.00026921196
   0.00050166285
   0.00074352936
   0.00020333827
  -0.00054938265
  -0.00072297963
  -0.00013626719
   0.00059238015
   0.00069676673
   6.8548501e-05
  -0.00063033800
  -0.00066513444
  -7.2622002e-07
   0.00066298694
   0.00062837249
  -6.6655138e-05
  -0.00069009886
  -0.00058680609
   0.00013306289
   0.00071149754
   0.00054080425
  -0.00019796699
  -0.00072704433
  -0.00049075971
   0.00026086195
   0.00073665698
   0.00043710316
  -0.00032125398
  -0.00074029427
  -0.00038028551
   0.00037867728
   0.00073796695
   0.00032078352
  -0.00043268898
  -0.00072972863
  -0.00025908630
   0.00048288355
   0.00071568757
   0.00019570456
  -0.00052888348
  -0.00069599611
  -0.00013116192
   0.00057033995
   0.00067083975
   6.5974521e-05
  -0.00060695687
  -0.00064045982
  -6.7164088e-07
   0.00063847029
   0.00060513268
  -6.4222051e-05
  -0.00066465836
  -0.00056517019
   0.00012819192
   0.00068534709
   0.00052092305
  -0.00019073086
  -0.00070040560
  -0.00047277353
   0.00025134518
   0.00070974594
   0.00042112837
  -0.00030956522
  -0.00071333276
  -0.00036642625
   0.00036493710
   0.00071117149
   0.00030912345
  -0.00041703523
  -0.00070331489
  -0.00024969482
   0.00046546245
   0.00068986032
   0.00018862796
  -0.00050985563
  -0.00067095252
  -0.00012642493
   0.00054988056
   0.00064677213
   6.3585680e-05
  -0.00058524942
  -0.00061755141
  -6.2348858e-07
   0.00061570194
   0.00058355062
  -6.1960069e-05
  -0.00064102643
  -0.00054507222
   0.00012366615
   0.00066105232
   0.00050245353
  -0.00018400322
  -0.00067564809
  -0.00045605723
   0.00024250025
   0.00068473353
   0.00040628120
  -0.00029869700
  -0.00068826696
  -0.00035354305
   0.00035215809
   0.00068625400
   0.00029828330
  -0.00040247140
  -0.00067874351
  -0.00024095890
   0.00044925390
   0.00066582998
   0.00018204306
  -0.00049214995
  -0.00064764689
  -0.00012201486
   0.00053084160
   0.00062437384
   6.1364301e-05
  -0.00056504162
  -0.00059622588
  -5.8041844e-07
   0.00059450178
   0.00056345499
  -5.9852794e-05
  -0.00061901897
  -0.00052635678
   0.00011944690
   0.00063841934
   0.00048524774
  -0.00017773465
  -0.00065258135
  -0.00044048280
   0.00023425643
   0.00066142339
   0.00039244404
  -0.00028856774
  -0.00066490469
  -0.00034153627
   0.00034024317
   0.00066302321
   0.00028817704
  -0.00038889193
  -0.00065583321
  -0.00023281557
   0.00043413535
   0.00064341802
   0.00017590370
  -0.00047563223
  -0.00062590753
  -0.00011790584
   0.00051307225
   0.00060347127
   5.9291535e-05
  -0.00054618171
  -0.00057632180
  -5.3964177e-07
   0.00057471405
   0.00054469800
  -5.7882826e-05
  -0.00059846989
  -0.00050888047
   0.00011550911
   0.00061728640
   0.00046918088
  -0.00017188098
  -0.00063103994
  -0.00042593886
   0.00022655378
   0.00063964839
   0.00037951993
  -0.00027910026
  -0.00064307315
  -0.00033031543
   0.00032910970
   0.00064131395
   0.00027873273
  -0.00037619889
  -0.00063441801
  -0.00022520314
   0.00042000204
   0.00062246485
   0.00017016267
  -0.00046018943
  -0.00060558061
  -0.00011406249
   0.00049645763
   0.00058392629
   5.7355797e-05
  -0.00052854070
  -0.00055770563
  -5.0495693e-07
   0.00055619933
   0.00052714777
  -5.6040900e-05
  -0.00057924473
  -0.00049253124
   0.00011181941
   0.00059750595
   0.00045414395
  -0.00016639907
  -0.00061087301
  -0.00041232252
   0.00021934292
   0.00061926167
   0.00036741914
  -0.00027023562
  -0.00062263072
  -0.00031980851
   0.00031868279
   0.00062098277
   0.00026988883
  -0.00036430839
  -0.00061435838
  -0.00021807415
   0.00040675939
   0.00060283411
   0.00016478620
  -0.00044571630
  -0.00058653177
  -0.00011046226
   0.00048088417
   0.00056560655
   5.5541939e-05
  -0.00051200339
  -0.00054025362
  -4.7192199e-07
   0.00053884273
   0.00051069670
  -5.4307959e-05
  -0.00056121093
  -0.00047719433
   0.00010836314
   0.00057895786
   0.00044004365
  -0.00016125468
  -0.00059195494
  -0.00039955027
   0.00021257631
   0.00060013408
   0.00035606631
  -0.00026191649
  -0.00060344809
  -0.00030995024
   0.00030889503
   0.00060190009
   0.00026158886
  -0.00035314537
  -0.00059552656
  -0.00021138099
   0.00039432706
   0.00058440333
   0.00015973793
  -0.00043212701
  -0.00056864546
  -0.00010708220
   0.00046625891
   0.00054840255
   5.3840303e-05
  -0.00049646918
  -0.00052386124
  -4.4328243e-07
   0.00052253466
   0.00049523912
  -5.2681521e-05
  -0.00054426930
  -0.00046278781
   0.00010510917
   0.00056152149
   0.00042678818
  -0.00015642167
  -0.00057417472
  -0.00038754605
   0.00020621393
   0.00058215112
   0.00034539186
  -0.00025409624
  -0.00058541317
  -0.00030068157
   0.00029969111
   0.00058395553
   0.00025378360
  -0.00034264756
  -0.00057781680
  -0.00020508821
   0.00038263106
   0.00056706601
   0.00015499070
  -0.00041934024
  -0.00055181616
  -0.00010390200
   0.00045249673
   0.00053221312
   5.2238745e-05
  -0.00048184996
  -0.00050843318
  -4.1527526e-07
   0.00050718628
   0.00048069022
  -5.1150290e-05
  -0.00052832145
  -0.00044922593
   0.00010204566
   0.00054510595
   0.00041430890
  -0.00015186981
  -0.00055743193
  -0.00037624228
   0.00020022230
   0.00056521682
   0.00033534184
  -0.00024672673
  -0.00056842350
  -0.00029195110
   0.00029101891
   0.00056704906
   0.00024643060
  -0.00033275465
  -0.00056112780
  -0.00019915705
   0.00037161027
   0.00055072764
   0.00015051590
  -0.00040729093
  -0.00053595683
  -0.00010090697
   0.00043952292
   0.00051695211
   5.0729889e-05
  -0.00046806703
  -0.00049388798
  -3.8981171e-07
   0.00049271395
   0.00046697222
  -4.9704715e-05
  -0.00051328032
  -0.00043643443
   9.9158157e-05
   0.00052962583
   0.00040254149
  -0.00014757327
  -0.00054163680
  -0.00036557893
   0.00019456908
   0.00054924022
   0.00032586083
  -0.00023977188
  -0.00055239166
  -0.00028371319
   0.00028283449
   0.00055109408
   0.00023949171
  -0.00032341748
  -0.00054537719
  -0.00019356129
   0.00036120498
   0.00053530432
   0.00014629411
  -0.00039591163
  -0.00052098081
  -9.8078460e-05
   0.00042727184
   0.00050254035
   4.9304058e-05
  -0.00045505212
  -0.00048015343
  -3.6872743e-07
   0.00047904184
   0.00045401297
  -4.8339822e-05
  -0.00049907171
  -0.00042435053
   9.6429394e-05
   0.00051499901
   0.00039142157
  -0.00014351507
  -0.00052671255
  -0.00035550264
   0.00018922674
   0.00053414092
   0.00031689873
  -0.00023320086
  -0.00053724028
  -0.00027592636
   0.00027509990
   0.00053601400
   0.00023293330
  -0.00031459029
  -0.00053048650
  -0.00018827026
   0.00035136790
   0.00052072157
   0.00014230098
  -0.00038515392
  -0.00050682158
  -9.5404918e-05
   0.00041568657
   0.00048891270
   4.7958247e-05
  -0.00044274001
  -0.00046716070
  -3.4699628e-07
   0.00046611126
   0.00044175663
  -4.7046549e-05
  -0.00048562957
  -0.00041292029
   9.3844414e-05
   0.00050115744
   0.00038090003
  -0.00013967316
  -0.00051258856
  -0.00034596799
   0.00018416819
   0.00051984798
   0.00030841522
  -0.00022698146
  -0.00052289932
  -0.00026855733
   0.00026777565
   0.00052173696
   0.00022672565
  -0.00030623015
  -0.00051638546
  -0.00018325967
   0.00034205295
   0.00050691297
   0.00013852154
  -0.00037496307
  -0.00049340924
  -9.2871661e-05
   0.00040471330
   0.00047600389
   4.6682760e-05
  -0.00043107763
  -0.00045485322
  -3.2737672e-07
   0.00045386004
   0.00043014412
  -4.5821187e-05
  -0.00047289279
  -0.00040208937
   9.1395344e-05
   0.00048804185
   0.00037093089
  -0.00013603019
  -0.00049920119
  -0.00033693048
   0.00017937418
   0.00050630160
   0.00030037603
  -0.00022108330
  -0.00050930290
  -0.00026157169
   0.00026082994
   0.00050819840
   0.00022083752
  -0.00029830544
  -0.00050301664
  -0.00017851006
   0.00033321863
   0.00049381755
   0.00013493706
  -0.00036529902
  -0.00048069072
  -9.0471892e-05
   0.00039430282
   0.00046375905
   4.5474579e-05
  -0.00042001228
  -0.00044317688
  -3.1022248e-07
   0.00044223407
   0.00041912405
  -4.4659514e-05
  -0.00046080716
  -0.00039181142
   8.9071346e-05
   0.00047559484
   0.00036146900
  -0.00013257405
  -0.00048649665
  -0.00032835395
   0.00017482299
   0.00049344306
   0.00029274523
  -0.00021548365
  -0.00049639490
  -0.00025493894
   0.00025423727
   0.00049534683
   0.00021524956
  -0.00029077914
  -0.00049032255
  -0.00017400208
   0.00032482631
   0.00048137903
   0.00013153256
  -0.00035611873
  -0.00046860729
  -8.8188336e-05
   0.00038441781
   0.00045212936
   4.4326380e-05
  -0.00040950225
  -0.00043208549
  -2.9310195e-07
   0.00043119165
   0.00040865817
  -4.3551620e-05
  -0.00044932087
  -0.00038204403
   8.6862821e-05
   0.00046376568
   0.00035247579
  -0.00012929083
  -0.00047442303
  -0.00032020200
   0.00017049910
   0.00048122339
   0.00028549367
  -0.00021016024
  -0.00048412490
  -0.00024863431
   0.00024796905
   0.00048312765
   0.00020993506
  -0.00028362519
  -0.00047825334
  -0.00016971350
   0.00031685076
   0.00046955574
   0.00012829707
  -0.00034739042
  -0.00045712061
  -8.6021589e-05
   0.00037501344
   0.00044106778
   4.3235052e-05
  -0.00039950510
  -0.00042153647
  -2.7940963e-07
   0.00042068381
   0.00039869785
  -4.2502087e-05
  -0.00043839742
  -0.00037275423
   8.4761136e-05
   0.00045251288
   0.00034392242
  -0.00012616376
  -0.00046293361
  -0.00031244665
   0.00016638078
   0.00046959064
   0.00027858923
  -0.00020509639
  -0.00047244894
  -0.00024263493
   0.00024200299
   0.00047149861
   0.00020487896
  -0.00027681327
  -0.00046676410
  -0.00016563276
   0.00030925556
   0.00045829826
   0.00012521728
  -0.00033907845
  -0.00044618242
  -8.3958440e-05
   0.00036605769
   0.00043053380
   4.2195974e-05
  -0.00038998373
  -0.00041148867
  -2.6428452e-07
   0.00041067905
   0.00038921524
  -4.1498189e-05
  -0.00042798969
  -0.00036390459
   8.2757509e-05
   0.00044179064
   0.00033577186
  -0.00012318554
  -0.00045198695
  -0.00030505629
   0.00016245895
   0.00045850918
   0.00027201284
  -0.00020026904
  -0.00046132160
  -0.00023691791
   0.00023631641
   0.00046041470
   0.00020005948
  -0.00027032091
  -0.00045581290
  -0.00016174273
   0.00030201543
   0.00044756540
   0.00012227810
  -0.00033115841
  -0.00043575728
  -8.1991938e-05
   0.00032533421
   0.00032533457
