  -0.00033351579
   -0.0010008266
   -0.0016683961
   -0.0023358032
   -0.0030026266
   -0.0036684445
   -0.0043328355
   -0.0049953782
   -0.0056556521
   -0.0063132373
   -0.0069677152
   -0.0076186686
   -0.0082656818
   -0.0089083413
   -0.0095462355
    -0.010178956
    -0.010806095
    -0.011427250
    -0.012042022
    -0.012650013
    -0.013250830
    -0.013844085
    -0.014429393
    -0.015006373
    -0.015574651
    -0.016133856
    -0.016683622
    -0.017223590
    -0.017753406
    -0.018272722
    -0.018781195
    -0.019278489
    -0.019764277
    -0.020238235
    -0.020700048
    -0.021149408
    -0.021586015
    -0.022009575
    -0.022419804
    -0.022816424
    -0.023199167
    -0.023567771
    -0.023921984
    -0.024261564
    -0.024586276
    -0.024895895
    -0.025190204
    -0.025468997
    -0.025732076
    -0.025979253
    -0.026210351
    -0.026425202
    -0.026623648
    -0.026805540
    -0.026970741
    -0.027119124
    -0.027250571
    -0.027364977
    -0.027462245
    -0.027542291
    -0.027605039
    -0.027650427
    -0.027678401
    -0.027688919
    -0.027681951
    -0.027657476
    -0.027615487
    -0.027555983
    -0.027478980
    -0.027384500
    -0.027272580
    -0.027143265
    -0.026996612
    -0.026832690
    -0.026651578
    -0.026453367
    -0.026238156
    -0.026006059
    -0.025757198
    -0.025491706
    -0.025209727
    -0.024911417
    -0.024596940
    -0.024266473
    -0.023920200
    -0.023558318
    -0.023181034
    -0.022788564
    -0.022381134
    -0.021958979
    -0.021522346
    -0.021071489
    -0.020606673
    -0.020128172
    -0.019636266
    -0.019131249
    -0.018613420
    -0.018083087
    -0.017540568
    -0.016986187
    -0.016420278
    -0.015843180
    -0.015255242
    -0.014656820
    -0.014048276
    -0.013429980
    -0.012802307
    -0.012165641
    -0.011520371
    -0.010866890
    -0.010205600
   -0.0095369071
   -0.0088612221
   -0.0081789614
   -0.0074905461
   -0.0067964018
   -0.0060969581
   -0.0053926489
   -0.0046839114
   -0.0039711866
   -0.0032549183
   -0.0025355535
   -0.0018135415
   -0.0010893342
  -0.00036338537
   0.00036384948
    0.0010919133
    0.0018203479
    0.0025486941
    0.0032764922
    0.0040032822
    0.0047286039
    0.0054519975
    0.0061730038
    0.0068911643
    0.0076060216
    0.0083171198
    0.0090240046
    0.0097262240
     0.010423328
     0.011114869
     0.011800402
     0.012479487
     0.013151684
     0.013816561
     0.014473686
     0.015122633
     0.015762981
     0.016394313
     0.017016217
     0.017628287
     0.018230123
     0.018821328
     0.019401515
     0.019970301
     0.020527310
     0.021072172
     0.021604527
     0.022124020
     0.022630303
     0.023123038
     0.023601893
     0.024066545
     0.024516681
     0.024951993
     0.025372186
     0.025776972
     0.026166072
     0.026539216
     0.026896147
     0.027236613
     0.027560375
     0.027867205
     0.028156882
     0.028429199
     0.028683956
     0.028920968
     0.029140057
     0.029341058
     0.029523817
     0.029688191
     0.029834048
     0.029961269
     0.030069745
     0.030159378
     0.030230084
     0.030281789
     0.030314431
     0.030327962
     0.030322343
     0.030297548
     0.030253564
     0.030190389
     0.030108035
     0.030006522
     0.029885887
     0.029746175
     0.029587447
     0.029409772
     0.029213233
     0.028997926
     0.028763958
     0.028511447
     0.028240524
     0.027951332
     0.027644025
     0.027318768
     0.026975740
     0.026615129
     0.026237135
     0.025841971
     0.025429857
     0.025001030
     0.024555732
     0.024094219
     0.023616757
     0.023123623
     0.022615103
     0.022091494
     0.021553103
     0.021000247
     0.020433250
     0.019852450
     0.019258191
     0.018650827
     0.018030720
     0.017398242
     0.016753772
     0.016097698
     0.015430415
     0.014752327
     0.014063845
     0.013365387
     0.012657377
     0.011940247
     0.011214435
     0.010480385
    0.0097385479
    0.0089893784
    0.0082333379
    0.0074708923
    0.0067025125
    0.0059286738
    0.0051498558
    0.0043665417
    0.0035792186
    0.0027883768
    0.0019945096
    0.0011981129
   0.00039968509
  -0.00040027333
   -0.0012012602
   -0.0020027719
   -0.0028043036
   -0.0036053497
   -0.0044054041
   -0.0052039604
   -0.0060005126
   -0.0067945550
   -0.0075855824
   -0.0083730912
   -0.0091565788
   -0.0099355444
    -0.010709489
    -0.011477918
    -0.012240335
    -0.012996251
    -0.013745178
    -0.014486633
    -0.015220136
    -0.015945210
    -0.016661385
    -0.017368195
    -0.018065179
    -0.018751880
    -0.019427849
    -0.020092642
    -0.020745821
    -0.021386956
    -0.022015621
    -0.022631401
    -0.023233885
    -0.023822672
    -0.024397367
    -0.024957586
    -0.025502950
    -0.026033092
    -0.026547651
    -0.027046279
    -0.027528632
    -0.027994382
    -0.028443205
    -0.028874792
    -0.029288841
    -0.029685063
    -0.030063177
    -0.030422915
    -0.030764019
    -0.031086244
    -0.031389355
    -0.031673128
    -0.031937353
    -0.032181830
    -0.032406371
    -0.032610803
    -0.032794962
    -0.032958699
    -0.033101875
    -0.033224366
    -0.033326060
    -0.033406857
    -0.033466673
    -0.033505433
    -0.033523078
    -0.033519561
    -0.033494848
    -0.033448920
    -0.033381769
    -0.033293402
    -0.033183839
    -0.033053112
    -0.032901269
    -0.032728369
    -0.032534485
    -0.032319705
    -0.032084128
    -0.031827867
    -0.031551049
    -0.031253812
    -0.030936311
    -0.030598709
    -0.030241187
    -0.029863934
    -0.029467156
    -0.029051069
    -0.028615903
    -0.028161898
    -0.027689309
    -0.027198403
    -0.026689456
    -0.026162760
    -0.025618614
    -0.025057334
    -0.024479242
    -0.023884675
    -0.023273978
    -0.022647510
    -0.022005638
    -0.021348739
    -0.020677202
    -0.019991425
    -0.019291817
    -0.018578793
    -0.017852780
    -0.017114213
    -0.016363537
    -0.015601203
    -0.014827672
    -0.014043412
    -0.013248899
    -0.012444616
    -0.011631053
    -0.010808706
   -0.0099780792
   -0.0091396814
   -0.0082940277
   -0.0074416386
   -0.0065830398
   -0.0057187616
   -0.0048493391
   -0.0039753115
   -0.0030972218
   -0.0022156165
   -0.0013310452
  -0.00044406068
   0.00044478216
    0.0013349261
    0.0022258121
    0.0031168797
    0.0040075674
    0.0048973127
    0.0057855530
    0.0066717255
    0.0075552676
    0.0084356174
    0.0093122141
     0.010184498
     0.011051912
     0.011913900
     0.012769908
     0.013619386
     0.014461787
     0.015296567
     0.016123185
     0.016941105
     0.017749797
     0.018548733
     0.019337391
     0.020115257
     0.020881820
     0.021636575
     0.022379027
     0.023108683
     0.023825061
     0.024527684
     0.025216085
     0.025889804
     0.026548388
     0.027191395
     0.027818392
     0.028428952
     0.029022661
     0.029599114
     0.030157915
     0.030698680
     0.031221035
     0.031724615
     0.032209070
     0.032674058
     0.033119249
     0.033544327
     0.033948987
     0.034332935
     0.034695890
     0.035037586
     0.035357766
     0.035656189
     0.035932627
     0.036186863
     0.036418697
     0.036627940
     0.036814418
     0.036977971
     0.037118453
     0.037235731
     0.037329689
     0.037400223
     0.037447244
     0.037470680
     0.037470470
     0.037446570
     0.037398951
     0.037327597
     0.037232509
     0.037113702
     0.036971205
     0.036805064
     0.036615338
     0.036402102
     0.036165446
     0.035905475
     0.035622307
     0.035316077
     0.034986934
     0.034635042
     0.034260579
     0.033863738
     0.033444726
     0.033003764
     0.032541089
     0.032056951
     0.031551612
     0.031025352
     0.030478461
     0.029911244
     0.029324020
     0.028717120
     0.028090888
     0.027445682
     0.026781872
     0.026099839
     0.025399980
     0.024682699
     0.023948415
     0.023197558
     0.022430569
     0.021647900
     0.020850013
     0.020037382
     0.019210489
     0.018369829
     0.017515904
     0.016649226
     0.015770317
     0.014879706
     0.013977931
     0.013065540
     0.012143085
     0.011211129
     0.010270241
    0.0093209951
    0.0083639736
    0.0073997641
    0.0064289602
    0.0054521606
    0.0044699690
    0.0034829937
    0.0024918473
    0.0014971461
   0.00049950991
  -0.00050043837
   -0.0015020732
   -0.0025047665
   -0.0035078887
   -0.0045108083
   -0.0055128928
   -0.0065135090
   -0.0075120234
   -0.0085078024
   -0.0095002129
    -0.010488623
    -0.011472401
    -0.012450918
    -0.013423546
    -0.014389661
    -0.015348641
    -0.016299867
    -0.017242723
    -0.018176598
    -0.019100886
    -0.020014984
    -0.020918296
    -0.021810230
    -0.022690200
    -0.023557629
    -0.024411943
    -0.025252577
    -0.026078974
    -0.026890583
    -0.027686862
    -0.028467279
    -0.029231307
    -0.029978433
    -0.030708151
    -0.031419964
    -0.032113386
    -0.032787944
    -0.033443172
    -0.034078618
    -0.034693840
    -0.035288407
    -0.035861904
    -0.036413923
    -0.036944073
    -0.037451973
    -0.037937257
    -0.038399572
    -0.038838579
    -0.039253951
    -0.039645377
    -0.040012560
    -0.040355219
    -0.040673084
    -0.040965904
    -0.041233441
    -0.041475473
    -0.041691793
    -0.041882211
    -0.042046552
    -0.042184657
    -0.042296382
    -0.042381602
    -0.042440206
    -0.042472100
    -0.042477207
    -0.042455467
    -0.042406836
    -0.042331287
    -0.042228810
    -0.042099411
    -0.041943114
    -0.041759959
    -0.041550005
    -0.041313325
    -0.041050012
    -0.040760172
    -0.040443932
    -0.040101433
    -0.039732835
    -0.039338312
    -0.038918057
    -0.038472279
    -0.038001203
    -0.037505070
    -0.036984138
    -0.036438682
    -0.035868990
    -0.035275370
    -0.034658142
    -0.034017643
    -0.033354226
    -0.032668258
    -0.031960121
    -0.031230213
    -0.030478946
    -0.029706745
    -0.028914050
    -0.028101316
    -0.027269009
    -0.026417611
    -0.025547616
    -0.024659529
    -0.023753871
    -0.022831172
    -0.021891975
    -0.020936836
    -0.019966320
    -0.018981003
    -0.017981474
    -0.016968330
    -0.015942178
    -0.014903636
    -0.013853329
    -0.012791892
    -0.011719970
    -0.010638212
   -0.0095472793
   -0.0084478368
   -0.0073405578
   -0.0062261220
   -0.0051052150
   -0.0039785278
   -0.0028467569
   -0.0017106034
  -0.00057077275
   0.00057202564
    0.0017170789
    0.0028636712
    0.0040110839
    0.0051585965
    0.0063054865
    0.0074510303
    0.0085945035
    0.0097351813
     0.010872339
     0.012005252
     0.013133198
     0.014255454
     0.015371301
     0.016480022
     0.017580901
     0.018673228
     0.019756294
     0.020829396
     0.021891835
     0.022942917
     0.023981954
     0.025008263
     0.026021169
     0.027020001
     0.028004099
     0.028972808
     0.029925481
     0.030861481
     0.031780179
     0.032680956
     0.033563202
     0.034426319
     0.035269716
     0.036092817
     0.036895055
     0.037675874
     0.038434733
     0.039171101
     0.039884461
     0.040574308
     0.041240153
     0.041881517
     0.042497939
     0.043088971
     0.043654178
     0.044193144
     0.044705466
     0.045190756
     0.045648644
     0.046078775
     0.046480811
     0.046854430
     0.047199329
     0.047515220
     0.047801834
     0.048058918
     0.048286240
     0.048483582
     0.048650747
     0.048787556
     0.048893848
     0.048969481
     0.049014333
     0.049028298
     0.049011293
     0.048963250
     0.048884124
     0.048773887
     0.048632532
     0.048460069
     0.048256531
     0.048021967
     0.047756449
     0.047460065
     0.047132926
     0.046775160
     0.046386916
     0.045968361
     0.045519682
     0.045041087
     0.044532800
     0.043995067
     0.043428153
     0.042832339
     0.042207927
     0.041555239
     0.040874612
     0.040166404
     0.039430991
     0.038668766
     0.037880140
     0.037065542
     0.036225418
     0.035360230
     0.034470460
     0.033556604
     0.032619175
     0.031658702
     0.030675730
     0.029670818
     0.028644544
     0.027597496
     0.026530281
     0.025443516
     0.024337835
     0.023213885
     0.022072324
     0.020913825
     0.019739072
     0.018548762
     0.017343602
     0.016124313
     0.014891624
     0.013646274
     0.012389015
     0.011120604
    0.0098418121
    0.0085534144
    0.0072561963
    0.0059509503
    0.0046384761
    0.0033195799
    0.0019950742
   0.00066577699
  -0.00066748845
   -0.0020038942
   -0.0033426083
   -0.0046827949
   -0.0060236152
   -0.0073642276
   -0.0087037886
    -0.010041453
    -0.011376374
    -0.012707706
    -0.014034601
    -0.015356213
    -0.016671696
    -0.017980207
    -0.019280904
    -0.020572948
    -0.021855503
    -0.023127737
    -0.024388821
    -0.025637932
    -0.026874252
    -0.028096969
    -0.029305275
    -0.030498373
    -0.031675470
    -0.032835782
    -0.033978533
    -0.035102956
    -0.036208293
    -0.037293797
    -0.038358729
    -0.039402365
    -0.040423987
    -0.041422893
    -0.042398390
    -0.043349801
    -0.044276460
    -0.045177715
    -0.046052927
    -0.046901475
    -0.047722748
    -0.048516155
    -0.049281117
    -0.050017074
    -0.050723480
    -0.051399809
    -0.052045548
    -0.052660206
    -0.053243308
    -0.053794397
    -0.054313035
    -0.054798804
    -0.055251304
    -0.055670155
    -0.056054998
    -0.056405492
    -0.056721319
    -0.057002180
    -0.057247797
    -0.057457914
    -0.057632297
    -0.057770731
    -0.057873026
    -0.057939011
    -0.057968540
    -0.057961488
    -0.057917752
    -0.057837252
    -0.057719930
    -0.057565754
    -0.057374710
    -0.057146810
    -0.056882089
    -0.056580604
    -0.056242437
    -0.055867690
    -0.055456490
    -0.055008988
    -0.054525356
    -0.054005791
    -0.053450512
    -0.052859760
    -0.052233801
    -0.051572922
    -0.050877434
    -0.050147668
    -0.049383981
    -0.048586749
    -0.047756371
    -0.046893270
    -0.045997887
    -0.045070688
    -0.044112157
    -0.043122802
    -0.042103149
    -0.041053746
    -0.039975162
    -0.038867983
    -0.037732818
    -0.036570294
    -0.035381055
    -0.034165767
    -0.032925112
    -0.031659791
    -0.030370521
    -0.029058037
    -0.027723093
    -0.026366455
    -0.024988908
    -0.023591251
    -0.022174299
    -0.020738881
    -0.019285840
    -0.017816033
    -0.016330329
    -0.014829611
    -0.013314774
    -0.011786724
    -0.010246378
   -0.0086946635
   -0.0071325186
   -0.0055608905
   -0.0039807352
   -0.0023930172
  -0.00079870863
   0.00080121111
    0.0024057561
    0.0040139342
    0.0056247481
    0.0072371956
    0.0088502702
     0.010462962
     0.012074257
     0.013683142
     0.015288597
     0.016889605
     0.018485147
     0.020074205
     0.021655760
     0.023228795
     0.024792296
     0.026345251
     0.027886651
     0.029415491
     0.030930771
     0.032431495
     0.033916674
     0.035385325
     0.036836472
     0.038269147
     0.039682389
     0.041075248
     0.042446782
     0.043796059
     0.045122158
     0.046424171
     0.047701199
     0.048952358
     0.050176776
     0.051373594
     0.052541969
     0.053681072
     0.054790089
     0.055868222
     0.056914689
     0.057928728
     0.058909590
     0.059856547
     0.060768890
     0.061645927
     0.062486987
     0.063291418
     0.064058589
     0.064787891
     0.065478735
     0.066130554
     0.066742804
     0.067314962
     0.067846531
     0.068337035
     0.068786023
     0.069193067
     0.069557764
     0.069879738
     0.070158634
     0.070394126
     0.070585913
     0.070733718
     0.070837294
     0.070896417
     0.070910891
     0.070880548
     0.070805247
     0.070684872
     0.070519337
     0.070308583
     0.070052579
     0.069751321
     0.069404834
     0.069013171
     0.068576414
     0.068094670
     0.067568078
     0.066996803
     0.066381039
     0.065721008
     0.065016962
     0.064269178
     0.063477964
     0.062643653
     0.061766609
     0.060847222
     0.059885910
     0.058883119
     0.057839321
     0.056755016
     0.055630731
     0.054467021
     0.053264463
     0.052023666
     0.050745261
     0.049429905
     0.048078282
     0.046691099
     0.045269090
     0.043813011
     0.042323643
     0.040801790
     0.039248280
     0.037663963
     0.036049711
     0.034406419
     0.032735002
     0.031036397
     0.029311560
     0.027561469
     0.025787119
     0.023989525
     0.022169721
     0.020328756
     0.018467700
     0.016587636
     0.014689666
     0.012774904
     0.010844482
    0.0088995431
    0.0069412468
    0.0049707632
    0.0029892753
   0.00099797745
   -0.0010019252
   -0.0030092174
   -0.0050226746
   -0.0070410637
   -0.0090631433
    -0.011087665
    -0.013113375
    -0.015139011
    -0.017163308
    -0.019184996
    -0.021202802
    -0.023215450
    -0.025221661
    -0.027220157
    -0.029209657
    -0.031188882
    -0.033156554
    -0.035111396
    -0.037052135
    -0.038977500
    -0.040886226
    -0.042777050
    -0.044648719
    -0.046499984
    -0.048329603
    -0.050136343
    -0.051918981
    -0.053676302
    -0.055407102
    -0.057110188
    -0.058784380
    -0.060428511
    -0.062041425
    -0.063621984
    -0.065169062
    -0.066681551
    -0.068158357
    -0.069598407
    -0.071000641
    -0.072364023
    -0.073687533
    -0.074970172
    -0.076210962
    -0.077408945
    -0.078563189
    -0.079672779
    -0.080736830
    -0.081754475
    -0.082724876
    -0.083647218
    -0.084520713
    -0.085344598
    -0.086118140
    -0.086840631
    -0.087511392
    -0.088129772
    -0.088695150
    -0.089206936
    -0.089664567
    -0.090067513
    -0.090415274
    -0.090707383
    -0.090943404
    -0.091122932
    -0.091245598
    -0.091311062
    -0.091319021
    -0.091269205
    -0.091161376
    -0.090995333
    -0.090770909
    -0.090487970
    -0.090146419
    -0.089746194
    -0.089287270
    -0.088769654
    -0.088193392
    -0.087558566
    -0.086865293
    -0.086113725
    -0.085304053
    -0.084436503
    -0.083511337
    -0.082528854
    -0.081489389
    -0.080393315
    -0.079241037
    -0.078033001
    -0.076769686
    -0.075451609
    -0.074079320
    -0.072653409
    -0.071174496
    -0.069643241
    -0.068060337
    -0.066426512
    -0.064742528
    -0.063009181
    -0.061227303
    -0.059397758
    -0.057521443
    -0.055599287
    -0.053632254
    -0.051621338
    -0.049567566
    -0.047471994
    -0.045335710
    -0.043159833
    -0.040945510
    -0.038693917
    -0.036406260
    -0.034083772
    -0.031727713
    -0.029339370
    -0.026920057
    -0.024471113
    -0.021993899
    -0.019489805
    -0.016960241
    -0.014406639
    -0.011830457
   -0.0092331697
   -0.0066162745
   -0.0039812880
   -0.0013297455
    0.0013367996
    0.0040167769
    0.0067085995
    0.0094106652
     0.012121357
     0.014839044
     0.017562083
     0.020288819
     0.023017584
     0.025746704
     0.028474491
     0.031199252
     0.033919285
     0.036632884
     0.039338335
     0.042033922
     0.044717923
     0.047388615
     0.050044275
     0.052683177
     0.055303597
     0.057903813
     0.060482105
     0.063036757
     0.065566057
     0.068068299
     0.070541784
     0.072984821
     0.075395728
     0.077772831
     0.080114468
     0.082418991
     0.084684760
     0.086910154
     0.089093563
     0.091233395
     0.093328075
     0.095376045
     0.097375767
     0.099325721
      0.10122441
      0.10307036
      0.10486211
      0.10659824
      0.10827735
      0.10989804
      0.11145898
      0.11295884
      0.11439632
      0.11577015
      0.11707910
      0.11832197
      0.11949757
      0.12060478
      0.12164248
      0.12260961
      0.12350512
      0.12432801
      0.12507734
      0.12575215
      0.12635158
      0.12687478
      0.12732092
      0.12768926
      0.12797905
      0.12818963
      0.12832033
      0.12837058
      0.12833980
      0.12822750
      0.12803320
      0.12775648
      0.12739698
      0.12695435
      0.12642833
      0.12581867
      0.12512519
      0.12434774
      0.12348625
      0.12254067
      0.12151100
      0.12039731
      0.11919969
      0.11791831
      0.11655337
      0.11510513
      0.11357390
      0.11196002
      0.11026392
      0.10848604
      0.10662690
      0.10468707
      0.10266714
      0.10056778
     0.098389705
     0.096133677
     0.093800509
     0.091391065
     0.088906259
     0.086347055
     0.083714467
     0.081009558
     0.078233441
     0.075387277
     0.072472277
     0.069489698
     0.066440848
     0.063327079
     0.060149794
     0.056910439
     0.053610507
     0.050251537
     0.046835114
     0.043362867
     0.039836466
     0.036257627
     0.032628110
     0.028949712
     0.025224276
     0.021453684
     0.017639855
     0.013784752
    0.0098903706
    0.0059587481
    0.0019919564
   -0.0020078969
   -0.0060386691
    -0.010098184
    -0.014184233
    -0.018294573
    -0.022426934
    -0.026579014
    -0.030748480
    -0.034932975
    -0.039130112
    -0.043337479
    -0.047552641
    -0.051773138
    -0.055996487
    -0.060220185
    -0.064441707
    -0.068658510
    -0.072868035
    -0.077067703
    -0.081254923
    -0.085427086
    -0.089581573
    -0.093715753
    -0.097826983
     -0.10191261
     -0.10596998
     -0.10999643
     -0.11398928
     -0.11794586
     -0.12186349
     -0.12573950
     -0.12957120
     -0.13335591
     -0.13709097
     -0.14077371
     -0.14440145
     -0.14797153
     -0.15148132
     -0.15492817
     -0.15830944
     -0.16162252
     -0.16486481
     -0.16803371
     -0.17112666
     -0.17414110
     -0.17707448
     -0.17992430
     -0.18268807
     -0.18536330
     -0.18794755
     -0.19043840
     -0.19283345
     -0.19513035
     -0.19732674
     -0.19942033
     -0.20140884
     -0.20329003
     -0.20506170
     -0.20672167
     -0.20826781
     -0.20969802
     -0.21101026
     -0.21220250
     -0.21327278
     -0.21421916
     -0.21503976
     -0.21573273
     -0.21629630
     -0.21672869
     -0.21702823
     -0.21719326
     -0.21722219
     -0.21711346
     -0.21686559
     -0.21647714
     -0.21594671
     -0.21527299
     -0.21445469
     -0.21349060
     -0.21237957
     -0.21112049
     -0.20971232
     -0.20815408
     -0.20644487
     -0.20458380
     -0.20257011
     -0.20040305
     -0.19808195
     -0.19560623
     -0.19297532
     -0.19018878
     -0.18724618
     -0.18414720
     -0.18089155
     -0.17747904
     -0.17390952
     -0.17018293
     -0.16629927
     -0.16225860
     -0.15806106
     -0.15370687
     -0.14919629
     -0.14452966
     -0.13970742
     -0.13473004
     -0.12959807
     -0.12431215
     -0.11887296
     -0.11328128
     -0.10753794
     -0.10164384
    -0.095599952
    -0.089407330
    -0.083067083
    -0.076580394
    -0.069948514
    -0.063172762
    -0.056254527
    -0.049195265
    -0.041996498
    -0.034659816
    -0.027186877
    -0.019579404
    -0.011839183
   -0.0039680683
    0.0040320223
     0.012159108
     0.020411144
     0.028786025
     0.037281582
     0.045895585
     0.054625745
     0.063469715
     0.072425086
     0.081489394
     0.090660118
     0.099934680
      0.10931045
      0.11878474
      0.12835481
      0.13801787
      0.14777108
      0.15761155
      0.16753634
      0.17754247
      0.18762689
      0.19778653
      0.20801828
      0.21831896
      0.22868537
      0.23911427
      0.24960236
      0.26014633
      0.27074282
      0.28138844
      0.29207976
      0.30281333
      0.31358564
      0.32439320
      0.33523245
      0.34609982
      0.35699171
      0.36790451
      0.37883458
      0.38977825
      0.40073184
      0.41169167
      0.42265401
      0.43361515
      0.44457133
      0.45551883
      0.46645386
      0.47737268
      0.48827151
      0.49914657
      0.50999409
      0.52081028
      0.53159137
      0.54233358
      0.55303313
      0.56368626
      0.57428921
      0.58483822
      0.59532955
      0.60575948
      0.61612429
      0.62642027
      0.63664374
      0.64679104
      0.65685852
      0.66684256
      0.67673955
      0.68654591
      0.69625810
      0.70587260
      0.71538591
      0.72479458
      0.73409516
      0.74328427
      0.75235854
      0.76131466
      0.77014934
      0.77885933
      0.78744144
      0.79589250
      0.80420939
      0.81238905
      0.82042845
      0.82832461
      0.83607462
      0.84367559
      0.85112471
      0.85841920
      0.86555635
      0.87253351
      0.87934806
      0.88599747
      0.89247926
      0.89879099
      0.90493032
      0.91089493
      0.91668260
      0.92229115
      0.92771848
      0.93296255
      0.93802139
      0.94289310
      0.94757584
      0.95206786
      0.95636745
      0.96047300
      0.96438295
      0.96809585
      0.97161027
      0.97492490
      0.97803848
      0.98094984
      0.98365787
      0.98616156
      0.98845995
      0.99055217
      0.99243744
      0.99411504
      0.99558432
      0.99684475
      0.99789584
      0.99873718
      0.99936847
      0.99978946
       1.0000000
       1.0000000
      0.99978946
      0.99936847
      0.99873718
      0.99789584
      0.99684475
      0.99558432
      0.99411504
      0.99243744
      0.99055217
      0.98845995
      0.98616156
      0.98365787
      0.98094984
      0.97803848
      0.97492490
      0.97161027
      0.96809585
      0.96438295
      0.96047300
      0.95636745
      0.95206786
      0.94757584
      0.94289310
      0.93802139
      0.93296255
      0.92771848
      0.92229115
      0.91668260
      0.91089493
      0.90493032
      0.89879099
      0.89247926
      0.88599747
      0.87934806
      0.87253351
      0.86555635
      0.85841920
      0.85112471
      0.84367559
      0.83607462
      0.82832461
      0.82042845
      0.81238905
      0.80420939
      0.79589250
      0.78744144
      0.77885933
      0.77014934
      0.76131466
      0.75235854
      0.74328427
      0.73409516
      0.72479458
      0.71538591
      0.70587260
      0.69625810
      0.68654591
      0.67673955
      0.66684256
      0.65685852
      0.64679104
      0.63664374
      0.62642027
      0.61612429
      0.60575948
      0.59532955
      0.58483822
      0.57428921
      0.56368626
      0.55303313
      0.54233358
      0.53159137
      0.52081028
      0.50999409
      0.49914657
      0.48827151
      0.47737268
      0.46645386
      0.45551883
      0.44457133
      0.43361515
      0.42265401
      0.41169167
      0.40073184
      0.38977825
      0.37883458
      0.36790451
      0.35699171
      0.34609982
      0.33523245
      0.32439320
      0.31358564
      0.30281333
      0.29207976
      0.28138844
      0.27074282
      0.26014633
      0.24960236
      0.23911427
      0.22868537
      0.21831896
      0.20801828
      0.19778653
      0.18762689
      0.17754247
      0.16753634
      0.15761155
      0.14777108
      0.13801787
      0.12835481
      0.11878474
      0.10931045
     0.099934680
     0.090660118
     0.081489394
     0.072425086
     0.063469715
     0.054625745
     0.045895585
     0.037281582
     0.028786025
     0.020411144
     0.012159108
    0.0040320222
   -0.0039680684
    -0.011839183
    -0.019579404
    -0.027186878
    -0.034659817
    -0.041996498
    -0.049195265
    -0.056254527
    -0.063172762
    -0.069948514
    -0.076580394
    -0.083067083
    -0.089407330
    -0.095599952
     -0.10164384
     -0.10753794
     -0.11328128
     -0.11887296
     -0.12431215
     -0.12959807
     -0.13473004
     -0.13970742
     -0.14452967
     -0.14919629
     -0.15370687
     -0.15806106
     -0.16225860
     -0.16629927
     -0.17018293
     -0.17390952
     -0.17747904
     -0.18089155
     -0.18414720
     -0.18724618
     -0.19018878
     -0.19297532
     -0.19560623
     -0.19808195
     -0.20040305
     -0.20257011
     -0.20458380
     -0.20644487
     -0.20815408
     -0.20971232
     -0.21112049
     -0.21237957
     -0.21349060
     -0.21445469
     -0.21527299
     -0.21594671
     -0.21647714
     -0.21686559
     -0.21711346
     -0.21722219
     -0.21719326
     -0.21702823
     -0.21672869
     -0.21629630
     -0.21573273
     -0.21503976
     -0.21421916
     -0.21327278
     -0.21220250
     -0.21101026
     -0.20969802
     -0.20826781
     -0.20672167
     -0.20506170
     -0.20329003
     -0.20140884
     -0.19942033
     -0.19732674
     -0.19513035
     -0.19283345
     -0.19043840
     -0.18794755
     -0.18536330
     -0.18268807
     -0.17992430
     -0.17707448
     -0.17414110
     -0.17112666
     -0.16803371
     -0.16486481
     -0.16162252
     -0.15830944
     -0.15492817
     -0.15148132
     -0.14797153
     -0.14440145
     -0.14077371
     -0.13709097
     -0.13335591
     -0.12957120
     -0.12573950
     -0.12186349
     -0.11794586
     -0.11398928
     -0.10999643
     -0.10596998
     -0.10191261
    -0.097826983
    -0.093715753
    -0.089581573
    -0.085427086
    -0.081254923
    -0.077067703
    -0.072868035
    -0.068658510
    -0.064441707
    -0.060220185
    -0.055996487
    -0.051773138
    -0.047552641
    -0.043337479
    -0.039130112
    -0.034932975
    -0.030748480
    -0.026579014
    -0.022426934
    -0.018294573
    -0.014184233
    -0.010098184
   -0.0060386692
   -0.0020078969
    0.0019919564
    0.0059587481
    0.0098903706
     0.013784752
     0.017639855
     0.021453684
     0.025224276
     0.028949712
     0.032628110
     0.036257627
     0.039836466
     0.043362867
     0.046835114
     0.050251537
     0.053610507
     0.056910439
     0.060149794
     0.063327079
     0.066440848
     0.069489698
     0.072472277
     0.075387277
     0.078233441
     0.081009558
     0.083714467
     0.086347055
     0.088906259
     0.091391065
     0.093800509
     0.096133677
     0.098389705
      0.10056778
      0.10266714
      0.10468707
      0.10662690
      0.10848604
      0.11026392
      0.11196002
      0.11357390
      0.11510513
      0.11655337
      0.11791831
      0.11919969
      0.12039731
      0.12151100
      0.12254067
      0.12348625
      0.12434774
      0.12512519
      0.12581867
      0.12642833
      0.12695435
      0.12739698
      0.12775648
      0.12803320
      0.12822750
      0.12833980
      0.12837058
      0.12832033
      0.12818963
      0.12797905
      0.12768926
      0.12732092
      0.12687478
      0.12635158
      0.12575215
      0.12507734
      0.12432801
      0.12350512
      0.12260961
      0.12164248
      0.12060478
      0.11949757
      0.11832197
      0.11707910
      0.11577015
      0.11439632
      0.11295884
      0.11145898
      0.10989804
      0.10827735
      0.10659824
      0.10486211
      0.10307036
      0.10122441
     0.099325721
     0.097375767
     0.095376045
     0.093328075
     0.091233395
     0.089093563
     0.086910154
     0.084684760
     0.082418991
     0.080114469
     0.077772831
     0.075395728
     0.072984821
     0.070541784
     0.068068299
     0.065566057
     0.063036757
     0.060482105
     0.057903813
     0.055303597
     0.052683177
     0.050044275
     0.047388615
     0.044717923
     0.042033922
     0.039338336
     0.036632884
     0.033919285
     0.031199252
     0.028474491
     0.025746704
     0.023017585
     0.020288819
     0.017562083
     0.014839044
     0.012121357
    0.0094106652
    0.0067085996
    0.0040167770
    0.0013367997
   -0.0013297455
   -0.0039812880
   -0.0066162745
   -0.0092331696
    -0.011830457
    -0.014406639
    -0.016960241
    -0.019489805
    -0.021993899
    -0.024471113
    -0.026920057
    -0.029339370
    -0.031727713
    -0.034083772
    -0.036406260
    -0.038693917
    -0.040945509
    -0.043159833
    -0.045335710
    -0.047471994
    -0.049567566
    -0.051621338
    -0.053632254
    -0.055599287
    -0.057521443
    -0.059397758
    -0.061227303
    -0.063009181
    -0.064742528
    -0.066426512
    -0.068060337
    -0.069643241
    -0.071174496
    -0.072653409
    -0.074079320
    -0.075451609
    -0.076769686
    -0.078033001
    -0.079241037
    -0.080393315
    -0.081489389
    -0.082528854
    -0.083511337
    -0.084436503
    -0.085304053
    -0.086113725
    -0.086865293
    -0.087558566
    -0.088193392
    -0.088769654
    -0.089287270
    -0.089746194
    -0.090146419
    -0.090487970
    -0.090770909
    -0.090995333
    -0.091161376
    -0.091269205
    -0.091319021
    -0.091311062
    -0.091245598
    -0.091122932
    -0.090943404
    -0.090707383
    -0.090415274
    -0.090067513
    -0.089664567
    -0.089206936
    -0.088695150
    -0.088129772
    -0.087511392
    -0.086840631
    -0.086118140
    -0.085344599
    -0.084520713
    -0.083647218
    -0.082724876
    -0.081754475
    -0.080736830
    -0.079672780
    -0.078563189
    -0.077408945
    -0.076210962
    -0.074970172
    -0.073687533
    -0.072364023
    -0.071000641
    -0.069598407
    -0.068158357
    -0.066681551
    -0.065169062
    -0.063621984
    -0.062041425
    -0.060428511
    -0.058784380
    -0.057110188
    -0.055407102
    -0.053676302
    -0.051918981
    -0.050136343
    -0.048329603
    -0.046499984
    -0.044648719
    -0.042777050
    -0.040886226
    -0.038977500
    -0.037052135
    -0.035111396
    -0.033156554
    -0.031188882
    -0.029209657
    -0.027220157
    -0.025221661
    -0.023215450
    -0.021202802
    -0.019184996
    -0.017163308
    -0.015139011
    -0.013113375
    -0.011087665
   -0.0090631434
   -0.0070410637
   -0.0050226747
   -0.0030092174
   -0.0010019252
   0.00099797742
    0.0029892752
    0.0049707631
    0.0069412467
    0.0088995431
     0.010844481
     0.012774904
     0.014689666
     0.016587636
     0.018467700
     0.020328756
     0.022169721
     0.023989525
     0.025787119
     0.027561469
     0.029311560
     0.031036397
     0.032735002
     0.034406419
     0.036049711
     0.037663963
     0.039248280
     0.040801790
     0.042323643
     0.043813011
     0.045269090
     0.046691099
     0.048078282
     0.049429905
     0.050745261
     0.052023666
     0.053264463
     0.054467020
     0.055630731
     0.056755016
     0.057839321
     0.058883119
     0.059885910
     0.060847222
     0.061766609
     0.062643653
     0.063477964
     0.064269178
     0.065016962
     0.065721008
     0.066381039
     0.066996803
     0.067568078
     0.068094670
     0.068576414
     0.069013171
     0.069404834
     0.069751321
     0.070052579
     0.070308583
     0.070519337
     0.070684872
     0.070805247
     0.070880548
     0.070910891
     0.070896417
     0.070837294
     0.070733718
     0.070585913
     0.070394126
     0.070158634
     0.069879738
     0.069557764
     0.069193067
     0.068786023
     0.068337035
     0.067846531
     0.067314962
     0.066742804
     0.066130554
     0.065478735
     0.064787891
     0.064058589
     0.063291418
     0.062486987
     0.061645927
     0.060768890
     0.059856547
     0.058909590
     0.057928728
     0.056914689
     0.055868222
     0.054790089
     0.053681072
     0.052541969
     0.051373594
     0.050176776
     0.048952358
     0.047701199
     0.046424171
     0.045122158
     0.043796059
     0.042446782
     0.041075248
     0.039682389
     0.038269147
     0.036836472
     0.035385325
     0.033916674
     0.032431495
     0.030930771
     0.029415491
     0.027886651
     0.026345251
     0.024792296
     0.023228795
     0.021655760
     0.020074205
     0.018485147
     0.016889605
     0.015288597
     0.013683142
     0.012074257
     0.010462962
    0.0088502702
    0.0072371956
    0.0056247481
    0.0040139342
    0.0024057560
   0.00080121111
  -0.00079870864
   -0.0023930172
   -0.0039807352
   -0.0055608905
   -0.0071325186
   -0.0086946635
    -0.010246378
    -0.011786724
    -0.013314774
    -0.014829611
    -0.016330329
    -0.017816033
    -0.019285840
    -0.020738881
    -0.022174299
    -0.023591251
    -0.024988908
    -0.026366455
    -0.027723093
    -0.029058038
    -0.030370521
    -0.031659791
    -0.032925112
    -0.034165767
    -0.035381055
    -0.036570294
    -0.037732818
    -0.038867983
    -0.039975162
    -0.041053746
    -0.042103149
    -0.043122802
    -0.044112157
    -0.045070688
    -0.045997887
    -0.046893270
    -0.047756371
    -0.048586749
    -0.049383981
    -0.050147668
    -0.050877434
    -0.051572922
    -0.052233801
    -0.052859760
    -0.053450512
    -0.054005791
    -0.054525356
    -0.055008988
    -0.055456490
    -0.055867690
    -0.056242437
    -0.056580604
    -0.056882089
    -0.057146810
    -0.057374710
    -0.057565754
    -0.057719930
    -0.057837252
    -0.057917752
    -0.057961488
    -0.057968540
    -0.057939011
    -0.057873026
    -0.057770731
    -0.057632297
    -0.057457914
    -0.057247797
    -0.057002180
    -0.056721319
    -0.056405492
    -0.056054998
    -0.055670155
    -0.055251304
    -0.054798804
    -0.054313035
    -0.053794397
    -0.053243308
    -0.052660206
    -0.052045548
    -0.051399809
    -0.050723480
    -0.050017074
    -0.049281117
    -0.048516155
    -0.047722748
    -0.046901475
    -0.046052927
    -0.045177715
    -0.044276460
    -0.043349801
    -0.042398390
    -0.041422893
    -0.040423987
    -0.039402365
    -0.038358729
    -0.037293797
    -0.036208293
    -0.035102956
    -0.033978533
    -0.032835782
    -0.031675470
    -0.030498373
    -0.029305275
    -0.028096969
    -0.026874252
    -0.025637932
    -0.024388821
    -0.023127737
    -0.021855503
    -0.020572948
    -0.019280904
    -0.017980207
    -0.016671696
    -0.015356213
    -0.014034601
    -0.012707706
    -0.011376374
    -0.010041453
   -0.0087037886
   -0.0073642276
   -0.0060236151
   -0.0046827949
   -0.0033426083
   -0.0020038942
  -0.00066748842
   0.00066577702
    0.0019950742
    0.0033195799
    0.0046384761
    0.0059509503
    0.0072561963
    0.0085534144
    0.0098418121
     0.011120605
     0.012389015
     0.013646274
     0.014891624
     0.016124313
     0.017343602
     0.018548762
     0.019739072
     0.020913825
     0.022072324
     0.023213885
     0.024337835
     0.025443516
     0.026530281
     0.027597496
     0.028644544
     0.029670818
     0.030675730
     0.031658702
     0.032619175
     0.033556604
     0.034470461
     0.035360231
     0.036225418
     0.037065542
     0.037880140
     0.038668766
     0.039430991
     0.040166404
     0.040874612
     0.041555239
     0.042207927
     0.042832339
     0.043428153
     0.043995067
     0.044532800
     0.045041087
     0.045519682
     0.045968361
     0.046386916
     0.046775160
     0.047132926
     0.047460066
     0.047756449
     0.048021967
     0.048256531
     0.048460069
     0.048632532
     0.048773887
     0.048884124
     0.048963250
     0.049011293
     0.049028298
     0.049014333
     0.048969481
     0.048893848
     0.048787556
     0.048650747
     0.048483582
     0.048286240
     0.048058918
     0.047801834
     0.047515220
     0.047199329
     0.046854430
     0.046480811
     0.046078775
     0.045648644
     0.045190756
     0.044705466
     0.044193144
     0.043654178
     0.043088971
     0.042497939
     0.041881517
     0.041240153
     0.040574308
     0.039884461
     0.039171101
     0.038434733
     0.037675874
     0.036895055
     0.036092817
     0.035269716
     0.034426319
     0.033563202
     0.032680956
     0.031780179
     0.030861481
     0.029925481
     0.028972808
     0.028004099
     0.027020001
     0.026021169
     0.025008263
     0.023981954
     0.022942917
     0.021891835
     0.020829396
     0.019756294
     0.018673228
     0.017580901
     0.016480022
     0.015371301
     0.014255454
     0.013133198
     0.012005252
     0.010872339
    0.0097351812
    0.0085945035
    0.0074510303
    0.0063054864
    0.0051585964
    0.0040110839
    0.0028636711
    0.0017170789
   0.00057202558
  -0.00057077282
   -0.0017106035
   -0.0028467570
   -0.0039785279
   -0.0051052151
   -0.0062261221
   -0.0073405579
   -0.0084478368
   -0.0095472794
    -0.010638212
    -0.011719970
    -0.012791892
    -0.013853329
    -0.014903636
    -0.015942178
    -0.016968330
    -0.017981474
    -0.018981004
    -0.019966320
    -0.020936836
    -0.021891976
    -0.022831172
    -0.023753871
    -0.024659529
    -0.025547616
    -0.026417611
    -0.027269009
    -0.028101316
    -0.028914050
    -0.029706745
    -0.030478946
    -0.031230214
    -0.031960121
    -0.032668258
    -0.033354226
    -0.034017643
    -0.034658142
    -0.035275370
    -0.035868991
    -0.036438682
    -0.036984138
    -0.037505070
    -0.038001203
    -0.038472279
    -0.038918057
    -0.039338312
    -0.039732835
    -0.040101433
    -0.040443932
    -0.040760172
    -0.041050012
    -0.041313325
    -0.041550005
    -0.041759959
    -0.041943114
    -0.042099411
    -0.042228810
    -0.042331287
    -0.042406836
    -0.042455467
    -0.042477207
    -0.042472100
    -0.042440206
    -0.042381602
    -0.042296382
    -0.042184657
    -0.042046552
    -0.041882212
    -0.041691793
    -0.041475473
    -0.041233441
    -0.040965904
    -0.040673084
    -0.040355219
    -0.040012560
    -0.039645377
    -0.039253951
    -0.038838579
    -0.038399572
    -0.037937257
    -0.037451973
    -0.036944073
    -0.036413923
    -0.035861904
    -0.035288407
    -0.034693840
    -0.034078618
    -0.033443172
    -0.032787944
    -0.032113386
    -0.031419964
    -0.030708151
    -0.029978433
    -0.029231307
    -0.028467279
    -0.027686862
    -0.026890583
    -0.026078974
    -0.025252577
    -0.024411943
    -0.023557629
    -0.022690200
    -0.021810230
    -0.020918296
    -0.020014984
    -0.019100886
    -0.018176598
    -0.017242723
    -0.016299867
    -0.015348641
    -0.014389661
    -0.013423546
    -0.012450918
    -0.011472401
    -0.010488623
   -0.0095002128
   -0.0085078023
   -0.0075120233
   -0.0065135090
   -0.0055128927
   -0.0045108082
   -0.0035078886
   -0.0025047664
   -0.0015020731
  -0.00050043828
   0.00049951001
    0.0014971462
    0.0024918474
    0.0034829939
    0.0044699691
    0.0054521607
    0.0064289603
    0.0073997642
    0.0083639737
    0.0093209952
     0.010270241
     0.011211130
     0.012143085
     0.013065540
     0.013977931
     0.014879706
     0.015770317
     0.016649226
     0.017515904
     0.018369829
     0.019210489
     0.020037382
     0.020850013
     0.021647900
     0.022430569
     0.023197558
     0.023948415
     0.024682699
     0.025399980
     0.026099840
     0.026781872
     0.027445682
     0.028090888
     0.028717120
     0.029324020
     0.029911244
     0.030478461
     0.031025352
     0.031551613
     0.032056951
     0.032541090
     0.033003765
     0.033444726
     0.033863738
     0.034260579
     0.034635042
     0.034986935
     0.035316077
     0.035622307
     0.035905475
     0.036165447
     0.036402103
     0.036615338
     0.036805064
     0.036971206
     0.037113702
     0.037232510
     0.037327598
     0.037398951
     0.037446571
     0.037470470
     0.037470680
     0.037447245
     0.037400223
     0.037329689
     0.037235731
     0.037118453
     0.036977971
     0.036814419
     0.036627941
     0.036418698
     0.036186864
     0.035932627
     0.035656190
     0.035357766
     0.035037586
     0.034695890
     0.034332935
     0.033948987
     0.033544328
     0.033119250
     0.032674058
     0.032209070
     0.031724616
     0.031221035
     0.030698681
     0.030157916
     0.029599114
     0.029022661
     0.028428952
     0.027818392
     0.027191396
     0.026548388
     0.025889804
     0.025216086
     0.024527684
     0.023825061
     0.023108683
     0.022379027
     0.021636576
     0.020881820
     0.020115257
     0.019337392
     0.018548733
     0.017749797
     0.016941105
     0.016123185
     0.015296567
     0.014461787
     0.013619386
     0.012769908
     0.011913900
     0.011051912
     0.010184498
    0.0093122143
    0.0084356176
    0.0075552677
    0.0066717256
    0.0057855532
    0.0048973129
    0.0040075675
    0.0031168799
    0.0022258122
    0.0013349262
   0.00044478229
  -0.00044406056
   -0.0013310451
   -0.0022156163
   -0.0030972217
   -0.0039753114
   -0.0048493390
   -0.0057187615
   -0.0065830397
   -0.0074416386
   -0.0082940277
   -0.0091396813
   -0.0099780791
    -0.010808706
    -0.011631053
    -0.012444616
    -0.013248899
    -0.014043412
    -0.014827672
    -0.015601203
    -0.016363537
    -0.017114213
    -0.017852780
    -0.018578793
    -0.019291817
    -0.019991425
    -0.020677202
    -0.021348739
    -0.022005638
    -0.022647510
    -0.023273978
    -0.023884675
    -0.024479242
    -0.025057334
    -0.025618614
    -0.026162760
    -0.026689456
    -0.027198403
    -0.027689310
    -0.028161898
    -0.028615903
    -0.029051069
    -0.029467156
    -0.029863934
    -0.030241187
    -0.030598709
    -0.030936311
    -0.031253812
    -0.031551049
    -0.031827867
    -0.032084128
    -0.032319705
    -0.032534485
    -0.032728369
    -0.032901269
    -0.033053112
    -0.033183839
    -0.033293402
    -0.033381769
    -0.033448920
    -0.033494848
    -0.033519561
    -0.033523078
    -0.033505433
    -0.033466673
    -0.033406858
    -0.033326060
    -0.033224366
    -0.033101875
    -0.032958699
    -0.032794962
    -0.032610803
    -0.032406372
    -0.032181830
    -0.031937353
    -0.031673128
    -0.031389355
    -0.031086244
    -0.030764019
    -0.030422915
    -0.030063177
    -0.029685063
    -0.029288842
    -0.028874792
    -0.028443206
    -0.027994382
    -0.027528633
    -0.027046279
    -0.026547652
    -0.026033092
    -0.025502950
    -0.024957586
    -0.024397368
    -0.023822672
    -0.023233885
    -0.022631401
    -0.022015622
    -0.021386956
    -0.020745821
    -0.020092642
    -0.019427849
    -0.018751880
    -0.018065179
    -0.017368196
    -0.016661386
    -0.015945210
    -0.015220136
    -0.014486633
    -0.013745179
    -0.012996251
    -0.012240335
    -0.011477918
    -0.010709490
   -0.0099355447
   -0.0091565790
   -0.0083730914
   -0.0075855827
   -0.0067945552
   -0.0060005129
   -0.0052039607
   -0.0044054043
   -0.0036053499
   -0.0028043038
   -0.0020027721
   -0.0012012604
  -0.00040027355
   0.00039968488
    0.0011981127
    0.0019945093
    0.0027883766
    0.0035792184
    0.0043665415
    0.0051498556
    0.0059286736
    0.0067025123
    0.0074708921
    0.0082333377
    0.0089893782
    0.0097385477
     0.010480385
     0.011214435
     0.011940247
     0.012657377
     0.013365387
     0.014063845
     0.014752327
     0.015430415
     0.016097698
     0.016753772
     0.017398242
     0.018030720
     0.018650827
     0.019258191
     0.019852450
     0.020433250
     0.021000246
     0.021553103
     0.022091494
     0.022615103
     0.023123623
     0.023616757
     0.024094219
     0.024555732
     0.025001030
     0.025429857
     0.025841971
     0.026237135
     0.026615129
     0.026975740
     0.027318768
     0.027644025
     0.027951332
     0.028240524
     0.028511447
     0.028763958
     0.028997926
     0.029213233
     0.029409772
     0.029587447
     0.029746175
     0.029885887
     0.030006522
     0.030108035
     0.030190389
     0.030253564
     0.030297548
     0.030322343
     0.030327962
     0.030314431
     0.030281789
     0.030230084
     0.030159378
     0.030069745
     0.029961269
     0.029834048
     0.029688191
     0.029523817
     0.029341058
     0.029140057
     0.028920968
     0.028683956
     0.028429199
     0.028156882
     0.027867205
     0.027560375
     0.027236613
     0.026896147
     0.026539216
     0.026166072
     0.025776972
     0.025372187
     0.024951993
     0.024516681
     0.024066545
     0.023601893
     0.023123038
     0.022630303
     0.022124020
     0.021604527
     0.021072173
     0.020527310
     0.019970301
     0.019401515
     0.018821328
     0.018230123
     0.017628288
     0.017016217
     0.016394313
     0.015762981
     0.015122633
     0.014473686
     0.013816561
     0.013151684
     0.012479487
     0.011800402
     0.011114869
     0.010423328
    0.0097262242
    0.0090240048
    0.0083171200
    0.0076060218
    0.0068911645
    0.0061730040
    0.0054519978
    0.0047286041
    0.0040032824
    0.0032764924
    0.0025486943
    0.0018203481
    0.0010919135
   0.00036384971
  -0.00036338515
   -0.0010893340
   -0.0018135413
   -0.0025355533
   -0.0032549181
   -0.0039711863
   -0.0046839112
   -0.0053926487
   -0.0060969579
   -0.0067964016
   -0.0074905459
   -0.0081789612
   -0.0088612218
   -0.0095369069
    -0.010205600
    -0.010866890
    -0.011520370
    -0.012165641
    -0.012802307
    -0.013429980
    -0.014048276
    -0.014656820
    -0.015255242
    -0.015843180
    -0.016420278
    -0.016986187
    -0.017540568
    -0.018083087
    -0.018613420
    -0.019131249
    -0.019636266
    -0.020128171
    -0.020606673
    -0.021071489
    -0.021522346
    -0.021958979
    -0.022381133
    -0.022788564
    -0.023181034
    -0.023558318
    -0.023920200
    -0.024266472
    -0.024596940
    -0.024911417
    -0.025209727
    -0.025491706
    -0.025757198
    -0.026006059
    -0.026238156
    -0.026453366
    -0.026651578
    -0.026832690
    -0.026996612
    -0.027143264
    -0.027272580
    -0.027384500
    -0.027478980
    -0.027555983
    -0.027615486
    -0.027657476
    -0.027681951
    -0.027688919
    -0.027678400
    -0.027650426
    -0.027605039
    -0.027542291
    -0.027462245
    -0.027364977
    -0.027250571
    -0.027119124
    -0.026970741
    -0.026805540
    -0.026623648
    -0.026425202
    -0.026210351
    -0.025979253
    -0.025732075
    -0.025468996
    -0.025190204
    -0.024895895
    -0.024586276
    -0.024261564
    -0.023921984
    -0.023567770
    -0.023199166
    -0.022816424
    -0.022419804
    -0.022009575
    -0.021586015
    -0.021149408
    -0.020700048
    -0.020238235
    -0.019764277
    -0.019278489
    -0.018781195
    -0.018272722
    -0.017753406
    -0.017223590
    -0.016683622
    -0.016133856
    -0.015574651
    -0.015006373
    -0.014429393
    -0.013844085
    -0.013250830
    -0.012650013
    -0.012042022
    -0.011427250
    -0.010806095
    -0.010178955
   -0.0095462355
   -0.0089083412
   -0.0082656818
   -0.0076186685
   -0.0069677151
   -0.0063132372
   -0.0056556520
   -0.0049953782
   -0.0043328355
   -0.0036684445
   -0.0030026266
   -0.0023358032
   -0.0016683960
   -0.0010008266
  -0.00033351579
   2.2351125e-08
