   1.8545842e-68
   2.2831027e-68
   2.8102447e-68
   3.4586183e-68
   4.2559931e-68
   5.2364745e-68
   6.4419428e-68
   7.9238187e-68
   9.7452277e-68
   1.1983654e-67
   1.4734191e-67
   1.8113532e-67
   2.2264850e-67
   2.7363787e-67
   3.3625784e-67
   4.1315065e-67
   5.0755633e-67
   6.2344745e-67
   7.6569402e-67
   9.4026539e-67
   1.1544774e-66
   1.4172949e-66
   1.7397017e-66
   2.1351538e-66
   2.6201329e-66
   3.2148246e-66
   3.9439467e-66
   4.8377629e-66
   5.9333220e-66
   7.2759726e-66
   8.9212145e-66
   1.0936962e-65
   1.3406309e-65
   1.6430907e-65
   2.0135093e-65
   2.4670930e-65
   3.0224367e-65
   3.7022753e-65
   4.5344016e-65
   5.5527876e-65
   6.7989512e-65
   8.3236266e-65
   1.0188800e-64
   1.2470196e-64
   1.5260309e-64
   1.8672100e-64
   2.2843508e-64
   2.7942949e-64
   3.4176017e-64
   4.1793666e-64
   5.1102162e-64
   6.2475231e-64
   7.6368853e-64
   9.3339283e-64
   1.1406501e-63
   1.3937350e-63
   1.7027379e-63
   2.0799608e-63
   2.5404012e-63
   3.1023391e-63
   3.7880527e-63
   4.6246893e-63
   5.6453243e-63
   6.8902507e-63
   8.4085468e-63
   1.0259984e-62
   1.2517344e-62
   1.5269242e-62
   1.8623555e-62
   2.2711587e-62
   2.7693137e-62
   3.3762659e-62
   4.1156735e-62
   5.0163172e-62
   6.1132035e-62
   7.4489062e-62
   9.0751949e-62
   1.1055012e-61
   1.3464872e-61
   1.6397781e-61
   1.9966765e-61
   2.4309170e-61
   2.9591865e-61
   3.6017565e-61
   4.3832491e-61
   5.3335669e-61
   6.4890204e-61
   7.8936947e-61
   9.6011069e-61
   1.1676215e-60
   1.4197852e-60
   1.7261678e-60
   2.0983753e-60
   2.5504870e-60
   3.0995800e-60
   3.7663649e-60
   4.5759548e-60
   5.5587975e-60
   6.7518031e-60
   8.1997098e-60
   9.9567360e-60
   1.2088580e-59
   1.4674840e-59
   1.7811942e-59
   2.1616678e-59
   2.6230492e-59
   3.1824655e-59
   3.8606530e-59
   4.6827140e-59
   5.6790316e-59
   6.8863760e-59
   8.3492406e-59
   1.0121456e-58
   1.2268143e-58
   1.4868065e-58
   1.8016477e-58
   2.1828560e-58
   2.6443571e-58
   3.2029849e-58
   3.8790867e-58
   4.6972522e-58
   5.6871942e-58
   6.8848112e-58
   8.3334686e-58
   1.0085545e-57
   1.2204296e-57
   1.4766102e-57
   1.7863182e-57
   2.1606855e-57
   2.6131485e-57
   3.1599224e-57
   3.8205733e-57
   4.6187074e-57
   5.5828012e-57
   6.7472013e-57
   8.1533289e-57
   9.8511301e-57
   1.1900821e-56
   1.4374992e-56
   1.7361134e-56
   2.0964686e-56
   2.5312697e-56
   3.0558236e-56
   3.6885691e-56
   4.4517152e-56
   5.3720074e-56
   6.4816509e-56
   7.8194186e-56
   9.4319846e-56
   1.1375526e-55
   1.3717649e-55
   1.6539703e-55
   1.9939557e-55
   2.4034942e-55
   2.8967464e-55
   3.4907412e-55
   4.2059550e-55
   5.0670056e-55
   6.1034859e-55
   7.3509640e-55
   8.8521842e-55
   1.0658507e-54
   1.2831639e-54
   1.5445702e-54
   1.8589725e-54
   2.2370623e-54
   2.6916773e-54
   3.2382301e-54
   3.8952219e-54
   4.6848587e-54
   5.6337891e-54
   6.7739887e-54
   8.1438195e-54
   9.7892994e-54
   1.1765621e-53
   1.4138975e-53
   1.6988725e-53
   2.0410020e-53
   2.4516917e-53
   2.9446121e-53
   3.5361455e-53
   4.2459214e-53
   5.0974569e-53
   6.1189227e-53
   7.3440593e-53
   8.8132719e-53
   1.0574941e-52
   1.2686988e-52
   1.5218748e-52
   1.8253204e-52
   2.1889662e-52
   2.6246949e-52
   3.1467220e-52
   3.7720525e-52
   4.5210246e-52
   5.4179602e-52
   6.4919407e-52
   7.7777336e-52
   9.3168989e-52
   1.1159108e-51
   1.3363721e-51
   1.6001662e-51
   1.9157666e-51
   2.2932948e-51
   2.7448396e-51
   3.2848372e-51
   3.9305246e-51
   4.7024803e-51
   5.6252683e-51
   6.7282063e-51
   8.0462801e-51
   9.6212342e-51
   1.1502870e-50
   1.3750594e-50
   1.6435256e-50
   1.9641348e-50
   2.3469612e-50
   2.8040148e-50
   3.3496120e-50
   4.0008153e-50
   4.7779575e-50
   5.7052656e-50
   6.8116016e-50
   8.1313454e-50
   9.7054432e-50
   1.1582655e-49
   1.3821039e-49
   1.6489710e-49
   1.9670942e-49
   2.3462652e-49
   2.7981360e-49
   3.3365708e-49
   3.9780630e-49
   4.7422317e-49
   5.6524102e-49
   6.7363457e-49
   8.0270295e-49
   9.5636824e-49
   1.1392925e-48
   1.3570164e-48
   1.6161243e-48
   1.9244393e-48
   2.2912553e-48
   2.7276116e-48
   3.2466193e-48
   3.8638478e-48
   4.5977827e-48
   5.4703695e-48
   6.5076574e-48
   7.7405620e-48
   9.2057696e-48
   1.0946808e-47
   1.3015315e-47
   1.5472543e-47
   1.8391132e-47
   2.1857226e-47
   2.5972958e-47
   3.0859407e-47
   3.6660091e-47
   4.3545100e-47
   5.1715990e-47
   6.1411567e-47
   7.2914737e-47
   8.6560597e-47
   1.0274601e-46
   1.2194092e-46
   1.4470175e-46
   1.7168719e-46
   2.0367691e-46
   2.4159364e-46
   2.8652926e-46
   3.3977565e-46
   4.0286110e-46
   4.7759327e-46
   5.6611005e-46
   6.7093944e-46
   7.9507038e-46
   9.4203625e-46
   1.1160135e-45
   1.3219380e-45
   1.5656422e-45
   1.8540171e-45
   2.1952033e-45
   2.5988162e-45
   3.0762113e-45
   3.6407978e-45
   4.3084073e-45
   5.0977289e-45
   6.0308220e-45
   7.1337204e-45
   8.4371438e-45
   9.9773363e-45
   1.1797054e-44
   1.3946728e-44
   1.6485832e-44
   1.9484497e-44
   2.3025408e-44
   2.7206035e-44
   3.2141265e-44
   3.7966493e-44
   4.4841258e-44
   5.2953527e-44
   6.2524724e-44
   7.3815654e-44
   8.7133459e-44
   1.0283980e-43
   1.2136048e-43
   1.4319675e-43
   1.6893857e-43
   1.9928026e-43
   2.3503878e-43
   2.7717533e-43
   3.2682058e-43
   3.8530445e-43
   4.5419092e-43
   5.3531901e-43
   6.3085083e-43
   7.4332799e-43
   8.7573777e-43
   1.0315908e-42
   1.2150123e-42
   1.4308485e-42
   1.6847925e-42
   1.9835310e-42
   2.3349165e-42
   2.7481694e-42
   3.2341150e-42
   3.8054603e-42
   4.4771200e-42
   5.2665968e-42
   6.1944278e-42
   7.2847075e-42
   8.5656995e-42
   1.0070554e-41
   1.1838145e-41
   1.3914056e-41
   1.6351727e-41
   1.9213802e-41
   2.2573702e-41
   2.6517469e-41
   3.1145918e-41
   3.6577161e-41
   4.2949553e-41
   5.0425138e-41
   5.9193680e-41
   6.9477371e-41
   8.1536339e-41
   9.5675080e-41
   1.1224997e-40
   1.3167807e-40
   1.5444735e-40
   1.8112870e-40
   2.1238990e-40
   2.4901199e-40
   2.9190829e-40
   3.4214674e-40
   4.0097582e-40
   4.6985489e-40
   5.5048958e-40
   6.4487310e-40
   7.5533430e-40
   8.8459391e-40
   1.0358300e-39
   1.2127543e-39
   1.4197011e-39
   1.6617315e-39
   1.9447535e-39
   2.2756636e-39
   2.6625107e-39
   3.1146873e-39
   3.6431524e-39
   4.2606908e-39
   4.9822153e-39
   5.8251185e-39
   6.8096819e-39
   7.9595531e-39
   9.3022998e-39
   1.0870056e-38
   1.2700272e-38
   1.4836588e-38
   1.7329853e-38
   2.0239300e-38
   2.3633928e-38
   2.7594093e-38
   3.2213367e-38
   3.7600699e-38
   4.3882919e-38
   5.1207655e-38
   5.9746720e-38
   6.9700042e-38
   8.1300236e-38
   9.4817908e-38
   1.1056781e-37
   1.2891601e-37
   1.5028818e-37
   1.7517920e-37
   2.0416443e-37
   2.3791258e-37
   2.7720083e-37
   3.2293226e-37
   3.7615613e-37
   4.3809131e-37
   5.1015358e-37
   5.9398712e-37
   6.9150115e-37
   8.0491234e-37
   9.3679390e-37
   1.0901326e-36
   1.2683946e-36
   1.4756020e-36
   1.7164212e-36
   1.9962656e-36
   2.3214137e-36
   2.6991473e-36
   3.1379094e-36
   3.6474892e-36
   4.2392344e-36
   4.9262975e-36
   5.7239210e-36
   6.6497669e-36
   7.7242978e-36
   8.9712176e-36
   1.0417981e-35
   1.2096383e-35
   1.4043239e-35
   1.6301173e-35
   1.8919524e-35
   2.1955400e-35
   2.5474888e-35
   2.9554459e-35
   3.4282583e-35
   3.9761601e-35
   4.6109878e-35
   5.3464300e-35
   6.1983142e-35
   7.1849390e-35
   8.3274565e-35
   9.6503143e-35
   1.1181764e-34
   1.2954451e-34
   1.5006088e-34
   1.7380239e-34
   2.0127220e-34
   2.3305136e-34
   2.6981077e-34
   3.1232498e-34
   3.6148805e-34
   4.1833189e-34
   4.8404729e-34
   5.6000822e-34
   6.4779980e-34
   7.4925044e-34
   8.6646894e-34
   1.0018871e-33
   1.1583088e-33
   1.3389666e-33
   1.5475864e-33
   1.7884627e-33
   2.0665439e-33
   2.3875320e-33
   2.7579954e-33
   3.1855005e-33
   3.6787613e-33
   4.2478125e-33
   4.9042078e-33
   5.6612480e-33
   6.5342431e-33
   7.5408134e-33
   8.7012349e-33
   1.0038837e-32
   1.1580456e-32
   1.3356964e-32
   1.5403862e-32
   1.7761977e-32
   2.0478246e-32
   2.3606631e-32
   2.7209155e-32
   3.1357101e-32
   3.6132378e-32
   4.1629096e-32
   4.7955365e-32
   5.5235364e-32
   6.3611705e-32
   7.3248147e-32
   8.4332708e-32
   9.7081224e-32
   1.1174143e-31
   1.2859765e-31
   1.4797611e-31
   1.7025112e-31
   1.9585206e-31
   2.2527142e-31
   2.5907401e-31
   2.9790747e-31
   3.4251432e-31
   3.9374575e-31
   4.5257734e-31
   5.2012716e-31
   5.9767632e-31
   6.8669259e-31
   7.8885733e-31
   9.0609632e-31
   1.0406149e-30
   1.1949385e-30
   1.3719580e-30
   1.5749831e-30
   1.8078016e-30
   2.0747484e-30
   2.3807835e-30
   2.7315814e-30
   3.1336335e-30
   3.5943638e-30
   4.1222627e-30
   4.7270380e-30
   5.4197883e-30
   6.2132000e-30
   7.1217733e-30
   8.1620782e-30
   9.3530477e-30
   1.0716312e-29
   1.2276578e-29
   1.4062065e-29
   1.6104998e-29
   1.8442171e-29
   2.1115589e-29
   2.4173201e-29
   2.7669730e-29
   3.1667623e-29
   3.6238132e-29
   4.1462542e-29
   4.7433575e-29
   5.4256975e-29
   6.2053330e-29
   7.0960129e-29
   8.1134114e-29
   9.2753946e-29
   1.0602324e-28
   1.2117403e-28
   1.3847069e-28
   1.5821437e-28
   1.8074812e-28
   2.0646263e-28
   2.3580277e-28
   2.6927507e-28
   3.0745615e-28
   3.5100235e-28
   4.0066062e-28
   4.5728092e-28
   5.2183030e-28
   5.9540888e-28
   6.7926794e-28
   7.7483051e-28
   8.8371476e-28
   1.0077604e-27
   1.1490589e-27
   1.3099872e-27
   1.4932469e-27
   1.7019076e-27
   1.9394570e-27
   2.2098566e-27
   2.5176065e-27
   2.8678167e-27
   3.2662898e-27
   3.7196138e-27
   4.2352667e-27
   4.8217366e-27
   5.4886558e-27
   6.2469538e-27
   7.1090308e-27
   8.0889525e-27
   9.2026726e-27
   1.0468283e-26
   1.1906297e-26
   1.3539973e-26
   1.5395672e-26
   1.7503275e-26
   1.9896641e-26
   2.2614136e-26
   2.5699226e-26
   2.9201145e-26
   3.3175655e-26
   3.7685903e-26
   4.2803387e-26
   4.8609051e-26
   5.5194518e-26
   6.2663484e-26
   7.1133295e-26
   8.0736722e-26
   9.1623967e-26
   1.0396493e-25
   1.1795176e-25
   1.3380175e-25
   1.5176057e-25
   1.7210595e-25
   1.9515183e-25
   2.2125300e-25
   2.5081037e-25
   2.8427693e-25
   3.2216439e-25
   3.6505075e-25
   4.1358879e-25
   4.6851560e-25
   5.3066342e-25
   6.0097172e-25
   6.8050092e-25
   7.7044776e-25
   8.7216261e-25
   9.8716905e-25
   1.1171857e-24
   1.2641512e-24
   1.4302517e-24
   1.6179523e-24
   1.8300323e-24
   2.0696246e-24
   2.3402605e-24
   2.6459195e-24
   2.9910855e-24
   3.3808106e-24
   3.8207853e-24
   4.3174193e-24
   4.8779305e-24
   5.5104465e-24
   6.2241172e-24
   7.0292426e-24
   7.9374151e-24
   8.9616804e-24
   1.0116717e-23
   1.1419039e-23
   1.2887221e-23
   1.4542156e-23
   1.6407338e-23
   1.8509183e-23
   2.0877388e-23
   2.3545335e-23
   2.6550541e-23
   2.9935166e-23
   3.3746580e-23
   3.8037998e-23
   4.2869195e-23
   4.8307304e-23
   5.4427710e-23
   6.1315055e-23
   6.9064358e-23
   7.7782272e-23
   8.7588496e-23
   9.8617344e-23
   1.1101952e-22
   1.2496407e-22
   1.4064062e-22
   1.5826183e-22
   1.7806616e-22
   2.0032096e-22
   2.2532594e-22
   2.5341702e-22
   2.8497066e-22
   3.2040872e-22
   3.6020381e-22
   4.0488535e-22
   4.5504633e-22
   5.1135084e-22
   5.7454244e-22
   6.4545364e-22
   7.2501633e-22
   8.1427353e-22
   9.1439247e-22
   1.0266792e-21
   1.1525948e-21
   1.2937738e-21
   1.4520443e-21
   1.6294504e-21
   1.8282780e-21
   2.0510825e-21
   2.3007201e-21
   2.5803835e-21
   2.8936402e-21
   3.2444761e-21
   3.6373444e-21
   4.0772193e-21
   4.5696560e-21
   5.1208581e-21
   5.7377519e-21
   6.4280698e-21
   7.2004427e-21
   8.0645030e-21
   9.0309993e-21
   1.0111924e-20
   1.1320656e-20
   1.2672117e-20
   1.4182949e-20
   1.5871710e-20
   1.7759089e-20
   1.9868151e-20
   2.2224603e-20
   2.4857094e-20
   2.7797548e-20
   3.1081533e-20
   3.4748668e-20
   3.8843082e-20
   4.3413920e-20
   4.8515902e-20
   5.4209951e-20
   6.0563884e-20
   6.7653179e-20
   7.5561835e-20
   8.4383314e-20
   9.4221596e-20
   1.0519234e-19
   1.1742419e-19
   1.3106021e-19
   1.4625944e-19
   1.6319872e-19
   1.8207461e-19
   2.0310556e-19
   2.2653434e-19
   2.5263066e-19
   2.8169418e-19
   3.1405773e-19
   3.5009096e-19
   3.9020433e-19
   4.3485361e-19
   4.8454472e-19
   5.3983923e-19
   6.0136039e-19
   6.6979976e-19
   7.4592463e-19
   8.3058618e-19
   9.2472852e-19
   1.0293987e-18
   1.1457576e-18
   1.2750924e-18
   1.4188301e-18
   1.5785521e-18
   1.7560110e-18
   1.9531488e-18
   2.1721171e-18
   2.4152991e-18
   2.6853347e-18
   2.9851468e-18
   3.3179725e-18
   3.6873949e-18
   4.0973807e-18
   4.5523199e-18
   5.0570707e-18
   5.6170084e-18
   6.2380796e-18
   6.9268622e-18
   7.6906311e-18
   8.5374309e-18
   9.4761564e-18
   1.0516641e-17
   1.1669752e-17
   1.2947503e-17
   1.4363168e-17
   1.5931410e-17
   1.7668432e-17
   1.9592126e-17
   2.1722257e-17
   2.4080644e-17
   2.6691382e-17
   2.9581066e-17
   3.2779050e-17
   3.6317730e-17
   4.0232853e-17
   4.4563856e-17
   4.9354241e-17
   5.4651992e-17
   6.0510021e-17
   6.6986673e-17
   7.4146269e-17
   8.2059714e-17
   9.0805150e-17
   1.0046869e-16
   1.1114523e-16
   1.2293929e-16
   1.3596601e-16
   1.5035221e-16
   1.6623753e-16
   1.8377571e-16
   2.0313602e-16
   2.2450477e-16
   2.4808700e-16
   2.7410832e-16
   3.0281699e-16
   3.3448608e-16
   3.6941595e-16
   4.0793695e-16
   4.5041229e-16
   4.9724132e-16
   5.4886304e-16
   6.0575996e-16
   6.6846231e-16
   7.3755275e-16
   8.1367138e-16
   8.9752134e-16
   9.8987493e-16
   1.0915802e-15
   1.2035684e-15
   1.3268619e-15
   1.4625827e-15
   1.6119625e-15
   1.7763529e-15
   1.9572367e-15
   2.1562407e-15
   2.3751494e-15
   2.6159197e-15
   2.8806977e-15
   3.1718362e-15
   3.4919146e-15
   3.8437601e-15
   4.2304710e-15
   4.6554425e-15
   5.1223943e-15
   5.6354012e-15
   6.1989262e-15
   6.8178570e-15
   7.4975454e-15
   8.2438506e-15
   9.0631865e-15
   9.9625729e-15
   1.0949692e-14
   1.2032949e-14
   1.3221541e-14
   1.4525525e-14
   1.5955904e-14
   1.7524707e-14
   1.9245089e-14
   2.1131429e-14
   2.3199446e-14
   2.5466318e-14
   2.7950816e-14
   3.0673449e-14
   3.3656622e-14
   3.6924808e-14
   4.0504731e-14
   4.4425574e-14
   4.8719200e-14
   5.3420388e-14
   5.8567100e-14
   6.4200764e-14
   7.0366584e-14
   7.7113876e-14
   8.4496436e-14
   9.2572937e-14
   1.0140736e-13
   1.1106948e-13
   1.2163534e-13
   1.3318785e-13
   1.4581736e-13
   1.5962233e-13
   1.7471003e-13
   1.9119734e-13
   2.0921155e-13
   2.2889128e-13
   2.5038749e-13
   2.7386454e-13
   2.9950135e-13
   3.2749265e-13
   3.5805036e-13
   3.9140510e-13
   4.2780773e-13
   4.6753117e-13
   5.1087225e-13
   5.5815374e-13
   6.0972664e-13
   6.6597249e-13
   7.2730606e-13
   7.9417811e-13
   8.6707850e-13
   9.4653944e-13
   1.0331391e-12
   1.1275056e-12
   1.2303208e-12
   1.3423255e-12
   1.4643238e-12
   1.5971885e-12
   1.7418671e-12
   1.8993879e-12
   2.0708666e-12
   2.2575135e-12
   2.4606417e-12
   2.6816754e-12
   2.9221589e-12
   3.1837667e-12
   3.4683143e-12
   3.7777694e-12
   4.1142648e-12
   4.4801116e-12
   4.8778138e-12
   5.3100840e-12
   5.7798606e-12
   6.2903256e-12
   6.8449249e-12
   7.4473890e-12
   8.1017565e-12
   8.8123985e-12
   9.5840454e-12
   1.0421816e-11
   1.1331247e-11
   1.2318330e-11
   1.3389543e-11
   1.4551891e-11
   1.5812952e-11
   1.7180913e-11
   1.8664627e-11
   2.0273662e-11
   2.2018356e-11
   2.3909877e-11
   2.5960294e-11
   2.8182640e-11
   3.0590989e-11
   3.3200541e-11
   3.6027706e-11
   3.9090195e-11
   4.2407128e-11
   4.5999137e-11
   4.9888483e-11
   5.4099183e-11
   5.8657144e-11
   6.3590305e-11
   6.8928797e-11
   7.4705106e-11
   8.0954252e-11
   8.7713984e-11
   9.5024983e-11
   1.0293109e-10
   1.1147953e-10
   1.2072118e-10
   1.3071084e-10
   1.4150753e-10
   1.5317478e-10
   1.6578102e-10
   1.7939987e-10
   1.9411059e-10
   2.0999847e-10
   2.2715528e-10
   2.4567973e-10
   2.6567802e-10
   2.8726433e-10
   3.1056148e-10
   3.3570148e-10
   3.6282627e-10
   3.9208839e-10
   4.2365177e-10
   4.5769259e-10
   4.9440006e-10
   5.3397749e-10
   5.7664321e-10
   6.2263166e-10
   6.7219460e-10
   7.2560227e-10
   7.8314474e-10
   8.4513334e-10
   9.1190212e-10
   9.8380950e-10
   1.0612400e-09
   1.1446059e-09
   1.2343495e-09
   1.3309450e-09
   1.4349007e-09
   1.5467617e-09
   1.6671119e-09
   1.7965772e-09
   1.9358283e-09
   2.0855833e-09
   2.2466120e-09
   2.4197382e-09
   2.6058445e-09
   2.8058755e-09
   3.0208426e-09
   3.2518281e-09
   3.4999905e-09
   3.7665692e-09
   4.0528900e-09
   4.3603714e-09
   4.6905303e-09
   5.0449887e-09
   5.4254810e-09
   5.8338612e-09
   6.2721109e-09
   6.7423479e-09
   7.2468352e-09
   7.7879903e-09
   8.3683959e-09
   8.9908101e-09
   9.6581784e-09
   1.0373646e-08
   1.1140570e-08
   1.1962534e-08
   1.2843363e-08
   1.3787138e-08
   1.4798214e-08
   1.5881235e-08
   1.7041154e-08
   1.8283257e-08
   1.9613175e-08
   2.1036914e-08
   2.2560876e-08
   2.4191884e-08
   2.5937207e-08
   2.7804591e-08
   2.9802289e-08
   3.1939088e-08
   3.4224350e-08
   3.6668040e-08
   3.9280768e-08
   4.2073830e-08
   4.5059246e-08
   4.8249807e-08
   5.1659124e-08
   5.5301675e-08
   5.9192861e-08
   6.3349059e-08
   6.7787685e-08
   7.2527253e-08
   7.7587445e-08
   8.2989178e-08
   8.8754682e-08
   9.4907575e-08
   1.0147295e-07
   1.0847745e-07
   1.1594938e-07
   1.2391881e-07
   1.3241763e-07
   1.4147971e-07
   1.5114101e-07
   1.6143968e-07
   1.7241618e-07
   1.8411347e-07
   1.9657709e-07
   2.0985535e-07
   2.2399945e-07
   2.3906372e-07
   2.5510572e-07
   2.7218645e-07
   2.9037057e-07
   3.0972659e-07
   3.3032708e-07
   3.5224891e-07
   3.7557350e-07
   4.0038704e-07
   4.2678080e-07
   4.5485140e-07
   4.8470108e-07
   5.1643805e-07
   5.5017680e-07
   5.8603844e-07
   6.2415109e-07
   6.6465023e-07
   7.0767911e-07
   7.5338919e-07
   8.0194058e-07
   8.5350248e-07
   9.0825371e-07
   9.6638319e-07
   1.0280905e-06
   1.0935865e-06
   1.1630937e-06
   1.2368472e-06
   1.3150952e-06
   1.3980998e-06
   1.4861372e-06
   1.5794993e-06
   1.6784939e-06
   1.7834457e-06
   1.8946972e-06
   2.0126096e-06
   2.1375636e-06
   2.2699607e-06
   2.4102242e-06
   2.5587999e-06
   2.7161579e-06
   2.8827932e-06
   3.0592274e-06
   3.2460098e-06
   3.4437189e-06
   3.6529636e-06
   3.8743852e-06
   4.1086584e-06
   4.3564935e-06
   4.6186378e-06
   4.8958773e-06
   5.1890392e-06
   5.4989929e-06
   5.8266531e-06
   6.1729814e-06
   6.5389883e-06
   6.9257363e-06
   7.3343416e-06
   7.7659771e-06
   8.2218751e-06
   8.7033298e-06
   9.2117003e-06
   9.7484137e-06
   1.0314968e-05
   1.0912937e-05
   1.1543970e-05
   1.2209799e-05
   1.2912241e-05
   1.3653203e-05
   1.4434683e-05
   1.5258778e-05
   1.6127686e-05
   1.7043710e-05
   1.8009267e-05
   1.9026886e-05
   2.0099219e-05
   2.1229045e-05
   2.2419273e-05
   2.3672950e-05
   2.4993267e-05
   2.6383564e-05
   2.7847339e-05
   2.9388251e-05
   3.1010128e-05
   3.2716978e-05
   3.4512991e-05
   3.6402550e-05
   3.8390238e-05
   4.0480848e-05
   4.2679389e-05
   4.4991097e-05
   4.7421442e-05
   4.9976142e-05
   5.2661169e-05
   5.5482760e-05
   5.8447429e-05
   6.1561977e-05
   6.4833505e-05
   6.8269424e-05
   7.1877467e-05
   7.5665706e-05
   7.9642559e-05
   8.3816808e-05
   8.8197612e-05
   9.2794519e-05
   9.7617486e-05
   0.00010267689
   0.00010798355
   0.00011354873
   0.00011938417
   0.00012550210
   0.00013191527
   0.00013863692
   0.00014568088
   0.00015306151
   0.00016079378
   0.00016889324
   0.00017737609
   0.00018625918
   0.00019556004
   0.00020529686
   0.00021548861
   0.00022615495
   0.00023731637
   0.00024899411
   0.00026121027
   0.00027398779
   0.00028735051
   0.00030132317
   0.00031593146
   0.00033120205
   0.00034716262
   0.00036384188
   0.00038126963
   0.00039947678
   0.00041849537
   0.00043835863
   0.00045910103
   0.00048075826
   0.00050336736
   0.00052696665
   0.00055159588
   0.00057729618
   0.00060411017
   0.00063208198
   0.00066125727
   0.00069168333
   0.00072340908
   0.00075648512
   0.00079096382
   0.00082689934
   0.00086434766
   0.00090336669
   0.00094401627
   0.00098635824
    0.0010304565
    0.0010763771
    0.0011241883
    0.0011739603
    0.0012257660
    0.0012796805
    0.0013357811
    0.0013941479
    0.0014548634
    0.0015180125
    0.0015836831
    0.0016519656
    0.0017229534
    0.0017967425
    0.0018734321
    0.0019531242
    0.0020359240
    0.0021219398
    0.0022112831
    0.0023040687
    0.0024004148
    0.0025004430
    0.0026042785
    0.0027120499
    0.0028238897
    0.0029399339
    0.0030603226
    0.0031851995
    0.0033147125
    0.0034490134
    0.0035882583
    0.0037326074
    0.0038822251
    0.0040372803
    0.0041979465
    0.0043644013
    0.0045368274
    0.0047154118
    0.0049003466
    0.0050918284
    0.0052900589
    0.0054952450
    0.0057075983
    0.0059273358
    0.0061546798
    0.0063898577
    0.0066331025
    0.0068846524
    0.0071447514
    0.0074136490
    0.0076916005
    0.0079788666
    0.0082757143
    0.0085824160
    0.0088992505
    0.0092265023
    0.0095644622
    0.0099134268
     0.010273699
     0.010645589
     0.011029411
     0.011425488
     0.011834147
     0.012255725
     0.012690560
     0.013139003
     0.013601406
     0.014078131
     0.014569545
     0.015076022
     0.015597943
     0.016135696
     0.016689674
     0.017260279
     0.017847918
     0.018453006
     0.019075962
     0.019717215
     0.020377200
     0.021056357
     0.021755133
     0.022473983
     0.023213368
     0.023973754
     0.024755616
     0.025559433
     0.026385692
     0.027234886
     0.028107514
     0.029004080
     0.029925096
     0.030871078
     0.031842550
     0.032840040
     0.033864082
     0.034915215
     0.035993986
     0.037100944
     0.038236643
     0.039401646
     0.040596515
     0.041821821
     0.043078138
     0.044366043
     0.045686119
     0.047038951
     0.048425129
     0.049845246
     0.051299896
     0.052789680
     0.054315197
     0.055877052
     0.057475851
     0.059112200
     0.060786710
     0.062499989
     0.064252649
     0.066045302
     0.067878559
     0.069753032
     0.071669334
     0.073628073
     0.075629860
     0.077675302
     0.079765006
     0.081899574
     0.084079609
     0.086305707
     0.088578463
     0.090898467
     0.093266305
     0.095682559
     0.098147803
      0.10066261
      0.10322754
      0.10584315
      0.10850999
      0.11122861
      0.11399953
      0.11682329
      0.11970039
      0.12263135
      0.12561667
      0.12865682
      0.13175228
      0.13490351
      0.13811097
      0.14137509
      0.14469629
      0.14807498
      0.15151156
      0.15500641
      0.15855990
      0.16217236
      0.16584413
      0.16957552
      0.17336683
      0.17721834
      0.18113030
      0.18510296
      0.18913652
      0.19323118
      0.19738713
      0.20160451
      0.20588346
      0.21022408
      0.21462646
      0.21909066
      0.22361670
      0.22820461
      0.23285437
      0.23756593
      0.24233923
      0.24717417
      0.25207062
      0.25702843
      0.26204743
      0.26712740
      0.27226810
      0.27746926
      0.28273059
      0.28805174
      0.29343236
      0.29887205
      0.30437038
      0.30992690
      0.31554111
      0.32121249
      0.32694047
      0.33272447
      0.33856386
      0.34445798
      0.35040613
      0.35640757
      0.36246156
      0.36856728
      0.37472390
      0.38093055
      0.38718633
      0.39349028
      0.39984144
      0.40623879
      0.41268128
      0.41916783
      0.42569732
      0.43226859
      0.43888045
      0.44553168
      0.45222101
      0.45894715
      0.46570876
      0.47250449
      0.47933292
      0.48619263
      0.49308215
      0.49999998
      0.50694458
      0.51391438
      0.52090780
      0.52792319
      0.53495889
      0.54201322
      0.54908444
      0.55617081
      0.56327055
      0.57038184
      0.57750284
      0.58463169
      0.59176651
      0.59890536
      0.60604631
      0.61318740
      0.62032663
      0.62746198
      0.63459144
      0.64171293
      0.64882439
      0.65592372
      0.66300882
      0.67007754
      0.67712776
      0.68415730
      0.69116399
      0.69814566
      0.70510009
      0.71202508
      0.71891842
      0.72577787
      0.73260120
      0.73938617
      0.74613054
      0.75283206
      0.75948847
      0.76609753
      0.77265698
      0.77916457
      0.78561805
      0.79201518
      0.79835371
      0.80463142
      0.81084608
      0.81699547
      0.82307738
      0.82908963
      0.83503003
      0.84089641
      0.84668661
      0.85239852
      0.85802999
      0.86357895
      0.86904331
      0.87442102
      0.87971004
      0.88490837
      0.89001403
      0.89502506
      0.89993954
      0.90475557
      0.90947128
      0.91408485
      0.91859446
      0.92299836
      0.92729481
      0.93148213
      0.93555864
      0.93952275
      0.94337286
      0.94710744
      0.95072500
      0.95422408
      0.95760328
      0.96086123
      0.96399662
      0.96700818
      0.96989468
      0.97265495
      0.97528786
      0.97779233
      0.98016735
      0.98241194
      0.98452517
      0.98650618
      0.98835416
      0.99006833
      0.99164799
      0.99309249
      0.99440124
      0.99557368
      0.99660934
      0.99750778
      0.99826863
      0.99889158
      0.99937636
      0.99972278
      0.99993069
       1.0000000
      0.99993069
      0.99972278
      0.99937636
      0.99889158
      0.99826863
      0.99750778
      0.99660934
      0.99557368
      0.99440124
      0.99309249
      0.99164799
      0.99006833
      0.98835416
      0.98650618
      0.98452517
      0.98241194
      0.98016735
      0.97779233
      0.97528786
      0.97265495
      0.96989468
      0.96700818
      0.96399662
      0.96086123
      0.95760328
      0.95422408
      0.95072500
      0.94710744
      0.94337286
      0.93952275
      0.93555864
      0.93148213
      0.92729481
      0.92299836
      0.91859446
      0.91408485
      0.90947128
      0.90475557
      0.89993954
      0.89502506
      0.89001403
      0.88490837
      0.87971004
      0.87442102
      0.86904331
      0.86357895
      0.85802999
      0.85239852
      0.84668661
      0.84089641
      0.83503003
      0.82908963
      0.82307738
      0.81699547
      0.81084608
      0.80463142
      0.79835371
      0.79201518
      0.78561805
      0.77916457
      0.77265698
      0.76609753
      0.75948847
      0.75283206
      0.74613054
      0.73938617
      0.73260120
      0.72577787
      0.71891842
      0.71202508
      0.70510009
      0.69814566
      0.69116399
      0.68415730
      0.67712776
      0.67007754
      0.66300882
      0.65592372
      0.64882439
      0.64171293
      0.63459144
      0.62746198
      0.62032663
      0.61318740
      0.60604631
      0.59890536
      0.59176651
      0.58463169
      0.57750284
      0.57038184
      0.56327055
      0.55617081
      0.54908444
      0.54201322
      0.53495889
      0.52792319
      0.52090780
      0.51391438
      0.50694458
      0.49999998
      0.49308215
      0.48619263
      0.47933292
      0.47250449
      0.46570876
      0.45894715
      0.45222101
      0.44553168
      0.43888045
      0.43226859
      0.42569732
      0.41916783
      0.41268128
      0.40623879
      0.39984144
      0.39349028
      0.38718633
      0.38093055
      0.37472390
      0.36856728
      0.36246156
      0.35640757
      0.35040613
      0.34445798
      0.33856386
      0.33272447
      0.32694047
      0.32121249
      0.31554111
      0.30992690
      0.30437038
      0.29887205
      0.29343236
      0.28805174
      0.28273059
      0.27746926
      0.27226810
      0.26712740
      0.26204743
      0.25702843
      0.25207062
      0.24717417
      0.24233923
      0.23756593
      0.23285437
      0.22820461
      0.22361670
      0.21909066
      0.21462646
      0.21022408
      0.20588346
      0.20160451
      0.19738713
      0.19323118
      0.18913652
      0.18510296
      0.18113030
      0.17721834
      0.17336683
      0.16957552
      0.16584413
      0.16217236
      0.15855990
      0.15500641
      0.15151156
      0.14807498
      0.14469629
      0.14137509
      0.13811097
      0.13490351
      0.13175228
      0.12865682
      0.12561667
      0.12263135
      0.11970039
      0.11682329
      0.11399953
      0.11122861
      0.10850999
      0.10584315
      0.10322754
      0.10066261
     0.098147803
     0.095682559
     0.093266305
     0.090898467
     0.088578463
     0.086305707
     0.084079609
     0.081899574
     0.079765006
     0.077675302
     0.075629860
     0.073628073
     0.071669334
     0.069753032
     0.067878559
     0.066045302
     0.064252649
     0.062499989
     0.060786710
     0.059112200
     0.057475851
     0.055877052
     0.054315197
     0.052789680
     0.051299896
     0.049845246
     0.048425129
     0.047038951
     0.045686119
     0.044366043
     0.043078138
     0.041821821
     0.040596515
     0.039401646
     0.038236643
     0.037100944
     0.035993986
     0.034915215
     0.033864082
     0.032840040
     0.031842550
     0.030871078
     0.029925096
     0.029004080
     0.028107514
     0.027234886
     0.026385692
     0.025559433
     0.024755616
     0.023973754
     0.023213368
     0.022473983
     0.021755133
     0.021056357
     0.020377200
     0.019717215
     0.019075962
     0.018453006
     0.017847918
     0.017260279
     0.016689674
     0.016135696
     0.015597943
     0.015076022
     0.014569545
     0.014078131
     0.013601406
     0.013139003
     0.012690560
     0.012255725
     0.011834147
     0.011425488
     0.011029411
     0.010645589
     0.010273699
    0.0099134268
    0.0095644622
    0.0092265023
    0.0088992505
    0.0085824160
    0.0082757143
    0.0079788666
    0.0076916005
    0.0074136490
    0.0071447514
    0.0068846524
    0.0066331025
    0.0063898577
    0.0061546798
    0.0059273358
    0.0057075983
    0.0054952450
    0.0052900589
    0.0050918284
    0.0049003466
    0.0047154118
    0.0045368274
    0.0043644013
    0.0041979465
    0.0040372803
    0.0038822251
    0.0037326074
    0.0035882583
    0.0034490134
    0.0033147125
    0.0031851995
    0.0030603226
    0.0029399339
    0.0028238897
    0.0027120499
    0.0026042785
    0.0025004430
    0.0024004148
    0.0023040687
    0.0022112831
    0.0021219398
    0.0020359240
    0.0019531242
    0.0018734321
    0.0017967425
    0.0017229534
    0.0016519656
    0.0015836831
    0.0015180125
    0.0014548634
    0.0013941479
    0.0013357811
    0.0012796805
    0.0012257660
    0.0011739603
    0.0011241883
    0.0010763771
    0.0010304565
   0.00098635824
   0.00094401627
   0.00090336669
   0.00086434766
   0.00082689934
   0.00079096382
   0.00075648512
   0.00072340908
   0.00069168333
   0.00066125727
   0.00063208198
   0.00060411017
   0.00057729618
   0.00055159588
   0.00052696665
   0.00050336736
   0.00048075826
   0.00045910103
   0.00043835863
   0.00041849537
   0.00039947678
   0.00038126963
   0.00036384188
   0.00034716262
   0.00033120205
   0.00031593146
   0.00030132317
   0.00028735051
   0.00027398779
   0.00026121027
   0.00024899411
   0.00023731637
   0.00022615495
   0.00021548861
   0.00020529686
   0.00019556004
   0.00018625918
   0.00017737609
   0.00016889324
   0.00016079378
   0.00015306151
   0.00014568088
   0.00013863692
   0.00013191527
   0.00012550210
   0.00011938417
   0.00011354873
   0.00010798355
   0.00010267689
   9.7617486e-05
   9.2794519e-05
   8.8197612e-05
   8.3816808e-05
   7.9642559e-05
   7.5665706e-05
   7.1877467e-05
   6.8269424e-05
   6.4833505e-05
   6.1561977e-05
   5.8447429e-05
   5.5482760e-05
   5.2661169e-05
   4.9976142e-05
   4.7421442e-05
   4.4991097e-05
   4.2679389e-05
   4.0480848e-05
   3.8390238e-05
   3.6402550e-05
   3.4512991e-05
   3.2716978e-05
   3.1010128e-05
   2.9388251e-05
   2.7847339e-05
   2.6383564e-05
   2.4993267e-05
   2.3672950e-05
   2.2419273e-05
   2.1229045e-05
   2.0099219e-05
   1.9026886e-05
   1.8009267e-05
   1.7043710e-05
   1.6127686e-05
   1.5258778e-05
   1.4434683e-05
   1.3653203e-05
   1.2912241e-05
   1.2209799e-05
   1.1543970e-05
   1.0912937e-05
   1.0314968e-05
   9.7484137e-06
   9.2117003e-06
   8.7033298e-06
   8.2218751e-06
   7.7659771e-06
   7.3343416e-06
   6.9257363e-06
   6.5389883e-06
   6.1729814e-06
   5.8266531e-06
   5.4989929e-06
   5.1890392e-06
   4.8958773e-06
   4.6186378e-06
   4.3564935e-06
   4.1086584e-06
   3.8743852e-06
   3.6529636e-06
   3.4437189e-06
   3.2460098e-06
   3.0592274e-06
   2.8827932e-06
   2.7161579e-06
   2.5587999e-06
   2.4102242e-06
   2.2699607e-06
   2.1375636e-06
   2.0126096e-06
   1.8946972e-06
   1.7834457e-06
   1.6784939e-06
   1.5794993e-06
   1.4861372e-06
   1.3980998e-06
   1.3150952e-06
   1.2368472e-06
   1.1630937e-06
   1.0935865e-06
   1.0280905e-06
   9.6638319e-07
   9.0825371e-07
   8.5350248e-07
   8.0194058e-07
   7.5338919e-07
   7.0767911e-07
   6.6465023e-07
   6.2415109e-07
   5.8603844e-07
   5.5017680e-07
   5.1643805e-07
   4.8470108e-07
   4.5485140e-07
   4.2678080e-07
   4.0038704e-07
   3.7557350e-07
   3.5224891e-07
   3.3032708e-07
   3.0972659e-07
   2.9037057e-07
   2.7218645e-07
   2.5510572e-07
   2.3906372e-07
   2.2399945e-07
   2.0985535e-07
   1.9657709e-07
   1.8411347e-07
   1.7241618e-07
   1.6143968e-07
   1.5114101e-07
   1.4147971e-07
   1.3241763e-07
   1.2391881e-07
   1.1594938e-07
   1.0847745e-07
   1.0147295e-07
   9.4907575e-08
   8.8754682e-08
   8.2989178e-08
   7.7587445e-08
   7.2527253e-08
   6.7787685e-08
   6.3349059e-08
   5.9192861e-08
   5.5301675e-08
   5.1659124e-08
   4.8249807e-08
   4.5059246e-08
   4.2073830e-08
   3.9280768e-08
   3.6668040e-08
   3.4224350e-08
   3.1939088e-08
   2.9802289e-08
   2.7804591e-08
   2.5937207e-08
   2.4191884e-08
   2.2560876e-08
   2.1036914e-08
   1.9613175e-08
   1.8283257e-08
   1.7041154e-08
   1.5881235e-08
   1.4798214e-08
   1.3787138e-08
   1.2843363e-08
   1.1962534e-08
   1.1140570e-08
   1.0373646e-08
   9.6581784e-09
   8.9908101e-09
   8.3683959e-09
   7.7879903e-09
   7.2468352e-09
   6.7423479e-09
   6.2721109e-09
   5.8338612e-09
   5.4254810e-09
   5.0449887e-09
   4.6905303e-09
   4.3603714e-09
   4.0528900e-09
   3.7665692e-09
   3.4999905e-09
   3.2518281e-09
   3.0208426e-09
   2.8058755e-09
   2.6058445e-09
   2.4197382e-09
   2.2466120e-09
   2.0855833e-09
   1.9358283e-09
   1.7965772e-09
   1.6671119e-09
   1.5467617e-09
   1.4349007e-09
   1.3309450e-09
   1.2343495e-09
   1.1446059e-09
   1.0612400e-09
   9.8380950e-10
   9.1190212e-10
   8.4513334e-10
   7.8314474e-10
   7.2560227e-10
   6.7219460e-10
   6.2263166e-10
   5.7664321e-10
   5.3397749e-10
   4.9440006e-10
   4.5769259e-10
   4.2365177e-10
   3.9208839e-10
   3.6282627e-10
   3.3570148e-10
   3.1056148e-10
   2.8726433e-10
   2.6567802e-10
   2.4567973e-10
   2.2715528e-10
   2.0999847e-10
   1.9411059e-10
   1.7939987e-10
   1.6578102e-10
   1.5317478e-10
   1.4150753e-10
   1.3071084e-10
   1.2072118e-10
   1.1147953e-10
   1.0293109e-10
   9.5024983e-11
   8.7713984e-11
   8.0954252e-11
   7.4705106e-11
   6.8928797e-11
   6.3590305e-11
   5.8657144e-11
   5.4099183e-11
   4.9888483e-11
   4.5999137e-11
   4.2407128e-11
   3.9090195e-11
   3.6027706e-11
   3.3200541e-11
   3.0590989e-11
   2.8182640e-11
   2.5960294e-11
   2.3909877e-11
   2.2018356e-11
   2.0273662e-11
   1.8664627e-11
   1.7180913e-11
   1.5812952e-11
   1.4551891e-11
   1.3389543e-11
   1.2318330e-11
   1.1331247e-11
   1.0421816e-11
   9.5840454e-12
   8.8123985e-12
   8.1017565e-12
   7.4473890e-12
   6.8449249e-12
   6.2903256e-12
   5.7798606e-12
   5.3100840e-12
   4.8778138e-12
   4.4801116e-12
   4.1142648e-12
   3.7777694e-12
   3.4683143e-12
   3.1837667e-12
   2.9221589e-12
   2.6816754e-12
   2.4606417e-12
   2.2575135e-12
   2.0708666e-12
   1.8993879e-12
   1.7418671e-12
   1.5971885e-12
   1.4643238e-12
   1.3423255e-12
   1.2303208e-12
   1.1275056e-12
   1.0331391e-12
   9.4653944e-13
   8.6707850e-13
   7.9417811e-13
   7.2730606e-13
   6.6597249e-13
   6.0972664e-13
   5.5815374e-13
   5.1087225e-13
   4.6753117e-13
   4.2780773e-13
   3.9140510e-13
   3.5805036e-13
   3.2749265e-13
   2.9950135e-13
   2.7386454e-13
   2.5038749e-13
   2.2889128e-13
   2.0921155e-13
   1.9119734e-13
   1.7471003e-13
   1.5962233e-13
   1.4581736e-13
   1.3318785e-13
   1.2163534e-13
   1.1106948e-13
   1.0140736e-13
   9.2572937e-14
   8.4496436e-14
   7.7113876e-14
   7.0366584e-14
   6.4200764e-14
   5.8567100e-14
   5.3420388e-14
   4.8719200e-14
   4.4425574e-14
   4.0504731e-14
   3.6924808e-14
   3.3656622e-14
   3.0673449e-14
   2.7950816e-14
   2.5466318e-14
   2.3199446e-14
   2.1131429e-14
   1.9245089e-14
   1.7524707e-14
   1.5955904e-14
   1.4525525e-14
   1.3221541e-14
   1.2032949e-14
   1.0949692e-14
   9.9625729e-15
   9.0631865e-15
   8.2438506e-15
   7.4975454e-15
   6.8178570e-15
   6.1989262e-15
   5.6354012e-15
   5.1223943e-15
   4.6554425e-15
   4.2304710e-15
   3.8437601e-15
   3.4919146e-15
   3.1718362e-15
   2.8806977e-15
   2.6159197e-15
   2.3751494e-15
   2.1562407e-15
   1.9572367e-15
   1.7763529e-15
   1.6119625e-15
   1.4625827e-15
   1.3268619e-15
   1.2035684e-15
   1.0915802e-15
   9.8987493e-16
   8.9752134e-16
   8.1367138e-16
   7.3755275e-16
   6.6846231e-16
   6.0575996e-16
   5.4886304e-16
   4.9724132e-16
   4.5041229e-16
   4.0793695e-16
   3.6941595e-16
   3.3448608e-16
   3.0281699e-16
   2.7410832e-16
   2.4808700e-16
   2.2450477e-16
   2.0313602e-16
   1.8377571e-16
   1.6623753e-16
   1.5035221e-16
   1.3596601e-16
   1.2293929e-16
   1.1114523e-16
   1.0046869e-16
   9.0805150e-17
   8.2059714e-17
   7.4146269e-17
   6.6986673e-17
   6.0510021e-17
   5.4651992e-17
   4.9354241e-17
   4.4563856e-17
   4.0232853e-17
   3.6317730e-17
   3.2779050e-17
   2.9581066e-17
   2.6691382e-17
   2.4080644e-17
   2.1722257e-17
   1.9592126e-17
   1.7668432e-17
   1.5931410e-17
   1.4363168e-17
   1.2947503e-17
   1.1669752e-17
   1.0516641e-17
   9.4761564e-18
   8.5374309e-18
   7.6906311e-18
   6.9268622e-18
   6.2380796e-18
   5.6170084e-18
   5.0570707e-18
   4.5523199e-18
   4.0973807e-18
   3.6873949e-18
   3.3179725e-18
   2.9851468e-18
   2.6853347e-18
   2.4152991e-18
   2.1721171e-18
   1.9531488e-18
   1.7560110e-18
   1.5785521e-18
   1.4188301e-18
   1.2750924e-18
   1.1457576e-18
   1.0293987e-18
   9.2472852e-19
   8.3058618e-19
   7.4592463e-19
   6.6979976e-19
   6.0136039e-19
   5.3983923e-19
   4.8454472e-19
   4.3485361e-19
   3.9020433e-19
   3.5009096e-19
   3.1405773e-19
   2.8169418e-19
   2.5263066e-19
   2.2653434e-19
   2.0310556e-19
   1.8207461e-19
   1.6319872e-19
   1.4625944e-19
   1.3106021e-19
   1.1742419e-19
   1.0519234e-19
   9.4221596e-20
   8.4383314e-20
   7.5561835e-20
   6.7653179e-20
   6.0563884e-20
   5.4209951e-20
   4.8515902e-20
   4.3413920e-20
   3.8843082e-20
   3.4748668e-20
   3.1081533e-20
   2.7797548e-20
   2.4857094e-20
   2.2224603e-20
   1.9868151e-20
   1.7759089e-20
   1.5871710e-20
   1.4182949e-20
   1.2672117e-20
   1.1320656e-20
   1.0111924e-20
   9.0309993e-21
   8.0645030e-21
   7.2004427e-21
   6.4280698e-21
   5.7377519e-21
   5.1208581e-21
   4.5696560e-21
   4.0772193e-21
   3.6373444e-21
   3.2444761e-21
   2.8936402e-21
   2.5803835e-21
   2.3007201e-21
   2.0510825e-21
   1.8282780e-21
   1.6294504e-21
   1.4520443e-21
   1.2937738e-21
   1.1525948e-21
   1.0266792e-21
   9.1439247e-22
   8.1427353e-22
   7.2501633e-22
   6.4545364e-22
   5.7454244e-22
   5.1135084e-22
   4.5504633e-22
   4.0488535e-22
   3.6020381e-22
   3.2040872e-22
   2.8497066e-22
   2.5341702e-22
   2.2532594e-22
   2.0032096e-22
   1.7806616e-22
   1.5826183e-22
   1.4064062e-22
   1.2496407e-22
   1.1101952e-22
   9.8617344e-23
   8.7588496e-23
   7.7782272e-23
   6.9064358e-23
   6.1315055e-23
   5.4427710e-23
   4.8307304e-23
   4.2869195e-23
   3.8037998e-23
   3.3746580e-23
   2.9935166e-23
   2.6550541e-23
   2.3545335e-23
   2.0877388e-23
   1.8509183e-23
   1.6407338e-23
   1.4542156e-23
   1.2887221e-23
   1.1419039e-23
   1.0116717e-23
   8.9616804e-24
   7.9374151e-24
   7.0292426e-24
   6.2241172e-24
   5.5104465e-24
   4.8779305e-24
   4.3174193e-24
   3.8207853e-24
   3.3808106e-24
   2.9910855e-24
   2.6459195e-24
   2.3402605e-24
   2.0696246e-24
   1.8300323e-24
   1.6179523e-24
   1.4302517e-24
   1.2641512e-24
   1.1171857e-24
   9.8716905e-25
   8.7216261e-25
   7.7044776e-25
   6.8050092e-25
   6.0097172e-25
   5.3066342e-25
   4.6851560e-25
   4.1358879e-25
   3.6505075e-25
   3.2216439e-25
   2.8427693e-25
   2.5081037e-25
   2.2125300e-25
   1.9515183e-25
   1.7210595e-25
   1.5176057e-25
   1.3380175e-25
   1.1795176e-25
   1.0396493e-25
   9.1623967e-26
   8.0736722e-26
   7.1133295e-26
   6.2663484e-26
   5.5194518e-26
   4.8609051e-26
   4.2803387e-26
   3.7685903e-26
   3.3175655e-26
   2.9201145e-26
   2.5699226e-26
   2.2614136e-26
   1.9896641e-26
   1.7503275e-26
   1.5395672e-26
   1.3539973e-26
   1.1906297e-26
   1.0468283e-26
   9.2026726e-27
   8.0889525e-27
   7.1090308e-27
   6.2469538e-27
   5.4886558e-27
   4.8217366e-27
   4.2352667e-27
   3.7196138e-27
   3.2662898e-27
   2.8678167e-27
   2.5176065e-27
   2.2098566e-27
   1.9394570e-27
   1.7019076e-27
   1.4932469e-27
   1.3099872e-27
   1.1490589e-27
   1.0077604e-27
   8.8371476e-28
   7.7483051e-28
   6.7926794e-28
   5.9540888e-28
   5.2183030e-28
   4.5728092e-28
   4.0066062e-28
   3.5100235e-28
   3.0745615e-28
   2.6927507e-28
   2.3580277e-28
   2.0646263e-28
   1.8074812e-28
   1.5821437e-28
   1.3847069e-28
   1.2117403e-28
   1.0602324e-28
   9.2753946e-29
   8.1134114e-29
   7.0960129e-29
   6.2053330e-29
   5.4256975e-29
   4.7433575e-29
   4.1462542e-29
   3.6238132e-29
   3.1667623e-29
   2.7669730e-29
   2.4173201e-29
   2.1115589e-29
   1.8442171e-29
   1.6104998e-29
   1.4062065e-29
   1.2276578e-29
   1.0716312e-29
   9.3530477e-30
   8.1620782e-30
   7.1217733e-30
   6.2132000e-30
   5.4197883e-30
   4.7270380e-30
   4.1222627e-30
   3.5943638e-30
   3.1336335e-30
   2.7315814e-30
   2.3807835e-30
   2.0747484e-30
   1.8078016e-30
   1.5749831e-30
   1.3719580e-30
   1.1949385e-30
   1.0406149e-30
   9.0609632e-31
   7.8885733e-31
   6.8669259e-31
   5.9767632e-31
   5.2012716e-31
   4.5257734e-31
   3.9374575e-31
   3.4251432e-31
   2.9790747e-31
   2.5907401e-31
   2.2527142e-31
   1.9585206e-31
   1.7025112e-31
   1.4797611e-31
   1.2859765e-31
   1.1174143e-31
   9.7081224e-32
   8.4332708e-32
   7.3248147e-32
   6.3611705e-32
   5.5235364e-32
   4.7955365e-32
   4.1629096e-32
   3.6132378e-32
   3.1357101e-32
   2.7209155e-32
   2.3606631e-32
   2.0478246e-32
   1.7761977e-32
   1.5403862e-32
   1.3356964e-32
   1.1580456e-32
   1.0038837e-32
   8.7012349e-33
   7.5408134e-33
   6.5342431e-33
   5.6612480e-33
   4.9042078e-33
   4.2478125e-33
   3.6787613e-33
   3.1855005e-33
   2.7579954e-33
   2.3875320e-33
   2.0665439e-33
   1.7884627e-33
   1.5475864e-33
   1.3389666e-33
   1.1583088e-33
   1.0018871e-33
   8.6646894e-34
   7.4925044e-34
   6.4779980e-34
   5.6000822e-34
   4.8404729e-34
   4.1833189e-34
   3.6148805e-34
   3.1232498e-34
   2.6981077e-34
   2.3305136e-34
   2.0127220e-34
   1.7380239e-34
   1.5006088e-34
   1.2954451e-34
   1.1181764e-34
   9.6503143e-35
   8.3274565e-35
   7.1849390e-35
   6.1983142e-35
   5.3464300e-35
   4.6109878e-35
   3.9761601e-35
   3.4282583e-35
   2.9554459e-35
   2.5474888e-35
   2.1955400e-35
   1.8919524e-35
   1.6301173e-35
   1.4043239e-35
   1.2096383e-35
   1.0417981e-35
   8.9712176e-36
   7.7242978e-36
   6.6497669e-36
   5.7239210e-36
   4.9262975e-36
   4.2392344e-36
   3.6474892e-36
   3.1379094e-36
   2.6991473e-36
   2.3214137e-36
   1.9962656e-36
   1.7164212e-36
   1.4756020e-36
   1.2683946e-36
   1.0901326e-36
   9.3679390e-37
   8.0491234e-37
   6.9150115e-37
   5.9398712e-37
   5.1015358e-37
   4.3809131e-37
   3.7615613e-37
   3.2293226e-37
   2.7720083e-37
   2.3791258e-37
   2.0416443e-37
   1.7517920e-37
   1.5028818e-37
   1.2891601e-37
   1.1056781e-37
   9.4817908e-38
   8.1300236e-38
   6.9700042e-38
   5.9746720e-38
   5.1207655e-38
   4.3882919e-38
   3.7600699e-38
   3.2213367e-38
   2.7594093e-38
   2.3633928e-38
   2.0239300e-38
   1.7329853e-38
   1.4836588e-38
   1.2700272e-38
   1.0870056e-38
   9.3022998e-39
   7.9595531e-39
   6.8096819e-39
   5.8251185e-39
   4.9822153e-39
   4.2606908e-39
   3.6431524e-39
   3.1146873e-39
   2.6625107e-39
   2.2756636e-39
   1.9447535e-39
   1.6617315e-39
   1.4197011e-39
   1.2127543e-39
   1.0358300e-39
   8.8459391e-40
   7.5533430e-40
   6.4487310e-40
   5.5048958e-40
   4.6985489e-40
   4.0097582e-40
   3.4214674e-40
   2.9190829e-40
   2.4901199e-40
   2.1238990e-40
   1.8112870e-40
   1.5444735e-40
   1.3167807e-40
   1.1224997e-40
   9.5675080e-41
   8.1536339e-41
   6.9477371e-41
   5.9193680e-41
   5.0425138e-41
   4.2949553e-41
   3.6577161e-41
   3.1145918e-41
   2.6517469e-41
   2.2573702e-41
   1.9213802e-41
   1.6351727e-41
   1.3914056e-41
   1.1838145e-41
   1.0070554e-41
   8.5656995e-42
   7.2847075e-42
   6.1944278e-42
   5.2665968e-42
   4.4771200e-42
   3.8054603e-42
   3.2341150e-42
   2.7481694e-42
   2.3349165e-42
   1.9835310e-42
   1.6847925e-42
   1.4308485e-42
   1.2150123e-42
   1.0315908e-42
   8.7573777e-43
   7.4332799e-43
   6.3085083e-43
   5.3531901e-43
   4.5419092e-43
   3.8530445e-43
   3.2682058e-43
   2.7717533e-43
   2.3503878e-43
   1.9928026e-43
   1.6893857e-43
   1.4319675e-43
   1.2136048e-43
   1.0283980e-43
   8.7133459e-44
   7.3815654e-44
   6.2524724e-44
   5.2953527e-44
   4.4841258e-44
   3.7966493e-44
   3.2141265e-44
   2.7206035e-44
   2.3025408e-44
   1.9484497e-44
   1.6485832e-44
   1.3946728e-44
   1.1797054e-44
   9.9773363e-45
   8.4371438e-45
   7.1337204e-45
   6.0308220e-45
   5.0977289e-45
   4.3084073e-45
   3.6407978e-45
   3.0762113e-45
   2.5988162e-45
   2.1952033e-45
   1.8540171e-45
   1.5656422e-45
   1.3219380e-45
   1.1160135e-45
   9.4203625e-46
   7.9507038e-46
   6.7093944e-46
   5.6611005e-46
   4.7759327e-46
   4.0286110e-46
   3.3977565e-46
   2.8652926e-46
   2.4159364e-46
   2.0367691e-46
   1.7168719e-46
   1.4470175e-46
   1.2194092e-46
   1.0274601e-46
   8.6560597e-47
   7.2914737e-47
   6.1411567e-47
   5.1715990e-47
   4.3545100e-47
   3.6660091e-47
   3.0859407e-47
   2.5972958e-47
   2.1857226e-47
   1.8391132e-47
   1.5472543e-47
   1.3015315e-47
   1.0946808e-47
   9.2057696e-48
   7.7405620e-48
   6.5076574e-48
   5.4703695e-48
   4.5977827e-48
   3.8638478e-48
   3.2466193e-48
   2.7276116e-48
   2.2912553e-48
   1.9244393e-48
   1.6161243e-48
   1.3570164e-48
   1.1392925e-48
   9.5636824e-49
   8.0270295e-49
   6.7363457e-49
   5.6524102e-49
   4.7422317e-49
   3.9780630e-49
   3.3365708e-49
   2.7981360e-49
   2.3462652e-49
   1.9670942e-49
   1.6489710e-49
   1.3821039e-49
   1.1582655e-49
   9.7054432e-50
   8.1313454e-50
   6.8116016e-50
   5.7052656e-50
   4.7779575e-50
   4.0008153e-50
   3.3496120e-50
   2.8040148e-50
   2.3469612e-50
   1.9641348e-50
   1.6435256e-50
   1.3750594e-50
   1.1502870e-50
   9.6212342e-51
   8.0462801e-51
   6.7282063e-51
   5.6252683e-51
   4.7024803e-51
   3.9305246e-51
   3.2848372e-51
   2.7448396e-51
   2.2932948e-51
   1.9157666e-51
   1.6001662e-51
   1.3363721e-51
   1.1159108e-51
   9.3168989e-52
   7.7777336e-52
   6.4919407e-52
   5.4179602e-52
   4.5210246e-52
   3.7720525e-52
   3.1467220e-52
   2.6246949e-52
   2.1889662e-52
   1.8253204e-52
   1.5218748e-52
   1.2686988e-52
   1.0574941e-52
   8.8132719e-53
   7.3440593e-53
   6.1189227e-53
   5.0974569e-53
   4.2459214e-53
   3.5361455e-53
   2.9446121e-53
   2.4516917e-53
   2.0410020e-53
   1.6988725e-53
   1.4138975e-53
   1.1765621e-53
   9.7892994e-54
   8.1438195e-54
   6.7739887e-54
   5.6337891e-54
   4.6848587e-54
   3.8952219e-54
   3.2382301e-54
   2.6916773e-54
   2.2370623e-54
   1.8589725e-54
   1.5445702e-54
   1.2831639e-54
   1.0658507e-54
   8.8521842e-55
   7.3509640e-55
   6.1034859e-55
   5.0670056e-55
   4.2059550e-55
   3.4907412e-55
   2.8967464e-55
   2.4034942e-55
   1.9939557e-55
   1.6539703e-55
   1.3717649e-55
   1.1375526e-55
   9.4319846e-56
   7.8194186e-56
   6.4816509e-56
   5.3720074e-56
   4.4517152e-56
   3.6885691e-56
   3.0558236e-56
   2.5312697e-56
   2.0964686e-56
   1.7361134e-56
   1.4374992e-56
   1.1900821e-56
   9.8511301e-57
   8.1533289e-57
   6.7472013e-57
   5.5828012e-57
   4.6187074e-57
   3.8205733e-57
   3.1599224e-57
   2.6131485e-57
   2.1606855e-57
   1.7863182e-57
   1.4766102e-57
   1.2204296e-57
   1.0085545e-57
   8.3334686e-58
   6.8848112e-58
   5.6871942e-58
   4.6972522e-58
   3.8790867e-58
   3.2029849e-58
   2.6443571e-58
   2.1828560e-58
   1.8016477e-58
   1.4868065e-58
   1.2268143e-58
   1.0121456e-58
   8.3492406e-59
   6.8863760e-59
   5.6790316e-59
   4.6827140e-59
   3.8606530e-59
   3.1824655e-59
   2.6230492e-59
   2.1616678e-59
   1.7811942e-59
   1.4674840e-59
   1.2088580e-59
   9.9567360e-60
   8.1997098e-60
   6.7518031e-60
   5.5587975e-60
   4.5759548e-60
   3.7663649e-60
   3.0995800e-60
   2.5504870e-60
   2.0983753e-60
   1.7261678e-60
   1.4197852e-60
   1.1676215e-60
   9.6011069e-61
   7.8936947e-61
   6.4890204e-61
   5.3335669e-61
   4.3832491e-61
   3.6017565e-61
   2.9591865e-61
   2.4309170e-61
   1.9966765e-61
   1.6397781e-61
   1.3464872e-61
   1.1055012e-61
   9.0751949e-62
   7.4489062e-62
   6.1132035e-62
   5.0163172e-62
   4.1156735e-62
   3.3762659e-62
   2.7693137e-62
   2.2711587e-62
   1.8623555e-62
   1.5269242e-62
   1.2517344e-62
   1.0259984e-62
   8.4085468e-63
   6.8902507e-63
   5.6453243e-63
   4.6246893e-63
   3.7880527e-63
   3.1023391e-63
   2.5404012e-63
   2.0799608e-63
   1.7027379e-63
   1.3937350e-63
   1.1406501e-63
   9.3339283e-64
   7.6368853e-64
   6.2475231e-64
   5.1102162e-64
   4.1793666e-64
   3.4176017e-64
   2.7942949e-64
   2.2843508e-64
   1.8672100e-64
   1.5260309e-64
   1.2470196e-64
   1.0188800e-64
   8.3236266e-65
   6.7989512e-65
   5.5527876e-65
   4.5344016e-65
   3.7022753e-65
   3.0224367e-65
   2.4670930e-65
   2.0135093e-65
   1.6430907e-65
   1.3406309e-65
   1.0936962e-65
   8.9212145e-66
   7.2759726e-66
   5.9333220e-66
   4.8377629e-66
   3.9439467e-66
   3.2148246e-66
   2.6201329e-66
   2.1351538e-66
   1.7397017e-66
   1.4172949e-66
   1.1544774e-66
   9.4026539e-67
   7.6569402e-67
   6.2344745e-67
   5.0755633e-67
   4.1315065e-67
   3.3625784e-67
   2.7363787e-67
   2.2264850e-67
   1.8113532e-67
   1.4734191e-67
   1.1983654e-67
   9.7452277e-68
   7.9238187e-68
   6.4419428e-68
   5.2364745e-68
   4.2559931e-68
   3.4586183e-68
   2.8102447e-68
   2.2831027e-68
   1.8545842e-68
