  -7.4663985e-05
  -0.00012095672
  -4.2068287e-08
   0.00012109221
   7.4930215e-05
  -7.4915172e-05
  -0.00012136212
  -4.0498637e-08
   0.00012150030
   7.5182662e-05
  -7.5165884e-05
  -0.00012176907
  -4.0631029e-08
   0.00012190782
   7.5434860e-05
  -7.5419265e-05
  -0.00012217908
  -4.0765650e-08
   0.00012231880
   7.5689549e-05
  -7.5674867e-05
  -0.00012259255
  -3.9156183e-08
   0.00012273471
   7.5946559e-05
  -7.5930602e-05
  -0.00012300819
  -3.9956204e-08
   0.00012315061
   7.6203108e-05
  -7.6190485e-05
  -0.00012342727
  -3.9780043e-08
   0.00012357012
   7.6461997e-05
  -7.6451145e-05
  -0.00012384874
  -3.9346390e-08
   0.00012399384
   7.6723914e-05
  -7.6713567e-05
  -0.00012427357
  -3.9309476e-08
   0.00012441982
   7.6987734e-05
  -7.6977545e-05
  -0.00012470142
  -4.0256248e-08
   0.00012484776
   7.7252728e-05
  -7.7243752e-05
  -0.00012513181
  -3.9843478e-08
   0.00012527908
   7.7519452e-05
  -7.7509933e-05
  -0.00012556392
  -3.9088381e-08
   0.00012571371
   7.7787268e-05
  -7.7780873e-05
  -0.00012600117
  -3.9018066e-08
   0.00012615192
   7.8059897e-05
  -7.8050549e-05
  -0.00012644054
  -3.9131432e-08
   0.00012659237
   7.8331385e-05
  -7.8324131e-05
  -0.00012688196
  -3.8069748e-08
   0.00012703667
   7.8606001e-05
  -7.8599598e-05
  -0.00012732716
  -3.6733050e-08
   0.00012748411
   7.8881989e-05
  -7.8876974e-05
  -0.00012777614
  -3.6873294e-08
   0.00012793460
   7.9161352e-05
  -7.9155924e-05
  -0.00012822883
  -3.7206385e-08
   0.00012838725
   7.9440058e-05
  -7.9438052e-05
  -0.00012868359
  -3.7025335e-08
   0.00012884347
   7.9722481e-05
  -7.9721895e-05
  -0.00012914291
  -3.7302918e-08
   0.00012930305
   8.0007777e-05
  -8.0005620e-05
  -0.00012960365
  -3.6602489e-08
   0.00012976652
   8.0294225e-05
  -8.0293027e-05
  -0.00013006933
  -3.7070294e-08
   0.00013023221
   8.0582040e-05
  -8.0582334e-05
  -0.00013053696
  -3.5909633e-08
   0.00013070260
   8.0873106e-05
  -8.0873529e-05
  -0.00013100937
  -3.6962888e-08
   0.00013117446
   8.1164938e-05
  -8.1166390e-05
  -0.00013148333
  -3.5210648e-08
   0.00013165204
   8.1458996e-05
  -8.1462747e-05
  -0.00013196266
  -3.5665708e-08
   0.00013213283
   8.1757369e-05
  -8.1759068e-05
  -0.00013244284
  -3.4877375e-08
   0.00013261565
   8.2056404e-05
  -8.2059720e-05
  -0.00013292982
  -3.4705363e-08
   0.00013310337
   8.2357862e-05
  -8.2361480e-05
  -0.00013341874
  -3.4046123e-08
   0.00013359486
   8.2660888e-05
  -8.2666705e-05
  -0.00013391142
  -3.3860881e-08
   0.00013408862
   8.2966279e-05
  -8.2973522e-05
  -0.00013440826
  -3.4194526e-08
   0.00013458581
   8.3274030e-05
  -8.3281820e-05
  -0.00013490774
  -3.3532169e-08
   0.00013508849
   8.3584900e-05
  -8.3594011e-05
  -0.00013541250
  -3.3863493e-08
   0.00013559364
   8.3898385e-05
  -8.3906388e-05
  -0.00013591923
  -3.2509036e-08
   0.00013610380
   8.4213417e-05
  -8.4222286e-05
  -0.00013643118
  -3.3152450e-08
   0.00013661578
   8.4529549e-05
  -8.4539944e-05
  -0.00013694468
  -3.2038444e-08
   0.00013713272
   8.4848800e-05
  -8.4861727e-05
  -0.00013746441
  -3.1273823e-08
   0.00013765394
   8.5171258e-05
  -8.5184835e-05
  -0.00013798822
  -3.1646776e-08
   0.00013817879
   8.5496873e-05
  -8.5509490e-05
  -0.00013851495
  -3.1134610e-08
   0.00013870787
   8.5823070e-05
  -8.5838863e-05
  -0.00013904720
  -3.1129845e-08
   0.00013924127
   8.6152737e-05
  -8.6169526e-05
  -0.00013958248
  -3.1334910e-08
   0.00013977787
   8.6484892e-05
  -8.6502703e-05
  -0.00014012229
  -3.1762836e-08
   0.00014031858
   8.6819682e-05
  -8.6837300e-05
  -0.00014066398
  -2.9691701e-08
   0.00014086497
   8.7157509e-05
  -8.7175724e-05
  -0.00014121280
  -2.9869337e-08
   0.00014141459
   8.7496939e-05
  -8.7517036e-05
  -0.00014176453
  -2.8997793e-08
   0.00014196917
   8.7840607e-05
  -8.7859813e-05
  -0.00014232098
  -2.9383847e-08
   0.00014252711
   8.8185072e-05
  -8.8207454e-05
  -0.00014288173
  -2.8417195e-08
   0.00014309027
   8.8533262e-05
  -8.8557199e-05
  -0.00014344843
  -2.8927449e-08
   0.00014365810
   8.8885250e-05
  -8.8907564e-05
  -0.00014401783
  -2.9875703e-08
   0.00014422816
   8.9237762e-05
  -8.9262167e-05
  -0.00014459164
  -2.8536748e-08
   0.00014480514
   8.9593408e-05
  -8.9621176e-05
  -0.00014517058
  -2.7640659e-08
   0.00014538619
   8.9952888e-05
  -8.9981830e-05
  -0.00014575474
  -2.7639968e-08
   0.00014597253
   9.0316074e-05
  -9.0343763e-05
  -0.00014634132
  -2.6560784e-08
   0.00014656229
   9.0680671e-05
  -9.0710499e-05
  -0.00014693528
  -2.6797522e-08
   0.00014715737
   9.1048591e-05
  -9.1080341e-05
  -0.00014753311
  -2.6007226e-08
   0.00014775727
   9.1419388e-05
  -9.1452705e-05
  -0.00014813658
  -2.6542014e-08
   0.00014836212
   9.1793334e-05
  -9.1828159e-05
  -0.00014874383
  -2.5545213e-08
   0.00014897297
   9.2171161e-05
  -9.2206952e-05
  -0.00014935739
  -2.5612232e-08
   0.00014958806
   9.2551941e-05
  -9.2587618e-05
  -0.00014997497
  -2.5985283e-08
   0.00015020779
   9.2935159e-05
  -9.2972689e-05
  -0.00015059733
  -2.4270713e-08
   0.00015083338
   9.3321857e-05
  -9.3360628e-05
  -0.00015122570
  -2.4426616e-08
   0.00015146286
   9.3711613e-05
  -9.3750978e-05
  -0.00015185830
  -2.3610744e-08
   0.00015209903
   9.4105032e-05
  -9.4145216e-05
  -0.00015249683
  -2.2947890e-08
   0.00015273987
   9.4501177e-05
  -9.4543471e-05
  -0.00015314135
  -2.3154691e-08
   0.00015338506
   9.4899406e-05
  -9.4945418e-05
  -0.00015379062
  -2.1553756e-08
   0.00015403814
   9.5302835e-05
  -9.5350649e-05
  -0.00015444680
  -2.1709044e-08
   0.00015469611
   9.5710632e-05
  -9.5757661e-05
  -0.00015510712
  -2.1627519e-08
   0.00015535911
   9.6120690e-05
  -9.6170027e-05
  -0.00015577450
  -2.1889686e-08
   0.00015602808
   9.6534533e-05
  -9.6584899e-05
  -0.00015644519
  -2.0185154e-08
   0.00015670321
   9.6951698e-05
  -9.7003892e-05
  -0.00015712370
  -1.9858356e-08
   0.00015738392
   9.7372634e-05
  -9.7425930e-05
  -0.00015780668
  -1.8690549e-08
   0.00015807066
   9.7796930e-05
  -9.7852489e-05
  -0.00015849674
  -1.8747724e-08
   0.00015876375
   9.8226862e-05
  -9.8281629e-05
  -0.00015919260
  -1.8290431e-08
   0.00015946177
   9.8658184e-05
  -9.8715491e-05
  -0.00015989574
  -1.9298539e-08
   0.00016016531
   9.9093562e-05
  -9.9151944e-05
  -0.00016060261
  -1.7409787e-08
   0.00016087739
   9.9532721e-05
  -9.9594766e-05
  -0.00016131801
  -1.6814737e-08
   0.00016159517
   9.9977076e-05
  -0.00010003947
  -0.00016203922
  -1.7383755e-08
   0.00016231816
   0.00010042455
  -0.00010048909
  -0.00016276664
  -1.5752206e-08
   0.00016304987
   0.00010087742
  -0.00010094064
  -0.00016349958
  -1.5357494e-08
   0.00016378583
   0.00010133170
  -0.00010139889
  -0.00016424018
  -1.4797786e-08
   0.00016453012
   0.00010179263
  -0.00010186111
  -0.00016498900
  -1.5117354e-08
   0.00016528013
   0.00010225669
  -0.00010232631
  -0.00016574240
  -1.4297135e-08
   0.00016603720
   0.00010272435
  -0.00010279676
  -0.00016650361
  -1.3269799e-08
   0.00016680255
   0.00010319728
  -0.00010327181
  -0.00016727228
  -1.2791190e-08
   0.00016757393
   0.00010367481
  -0.00010374982
  -0.00016804733
  -1.3213795e-08
   0.00016835149
   0.00010415626
  -0.00010423367
  -0.00016882995
  -1.1619320e-08
   0.00016913776
   0.00010464269
  -0.00010472061
  -0.00016962005
  -1.1833184e-08
   0.00016993001
   0.00010513204
  -0.00010521355
  -0.00017041664
  -1.0134607e-08
   0.00017073158
   0.00010562797
  -0.00010571042
  -0.00017122100
  -9.1864569e-09
   0.00017153934
   0.00010612686
  -0.00010621289
  -0.00017203474
  -1.0071369e-08
   0.00017235583
   0.00010663239
  -0.00010671897
  -0.00017285438
  -9.6480100e-09
   0.00017317856
   0.00010714216
  -0.00010722982
  -0.00017368225
  -7.6896302e-09
   0.00017401122
   0.00010765618
  -0.00010774633
  -0.00017451808
  -8.2722142e-09
   0.00017484940
   0.00010817502
  -0.00010826778
  -0.00017536248
  -7.0030384e-09
   0.00017569796
   0.00010869940
  -0.00010879379
  -0.00017621379
  -6.4473899e-09
   0.00017655387
   0.00010922944
  -0.00010932516
  -0.00017707431
  -5.2446375e-09
   0.00017741918
   0.00010976427
  -0.00010986253
  -0.00017794434
  -4.9467663e-09
   0.00017829235
   0.00011030427
  -0.00011040447
  -0.00017882249
  -5.3116219e-09
   0.00017917265
   0.00011084883
  -0.00011095169
  -0.00017970834
  -3.4565012e-09
   0.00018006278
   0.00011139827
  -0.00011150514
  -0.00018060395
  -3.4109302e-09
   0.00018096233
   0.00011195601
  -0.00011206170
  -0.00018150631
  -2.0349942e-09
   0.00018187048
   0.00011251710
  -0.00011262691
  -0.00018242057
  -1.7649047e-09
   0.00018278746
   0.00011308451
  -0.00011319635
  -0.00018334368
  -1.4188093e-09
   0.00018371411
   0.00011365751
  -0.00011377197
  -0.00018427576
  -1.3324077e-09
   0.00018465019
   0.00011423656
  -0.00011435388
  -0.00018521625
   1.3136671e-09
   0.00018559661
   0.00011482178
  -0.00011494051
  -0.00018616730
   2.0981889e-09
   0.00018655265
   0.00011541276
  -0.00011553478
  -0.00018712864
   2.1581174e-09
   0.00018751706
   0.00011600992
  -0.00011613360
  -0.00018809997
   2.1842905e-09
   0.00018849300
   0.00011661385
  -0.00011673919
  -0.00018908020
   3.5235099e-09
   0.00018947786
   0.00011722211
  -0.00011735232
  -0.00019007113
   5.3168368e-09
   0.00019047424
   0.00011783888
  -0.00011797051
  -0.00019107344
   5.8807280e-09
   0.00019148085
   0.00011846125
  -0.00011859561
  -0.00019208583
   6.3603943e-09
   0.00019249798
   0.00011909020
  -0.00011922798
  -0.00019310972
   6.0515025e-09
   0.00019352538
   0.00011972635
  -0.00011986585
  -0.00019414289
   8.3493913e-09
   0.00019456532
   0.00012036932
  -0.00012051098
  -0.00019518809
   8.1452435e-09
   0.00019561452
   0.00012101867
  -0.00012116386
  -0.00019624492
   9.4717125e-09
   0.00019667717
   0.00012167571
  -0.00012182321
  -0.00019731273
   1.0215710e-08
   0.00019774967
   0.00012233953
  -0.00012248972
  -0.00019839206
   1.2046642e-08
   0.00019883511
   0.00012301044
  -0.00012316339
  -0.00019948387
   1.1656114e-08
   0.00019993147
   0.00012368883
  -0.00012384580
  -0.00020058823
   1.3148139e-08
   0.00020104192
   0.00012437502
  -0.00012453482
  -0.00020170308
   1.4507032e-08
   0.00020216293
   0.00012506822
  -0.00012523264
  -0.00020283310
   1.5515184e-08
   0.00020329778
   0.00012577019
  -0.00012593655
  -0.00020397318
   1.6119555e-08
   0.00020444365
   0.00012647971
  -0.00012664879
  -0.00020512746
   1.6880817e-08
   0.00020560304
   0.00012719684
  -0.00012736948
  -0.00020629481
   1.8270744e-08
   0.00020677651
   0.00012792232
  -0.00012809926
  -0.00020747581
   1.9244126e-08
   0.00020796372
   0.00012865661
  -0.00012883647
  -0.00020866955
   2.0384134e-08
   0.00020916370
   0.00012939909
  -0.00012958178
  -0.00020987782
   2.0322328e-08
   0.00021037734
   0.00013015094
  -0.00013033626
  -0.00021110045
   2.1587947e-08
   0.00021160573
   0.00013090975
  -0.00013110006
  -0.00021233616
   2.3036929e-08
   0.00021284907
   0.00013167938
  -0.00013187145
  -0.00021358643
   2.3874534e-08
   0.00021410627
   0.00013245635
  -0.00013265485
  -0.00021485297
   2.5326544e-08
   0.00021537859
   0.00013324386
  -0.00013344510
  -0.00021613336
   2.7059383e-08
   0.00021666674
   0.00013404034
  -0.00013424566
  -0.00021742964
   2.8193046e-08
   0.00021797005
   0.00013484645
  -0.00013505591
  -0.00021874210
   2.9053420e-08
   0.00021928879
   0.00013566185
  -0.00013587560
  -0.00022006935
   3.0314974e-08
   0.00022062483
   0.00013648916
  -0.00013670568
  -0.00022141372
   3.1803431e-08
   0.00022197579
   0.00013732504
  -0.00013754580
  -0.00022277467
   3.2490292e-08
   0.00022334417
   0.00013817167
  -0.00013839605
  -0.00022415082
   3.5082169e-08
   0.00022472883
   0.00013902816
  -0.00013925628
  -0.00022554572
   3.5116873e-08
   0.00022612977
   0.00013989457
  -0.00014012899
  -0.00022695790
   3.7064564e-08
   0.00022755144
   0.00014077425
  -0.00014101099
  -0.00022838685
   3.8536682e-08
   0.00022898840
   0.00014166329
  -0.00014190486
  -0.00022983489
   3.9602897e-08
   0.00023044366
   0.00014256343
  -0.00014281063
  -0.00023130171
   4.1480074e-08
   0.00023191929
   0.00014347571
  -0.00014372797
  -0.00023278681
   4.3051759e-08
   0.00023341284
   0.00014440025
  -0.00014465652
  -0.00023429170
   4.4039462e-08
   0.00023492539
   0.00014533536
  -0.00014559750
  -0.00023581557
   4.5392113e-08
   0.00023645878
   0.00014628437
  -0.00014655025
  -0.00023735864
   4.7363807e-08
   0.00023801211
   0.00014724554
  -0.00014751632
  -0.00023892331
   4.9080545e-08
   0.00023958557
   0.00014821839
  -0.00014849558
  -0.00024050939
   4.9720299e-08
   0.00024117986
   0.00014920531
  -0.00014948736
  -0.00024211531
   5.1331659e-08
   0.00024279560
   0.00015020593
  -0.00015049135
  -0.00024374204
   5.3529246e-08
   0.00024443200
   0.00015121695
  -0.00015151019
  -0.00024539167
   5.6100930e-08
   0.00024609358
   0.00015224471
  -0.00015254275
  -0.00024706494
   5.7155231e-08
   0.00024777623
   0.00015328684
  -0.00015358827
  -0.00024875950
   5.8389030e-08
   0.00024948103
   0.00015434215
  -0.00015464977
  -0.00025047889
   6.0625676e-08
   0.00025121104
   0.00015541028
  -0.00015572749
  -0.00025222130
   6.2850018e-08
   0.00025296427
   0.00015649578
  -0.00015681756
  -0.00025398850
   6.4134699e-08
   0.00025474226
   0.00015759616
  -0.00015792363
  -0.00025578054
   6.5681739e-08
   0.00025654468
   0.00015871165
  -0.00015904429
  -0.00025759751
   6.7579203e-08
   0.00025837432
   0.00015984256
  -0.00016018387
  -0.00025944043
   7.0880483e-08
   0.00026022983
   0.00016099060
  -0.00016133866
  -0.00026131148
   7.2332636e-08
   0.00026211163
   0.00016215544
  -0.00016250936
  -0.00026320816
   7.4737774e-08
   0.00026402145
   0.00016333745
  -0.00016369781
  -0.00026513341
   7.7314316e-08
   0.00026595918
   0.00016453585
  -0.00016490293
  -0.00026708582
   7.8720789e-08
   0.00026792451
   0.00016575162
  -0.00016612835
  -0.00026906926
   8.1426964e-08
   0.00026992124
   0.00016698688
  -0.00016737017
  -0.00027108065
   8.3878416e-08
   0.00027194567
   0.00016824029
  -0.00016863010
  -0.00027312273
   8.6735926e-08
   0.00027400267
   0.00016951305
  -0.00016991022
  -0.00027519647
   8.8580791e-08
   0.00027609021
   0.00017080484
  -0.00017120966
  -0.00027730234
   8.9630149e-08
   0.00027820820
   0.00017211496
  -0.00017252920
  -0.00027943858
   9.3845345e-08
   0.00028036196
   0.00017344723
  -0.00017387008
  -0.00028161026
   9.6588276e-08
   0.00028254789
   0.00017480033
  -0.00017522954
  -0.00028381492
   9.7448112e-08
   0.00028476654
   0.00017617323
  -0.00017661197
  -0.00028605342
   1.0071028e-07
   0.00028702217
   0.00017756940
  -0.00017801601
  -0.00028832929
   1.0265060e-07
   0.00028931275
   0.00017898722
  -0.00017944257
  -0.00029064017
   1.0593511e-07
   0.00029164070
   0.00018042765
  -0.00018089277
  -0.00029298890
   1.1038671e-07
   0.00029400804
   0.00018189101
  -0.00018236727
  -0.00029537720
   1.1187711e-07
   0.00029641237
   0.00018338031
  -0.00018386414
  -0.00029780258
   1.1604073e-07
   0.00029885624
   0.00018489161
  -0.00018538761
  -0.00030027067
   1.1825371e-07
   0.00030134136
   0.00018642940
  -0.00018693520
  -0.00030277805
   1.2089044e-07
   0.00030386720
   0.00018799325
  -0.00018850882
  -0.00030532771
   1.2464487e-07
   0.00030643690
   0.00018958320
  -0.00019010993
  -0.00030792144
   1.2829059e-07
   0.00030905036
   0.00019119971
  -0.00019173851
  -0.00031055864
   1.3219209e-07
   0.00031170877
   0.00019284564
  -0.00019339481
  -0.00031324260
   1.3592821e-07
   0.00031441298
   0.00019451779
  -0.00019508100
  -0.00031597327
   1.3922096e-07
   0.00031716483
   0.00019622137
  -0.00019679486
  -0.00031875183
   1.4222307e-07
   0.00031996511
   0.00019795422
  -0.00019854040
  -0.00032157895
   1.4581734e-07
   0.00032281423
   0.00019971817
  -0.00020031559
  -0.00032445613
   1.5033558e-07
   0.00032571559
   0.00020151358
  -0.00020212391
  -0.00032738590
   1.5551749e-07
   0.00032866995
   0.00020334174
  -0.00020396542
  -0.00033037031
   1.5846537e-07
   0.00033167756
   0.00020520371
  -0.00020584031
  -0.00033340856
   1.6216284e-07
   0.00033474073
   0.00020709914
  -0.00020775133
  -0.00033650353
   1.6753876e-07
   0.00033786180
   0.00020903151
  -0.00020969620
  -0.00033965669
   1.7202250e-07
   0.00034104123
   0.00021099882
  -0.00021167986
  -0.00034286958
   1.7663730e-07
   0.00034428067
   0.00021300431
  -0.00021369924
  -0.00034614303
   1.8080154e-07
   0.00034758149
   0.00021504680
  -0.00021575875
  -0.00034947918
   1.8683218e-07
   0.00035094778
   0.00021713042
  -0.00021785793
  -0.00035288176
   1.9136547e-07
   0.00035437953
   0.00021925405
  -0.00021999911
  -0.00035634998
   1.9691738e-07
   0.00035787957
   0.00022142119
  -0.00022218201
  -0.00035988840
   2.0168959e-07
   0.00036144817
   0.00022363038
  -0.00022440797
  -0.00036349655
   2.0704162e-07
   0.00036508859
   0.00022588320
  -0.00022668107
  -0.00036717925
   2.1241169e-07
   0.00036880488
   0.00022818362
  -0.00022899890
  -0.00037093452
   2.1928063e-07
   0.00037259596
   0.00023052963
  -0.00023136573
  -0.00037477000
   2.2493219e-07
   0.00037646604
   0.00023292566
  -0.00023378133
  -0.00037868463
   2.3201359e-07
   0.00038041767
   0.00023537171
  -0.00023624747
  -0.00038268200
   2.3822716e-07
   0.00038445368
   0.00023787042
  -0.00023876654
  -0.00038676530
   2.4386723e-07
   0.00038857393
   0.00024042084
  -0.00024134025
  -0.00039093552
   2.5213530e-07
   0.00039278633
   0.00024302806
  -0.00024397076
  -0.00039519843
   2.5805995e-07
   0.00039708944
   0.00024569301
  -0.00024665695
  -0.00039955297
   2.6636950e-07
   0.00040148864
   0.00024841545
  -0.00024940614
  -0.00040400779
   2.7380628e-07
   0.00040598695
   0.00025120042
  -0.00025221470
  -0.00040856045
   2.8140171e-07
   0.00041058517
   0.00025404741
  -0.00025508742
  -0.00041321695
   2.9013806e-07
   0.00041529042
   0.00025695973
  -0.00025802743
  -0.00041798225
   2.9765692e-07
   0.00042010451
   0.00025994098
  -0.00026103523
  -0.00042285841
   3.0574336e-07
   0.00042503007
   0.00026299072
  -0.00026411420
  -0.00042784860
   3.1545517e-07
   0.00043007411
   0.00026611335
  -0.00026726745
  -0.00043295920
   3.2517368e-07
   0.00043523943
   0.00026931165
  -0.00027049506
  -0.00043819274
   3.3360377e-07
   0.00044052890
   0.00027258714
  -0.00027380237
  -0.00044355331
   3.4532228e-07
   0.00044595002
   0.00027594301
  -0.00027719206
  -0.00044904781
   3.5574187e-07
   0.00045150527
   0.00027938280
  -0.00028066704
  -0.00045468114
   3.6583210e-07
   0.00045720027
   0.00028290881
  -0.00028422976
  -0.00046045684
   3.7669516e-07
   0.00046304224
   0.00028652745
  -0.00028788264
  -0.00046637988
   3.8868153e-07
   0.00046903419
   0.00029023786
  -0.00029163192
  -0.00047245766
   4.0155895e-07
   0.00047518357
   0.00029404534
  -0.00029548101
  -0.00047869736
   4.1433768e-07
   0.00048149701
   0.00029795567
  -0.00029943150
  -0.00048510306
   4.2737147e-07
   0.00048797964
   0.00030197049
  -0.00030348909
  -0.00049168307
   4.4000741e-07
   0.00049463896
   0.00030609404
  -0.00030766027
  -0.00049844475
   4.5451668e-07
   0.00050148285
   0.00031033284
  -0.00031194553
  -0.00050539405
   4.6869726e-07
   0.00050851886
   0.00031469108
  -0.00031635091
  -0.00051253710
   4.8575936e-07
   0.00051575585
   0.00031917339
  -0.00032088449
  -0.00051988966
   5.0094390e-07
   0.00052320139
   0.00032378407
  -0.00032555059
  -0.00052745445
   5.1765417e-07
   0.00053086475
   0.00032853188
  -0.00033035172
  -0.00053524182
   5.3521056e-07
   0.00053875485
   0.00033341814
  -0.00033529935
  -0.00054326346
   5.5404618e-07
   0.00054688460
   0.00033845413
  -0.00034039531
  -0.00055152877
   5.7256727e-07
   0.00055526221
   0.00034364440
  -0.00034564924
  -0.00056004997
   5.9336244e-07
   0.00056390167
   0.00034899659
  -0.00035106809
  -0.00056883829
   6.1587217e-07
   0.00057281517
   0.00035451809
  -0.00035665903
  -0.00057790727
   6.3636705e-07
   0.00058201138
   0.00036021555
  -0.00036243132
  -0.00058727001
   6.5978434e-07
   0.00059151110
   0.00036610181
  -0.00036839325
  -0.00059694103
   6.8412243e-07
   0.00060132496
   0.00037218291
  -0.00037455336
  -0.00060693456
   7.1006264e-07
   0.00061146954
   0.00037846762
  -0.00038092535
  -0.00061727000
   7.3773867e-07
   0.00062196329
   0.00038496938
  -0.00038751673
  -0.00062796380
   7.6433543e-07
   0.00063282165
   0.00039169926
  -0.00039434015
  -0.00063903344
   7.9541564e-07
   0.00064406646
   0.00039866774
  -0.00040140730
  -0.00065050073
   8.2768776e-07
   0.00065572036
   0.00040588892
  -0.00040873372
  -0.00066238754
   8.5976881e-07
   0.00066780035
   0.00041337511
  -0.00041633353
  -0.00067471729
   8.9623284e-07
   0.00068033712
   0.00042114616
  -0.00042421794
  -0.00068751487
   9.3172693e-07
   0.00069335099
   0.00042921215
  -0.00043240977
  -0.00070080645
   9.7190964e-07
   0.00070687414
   0.00043759532
  -0.00044092174
  -0.00071462149
   1.0134571e-06
   0.00072093357
   0.00044631020
  -0.00044977748
  -0.00072899347
   1.0574583e-06
   0.00073556398
   0.00045538011
  -0.00045899506
  -0.00074395422
   1.1050834e-06
   0.00075080205
   0.00046482752
  -0.00046859981
  -0.00075954387
   1.1551035e-06
   0.00076668361
   0.00047467383
  -0.00047861333
  -0.00077579880
   1.2079826e-06
   0.00078325039
   0.00048494560
  -0.00048906555
  -0.00079276672
   1.2651117e-06
   0.00080055177
   0.00049567433
  -0.00049998276
  -0.00081049150
   1.3269364e-06
   0.00081863295
   0.00050688613
  -0.00051139954
  -0.00082902813
   1.3917940e-06
   0.00083755152
   0.00051861944
  -0.00052334921
  -0.00084843182
   1.4605298e-06
   0.00085736249
   0.00053090729
  -0.00053587153
  -0.00086876606
   1.5363651e-06
   0.00087813473
   0.00054379237
  -0.00054900581
  -0.00089009920
   1.6157106e-06
   0.00089993792
   0.00055731840
  -0.00056280183
  -0.00091250646
   1.7023796e-06
   0.00092285148
   0.00057153359
  -0.00057730897
  -0.00093607120
   1.7954791e-06
   0.00094696315
   0.00058649463
  -0.00059258216
  -0.00096088407
   1.8967265e-06
   0.00097236721
   0.00060225819
  -0.00060868686
  -0.00098704858
   2.0066394e-06
   0.00099917253
   0.00061889415
  -0.00062569045
   -0.0010146787
   2.1248518e-06
    0.0010274976
   0.00063647492
  -0.00064367138
   -0.0010438999
   2.2545691e-06
    0.0010574761
   0.00065508325
  -0.00066271777
   -0.0010748553
   2.3951985e-06
    0.0010892554
   0.00067481233
  -0.00068292415
   -0.0011077008
   2.5501303e-06
    0.0011230052
   0.00069576832
  -0.00070440067
   -0.0011426172
   2.7191382e-06
    0.0011589114
   0.00071806508
  -0.00072727430
   -0.0011798078
   2.9054646e-06
    0.0011971912
   0.00074184137
  -0.00075168043
   -0.0012195008
   3.1096210e-06
    0.0012380841
   0.00076724372
  -0.00077778276
   -0.0012619574
   3.3375832e-06
    0.0012818726
   0.00079445024
  -0.00080576185
   -0.0013074772
   3.5895013e-06
    0.0013288698
   0.00082365515
  -0.00083583136
   -0.0013564048
   3.8714131e-06
    0.0013794459
   0.00085509081
  -0.00086822911
   -0.0014091337
   4.1863047e-06
    0.0014340214
   0.00088901985
  -0.00090324179
   -0.0014661313
   4.5412344e-06
    0.0014930958
   0.00092575358
  -0.00094119558
   -0.0015279323
   4.9419650e-06
    0.0015572443
   0.00096565410
  -0.00098247825
   -0.0015951734
   5.3979862e-06
    0.0016271541
    0.0010091500
   -0.0010275492
   -0.0016686072
   5.9172593e-06
    0.0017036345
    0.0010567483
   -0.0010769533
   -0.0017491260
   6.5172411e-06
    0.0017876619
    0.0011090613
   -0.0011313475
   -0.0018378115
   7.2091369e-06
    0.0018804042
    0.0011668204
   -0.0011915288
   -0.0019359687
   8.0195827e-06
    0.0019832993
    0.0012309284
   -0.0012584726
   -0.0020452062
   8.9694002e-06
    0.0020981051
    0.0013024906
   -0.0013333842
   -0.0021675064
   1.0099593e-05
    0.0022270208
    0.0013828884
   -0.0014177794
   -0.0023053668
   1.1454218e-05
    0.0023728156
    0.0014738636
   -0.0015135799
   -0.0024619548
   1.3097950e-05
    0.0025390364
    0.0015776526
   -0.0016232636
   -0.0026413663
   1.5121660e-05
    0.0027303031
    0.0016971678
   -0.0017500857
   -0.0028489834
   1.7650716e-05
    0.0029527337
    0.0018362745
   -0.0018984026
   -0.0030920263
   2.0867154e-05
    0.0032146242
    0.0020002225
   -0.0020741857
   -0.0033804078
   2.5045217e-05
    0.0035274950
    0.0021963167
   -0.0022858435
   -0.0037281214
   3.0613077e-05
    0.0039078433
    0.0024350415
   -0.0025456045
   -0.0041555804
   3.8258544e-05
    0.0043801345
    0.0027319893
   -0.0028719725
   -0.0046937761
   4.9164159e-05
    0.0049823031
    0.0031114244
   -0.0032943300
   -0.0053921531
   6.5482514e-05
    0.0057764742
    0.0036132576
   -0.0038623276
   -0.0063347469
   9.1496222e-05
    0.0068719305
    0.0043081039
   -0.0046669920
   -0.0076768757
   0.00013673800
    0.0084803618
    0.0053338298
   -0.0058951612
   -0.0097411024
   0.00022615582
     0.011072640
    0.0070006330
   -0.0080005978
    -0.013325716
   0.00044368120
     0.015951421
     0.010182711
    -0.012445408
    -0.021098673
    0.0012360974
     0.028557531
     0.018668257
    -0.028002239
    -0.051077482
     0.011537509
      0.14662191
       1.0000000
       1.0000000
      0.14662191
     0.011537509
    -0.051077482
    -0.028002239
     0.018668257
     0.028557531
    0.0012360971
    -0.021098673
    -0.012445407
     0.010182712
     0.015951420
   0.00044367972
    -0.013325717
   -0.0080005980
    0.0070006330
     0.011072640
   0.00022615600
   -0.0097411022
   -0.0058951609
    0.0053338300
    0.0084803619
   0.00013673756
   -0.0076768753
   -0.0046669909
    0.0043081038
    0.0068719301
   9.1495831e-05
   -0.0063347476
   -0.0038623278
    0.0036132577
    0.0057764742
   6.5483033e-05
   -0.0053921519
   -0.0032943295
    0.0031114241
    0.0049823026
   4.9163180e-05
   -0.0046937765
   -0.0028719725
    0.0027319896
    0.0043801351
   3.8258937e-05
   -0.0041555808
   -0.0025456053
    0.0024350414
    0.0039078436
   3.0613328e-05
   -0.0037281213
   -0.0022858437
    0.0021963164
    0.0035274952
   2.5045483e-05
   -0.0033804079
   -0.0020741856
    0.0020002225
    0.0032146238
   2.0867305e-05
   -0.0030920260
   -0.0018984024
    0.0018362753
    0.0029527343
   1.7650104e-05
   -0.0028489840
   -0.0017500858
    0.0016971670
    0.0027303030
   1.5123142e-05
   -0.0026413655
   -0.0016232639
    0.0015776520
    0.0025390361
   1.3098343e-05
   -0.0024619549
   -0.0015135809
    0.0014738631
    0.0023728157
   1.1454458e-05
   -0.0023053660
   -0.0014177789
    0.0013828879
    0.0022270207
   1.0099697e-05
   -0.0021675065
   -0.0013333843
    0.0013024907
    0.0020981050
   8.9690348e-06
   -0.0020452059
   -0.0012584720
    0.0012309279
    0.0019832980
   8.0188399e-06
   -0.0019359688
   -0.0011915282
    0.0011668214
    0.0018804049
   7.2099874e-06
   -0.0018378112
   -0.0011313481
    0.0011090604
    0.0017876612
   6.5172979e-06
   -0.0017491255
   -0.0010769531
    0.0010567483
    0.0017036350
   5.9177687e-06
   -0.0016686076
   -0.0010275499
    0.0010091497
    0.0016271539
   5.3977816e-06
   -0.0015951730
  -0.00098247784
   0.00096565448
    0.0015572448
   4.9417977e-06
   -0.0015279327
  -0.00094119522
   0.00092575424
    0.0014930952
   4.5405543e-06
   -0.0014661307
  -0.00090324132
   0.00088901942
    0.0014340216
   4.1868159e-06
   -0.0014091341
  -0.00086822937
   0.00085509047
    0.0013794451
   3.8708997e-06
   -0.0013564047
  -0.00083583104
   0.00082365541
    0.0013288707
   3.5897832e-06
   -0.0013074778
  -0.00080576232
   0.00079445020
    0.0012818724
   3.3367780e-06
   -0.0012619578
  -0.00077778216
   0.00076724515
    0.0012380850
   3.1088495e-06
   -0.0012195019
  -0.00075168028
   0.00074184166
    0.0011971912
   2.9046582e-06
   -0.0011798085
  -0.00072727337
   0.00071806589
    0.0011589109
   2.7184072e-06
   -0.0011426174
  -0.00070440062
   0.00069576845
    0.0011230058
   2.5504443e-06
   -0.0011077006
  -0.00068292392
   0.00067481247
    0.0010892557
   2.3952048e-06
   -0.0010748558
  -0.00066271801
   0.00065508342
    0.0010574764
   2.2542184e-06
   -0.0010439005
  -0.00064367174
   0.00063647454
    0.0010274978
   2.1249206e-06
   -0.0010146796
  -0.00062569060
   0.00061889465
   0.00099917292
   2.0065284e-06
  -0.00098704895
  -0.00060868676
   0.00060225825
   0.00097236744
   1.8971598e-06
  -0.00096088390
  -0.00059258247
   0.00058649435
   0.00094696364
   1.7966112e-06
  -0.00093607089
  -0.00057730988
   0.00057153336
   0.00092285159
   1.7021082e-06
  -0.00091250613
  -0.00056280149
   0.00055731833
   0.00089993789
   1.6152537e-06
  -0.00089009979
  -0.00054900591
   0.00054379263
   0.00087813441
   1.5358308e-06
  -0.00086876559
  -0.00053587073
   0.00053090769
   0.00085736259
   1.4603794e-06
  -0.00084843257
  -0.00052334978
   0.00051861922
   0.00083755080
   1.3918628e-06
  -0.00082902730
  -0.00051139911
   0.00050688694
   0.00081863320
   1.3262901e-06
  -0.00081049113
  -0.00049998222
   0.00049567398
   0.00080055131
   1.2647043e-06
  -0.00079276678
  -0.00048906503
   0.00048494605
   0.00078325066
   1.2081564e-06
  -0.00077579950
  -0.00047861422
   0.00047467389
   0.00076668386
   1.1551985e-06
  -0.00075954402
  -0.00046860008
   0.00046482769
   0.00075080265
   1.1048198e-06
  -0.00074395506
  -0.00045899479
   0.00045538109
   0.00073556487
   1.0572616e-06
  -0.00072899450
  -0.00044977807
   0.00044630993
   0.00072093387
   1.0139256e-06
  -0.00071462189
  -0.00044092230
   0.00043759532
   0.00070687431
   9.7229859e-07
  -0.00070080593
  -0.00043240972
   0.00042921246
   0.00069335164
   9.3212635e-07
  -0.00068751522
  -0.00042421930
   0.00042114589
   0.00068033762
   8.9600607e-07
  -0.00067471727
  -0.00041633343
   0.00041337531
   0.00066780094
   8.5959033e-07
  -0.00066238871
  -0.00040873389
   0.00040588983
   0.00065572016
   8.2697725e-07
  -0.00065050081
  -0.00040140744
   0.00039866830
   0.00064406784
   7.9538398e-07
  -0.00063903415
  -0.00039434014
   0.00039169914
   0.00063282192
   7.6493713e-07
  -0.00062796389
  -0.00038751708
   0.00038496940
   0.00062196317
   7.3772762e-07
  -0.00061726951
  -0.00038092535
   0.00037846705
   0.00061146944
   7.1015501e-07
  -0.00060693516
  -0.00037455394
   0.00037218274
   0.00060132515
   6.8474858e-07
  -0.00059694023
  -0.00036839270
   0.00036610133
   0.00059151033
   6.5952480e-07
  -0.00058726970
  -0.00036243087
   0.00036021622
   0.00058201181
   6.3586291e-07
  -0.00057790729
  -0.00035665875
   0.00035451733
   0.00057281380
   6.1530509e-07
  -0.00056883738
  -0.00035106682
   0.00034899686
   0.00056390118
   5.9270204e-07
  -0.00056005050
  -0.00034564917
   0.00034364547
   0.00055526318
   5.7246285e-07
  -0.00055152927
  -0.00034039547
   0.00033845420
   0.00054688422
   5.5376971e-07
  -0.00054326286
  -0.00033529839
   0.00033341845
   0.00053875415
   5.3471408e-07
  -0.00053524230
  -0.00033035276
   0.00032853125
   0.00053086508
   5.1869919e-07
  -0.00052745427
  -0.00032555055
   0.00032378457
   0.00052320131
   5.0119505e-07
  -0.00051988981
  -0.00032088549
   0.00031917318
   0.00051575622
   4.8544997e-07
  -0.00051253789
  -0.00031635088
   0.00031469179
   0.00050851935
   4.6878292e-07
  -0.00050539417
  -0.00031194533
   0.00031033356
   0.00050148293
   4.5395394e-07
  -0.00049844436
  -0.00030765998
   0.00030609356
   0.00049463900
   4.3988876e-07
  -0.00049168392
  -0.00030348947
   0.00030197036
   0.00048797969
   4.2760462e-07
  -0.00048510285
  -0.00029943118
   0.00029795531
   0.00048149718
   4.1484405e-07
  -0.00047869755
  -0.00029548089
   0.00029404511
   0.00047518317
   4.0203755e-07
  -0.00047245708
  -0.00029163160
   0.00029023806
   0.00046903411
   3.8840033e-07
  -0.00046638046
  -0.00028788367
   0.00028652704
   0.00046304292
   3.7761429e-07
  -0.00046045584
  -0.00028422932
   0.00028290869
   0.00045720026
   3.6553539e-07
  -0.00045468137
  -0.00028066726
   0.00027938177
   0.00045150414
   3.5539879e-07
  -0.00044904697
  -0.00027719093
   0.00027594323
   0.00044594993
   3.4519024e-07
  -0.00044355348
  -0.00027380290
   0.00027258657
   0.00044052917
   3.3441930e-07
  -0.00043819220
  -0.00027049535
   0.00026931156
   0.00043523970
   3.2527103e-07
  -0.00043295874
  -0.00026726720
   0.00026611294
   0.00043007389
   3.1541690e-07
  -0.00042784918
  -0.00026411491
   0.00026299075
   0.00042503104
   3.0684461e-07
  -0.00042285830
  -0.00026103641
   0.00025993975
   0.00042010445
   2.9823796e-07
  -0.00041798210
  -0.00025802742
   0.00025696010
   0.00041529043
   2.8968103e-07
  -0.00041321712
  -0.00025508700
   0.00025404818
   0.00041058577
   2.8117219e-07
  -0.00040856112
  -0.00025221526
   0.00025119960
   0.00040598628
   2.7424131e-07
  -0.00040400682
  -0.00024940553
   0.00024841549
   0.00040148829
   2.6603442e-07
  -0.00039955357
  -0.00024665730
   0.00024569318
   0.00039709011
   2.5878273e-07
  -0.00039519828
  -0.00024396992
   0.00024302863
   0.00039278533
   2.5087833e-07
  -0.00039093611
  -0.00024134007
   0.00024042191
   0.00038857482
   2.4359225e-07
  -0.00038676592
  -0.00023876763
   0.00023786973
   0.00038445448
   2.3868933e-07
  -0.00038268251
  -0.00023624770
   0.00023537256
   0.00038041873
   2.3170575e-07
  -0.00037868538
  -0.00023378146
   0.00023292562
   0.00037646598
   2.2474583e-07
  -0.00037477025
  -0.00023136515
   0.00023053032
   0.00037259577
   2.1888206e-07
  -0.00037093504
  -0.00022899907
   0.00022818358
   0.00036880522
   2.1375067e-07
  -0.00036717876
  -0.00022668201
   0.00022588230
   0.00036508895
   2.0745807e-07
  -0.00036349715
  -0.00022440878
   0.00022363009
   0.00036144873
   2.0241972e-07
  -0.00035988807
  -0.00022218202
   0.00022142092
   0.00035787938
   1.9697075e-07
  -0.00035635006
  -0.00021999942
   0.00021925412
   0.00035438002
   1.9144195e-07
  -0.00035288184
  -0.00021785817
   0.00021713024
   0.00035094812
   1.8680893e-07
  -0.00034947939
  -0.00021575899
   0.00021504681
   0.00034758213
   1.8146267e-07
  -0.00034614280
  -0.00021370008
   0.00021300319
   0.00034428055
   1.7681357e-07
  -0.00034286882
  -0.00021167919
   0.00021099815
   0.00034104048
   1.7188222e-07
  -0.00033965638
  -0.00020969630
   0.00020903165
   0.00033786277
   1.6781005e-07
  -0.00033650376
  -0.00020775104
   0.00020709938
   0.00033474087
   1.6248359e-07
  -0.00033340961
  -0.00020584134
   0.00020520393
   0.00033167757
   1.5853726e-07
  -0.00033037036
  -0.00020396536
   0.00020334230
   0.00032866972
   1.5480976e-07
  -0.00032738583
  -0.00020212348
   0.00020151387
   0.00032571570
   1.5069950e-07
  -0.00032445621
  -0.00020031625
   0.00019971809
   0.00032281474
   1.4679168e-07
  -0.00032157824
  -0.00019854042
   0.00019795328
   0.00031996369
   1.4226551e-07
  -0.00031875093
  -0.00019679525
   0.00019622047
   0.00031716445
   1.3928943e-07
  -0.00031597259
  -0.00019507987
   0.00019451838
   0.00031441246
   1.3540441e-07
  -0.00031324269
  -0.00019339529
   0.00019284511
   0.00031170946
   1.3298837e-07
  -0.00031055901
  -0.00019173883
   0.00019119966
   0.00030905017
   1.2846389e-07
  -0.00030792075
  -0.00019010969
   0.00018958303
   0.00030643700
   1.2427625e-07
  -0.00030532856
  -0.00018850911
   0.00018799396
   0.00030386876
   1.2147787e-07
  -0.00030277893
  -0.00018693583
   0.00018642899
   0.00030134097
   1.1853143e-07
  -0.00030027011
  -0.00018538755
   0.00018489164
   0.00029885644
   1.1558097e-07
  -0.00029780320
  -0.00018386437
   0.00018337989
   0.00029641239
   1.1223359e-07
  -0.00029537695
  -0.00018236661
   0.00018189148
   0.00029400762
   1.0954676e-07
  -0.00029298907
  -0.00018089230
   0.00018042813
   0.00029164145
   1.0609152e-07
  -0.00029064117
  -0.00017944342
   0.00017898756
   0.00028931363
   1.0306015e-07
  -0.00028832957
  -0.00017801699
   0.00017756912
   0.00028702293
   1.0147491e-07
  -0.00028605372
  -0.00017661301
   0.00017617348
   0.00028476753
   9.7943076e-08
  -0.00028381536
  -0.00017523110
   0.00017479917
   0.00028254767
   9.7005958e-08
  -0.00028160870
  -0.00017386895
   0.00017344656
   0.00028036109
   9.3928458e-08
  -0.00027943825
  -0.00017252879
   0.00017211539
   0.00027820862
   9.0170094e-08
  -0.00027730272
  -0.00017121067
   0.00017080356
   0.00027608926
   8.8883209e-08
  -0.00027519606
  -0.00016990988
   0.00016951326
   0.00027400246
   8.6477602e-08
  -0.00027312264
  -0.00016862959
   0.00016824043
   0.00027194569
   8.3935384e-08
  -0.00027108056
  -0.00016736933
   0.00016698694
   0.00026992014
   8.1490752e-08
  -0.00026906836
  -0.00016612755
   0.00016575195
   0.00026792412
   7.7770724e-08
  -0.00026708710
  -0.00016490337
   0.00016453646
   0.00026595941
   7.6567310e-08
  -0.00026513354
  -0.00016369712
   0.00016333786
   0.00026402155
   7.4685768e-08
  -0.00026320843
  -0.00016250961
   0.00016215557
   0.00026211205
   7.2881818e-08
  -0.00026131098
  -0.00016133826
   0.00016099069
   0.00026022911
   6.9279504e-08
  -0.00025944132
  -0.00016018317
   0.00015984361
   0.00025837428
   6.7192602e-08
  -0.00025759725
  -0.00015904443
   0.00015871169
   0.00025654507
   6.5500281e-08
  -0.00025578082
  -0.00015792340
   0.00015759652
   0.00025474221
   6.4125812e-08
  -0.00025398830
  -0.00015681741
   0.00015649547
   0.00025296385
   6.2498180e-08
  -0.00025222156
  -0.00015572695
   0.00015541019
   0.00025121017
   6.1100261e-08
  -0.00025047811
  -0.00015465039
   0.00015434154
   0.00024948192
   5.8939719e-08
  -0.00024876040
  -0.00015358896
   0.00015328695
   0.00024777669
   5.8226187e-08
  -0.00024706400
  -0.00015254347
   0.00015224405
   0.00024609313
   5.5230831e-08
  -0.00024539146
  -0.00015150953
   0.00015121792
   0.00024443312
   5.3547679e-08
  -0.00024374256
  -0.00015049173
   0.00015020500
   0.00024279516
   5.1687135e-08
  -0.00024211488
  -0.00014948676
   0.00014920487
   0.00024117895
   4.9715183e-08
  -0.00024050886
  -0.00014849517
   0.00014821830
   0.00023958531
   4.9127438e-08
  -0.00023892318
  -0.00014751653
   0.00014724533
   0.00023801232
   4.7674553e-08
  -0.00023735870
  -0.00014655042
   0.00014628497
   0.00023645958
   4.5128469e-08
  -0.00023581625
  -0.00014559790
   0.00014533501
   0.00023492522
   4.4346896e-08
  -0.00023429083
  -0.00014465580
   0.00014439982
   0.00023341191
   4.2654871e-08
  -0.00023278675
  -0.00014372737
   0.00014347620
   0.00023191865
   4.1156690e-08
  -0.00023130094
  -0.00014281026
   0.00014256328
   0.00023044354
   3.9517042e-08
  -0.00022983506
  -0.00014190518
   0.00014166290
   0.00022898838
   3.8740993e-08
  -0.00022838682
  -0.00014101073
   0.00014077405
   0.00022755098
   3.7504857e-08
  -0.00022695710
  -0.00014012866
   0.00013989436
   0.00022612985
   3.5116113e-08
  -0.00022554626
  -0.00013925642
   0.00013902808
   0.00022472852
   3.4925459e-08
  -0.00022415084
  -0.00013839597
   0.00013817116
   0.00022334376
   3.3445369e-08
  -0.00022277402
  -0.00013754617
   0.00013732433
   0.00022197515
   3.1918048e-08
  -0.00022141304
  -0.00013670518
   0.00013648905
   0.00022062444
   3.0333743e-08
  -0.00022006920
  -0.00013587534
   0.00013566251
   0.00021928859
   2.8422087e-08
  -0.00021874160
  -0.00013505538
   0.00013484634
   0.00021796986
   2.7961988e-08
  -0.00021742974
  -0.00013424574
   0.00013404038
   0.00021666717
   2.6965336e-08
  -0.00021613347
  -0.00013344456
   0.00013324381
   0.00021537871
   2.5659731e-08
  -0.00021485328
  -0.00013265483
   0.00013245642
   0.00021410611
   2.4199332e-08
  -0.00021358679
  -0.00013187237
   0.00013167940
   0.00021284940
   2.3176777e-08
  -0.00021233646
  -0.00013110095
   0.00013090928
   0.00021160652
   2.2824424e-08
  -0.00021109951
  -0.00013033637
   0.00013014995
   0.00021037737
   2.0854441e-08
  -0.00020987762
  -0.00012958214
   0.00012939840
   0.00020916357
   1.9968444e-08
  -0.00020866954
  -0.00012883601
   0.00012865581
   0.00020796235
   1.9203662e-08
  -0.00020747427
  -0.00012809822
   0.00012792242
   0.00020677627
   1.7601131e-08
  -0.00020629480
  -0.00012736929
   0.00012719659
   0.00020560299
   1.6380274e-08
  -0.00020512790
  -0.00012664835
   0.00012648003
   0.00020444344
   1.6059663e-08
  -0.00020397313
  -0.00012593677
   0.00012577001
   0.00020329776
   1.5753200e-08
  -0.00020283239
  -0.00012523190
   0.00012506842
   0.00020216223
   1.3798525e-08
  -0.00020170319
  -0.00012453439
   0.00012437496
   0.00020104102
   1.3131298e-08
  -0.00020058763
  -0.00012384570
   0.00012368859
   0.00019993138
   1.2021357e-08
  -0.00019948332
  -0.00012316337
   0.00012301027
   0.00019883492
   1.1492484e-08
  -0.00019839199
  -0.00012248917
   0.00012233956
   0.00019774958
   1.0348842e-08
  -0.00019731235
  -0.00012182290
   0.00012167531
   0.00019667649
   9.3858482e-09
  -0.00019624463
  -0.00012116391
   0.00012101871
   0.00019561532
   8.3328595e-09
  -0.00019518851
  -0.00012051098
   0.00012036919
   0.00019456496
   7.5732205e-09
  -0.00019414346
  -0.00011986553
   0.00011972698
   0.00019352623
   6.8446607e-09
  -0.00019310945
  -0.00011922827
   0.00011908937
   0.00019249751
   6.7849514e-09
  -0.00019208539
  -0.00011859585
   0.00011846067
   0.00019148048
   6.0160529e-09
  -0.00019107253
  -0.00011796961
   0.00011783859
   0.00019047378
   4.7213645e-09
  -0.00019007213
  -0.00011735161
   0.00011722360
   0.00018947799
   2.7104417e-09
  -0.00018908115
  -0.00011673984
   0.00011661358
   0.00018849356
   3.1736400e-09
  -0.00018809953
  -0.00011613381
   0.00011600947
   0.00018751723
   2.6235353e-09
  -0.00018712857
  -0.00011553481
   0.00011541224
   0.00018655160
   1.1025132e-09
  -0.00018616752
  -0.00011493945
   0.00011482284
   0.00018559714
   1.5025291e-09
  -0.00018521663
  -0.00011435411
   0.00011423644
   0.00018465008
  -9.8442744e-10
  -0.00018427565
  -0.00011377220
   0.00011365794
   0.00018371451
  -1.5032459e-09
  -0.00018334377
  -0.00011319699
   0.00011308417
   0.00018278783
  -1.6322788e-09
  -0.00018242084
  -0.00011262700
   0.00011251774
   0.00018187064
  -2.7313931e-09
  -0.00018150715
  -0.00011206215
   0.00011195632
   0.00018096262
  -3.4678261e-09
  -0.00018060361
  -0.00011150405
   0.00011139922
   0.00018006248
  -4.4007254e-09
  -0.00017970860
  -0.00011095146
   0.00011084868
   0.00017917278
  -4.5490843e-09
  -0.00017882222
  -0.00011040510
   0.00011030303
   0.00017829183
  -4.3465033e-09
  -0.00017794401
  -0.00010986246
   0.00010976384
   0.00017741866
  -5.0407410e-09
  -0.00017707426
  -0.00010932478
   0.00010923014
   0.00017655424
  -6.7084858e-09
  -0.00017621471
  -0.00010879402
   0.00010869977
   0.00017569802
  -7.1725165e-09
  -0.00017536208
  -0.00010826745
   0.00010817501
   0.00017485017
  -7.9433383e-09
  -0.00017451900
  -0.00010774709
   0.00010765618
   0.00017401110
  -8.1003176e-09
  -0.00017368210
  -0.00010722984
   0.00010714205
   0.00017317946
  -9.3291132e-09
  -0.00017285490
  -0.00010671883
   0.00010663252
   0.00017235552
  -9.6686660e-09
  -0.00017203408
  -0.00010621260
   0.00010612749
   0.00017153956
  -1.0344841e-08
  -0.00017122166
  -0.00010571014
   0.00010562747
   0.00017073104
  -9.8466654e-09
  -0.00017041606
  -0.00010521353
   0.00010513162
   0.00016993010
  -1.1547931e-08
  -0.00016961995
  -0.00010472097
   0.00010464238
   0.00016913776
  -1.2296574e-08
  -0.00016882998
  -0.00010423271
   0.00010415643
   0.00016835159
  -1.2889611e-08
  -0.00016804769
  -0.00010375038
   0.00010367471
   0.00016757428
  -1.2659065e-08
  -0.00016727228
  -0.00010327158
   0.00010319700
   0.00016680157
  -1.3384900e-08
  -0.00016650295
  -0.00010279662
   0.00010272467
   0.00016603766
  -1.4292619e-08
  -0.00016574273
  -0.00010232669
   0.00010225664
   0.00016528014
  -1.4803941e-08
  -0.00016498824
  -0.00010186077
   0.00010179268
   0.00016452966
  -1.5756733e-08
  -0.00016424042
  -0.00010139876
   0.00010133200
   0.00016378608
  -1.5383529e-08
  -0.00016349973
  -0.00010094114
   0.00010087726
   0.00016304961
  -1.5778849e-08
  -0.00016276589
  -0.00010048877
   0.00010042469
   0.00016231873
  -1.7168313e-08
  -0.00016203995
  -0.00010004000
   9.9977311e-05
   0.00016159526
  -1.6947063e-08
  -0.00016131803
  -9.9594180e-05
   9.9533518e-05
   0.00016087721
  -1.7875499e-08
  -0.00016060279
  -9.9152551e-05
   9.9092985e-05
   0.00016016595
  -1.8165675e-08
  -0.00015989559
  -9.8716106e-05
   9.8657308e-05
   0.00015946136
  -1.8203806e-08
  -0.00015919261
  -9.8281255e-05
   9.8227085e-05
   0.00015876359
  -1.8681550e-08
  -0.00015849666
  -9.7852059e-05
   9.7797638e-05
   0.00015807074
  -1.9415423e-08
  -0.00015780734
  -9.7425804e-05
   9.7372983e-05
   0.00015738386
  -1.9864700e-08
  -0.00015712312
  -9.7003659e-05
   9.6951041e-05
   0.00015670282
  -2.0231399e-08
  -0.00015644529
  -9.6584430e-05
   9.6534882e-05
   0.00015602783
  -2.1689421e-08
  -0.00015577395
  -9.6170295e-05
   9.6120066e-05
   0.00015535936
  -2.1110604e-08
  -0.00015510692
  -9.5757296e-05
   9.5711332e-05
   0.00015469565
  -2.2961630e-08
  -0.00015444671
  -9.5349945e-05
   9.5303491e-05
   0.00015403774
  -2.3155618e-08
  -0.00015379148
  -9.4945157e-05
   9.4901018e-05
   0.00015338654
  -2.3587680e-08
  -0.00015314248
  -9.4544266e-05
   9.4501309e-05
   0.00015274054
  -2.3537019e-08
  -0.00015249814
  -9.4145633e-05
   9.4105942e-05
   0.00015210013
  -2.3508102e-08
  -0.00015185892
  -9.3751585e-05
   9.3711746e-05
   0.00015146396
  -2.3623841e-08
  -0.00015122611
  -9.3361279e-05
   9.3321389e-05
   0.00015083335
  -2.3823484e-08
  -0.00015059747
  -9.2973218e-05
   9.2935024e-05
   0.00015020824
  -2.5442399e-08
  -0.00014997524
  -9.2588335e-05
   9.2551248e-05
   0.00014958782
  -2.4793882e-08
  -0.00014935625
  -9.2206688e-05
   9.2170325e-05
   0.00014897228
  -2.5499614e-08
  -0.00014874418
  -9.1828432e-05
   9.1793741e-05
   0.00014836281
  -2.5955165e-08
  -0.00014813663
  -9.1453208e-05
   9.1419114e-05
   0.00014775781
  -2.5617742e-08
  -0.00014753343
  -9.1080395e-05
   9.1048746e-05
   0.00014715749
  -2.6637883e-08
  -0.00014693561
  -9.0711136e-05
   9.0680409e-05
   0.00014656229
  -2.6355763e-08
  -0.00014634123
  -9.0343886e-05
   9.0316257e-05
   0.00014597272
  -2.7389268e-08
  -0.00014575431
  -8.9981703e-05
   8.9952857e-05
   0.00014538618
  -2.7352017e-08
  -0.00014517002
  -8.9620850e-05
   8.9593248e-05
   0.00014480443
  -2.9204447e-08
  -0.00014459250
  -8.9263375e-05
   8.9237797e-05
   0.00014422902
  -2.9295885e-08
  -0.00014401784
  -8.8908287e-05
   8.8885162e-05
   0.00014365839
  -2.8969728e-08
  -0.00014344797
  -8.8556796e-05
   8.8532837e-05
   0.00014309003
  -2.7927290e-08
  -0.00014288136
  -8.8207418e-05
   8.8184805e-05
   0.00014252694
  -2.9042717e-08
  -0.00014232081
  -8.7860124e-05
   8.7839855e-05
   0.00014196885
  -2.8743191e-08
  -0.00014176449
  -8.7516718e-05
   8.7497431e-05
   0.00014141487
  -2.9792095e-08
  -0.00014121315
  -8.7176405e-05
   8.7157591e-05
   0.00014086573
  -2.9625786e-08
  -0.00014066472
  -8.6837814e-05
   8.6820082e-05
   0.00014031935
  -3.1110444e-08
  -0.00014012175
  -8.6503124e-05
   8.6483941e-05
   0.00013977773
  -3.1266444e-08
  -0.00013958255
  -8.6169846e-05
   8.6152228e-05
   0.00013924114
  -3.0919039e-08
  -0.00013904643
  -8.5837939e-05
   8.5823422e-05
   0.00013870755
  -3.1954943e-08
  -0.00013851564
  -8.5510154e-05
   8.5496630e-05
   0.00013817941
  -3.1804129e-08
  -0.00013798882
  -8.5184153e-05
   8.5172776e-05
   0.00013765459
  -3.2241981e-08
  -0.00013746545
  -8.4861240e-05
   8.4849752e-05
   0.00013713244
  -3.3101366e-08
  -0.00013694547
  -8.4539632e-05
   8.4530613e-05
   0.00013661606
  -3.3579738e-08
  -0.00013643123
  -8.4222251e-05
   8.4212902e-05
   0.00013610350
  -3.2080499e-08
  -0.00013591895
  -8.3906760e-05
   8.3898156e-05
   0.00013559421
  -3.3234542e-08
  -0.00013541188
  -8.3593178e-05
   8.3584967e-05
   0.00013508782
  -3.4434565e-08
  -0.00013490863
  -8.3282074e-05
   8.3274559e-05
   0.00013458649
  -3.3953710e-08
  -0.00013440777
  -8.2973173e-05
   8.2965908e-05
   0.00013408793
  -3.4833992e-08
  -0.00013391161
  -8.2666300e-05
   8.2661072e-05
   0.00013359489
  -3.4144927e-08
  -0.00013341847
  -8.2361572e-05
   8.2357229e-05
   0.00013310359
  -3.4159583e-08
  -0.00013292925
  -8.2059500e-05
   8.2056005e-05
   0.00013261556
  -3.5560732e-08
  -0.00013244396
  -8.1758923e-05
   8.1758269e-05
   0.00013213304
  -3.5408738e-08
  -0.00013196223
  -8.1462716e-05
   8.1459858e-05
   0.00013165215
  -3.6473913e-08
  -0.00013148369
  -8.1166663e-05
   8.1165330e-05
   0.00013117632
  -3.6109117e-08
  -0.00013100966
  -8.0874071e-05
   8.0872349e-05
   0.00013070239
  -3.5749561e-08
  -0.00013053664
  -8.0582149e-05
   8.0582049e-05
   0.00013023252
  -3.7287599e-08
  -0.00013006993
  -8.0293201e-05
   8.0293958e-05
   0.00012976603
  -3.7127795e-08
  -0.00012960385
  -8.0005324e-05
   8.0007692e-05
   0.00012930283
  -3.6952328e-08
  -0.00012914217
  -7.9721094e-05
   7.9722529e-05
   0.00012884329
  -3.6843586e-08
  -0.00012868426
  -7.9438767e-05
   7.9440156e-05
   0.00012838724
  -3.7139855e-08
  -0.00012822834
  -7.9155653e-05
   7.9160680e-05
   0.00012793389
  -3.6956115e-08
  -0.00012777595
  -7.8876417e-05
   7.8882158e-05
   0.00012748331
  -3.7275256e-08
  -0.00012732664
  -7.8598978e-05
   7.8606140e-05
   0.00012703669
  -3.8462066e-08
  -0.00012688246
  -7.8323960e-05
   7.8332190e-05
   0.00012659328
  -3.8702527e-08
  -0.00012644061
  -7.8051305e-05
   7.8059183e-05
   0.00012615196
  -3.9107425e-08
  -0.00012600098
  -7.7780269e-05
   7.7787697e-05
   0.00012571393
  -3.9362037e-08
  -0.00012556454
  -7.7510881e-05
   7.7519026e-05
   0.00012527943
  -3.9355604e-08
  -0.00012513060
  -7.7242750e-05
   7.7252156e-05
   0.00012484710
  -4.0246972e-08
  -0.00012470168
  -7.6977499e-05
   7.6987924e-05
   0.00012441947
  -3.9637089e-08
  -0.00012427346
  -7.6712996e-05
   7.6724495e-05
   0.00012399369
  -4.0161407e-08
  -0.00012384933
  -7.6450925e-05
   7.6462429e-05
   0.00012357005
  -3.9950334e-08
  -0.00012342697
  -7.6190186e-05
   7.6203043e-05
   0.00012315070
  -4.0053604e-08
  -0.00012300866
  -7.5931103e-05
   7.5946241e-05
   0.00012273463
  -3.9045279e-08
  -0.00012259193
  -7.5674673e-05
   7.5689149e-05
   0.00012231939
  -4.0369898e-08
  -0.00012217997
  -7.5419846e-05
   7.5434749e-05
   0.00012190817
  -4.0247188e-08
  -0.00012176908
  -7.5166038e-05
   7.5181754e-05
   0.00012149945
  -3.9946702e-08
  -0.00012136074
  -7.4914583e-05
   7.4929918e-05
   0.00012109235
  -4.1788658e-08
  -0.00012095726
  -7.4664519e-05
   8.9081319e-08
