  -0.00028736267
  -0.00046512821
   8.9253401e-08
   0.00046580425
   0.00028798469
  -0.00028832549
  -0.00046668534
   9.1217792e-08
   0.00046736811
   0.00028895271
  -0.00028929217
  -0.00046825250
   9.1298053e-08
   0.00046893924
   0.00028992415
  -0.00029026711
  -0.00046983041
   9.2088455e-08
   0.00047052166
   0.00029090229
  -0.00029124885
  -0.00047141883
   9.4018660e-08
   0.00047211689
   0.00029188943
  -0.00029223568
  -0.00047301821
   9.3815044e-08
   0.00047371946
   0.00029287966
  -0.00029323172
  -0.00047462921
   9.4352444e-08
   0.00047533430
   0.00029387775
  -0.00029423391
  -0.00047625064
   9.5870455e-08
   0.00047696157
   0.00029488392
  -0.00029524252
  -0.00047788368
   9.6496113e-08
   0.00047859945
   0.00029589708
  -0.00029625777
  -0.00047952816
   9.6105732e-08
   0.00048024718
   0.00029691617
  -0.00029728015
  -0.00048118330
   9.6669268e-08
   0.00048190713
   0.00029794314
  -0.00029830839
  -0.00048284830
   9.8590448e-08
   0.00048357871
   0.00029897557
  -0.00029934678
  -0.00048452776
   9.9332835e-08
   0.00048526324
   0.00030001848
  -0.00030038875
  -0.00048621676
   9.9790577e-08
   0.00048695716
   0.00030106572
  -0.00030143986
  -0.00048791749
   1.0183152e-07
   0.00048866478
   0.00030212130
  -0.00030249836
  -0.00048963061
   1.0368615e-07
   0.00049038453
   0.00030318428
  -0.00030356499
  -0.00049135697
   1.0457592e-07
   0.00049211630
   0.00030425554
  -0.00030463819
  -0.00049309534
   1.0441695e-07
   0.00049385831
   0.00030533224
  -0.00030572033
  -0.00049484604
   1.0543514e-07
   0.00049561430
   0.00030641774
  -0.00030681008
  -0.00049661001
   1.0554346e-07
   0.00049738278
   0.00030751233
  -0.00030790517
  -0.00049838405
   1.0728799e-07
   0.00049916412
   0.00030861369
  -0.00030900995
  -0.00050017284
   1.0718939e-07
   0.00050095685
   0.00030972230
  -0.00031012233
  -0.00050197312
   1.0919491e-07
   0.00050276464
   0.00031084026
  -0.00031124278
  -0.00050378799
   1.0853415e-07
   0.00050458274
   0.00031196473
  -0.00031237085
  -0.00050561345
   1.1138494e-07
   0.00050641677
   0.00031309790
  -0.00031350894
  -0.00050745517
   1.1193910e-07
   0.00050826395
   0.00031424147
  -0.00031465188
  -0.00050930725
   1.1383651e-07
   0.00051012367
   0.00031539064
  -0.00031580656
  -0.00051117557
   1.1457475e-07
   0.00051199743
   0.00031654969
  -0.00031696801
  -0.00051305622
   1.1608938e-07
   0.00051388506
   0.00031771669
  -0.00031813903
  -0.00051495189
   1.1670645e-07
   0.00051578614
   0.00031889220
  -0.00031931875
  -0.00051686177
   1.1693584e-07
   0.00051770093
   0.00032007643
  -0.00032050649
  -0.00051878432
   1.1912319e-07
   0.00051963161
   0.00032127000
  -0.00032170405
  -0.00052072329
   1.1915498e-07
   0.00052157562
   0.00032247315
  -0.00032290841
  -0.00052267405
   1.2138627e-07
   0.00052353519
   0.00032368495
  -0.00032412329
  -0.00052464170
   1.2102768e-07
   0.00052550712
   0.00032490459
  -0.00032534679
  -0.00052662190
   1.2360902e-07
   0.00052749588
   0.00032613328
  -0.00032658153
  -0.00052861939
   1.2510829e-07
   0.00052950028
   0.00032737268
  -0.00032782470
  -0.00053063225
   1.2569542e-07
   0.00053151929
   0.00032862195
  -0.00032907588
  -0.00053265872
   1.2729577e-07
   0.00053355329
   0.00032987890
  -0.00033033921
  -0.00053470293
   1.2795732e-07
   0.00053560347
   0.00033114705
  -0.00033161069
  -0.00053676203
   1.2853286e-07
   0.00053766884
   0.00033242445
  -0.00033289220
  -0.00053883715
   1.2884018e-07
   0.00053974988
   0.00033371200
  -0.00033418213
  -0.00054092556
   1.3236897e-07
   0.00054184934
   0.00033500979
  -0.00033548396
  -0.00054303329
   1.3293295e-07
   0.00054396313
   0.00033631689
  -0.00033679576
  -0.00054515659
   1.3487608e-07
   0.00054609511
   0.00033763581
  -0.00033811681
  -0.00054729651
   1.3566327e-07
   0.00054824169
   0.00033896264
  -0.00033945008
  -0.00054945371
   1.3755293e-07
   0.00055040710
   0.00034030136
  -0.00034079392
  -0.00055162940
   1.3783047e-07
   0.00055258934
   0.00034165238
  -0.00034214562
  -0.00055382035
   1.3775325e-07
   0.00055478622
   0.00034301076
  -0.00034350994
  -0.00055602798
   1.4030504e-07
   0.00055700313
   0.00034438074
  -0.00034488629
  -0.00055825502
   1.4196147e-07
   0.00055923824
   0.00034576281
  -0.00034627301
  -0.00056050020
   1.4299207e-07
   0.00056149134
   0.00034715734
  -0.00034766847
  -0.00056276103
   1.4521850e-07
   0.00056376187
   0.00034856071
  -0.00034907830
  -0.00056504274
   1.4609335e-07
   0.00056605062
   0.00034997597
  -0.00035049886
  -0.00056734225
   1.4770223e-07
   0.00056835860
   0.00035140298
  -0.00035193132
  -0.00056966129
   1.4842818e-07
   0.00057068482
   0.00035284160
  -0.00035337491
  -0.00057199809
   1.5085217e-07
   0.00057303176
   0.00035429293
  -0.00035483069
  -0.00057435553
   1.5156395e-07
   0.00057539703
   0.00035575649
  -0.00035629729
  -0.00057673130
   1.5248211e-07
   0.00057778095
   0.00035723081
  -0.00035777680
  -0.00057912630
   1.5492581e-07
   0.00058018638
   0.00035871833
  -0.00035926894
  -0.00058154264
   1.5554721e-07
   0.00058261039
   0.00036021777
  -0.00036077285
  -0.00058397762
   1.5794328e-07
   0.00058505595
   0.00036173014
  -0.00036228976
  -0.00058643372
   1.5968786e-07
   0.00058752144
   0.00036325452
  -0.00036382028
  -0.00058891149
   1.6032773e-07
   0.00059000641
   0.00036479043
  -0.00036536443
  -0.00059140941
   1.6346810e-07
   0.00059251563
   0.00036634161
  -0.00036692160
  -0.00059393034
   1.6449320e-07
   0.00059504538
   0.00036790703
  -0.00036848988
  -0.00059647091
   1.6607929e-07
   0.00059759580
   0.00036948397
  -0.00037007362
  -0.00059903481
   1.6685176e-07
   0.00060016811
   0.00037107534
  -0.00037166921
  -0.00060161843
   1.6989191e-07
   0.00060276390
   0.00037268022
  -0.00037328016
  -0.00060422648
   1.7131161e-07
   0.00060538152
   0.00037429936
  -0.00037490407
  -0.00060685587
   1.7390089e-07
   0.00060802246
   0.00037593214
  -0.00037654351
  -0.00060950985
   1.7559410e-07
   0.00061068692
   0.00037758084
  -0.00037819542
  -0.00061218601
   1.7697592e-07
   0.00061337324
   0.00037924197
  -0.00037986383
  -0.00061488738
   1.7701043e-07
   0.00061608233
   0.00038091782
  -0.00038154528
  -0.00061760933
   1.8087702e-07
   0.00061881797
   0.00038260847
  -0.00038324420
  -0.00062035884
   1.8257095e-07
   0.00062157797
   0.00038431592
  -0.00038495631
  -0.00062313210
   1.8345992e-07
   0.00062436084
   0.00038603694
  -0.00038668442
  -0.00062592947
   1.8636712e-07
   0.00062717145
   0.00038777624
  -0.00038842593
  -0.00062875123
   1.8826934e-07
   0.00063000459
   0.00038952745
  -0.00039018654
  -0.00063160007
   1.9092854e-07
   0.00063286568
   0.00039129677
  -0.00039196236
  -0.00063447586
   1.9152651e-07
   0.00063575109
   0.00039308193
  -0.00039375302
  -0.00063737568
   1.9396158e-07
   0.00063866337
   0.00039488248
  -0.00039556162
  -0.00064030301
   1.9681138e-07
   0.00064160375
   0.00039670082
  -0.00039738668
  -0.00064325824
   1.9842920e-07
   0.00064457071
   0.00039853649
  -0.00039922748
  -0.00064624003
   1.9978024e-07
   0.00064756382
   0.00040038748
  -0.00040108646
  -0.00064924937
   2.0254787e-07
   0.00065058681
   0.00040225750
  -0.00040296192
  -0.00065228717
   2.0378756e-07
   0.00065363577
   0.00040414280
  -0.00040485611
  -0.00065535285
   2.0733598e-07
   0.00065671635
   0.00040604814
  -0.00040676724
  -0.00065844783
   2.0977133e-07
   0.00065982455
   0.00040796970
  -0.00040869861
  -0.00066157423
   2.1101623e-07
   0.00066296263
   0.00040991149
  -0.00041064567
  -0.00066472828
   2.1294084e-07
   0.00066612994
   0.00041187061
  -0.00041261192
  -0.00066791188
   2.1643719e-07
   0.00066932914
   0.00041384914
  -0.00041459778
  -0.00067112789
   2.1766610e-07
   0.00067255702
   0.00041584530
  -0.00041660316
  -0.00067437412
   2.2067759e-07
   0.00067581819
   0.00041786246
  -0.00041862707
  -0.00067765162
   2.2357063e-07
   0.00067911073
   0.00041989879
  -0.00042067110
  -0.00068096113
   2.2690742e-07
   0.00068243602
   0.00042195516
  -0.00042273596
  -0.00068430465
   2.2874122e-07
   0.00068579327
   0.00042403205
  -0.00042482040
  -0.00068768085
   2.2980572e-07
   0.00068918214
   0.00042612824
  -0.00042692539
  -0.00069108891
   2.3315975e-07
   0.00069260626
   0.00042824523
  -0.00042905288
  -0.00069453290
   2.3546336e-07
   0.00069606527
   0.00043038592
  -0.00043119810
  -0.00069800819
   2.3934689e-07
   0.00069955823
   0.00043254527
  -0.00043336872
  -0.00070152183
   2.4139226e-07
   0.00070308625
   0.00043472744
  -0.00043555994
  -0.00070507007
   2.4377749e-07
   0.00070664994
   0.00043693160
  -0.00043777343
  -0.00070865430
   2.4615918e-07
   0.00071024972
   0.00043915809
  -0.00044000910
  -0.00071227388
   2.5054764e-07
   0.00071388835
   0.00044140858
  -0.00044226772
  -0.00071593156
   2.5377078e-07
   0.00071756343
   0.00044368147
  -0.00044455057
  -0.00071962829
   2.5563866e-07
   0.00072127559
   0.00044597786
  -0.00044685631
  -0.00072336234
   2.5830032e-07
   0.00072502681
   0.00044829866
  -0.00044918518
  -0.00072713428
   2.6147277e-07
   0.00072881646
   0.00045064179
  -0.00045154055
  -0.00073094673
   2.6552993e-07
   0.00073264811
   0.00045301179
  -0.00045391965
  -0.00073479975
   2.6832832e-07
   0.00073651891
   0.00045540610
  -0.00045632407
  -0.00073869345
   2.7128157e-07
   0.00074043075
   0.00045782554
  -0.00045875470
  -0.00074262956
   2.7323149e-07
   0.00074438372
   0.00046027121
  -0.00046120968
  -0.00074660522
   2.7794915e-07
   0.00074838108
   0.00046274375
  -0.00046369189
  -0.00075062554
   2.8036267e-07
   0.00075241927
   0.00046524128
  -0.00046620168
  -0.00075468895
   2.8424543e-07
   0.00075650320
   0.00046776766
  -0.00046873778
  -0.00075879661
   2.8727441e-07
   0.00076063038
   0.00047032058
  -0.00047130185
  -0.00076294854
   2.9161152e-07
   0.00076480403
   0.00047290204
  -0.00047389455
  -0.00076714736
   2.9438328e-07
   0.00076902206
   0.00047551070
  -0.00047651651
  -0.00077139234
   2.9839430e-07
   0.00077328867
   0.00047815018
  -0.00047916616
  -0.00077568375
   3.0246257e-07
   0.00077760197
   0.00048081738
  -0.00048184768
  -0.00078002521
   3.0567833e-07
   0.00078196444
   0.00048351676
  -0.00048455670
  -0.00078441374
   3.0914180e-07
   0.00078637495
   0.00048624501
  -0.00048729748
  -0.00078885227
   3.1273629e-07
   0.00079083546
   0.00048900391
  -0.00049006972
  -0.00079334112
   3.1710083e-07
   0.00079534765
   0.00049179456
  -0.00049287418
  -0.00079788226
   3.2098217e-07
   0.00079991190
   0.00049461827
  -0.00049570974
  -0.00080247496
   3.2496282e-07
   0.00080452843
   0.00049747412
  -0.00049857853
  -0.00080712134
   3.2833245e-07
   0.00080919788
   0.00050036284
  -0.00050148043
  -0.00081182118
   3.3224519e-07
   0.00081392174
   0.00050328468
  -0.00050441690
  -0.00081657604
   3.3712425e-07
   0.00081870262
   0.00050624256
  -0.00050738659
  -0.00082138632
   3.4160373e-07
   0.00082353831
   0.00050923282
  -0.00051039419
  -0.00082625554
   3.4575090e-07
   0.00082843260
   0.00051226073
  -0.00051343539
  -0.00083118105
   3.5096180e-07
   0.00083338560
   0.00051532440
  -0.00051651392
  -0.00083616660
   3.5556443e-07
   0.00083839785
   0.00051842486
  -0.00051962972
  -0.00084121269
   3.5965490e-07
   0.00084347021
   0.00052156264
  -0.00052278300
  -0.00084631914
   3.6522297e-07
   0.00084860591
   0.00052473993
  -0.00052597428
  -0.00085148845
   3.6964119e-07
   0.00085380307
   0.00052795505
  -0.00052920537
  -0.00085672158
   3.7401807e-07
   0.00085906439
   0.00053121042
  -0.00053247518
  -0.00086201785
   3.7980613e-07
   0.00086439153
   0.00053450583
  -0.00053578675
  -0.00086738162
   3.8377107e-07
   0.00086978302
   0.00053784042
  -0.00053914089
  -0.00087281217
   3.8996686e-07
   0.00087524565
   0.00054122056
  -0.00054253468
  -0.00087831042
   3.9509990e-07
   0.00088077496
   0.00054464098
  -0.00054597318
  -0.00088387914
   4.0012258e-07
   0.00088637434
   0.00054810438
  -0.00054945607
  -0.00088951889
   4.0615307e-07
   0.00089204687
   0.00055161350
  -0.00055298305
  -0.00089523128
   4.1173046e-07
   0.00089779212
   0.00055516795
  -0.00055655532
  -0.00090101756
   4.1672035e-07
   0.00090361068
   0.00055876735
  -0.00056017461
  -0.00090687885
   4.2282882e-07
   0.00090950659
   0.00056241523
  -0.00056383998
  -0.00091281595
   4.2956899e-07
   0.00091547990
   0.00056611044
  -0.00056755465
  -0.00091883242
   4.3551855e-07
   0.00092153152
   0.00056985391
  -0.00057131947
  -0.00092492984
   4.4064738e-07
   0.00092766350
   0.00057364805
  -0.00057513306
  -0.00093110728
   4.4677166e-07
   0.00093387812
   0.00057749372
  -0.00057899670
  -0.00093736650
   4.5334113e-07
   0.00094017509
   0.00058138832
  -0.00058291556
  -0.00094371155
   4.6159413e-07
   0.00094656089
   0.00058533892
  -0.00058688679
  -0.00095014447
   4.6747558e-07
   0.00095303223
   0.00058934371
  -0.00059091074
  -0.00095666381
   4.7402188e-07
   0.00095959143
   0.00059340147
  -0.00059499207
  -0.00096327382
   4.8113249e-07
   0.00096624203
   0.00059751520
  -0.00059913132
  -0.00096997697
   4.8825091e-07
   0.00097298675
   0.00060168852
  -0.00060332663
  -0.00097677328
   4.9508678e-07
   0.00097982532
   0.00060591987
  -0.00060758123
  -0.00098366540
   5.0186286e-07
   0.00098676014
   0.00061021078
  -0.00061189582
  -0.00099065419
   5.1015537e-07
   0.00099379427
   0.00061456201
  -0.00061627371
  -0.00099774405
   5.1892145e-07
    0.0010009308
   0.00061897701
  -0.00062071461
   -0.0010049375
   5.2598379e-07
    0.0010081692
   0.00062345605
  -0.00062521862
   -0.0010122335
   5.3463153e-07
    0.0010155138
   0.00062800031
  -0.00062978896
   -0.0010196370
   5.4286618e-07
    0.0010229658
   0.00063261133
  -0.00063442620
   -0.0010271490
   5.5120891e-07
    0.0010305269
   0.00063728843
  -0.00063913461
   -0.0010347741
   5.6011447e-07
    0.0010382027
   0.00064203828
  -0.00064391085
   -0.0010425121
   5.6873953e-07
    0.0010459925
   0.00064685823
  -0.00064875944
   -0.0010503661
   5.7875456e-07
    0.0010539011
   0.00065175162
  -0.00065368205
   -0.0010583407
   5.8748545e-07
    0.0010619293
   0.00065671936
  -0.00065867980
   -0.0010664375
   5.9511123e-07
    0.0010700786
   0.00066176166
  -0.00066375456
   -0.0010746569
   6.0702481e-07
    0.0010783579
   0.00066688408
  -0.00066890886
   -0.0010830066
   6.1633370e-07
    0.0010867652
   0.00067208731
  -0.00067414196
   -0.0010914861
   6.2484872e-07
    0.0010953019
   0.00067736962
  -0.00067945870
   -0.0011000983
   6.3628125e-07
    0.0011039766
   0.00068273731
  -0.00068485995
   -0.0011088489
   6.4594925e-07
    0.0011127881
   0.00068818995
  -0.00069034723
   -0.0011177383
   6.5745824e-07
    0.0011217420
   0.00069373005
  -0.00069592394
   -0.0011267715
   6.7019986e-07
    0.0011308428
   0.00069936078
  -0.00070159263
   -0.0011359548
   6.8021003e-07
    0.0011400909
   0.00070508466
  -0.00070735136
   -0.0011452854
   6.9272966e-07
    0.0011494915
   0.00071090076
  -0.00071320886
   -0.0011547738
   7.0375388e-07
    0.0011590485
   0.00071681533
  -0.00071916187
   -0.0011644190
   7.1566109e-07
    0.0011687653
   0.00072282851
  -0.00072521514
   -0.0011742259
   7.2903893e-07
    0.0011786473
   0.00072894339
  -0.00073137194
   -0.0011842003
   7.4209907e-07
    0.0011886975
   0.00073516254
  -0.00073763413
   -0.0011943453
   7.5611967e-07
    0.0011989215
   0.00074148964
  -0.00074400408
   -0.0012046661
   7.6954067e-07
    0.0012093215
   0.00074792504
  -0.00075048649
   -0.0012151678
   7.8322724e-07
    0.0012199047
   0.00075447518
  -0.00075708082
   -0.0012258531
   7.9699888e-07
    0.0012306737
   0.00076114000
  -0.00076379253
   -0.0012367281
   8.1119801e-07
    0.0012416344
   0.00076792380
  -0.00077062347
   -0.0012477962
   8.2727227e-07
    0.0012527928
   0.00077482917
  -0.00077757873
   -0.0012590649
   8.4397867e-07
    0.0012641544
   0.00078186032
  -0.00078466136
   -0.0012705409
   8.5893442e-07
    0.0012757224
   0.00078902017
  -0.00079187306
   -0.0012822265
   8.7510315e-07
    0.0012875038
   0.00079631116
  -0.00079921979
   -0.0012941295
   8.9268127e-07
    0.0012995068
   0.00080374038
  -0.00080670257
   -0.0013062551
   9.0992980e-07
    0.0013117342
   0.00081130783
  -0.00081432830
   -0.0013186113
   9.2721456e-07
    0.0013241942
   0.00081902043
  -0.00082209784
   -0.0013312022
   9.4496577e-07
    0.0013368918
   0.00082687903
  -0.00083001837
   -0.0013440354
   9.6526305e-07
    0.0013498378
   0.00083489158
  -0.00083809294
   -0.0013571198
   9.8435288e-07
    0.0013630356
   0.00084306020
  -0.00084632618
   -0.0013704609
   1.0051478e-06
    0.0013764954
   0.00085139165
  -0.00085472220
   -0.0013840676
   1.0247797e-06
    0.0013902218
   0.00085988850
  -0.00086328596
   -0.0013979458
   1.0460750e-06
    0.0014042246
   0.00086855502
  -0.00087202533
   -0.0014121068
   1.0678091e-06
    0.0014185138
   0.00087740080
  -0.00088094029
   -0.0014265552
   1.0913232e-06
    0.0014330961
   0.00088642640
  -0.00089004232
   -0.0014413048
   1.1142025e-06
    0.0014479813
   0.00089564067
  -0.00089933291
   -0.0014563612
   1.1388339e-06
    0.0014631796
   0.00090504870
  -0.00090881969
   -0.0014717359
   1.1639871e-06
    0.0014787005
   0.00091465687
  -0.00091850852
   -0.0014874393
   1.1881964e-06
    0.0014945515
   0.00092446892
  -0.00092840686
   -0.0015034798
   1.2164922e-06
    0.0015107496
   0.00093449570
  -0.00093852149
   -0.0015198727
   1.2425510e-06
    0.0015273007
   0.00094474284
  -0.00094885626
   -0.0015366235
   1.2722407e-06
    0.0015442191
   0.00095521519
  -0.00095942499
   -0.0015537515
   1.3007837e-06
    0.0015615170
   0.00096592508
  -0.00097022837
   -0.0015712634
   1.3304482e-06
    0.0015792052
   0.00097687587
  -0.00098127883
   -0.0015891740
   1.3627169e-06
    0.0015973002
   0.00098807801
  -0.00099258516
   -0.0016074997
   1.3944928e-06
    0.0016158144
   0.00099954112
   -0.0010041535
   -0.0016262521
   1.4268716e-06
    0.0016347612
    0.0010112717
   -0.0010159951
   -0.0016454460
   1.4624853e-06
    0.0016541594
    0.0010232815
   -0.0010281202
   -0.0016650999
   1.4984449e-06
    0.0016740239
    0.0010355815
   -0.0010405366
   -0.0016852285
   1.5346204e-06
    0.0016943692
    0.0010481790
   -0.0010532567
   -0.0017058479
   1.5748524e-06
    0.0017152172
    0.0010610873
   -0.0010662928
   -0.0017269802
   1.6149189e-06
    0.0017365838
    0.0010743172
   -0.0010796561
   -0.0017486434
   1.6554304e-06
    0.0017584886
    0.0010878808
   -0.0010933582
   -0.0017708563
   1.6986435e-06
    0.0017809548
    0.0011017938
   -0.0011074101
   -0.0017936390
   1.7437877e-06
    0.0018040011
    0.0011160649
   -0.0011218297
   -0.0018170162
   1.7912155e-06
    0.0018276522
    0.0011307103
   -0.0011366311
   -0.0018410124
   1.8398076e-06
    0.0018519325
    0.0011457472
   -0.0011518263
   -0.0018656498
   1.8901702e-06
    0.0018768657
    0.0011611884
   -0.0011674338
   -0.0018909559
   1.9420424e-06
    0.0019024782
    0.0011770498
   -0.0011834717
   -0.0019169589
   1.9963247e-06
    0.0019288008
    0.0011933526
   -0.0011999546
   -0.0019436861
   2.0528002e-06
    0.0019558616
    0.0012101136
   -0.0012169014
   -0.0019711662
   2.1147982e-06
    0.0019836942
    0.0012273513
   -0.0012343370
   -0.0019994387
   2.1758053e-06
    0.0020123282
    0.0012450866
   -0.0012522791
   -0.0020285334
   2.2402199e-06
    0.0020418021
    0.0012633439
   -0.0012707480
   -0.0020584855
   2.3077193e-06
    0.0020721504
    0.0012821414
   -0.0012897731
   -0.0020893370
   2.3789299e-06
    0.0021034168
    0.0013015095
   -0.0013093744
   -0.0021211268
   2.4526010e-06
    0.0021356397
    0.0013214704
   -0.0013295813
   -0.0021538985
   2.5307541e-06
    0.0021688663
    0.0013420539
   -0.0013504214
   -0.0021876987
   2.6131683e-06
    0.0022031443
    0.0013632898
   -0.0013719252
   -0.0022225782
   2.6964032e-06
    0.0022385193
    0.0013852055
   -0.0013941259
   -0.0022585868
   2.7865506e-06
    0.0022750524
    0.0014078404
   -0.0014170554
   -0.0022957814
   2.8800638e-06
    0.0023127965
    0.0014312270
   -0.0014407507
   -0.0023342201
   2.9792254e-06
    0.0023518133
    0.0014554014
   -0.0014652548
   -0.0023739698
   3.0834943e-06
    0.0023921708
    0.0014804084
   -0.0014906061
   -0.0024150976
   3.1910817e-06
    0.0024339355
    0.0015062892
   -0.0015168488
   -0.0024576733
   3.3067376e-06
    0.0024771856
    0.0015330909
   -0.0015440326
   -0.0025017771
   3.4294119e-06
    0.0025220018
    0.0015608644
   -0.0015722090
   -0.0025474946
   3.5561580e-06
    0.0025684663
    0.0015896600
   -0.0016014345
   -0.0025949138
   3.6926882e-06
    0.0026166795
    0.0016195430
   -0.0016317637
   -0.0026441316
   3.8342119e-06
    0.0026667329
    0.0016505669
   -0.0016632660
   -0.0026952522
   3.9863415e-06
    0.0027187417
    0.0016828057
   -0.0016960064
   -0.0027483876
   4.1467121e-06
    0.0027728171
    0.0017163260
   -0.0017300641
   -0.0028036617
   4.3166786e-06
    0.0028290879
    0.0017512099
   -0.0017655165
   -0.0028612032
   4.4990487e-06
    0.0028876915
    0.0017875418
   -0.0018024531
   -0.0029211582
   4.6907318e-06
    0.0029487728
    0.0018254132
   -0.0018409670
   -0.0029836781
   4.8955800e-06
    0.0030124931
    0.0018649219
   -0.0018811649
   -0.0030489339
   5.1148245e-06
    0.0030790308
    0.0019061823
   -0.0019231543
   -0.0031171060
   5.3491899e-06
    0.0031485727
    0.0019493072
   -0.0019670636
   -0.0031883982
   5.5997675e-06
    0.0032213299
    0.0019944311
   -0.0020130226
   -0.0032630274
   5.8668151e-06
    0.0032975267
    0.0020416910
   -0.0020611821
   -0.0033412337
   6.1549918e-06
    0.0033774177
    0.0020912470
   -0.0021117013
   -0.0034232812
   6.4635479e-06
    0.0034612743
    0.0021432672
   -0.0021647597
   -0.0035094595
   6.7962580e-06
    0.0035494012
    0.0021979412
   -0.0022205538
   -0.0036000894
   7.1552322e-06
    0.0036421340
    0.0022554796
   -0.0022792976
   -0.0036955227
   7.5435741e-06
    0.0037398409
    0.0023161093
   -0.0023412361
   -0.0037961543
   7.9648508e-06
    0.0038429362
    0.0023800900
   -0.0024066342
   -0.0039024202
   8.4212977e-06
    0.0039518757
    0.0024477054
   -0.0024757907
   -0.0040148062
   8.9189806e-06
    0.0040671724
    0.0025192746
   -0.0025490406
   -0.0041338594
   9.4601211e-06
    0.0041893979
    0.0025951554
   -0.0026267557
   -0.0042601870
   1.0054122e-05
    0.0043191993
    0.0026757508
   -0.0027093576
   -0.0043944792
   1.0704361e-05
    0.0044572987
    0.0027615093
   -0.0027973265
   -0.0045375154
   1.1420093e-05
    0.0046045236
    0.0028529506
   -0.0028911965
   -0.0046901754
   1.2208276e-05
    0.0047618032
    0.0029506520
   -0.0029915869
   -0.0048534649
   1.3083514e-05
    0.0049302114
    0.0030552858
   -0.0030991979
   -0.0050285349
   1.4053964e-05
    0.0051109653
    0.0031676102
   -0.0032148420
   -0.0052167088
   1.5136676e-05
    0.0053054796
    0.0032885121
   -0.0033394475
   -0.0054195117
   1.6349354e-05
    0.0055153835
    0.0034190060
   -0.0034741051
   -0.0056387227
   1.7713622e-05
    0.0057425826
    0.0035602868
   -0.0036200766
   -0.0058764143
   1.9255474e-05
    0.0059893037
    0.0037137461
   -0.0037788530
   -0.0061350267
   2.1008666e-05
    0.0062581783
    0.0038810312
   -0.0039521966
   -0.0064174517
   2.3009414e-05
    0.0065523265
    0.0040640970
   -0.0041422069
   -0.0067271322
   2.5313829e-05
    0.0068754941
    0.0042652907
   -0.0043514095
   -0.0070682187
   2.7977732e-05
    0.0072321892
    0.0044874384
   -0.0045828687
   -0.0074457396
   3.1089796e-05
    0.0076279252
    0.0047340001
   -0.0048403355
   -0.0078658684
   3.4746271e-05
    0.0080694749
    0.0050092314
   -0.0051284512
   -0.0083362427
   3.9090814e-05
    0.0085652886
    0.0053184422
   -0.0054530385
   -0.0088664559
   4.4300919e-05
    0.0091260205
    0.0056683380
   -0.0058214890
   -0.0094687004
   5.0625443e-05
    0.0097653157
    0.0060675146
   -0.0062433377
    -0.010158724
   5.8408703e-05
     0.010500932
    0.0065271735
   -0.0067310998
    -0.010957228
   6.8133356e-05
     0.011356411
    0.0070621855
   -0.0073015341
    -0.011891981
   8.0504357e-05
     0.012363651
    0.0076927362
   -0.0079776039
    -0.013001109
   9.6575414e-05
     0.013566968
    0.0084469228
   -0.0087916477
    -0.014338431
   0.00011798736
     0.015029799
    0.0093650654
   -0.0097907004
    -0.015982455
   0.00014739269
     0.016846253
     0.010507142
    -0.011045923
    -0.018052376
   0.00018933410
     0.019162217
     0.011966464
    -0.012670327
    -0.020738360
   0.00025209587
     0.022216630
     0.013896536
    -0.014854869
    -0.024363617
   0.00035214569
     0.026429800
     0.016568942
    -0.017949639
    -0.029525499
   0.00052614519
     0.032615893
     0.020513924
    -0.022673233
    -0.037464601
   0.00087005037
     0.042585899
     0.026924517
    -0.030770826
    -0.051251168
    0.0017066633
     0.061349892
     0.039162922
    -0.047865743
    -0.081146279
    0.0047543288
      0.10983350
     0.071798672
     -0.10769795
     -0.19644599
     0.044373976
      0.56391390
       1.0000000
       1.0000000
      0.56391390
     0.044373976
     -0.19644599
     -0.10769795
     0.071798672
      0.10983350
    0.0047543288
    -0.081146278
    -0.047865742
     0.039162922
     0.061349891
    0.0017066619
    -0.051251170
    -0.030770826
     0.026924517
     0.042585899
   0.00087005075
    -0.037464600
    -0.022673233
     0.020513924
     0.032615893
   0.00052614528
    -0.029525498
    -0.017949638
     0.016568943
     0.026429800
   0.00035214497
    -0.024363618
    -0.014854870
     0.013896536
     0.022216630
   0.00025209665
    -0.020738359
    -0.012670326
     0.011966464
     0.019162216
   0.00018933291
    -0.018052377
    -0.011045923
     0.010507143
     0.016846254
   0.00014739284
    -0.015982455
   -0.0097907011
    0.0093650652
     0.015029800
   0.00011798772
    -0.014338430
   -0.0087916479
    0.0084469227
     0.013566968
   9.6575627e-05
    -0.013001109
   -0.0079776039
    0.0076927360
     0.012363651
   8.0504280e-05
    -0.011891981
   -0.0073015335
    0.0070621863
     0.011356412
   6.8133224e-05
    -0.010957229
   -0.0067311008
    0.0065271732
     0.010500933
   5.8409770e-05
    -0.010158723
   -0.0062433377
    0.0060675141
    0.0097653154
   5.0625370e-05
   -0.0094687006
   -0.0058214897
    0.0056683372
    0.0091260202
   4.4301488e-05
   -0.0088664550
   -0.0054530380
    0.0053184420
    0.0085652881
   3.9090641e-05
   -0.0083362425
   -0.0051284511
    0.0050092312
    0.0080694746
   3.4746295e-05
   -0.0078658680
   -0.0048403353
    0.0047339996
    0.0076279240
   3.1088618e-05
   -0.0074457398
   -0.0045828679
    0.0044874398
    0.0072321905
   2.7978515e-05
   -0.0070682186
   -0.0043514101
    0.0042652898
    0.0068754932
   2.5313544e-05
   -0.0067271319
   -0.0041422062
    0.0040640975
    0.0065523267
   2.3009479e-05
   -0.0064174518
   -0.0039521970
    0.0038810305
    0.0062581776
   2.1008506e-05
   -0.0061350261
   -0.0037788522
    0.0037137466
    0.0059893037
   1.9255322e-05
   -0.0058764142
   -0.0036200763
    0.0035602869
    0.0057425824
   1.7713303e-05
   -0.0056387227
   -0.0034741047
    0.0034190064
    0.0055153835
   1.6349263e-05
   -0.0054195117
   -0.0033394476
    0.0032885116
    0.0053054787
   1.5135865e-05
   -0.0052167088
   -0.0032148412
    0.0031676111
    0.0051109657
   1.4053882e-05
   -0.0050285350
   -0.0030991980
    0.0030552853
    0.0049302104
   1.3082619e-05
   -0.0048534649
   -0.0029915858
    0.0029506533
    0.0047618038
   1.2207873e-05
   -0.0046901761
   -0.0028911968
    0.0028529506
    0.0046045234
   1.1419582e-05
   -0.0045375157
   -0.0027973262
    0.0027615099
    0.0044572989
   1.0703751e-05
   -0.0043944800
   -0.0027093578
    0.0026757514
    0.0043192000
   1.0054471e-05
   -0.0042601870
   -0.0026267554
    0.0025951559
    0.0041893983
   9.4599518e-06
   -0.0041338598
   -0.0025490408
    0.0025192748
    0.0040671726
   8.9186407e-06
   -0.0040148069
   -0.0024757913
    0.0024477053
    0.0039518758
   8.4210467e-06
   -0.0039024208
   -0.0024066345
    0.0023800902
    0.0038429368
   7.9650028e-06
   -0.0037961547
   -0.0023412365
    0.0023161094
    0.0037398416
   7.5440403e-06
   -0.0036955228
   -0.0022792980
    0.0022554796
    0.0036421346
   7.1561084e-06
   -0.0036000890
   -0.0022205541
    0.0021979405
    0.0035494008
   6.7964066e-06
   -0.0035094590
   -0.0021647594
    0.0021432671
    0.0034612739
   6.4630865e-06
   -0.0034232815
   -0.0021117015
    0.0020912468
    0.0033774174
   6.1548942e-06
   -0.0033412334
   -0.0020611813
    0.0020416917
    0.0032975269
   5.8664677e-06
   -0.0032630282
   -0.0020130235
    0.0019944304
    0.0032213295
   5.5998573e-06
   -0.0031883976
   -0.0019670626
    0.0019493079
    0.0031485729
   5.3490584e-06
   -0.0031171060
   -0.0019231541
    0.0019061824
    0.0030790303
   5.1140771e-06
   -0.0030489342
   -0.0018811643
    0.0018649230
    0.0030124937
   4.8951228e-06
   -0.0029836790
   -0.0018409675
    0.0018254132
    0.0029487730
   4.6906261e-06
   -0.0029211584
   -0.0018024530
    0.0017875422
    0.0028876916
   4.4986356e-06
   -0.0028612037
   -0.0017655163
    0.0017512109
    0.0028290889
   4.3165974e-06
   -0.0028036628
   -0.0017300652
    0.0017163258
    0.0027728176
   4.1470341e-06
   -0.0027483879
   -0.0016960069
    0.0016828055
    0.0027187420
   3.9868528e-06
   -0.0026952518
   -0.0016632656
    0.0016505675
    0.0026667335
   3.8344042e-06
   -0.0026441321
   -0.0016317645
    0.0016195424
    0.0026166794
   3.6928476e-06
   -0.0025949136
   -0.0016014342
    0.0015896603
    0.0025684663
   3.5559055e-06
   -0.0025474951
   -0.0015722093
    0.0015608644
    0.0025220018
   3.4291569e-06
   -0.0025017776
   -0.0015440327
    0.0015330916
    0.0024771867
   3.3073208e-06
   -0.0024576737
   -0.0015168496
    0.0015062889
    0.0024339361
   3.1918490e-06
   -0.0024150975
   -0.0014906066
    0.0014804079
    0.0023921709
   3.0840062e-06
   -0.0023739695
   -0.0014652551
    0.0014554010
    0.0023518131
   2.9791596e-06
   -0.0023342205
   -0.0014407515
    0.0014312264
    0.0023127968
   2.8812017e-06
   -0.0022957803
   -0.0014170550
    0.0014078398
    0.0022750515
   2.7862743e-06
   -0.0022585864
   -0.0013941252
    0.0013852060
    0.0022385196
   2.6965929e-06
   -0.0022225781
   -0.0013719256
    0.0013632887
    0.0022031431
   2.6127134e-06
   -0.0021876980
   -0.0013504202
    0.0013420547
    0.0021688659
   2.5296097e-06
   -0.0021538993
   -0.0013295810
    0.0013214716
    0.0021356407
   2.4528295e-06
   -0.0021211272
   -0.0013093750
    0.0013015092
    0.0021034168
   2.3790634e-06
   -0.0020893366
   -0.0012897725
    0.0012821420
    0.0020721503
   2.3067925e-06
   -0.0020584869
   -0.0012707491
    0.0012633437
    0.0020418026
   2.2408374e-06
   -0.0020285330
   -0.0012522787
    0.0012450869
    0.0020123284
   2.1756959e-06
   -0.0019994392
   -0.0012343375
    0.0012273509
    0.0019836940
   2.1144825e-06
   -0.0019711665
   -0.0012169015
    0.0012101140
    0.0019558623
   2.0532304e-06
   -0.0019436860
   -0.0011999546
    0.0011933529
    0.0019288012
   1.9964889e-06
   -0.0019169591
   -0.0011834719
    0.0011770499
    0.0019024783
   1.9416981e-06
   -0.0018909567
   -0.0011674346
    0.0011611881
    0.0018768660
   1.8906389e-06
   -0.0018656497
   -0.0011518264
    0.0011457472
    0.0018519329
   1.8401869e-06
   -0.0018410124
   -0.0011366314
    0.0011307101
    0.0018276523
   1.7915882e-06
   -0.0018170157
   -0.0011218292
    0.0011160653
    0.0018040012
   1.7433267e-06
   -0.0017936401
   -0.0011074112
    0.0011017934
    0.0017809555
   1.6999975e-06
   -0.0017708552
   -0.0010933578
    0.0010878808
    0.0017584884
   1.6553588e-06
   -0.0017486437
   -0.0010796569
    0.0010743160
    0.0017365828
   1.6146333e-06
   -0.0017269796
   -0.0010662918
    0.0010610882
    0.0017152174
   1.5744001e-06
   -0.0017058487
   -0.0010532573
    0.0010481790
    0.0016943696
   1.5351607e-06
   -0.0016852281
   -0.0010405364
    0.0010355816
    0.0016740240
   1.4986454e-06
   -0.0016650996
   -0.0010281199
    0.0010232817
    0.0016541592
   1.4617937e-06
   -0.0016454469
   -0.0010159956
    0.0010112721
    0.0016347622
   1.4278059e-06
   -0.0016262520
   -0.0010041544
   0.00099953988
    0.0016158137
   1.3947186e-06
   -0.0016074989
  -0.00099258458
   0.00098807803
    0.0015972998
   1.3623571e-06
   -0.0015891740
  -0.00098127826
   0.00097687664
    0.0015792058
   1.3304458e-06
   -0.0015712641
  -0.00097022948
   0.00096592402
    0.0015615165
   1.3011600e-06
   -0.0015537506
  -0.00095942403
   0.00095521549
    0.0015442186
   1.2713757e-06
   -0.0015366241
  -0.00094885638
   0.00094474312
    0.0015273012
   1.2432178e-06
   -0.0015198718
  -0.00093852057
   0.00093449592
    0.0015107487
   1.2149384e-06
   -0.0015034808
  -0.00092840647
   0.00092447032
    0.0014945526
   1.1879796e-06
   -0.0014874405
  -0.00091850965
   0.00091465658
    0.0014787008
   1.1642218e-06
   -0.0014717359
  -0.00090881958
   0.00090504930
    0.0014631804
   1.1390644e-06
   -0.0014563617
  -0.00089933359
   0.00089564034
    0.0014479814
   1.1142585e-06
   -0.0014413048
  -0.00089004214
   0.00088642694
    0.0014330965
   1.0910114e-06
   -0.0014265562
  -0.00088094107
   0.00087740112
    0.0014185150
   1.0688737e-06
   -0.0014121068
  -0.00087202604
   0.00086855446
    0.0014042246
   1.0461671e-06
   -0.0013979462
  -0.00086328677
   0.00085988809
    0.0013902223
   1.0257201e-06
   -0.0013840669
  -0.00085472224
   0.00085139129
    0.0013764952
   1.0050867e-06
   -0.0013704610
  -0.00084632632
   0.00084306025
    0.0013630359
   9.8465461e-07
   -0.0013571198
  -0.00083809327
   0.00083489142
    0.0013498380
   9.6543251e-07
   -0.0013440356
  -0.00083001879
   0.00082687907
    0.0013368926
   9.4591292e-07
   -0.0013312020
  -0.00082209881
   0.00081901914
    0.0013241937
   9.2778720e-07
   -0.0013186103
  -0.00081432787
   0.00081130740
    0.0013117334
   9.0941572e-07
   -0.0013062551
  -0.00080670213
   0.00080374092
    0.0012995072
   8.9299881e-07
   -0.0012941292
  -0.00079921954
   0.00079631145
    0.0012875040
   8.7491254e-07
   -0.0012822272
  -0.00079187394
   0.00078901959
    0.0012757224
   8.5928953e-07
   -0.0012705406
  -0.00078466129
   0.00078186023
    0.0012641543
   8.4385331e-07
   -0.0012590651
  -0.00077757872
   0.00077482957
    0.0012527935
   8.2764594e-07
   -0.0012477965
  -0.00077062422
   0.00076792354
    0.0012416352
   8.1261748e-07
   -0.0012367272
  -0.00076379295
   0.00076113872
    0.0012306727
   7.9686787e-07
   -0.0012258528
  -0.00075708088
   0.00075447443
    0.0012199039
   7.8322409e-07
   -0.0012151668
  -0.00075048518
   0.00074792578
    0.0012093213
   7.6871504e-07
   -0.0012046669
  -0.00074400442
   0.00074148979
    0.0011989219
   7.5645870e-07
   -0.0011943453
  -0.00073763432
   0.00073516223
    0.0011886973
   7.4227888e-07
   -0.0011841997
  -0.00073137131
   0.00072894365
    0.0011786469
   7.2816401e-07
   -0.0011742266
  -0.00072521510
   0.00072282946
    0.0011687666
   7.1638882e-07
   -0.0011644193
  -0.00071916290
   0.00071681437
    0.0011590482
   7.0414182e-07
   -0.0011547732
  -0.00071320850
   0.00071090078
    0.0011494912
   6.9237712e-07
   -0.0011452859
  -0.00070735192
   0.00070508420
    0.0011400908
   6.8057361e-07
   -0.0011359540
  -0.00070159189
   0.00069936105
    0.0011308424
   6.6940680e-07
   -0.0011267720
  -0.00069592353
   0.00069373114
    0.0011217429
   6.5725746e-07
   -0.0011177393
  -0.00069034804
   0.00068819020
    0.0011127891
   6.4654095e-07
   -0.0011088494
  -0.00068486091
   0.00068273700
    0.0011039773
   6.3703556e-07
   -0.0011000984
  -0.00067945944
   0.00067736937
    0.0010953027
   6.2588269e-07
   -0.0010914864
  -0.00067414384
   0.00067208522
    0.0010867647
   6.1773268e-07
   -0.0010830047
  -0.00066890806
   0.00066688353
    0.0010783571
   6.0682563e-07
   -0.0010746564
  -0.00066375392
   0.00066176217
    0.0010700791
   5.9556761e-07
   -0.0010664377
  -0.00065868102
   0.00065671755
    0.0010619280
   5.8758779e-07
   -0.0010583397
  -0.00065368139
   0.00065175145
    0.0010539006
   5.7869615e-07
   -0.0010503656
  -0.00064875899
   0.00064685821
    0.0010459923
   5.6902217e-07
   -0.0010425114
  -0.00064391039
   0.00064203798
    0.0010382021
   5.6001402e-07
   -0.0010347732
  -0.00063913334
   0.00063728892
    0.0010305261
   5.4978299e-07
   -0.0010271501
  -0.00063442654
   0.00063261142
    0.0010229658
   5.4270852e-07
   -0.0010196370
  -0.00062978865
   0.00062800081
    0.0010155142
   5.3460126e-07
   -0.0010122338
  -0.00062521892
   0.00062345603
    0.0010081697
   5.2682374e-07
   -0.0010049365
  -0.00062071410
   0.00061897666
    0.0010009296
   5.1755462e-07
  -0.00099774481
  -0.00061627350
   0.00061456280
   0.00099379490
   5.1019103e-07
  -0.00099065454
  -0.00061189604
   0.00061021097
   0.00098676049
   5.0197947e-07
  -0.00098366559
  -0.00060758142
   0.00060592001
   0.00097982574
   4.9542597e-07
  -0.00097677328
  -0.00060332690
   0.00060168823
   0.00097298652
   4.8800285e-07
  -0.00096997728
  -0.00059913154
   0.00059751523
   0.00096624224
   4.8121028e-07
  -0.00096327399
  -0.00059499224
   0.00059340164
   0.00095959185
   4.7416891e-07
  -0.00095666430
  -0.00059091152
   0.00058934347
   0.00095303302
   4.6882173e-07
  -0.00095014360
  -0.00058688704
   0.00058533780
   0.00094655974
   4.6107700e-07
  -0.00094371130
  -0.00058291475
   0.00058138945
   0.00094017618
   4.5389716e-07
  -0.00093736689
  -0.00057899787
   0.00057749256
   0.00093387778
   4.4733166e-07
  -0.00093110654
  -0.00057513291
   0.00057364754
   0.00092766290
   4.4053356e-07
  -0.00092492947
  -0.00057131905
   0.00056985404
   0.00092153139
   4.3535072e-07
  -0.00091883250
  -0.00056755468
   0.00056611043
   0.00091547993
   4.2967524e-07
  -0.00091281579
  -0.00056383973
   0.00056241562
   0.00090950706
   4.2304457e-07
  -0.00090687927
  -0.00056017558
   0.00055876649
   0.00090361066
   4.1762225e-07
  -0.00090101648
  -0.00055655494
   0.00055516741
   0.00089779126
   4.1129858e-07
  -0.00089523109
  -0.00055298264
   0.00055161369
   0.00089204681
   4.0611359e-07
  -0.00088951871
  -0.00054945575
   0.00054810462
   0.00088637435
   3.9988521e-07
  -0.00088387956
  -0.00054597365
   0.00054464067
   0.00088077496
   3.9532991e-07
  -0.00087831024
  -0.00054253476
   0.00054122033
   0.00087524562
   3.9034116e-07
  -0.00087281156
  -0.00053914040
   0.00053784060
   0.00086978292
   3.8354367e-07
  -0.00086738194
  -0.00053578713
   0.00053450551
   0.00086439141
   3.7980208e-07
  -0.00086201802
  -0.00053247560
   0.00053121005
   0.00085906453
   3.7467057e-07
  -0.00085672101
  -0.00052920553
   0.00052795420
   0.00085380229
   3.6966557e-07
  -0.00085148770
  -0.00052597359
   0.00052473995
   0.00084860543
   3.6494592e-07
  -0.00084631881
  -0.00052278238
   0.00052156298
   0.00084347008
   3.5941935e-07
  -0.00084121259
  -0.00051962929
   0.00051842517
   0.00083839771
   3.5508844e-07
  -0.00083616696
  -0.00051651388
   0.00051532471
   0.00083338584
   3.5098391e-07
  -0.00083118108
  -0.00051343521
   0.00051226112
   0.00082843293
   3.4576486e-07
  -0.00082625577
  -0.00051039432
   0.00050923299
   0.00082353855
   3.4147395e-07
  -0.00082138694
  -0.00050738725
   0.00050624242
   0.00081870299
   3.3733552e-07
  -0.00081657658
  -0.00050441791
   0.00050328424
   0.00081392257
   3.3385765e-07
  -0.00081182006
  -0.00050148056
   0.00050036200
   0.00080919750
   3.2880897e-07
  -0.00080712075
  -0.00049857878
   0.00049747309
   0.00080452762
   3.2504226e-07
  -0.00080247448
  -0.00049570994
   0.00049461710
   0.00079991074
   3.2104111e-07
  -0.00079788090
  -0.00049287270
   0.00049179502
   0.00079534707
   3.1638588e-07
  -0.00079334126
  -0.00049006948
   0.00048900390
   0.00079083497
   3.1217286e-07
  -0.00078885244
  -0.00048729727
   0.00048624527
   0.00078637503
   3.0908238e-07
  -0.00078441385
  -0.00048455691
   0.00048351648
   0.00078196438
   3.0617583e-07
  -0.00078002428
  -0.00048184692
   0.00048081742
   0.00077760137
   3.0181213e-07
  -0.00077568400
  -0.00047916613
   0.00047815010
   0.00077328837
   2.9816994e-07
  -0.00077139226
  -0.00047651626
   0.00047551084
   0.00076902207
   2.9452430e-07
  -0.00076714695
  -0.00047389417
   0.00047290197
   0.00076480350
   2.9112438e-07
  -0.00076294855
  -0.00047130146
   0.00047032094
   0.00076063048
   2.8730723e-07
  -0.00075879639
  -0.00046873751
   0.00046776757
   0.00075650264
   2.8363832e-07
  -0.00075468906
  -0.00046620120
   0.00046524191
   0.00075241959
   2.8035814e-07
  -0.00075062560
  -0.00046369190
   0.00046274355
   0.00074838045
   2.7705386e-07
  -0.00074660583
  -0.00046120953
   0.00046027215
   0.00074438496
   2.7416175e-07
  -0.00074262935
  -0.00045875519
   0.00045782479
   0.00074043032
   2.7142861e-07
  -0.00073869305
  -0.00045632404
   0.00045540552
   0.00073651825
   2.6842251e-07
  -0.00073479869
  -0.00045391844
   0.00045301202
   0.00073264707
   2.6415912e-07
  -0.00073094715
  -0.00045153966
   0.00045064311
   0.00072881693
   2.6062927e-07
  -0.00072713575
  -0.00044918618
   0.00044829869
   0.00072502762
   2.5920663e-07
  -0.00072336186
  -0.00044685635
   0.00044597758
   0.00072127549
   2.5592970e-07
  -0.00071962782
  -0.00044455050
   0.00044368066
   0.00071756196
   2.5254764e-07
  -0.00071593166
  -0.00044226662
   0.00044141005
   0.00071388922
   2.5052538e-07
  -0.00071227433
  -0.00044000940
   0.00043915809
   0.00071024978
   2.4612958e-07
  -0.00070865427
  -0.00043777315
   0.00043693204
   0.00070665022
   2.4369178e-07
  -0.00070507041
  -0.00043556029
   0.00043472721
   0.00070308612
   2.4135811e-07
  -0.00070152168
  -0.00043336841
   0.00043254552
   0.00069955810
   2.3878114e-07
  -0.00069800893
  -0.00043119864
   0.00043038578
   0.00069606548
   2.3594731e-07
  -0.00069453216
  -0.00042905198
   0.00042824594
   0.00069260637
   2.3259665e-07
  -0.00069108973
  -0.00042692581
   0.00042612855
   0.00068918293
   2.3040366e-07
  -0.00068768096
  -0.00042482120
   0.00042403106
   0.00068579271
   2.2885324e-07
  -0.00068430416
  -0.00042273568
   0.00042195487
   0.00068243536
   2.2649878e-07
  -0.00068096081
  -0.00042067019
   0.00041989962
   0.00067911088
   2.2304530e-07
  -0.00067765228
  -0.00041862737
   0.00041786257
   0.00067581838
   2.2074310e-07
  -0.00067437402
  -0.00041660276
   0.00041584596
   0.00067255752
   2.1762238e-07
  -0.00067112847
  -0.00041459851
   0.00041384863
   0.00066932892
   2.1633000e-07
  -0.00066791197
  -0.00041261190
   0.00041187089
   0.00066613041
   2.1335009e-07
  -0.00066472818
  -0.00041064588
   0.00040991123
   0.00066296265
   2.1147028e-07
  -0.00066157347
  -0.00040869787
   0.00040797009
   0.00065982442
   2.0919395e-07
  -0.00065844859
  -0.00040676790
   0.00040604779
   0.00065671633
   2.0751902e-07
  -0.00065535264
  -0.00040485602
   0.00040414279
   0.00065363576
   2.0385709e-07
  -0.00065228709
  -0.00040296201
   0.00040225712
   0.00065058625
   2.0217268e-07
  -0.00064924926
  -0.00040108590
   0.00040038816
   0.00064756420
   1.9969692e-07
  -0.00064624044
  -0.00039922791
   0.00039853630
   0.00064457086
   1.9878211e-07
  -0.00064325797
  -0.00039738677
   0.00039670032
   0.00064160312
   1.9649509e-07
  -0.00064030276
  -0.00039556097
   0.00039488311
   0.00063866365
   1.9386260e-07
  -0.00063737599
  -0.00039375336
   0.00039308170
   0.00063575115
   1.9199557e-07
  -0.00063447508
  -0.00039196171
   0.00039129678
   0.00063286496
   1.8996136e-07
  -0.00063160062
  -0.00039018638
   0.00038952798
   0.00063000495
   1.8817782e-07
  -0.00062875162
  -0.00038842635
   0.00038777593
   0.00062717126
   1.8640005e-07
  -0.00062592907
  -0.00038668369
   0.00038603765
   0.00062436114
   1.8324921e-07
  -0.00062313255
  -0.00038495665
   0.00038431578
   0.00062157794
   1.8259590e-07
  -0.00062035861
  -0.00038324366
   0.00038260912
   0.00061881826
   1.8047691e-07
  -0.00061761022
  -0.00038154605
   0.00038091776
   0.00061608301
   1.7788921e-07
  -0.00061488701
  -0.00037986430
   0.00037924095
   0.00061337238
   1.7680439e-07
  -0.00061218556
  -0.00037819489
   0.00037758096
   0.00061068667
   1.7548159e-07
  -0.00060950943
  -0.00037654275
   0.00037593268
   0.00060802235
   1.7330492e-07
  -0.00060685645
  -0.00037490427
   0.00037429952
   0.00060538183
   1.7162322e-07
  -0.00060422622
  -0.00037328010
   0.00037267994
   0.00060276337
   1.6949343e-07
  -0.00060161837
  -0.00037166876
   0.00037107577
   0.00060016826
   1.6684457e-07
  -0.00059903474
  -0.00037007351
   0.00036948386
   0.00059759553
   1.6615676e-07
  -0.00059647013
  -0.00036848886
   0.00036790733
   0.00059504455
   1.6338691e-07
  -0.00059393047
  -0.00036692058
   0.00036634247
   0.00059251497
   1.6154856e-07
  -0.00059141075
  -0.00036536375
   0.00036479254
   0.00059000792
   1.5997679e-07
  -0.00058891296
  -0.00036382117
   0.00036325480
   0.00058752185
   1.5906330e-07
  -0.00058643507
  -0.00036229037
   0.00036173101
   0.00058505739
   1.5837925e-07
  -0.00058397851
  -0.00036077380
   0.00036021808
   0.00058261176
   1.5654205e-07
  -0.00058154296
  -0.00035927003
   0.00035871770
   0.00058018664
   1.5532749e-07
  -0.00057912652
  -0.00035777743
   0.00035723064
   0.00057778156
   1.5313094e-07
  -0.00057673154
  -0.00035629839
   0.00035575553
   0.00057539711
   1.5257329e-07
  -0.00057435450
  -0.00035483041
   0.00035429244
   0.00057303096
   1.5017835e-07
  -0.00057199842
  -0.00035337481
   0.00035284213
   0.00057068554
   1.4891810e-07
  -0.00056966130
  -0.00035193165
   0.00035140280
   0.00056835879
   1.4803185e-07
  -0.00056734212
  -0.00035049895
   0.00034997594
   0.00056605079
   1.4620084e-07
  -0.00056504303
  -0.00034907895
   0.00034856017
   0.00056376180
   1.4550081e-07
  -0.00056276081
  -0.00034766849
   0.00034715730
   0.00056149159
   1.4351803e-07
  -0.00056049974
  -0.00034627287
   0.00034576275
   0.00055923832
   1.4235922e-07
  -0.00055825445
  -0.00034488588
   0.00034438067
   0.00055700243
   1.3907750e-07
  -0.00055602933
  -0.00034351083
   0.00034301075
   0.00055478693
   1.3848601e-07
  -0.00055382024
  -0.00034214613
   0.00034165186
   0.00055258938
   1.3837996e-07
  -0.00055162889
  -0.00034079386
   0.00034030113
   0.00055040703
   1.3785450e-07
  -0.00054945331
  -0.00033944994
   0.00033896249
   0.00054824155
   1.3574026e-07
  -0.00054729639
  -0.00033811699
   0.00033763523
   0.00054609447
   1.3464584e-07
  -0.00054515622
  -0.00033679504
   0.00033631751
   0.00054396331
   1.3267868e-07
  -0.00054303370
  -0.00033548418
   0.00033500990
   0.00054184959
   1.3238956e-07
  -0.00054092593
  -0.00033418258
   0.00033371205
   0.00053975069
   1.2995983e-07
  -0.00053883656
  -0.00033289260
   0.00033242347
   0.00053766814
   1.2852372e-07
  -0.00053676177
  -0.00033161088
   0.00033114628
   0.00053560284
   1.2829674e-07
  -0.00053470163
  -0.00033033789
   0.00032987926
   0.00053355255
   1.2617064e-07
  -0.00053265947
  -0.00032907616
   0.00032862172
   0.00053151890
   1.2549933e-07
  -0.00053063179
  -0.00032782365
   0.00032737363
   0.00052950051
   1.2468672e-07
  -0.00052861982
  -0.00032658150
   0.00032613355
   0.00052749580
   1.2295363e-07
  -0.00052662265
  -0.00032534693
   0.00032490523
   0.00052550797
   1.2132198e-07
  -0.00052464216
  -0.00032412402
   0.00032368459
   0.00052353536
   1.2171462e-07
  -0.00052267400
  -0.00032290868
   0.00032247298
   0.00052157600
   1.2011518e-07
  -0.00052072214
  -0.00032170330
   0.00032126997
   0.00051963083
   1.1799596e-07
  -0.00051878526
  -0.00032050685
   0.00032007675
   0.00051770173
   1.1782221e-07
  -0.00051686118
  -0.00031931870
   0.00031889169
   0.00051578531
   1.1591580e-07
  -0.00051495230
  -0.00031813897
   0.00031771705
   0.00051388540
   1.1617701e-07
  -0.00051305641
  -0.00031696829
   0.00031654952
   0.00051199756
   1.1503804e-07
  -0.00051117492
  -0.00031580609
   0.00031539055
   0.00051012291
   1.1279916e-07
  -0.00050930794
  -0.00031465184
   0.00031424206
   0.00050826458
   1.1233585e-07
  -0.00050745484
  -0.00031350841
   0.00031309845
   0.00050641678
   1.1057776e-07
  -0.00050561454
  -0.00031237120
   0.00031196570
   0.00050458450
   1.0983960e-07
  -0.00050378797
  -0.00031124379
   0.00031083923
   0.00050276433
   1.0955103e-07
  -0.00050197266
  -0.00031012213
   0.00030972231
   0.00050095687
   1.0717374e-07
  -0.00050017313
  -0.00030901057
   0.00030861298
   0.00049916363
   1.0705925e-07
  -0.00049838421
  -0.00030790540
   0.00030751217
   0.00049738294
   1.0611047e-07
  -0.00049660925
  -0.00030680942
   0.00030641811
   0.00049561435
   1.0515937e-07
  -0.00049484661
  -0.00030572102
   0.00030533180
   0.00049385842
   1.0497990e-07
  -0.00049309485
  -0.00030463828
   0.00030425486
   0.00049211558
   1.0438572e-07
  -0.00049135658
  -0.00030356453
   0.00030318424
   0.00049038398
   1.0320172e-07
  -0.00048963048
  -0.00030249766
   0.00030212193
   0.00048866473
   1.0116047e-07
  -0.00048791808
  -0.00030143965
   0.00030106676
   0.00048695838
   1.0039337e-07
  -0.00048621706
  -0.00030038958
   0.00030001771
   0.00048526292
   9.9451779e-08
  -0.00048452737
  -0.00029934624
   0.00029897612
   0.00048357903
   9.8359348e-08
  -0.00048284918
  -0.00029830955
   0.00029794244
   0.00048190743
   9.7867196e-08
  -0.00048118194
  -0.00029727943
   0.00029691597
   0.00048024649
   9.5603237e-08
  -0.00047952819
  -0.00029625760
   0.00029589701
   0.00047859907
   9.6198873e-08
  -0.00047788347
  -0.00029524187
   0.00029488444
   0.00047696143
   9.5150506e-08
  -0.00047625133
  -0.00029423405
   0.00029387813
   0.00047533469
   9.4414697e-08
  -0.00047462933
  -0.00029323164
   0.00029288002
   0.00047371973
   9.3559529e-08
  -0.00047301895
  -0.00029223642
   0.00029188913
   0.00047211703
   9.4277993e-08
  -0.00047141866
  -0.00029124865
   0.00029090266
   0.00047052203
   9.2047172e-08
  -0.00046983102
  -0.00029026788
   0.00028992387
   0.00046893967
   9.1941200e-08
  -0.00046825239
  -0.00028929287
   0.00028895169
   0.00046736762
   9.1673276e-08
  -0.00046668425
  -0.00028832448
   0.00028798511
   0.00046580409
   8.8838923e-08
  -0.00046512855
  -0.00028736282
   3.5868736e-08
