   7.6473167e-23
   8.1844199e-23
   8.7588496e-23
   9.3731717e-23
   1.0030127e-22
   1.0732641e-22
   1.1483840e-22
   1.2287061e-22
   1.3145867e-22
   1.4064062e-22
   1.5045709e-22
   1.6095145e-22
   1.7217000e-22
   1.8416216e-22
   1.9698069e-22
   2.1068191e-22
   2.2532594e-22
   2.4097693e-22
   2.5770336e-22
   2.7557832e-22
   2.9467979e-22
   3.1509099e-22
   3.3690075e-22
   3.6020381e-22
   3.8510128e-22
   4.1170105e-22
   4.4011819e-22
   4.7047549e-22
   5.0290394e-22
   5.3754324e-22
   5.7454244e-22
   6.1406051e-22
   6.5626699e-22
   7.0134272e-22
   7.4948055e-22
   8.0088615e-22
   8.5577884e-22
   9.1439247e-22
   9.7697641e-22
   1.0437965e-21
   1.1151364e-21
   1.1912981e-21
   1.2726039e-21
   1.3593972e-21
   1.4520443e-21
   1.5509353e-21
   1.6564863e-21
   1.7691406e-21
   1.8893708e-21
   2.0176805e-21
   2.1546063e-21
   2.3007201e-21
   2.4566314e-21
   2.6229895e-21
   2.8004863e-21
   2.9898588e-21
   3.1918925e-21
   3.4074240e-21
   3.6373444e-21
   3.8826034e-21
   4.1442120e-21
   4.4232475e-21
   4.7208572e-21
   5.0382629e-21
   5.3767659e-21
   5.7377519e-21
   6.1226968e-21
   6.5331717e-21
   6.9708500e-21
   7.4375131e-21
   7.9350578e-21
   8.4655033e-21
   9.0309993e-21
   9.6338345e-21
   1.0276445e-20
   1.0961423e-20
   1.1691530e-20
   1.2469702e-20
   1.3299066e-20
   1.4182949e-20
   1.5124893e-20
   1.6128665e-20
   1.7198273e-20
   1.8337985e-20
   1.9552340e-20
   2.0846167e-20
   2.2224603e-20
   2.3693114e-20
   2.5257516e-20
   2.6923992e-20
   2.8699123e-20
   3.0589905e-20
   3.2603781e-20
   3.4748668e-20
   3.7032982e-20
   3.9465677e-20
   4.2056271e-20
   4.4814888e-20
   4.7752291e-20
   5.0879923e-20
   5.4209951e-20
   5.7755312e-20
   6.1529755e-20
   6.5547900e-20
   6.9825286e-20
   7.4378429e-20
   7.9224885e-20
   8.4383314e-20
   8.9873547e-20
   9.5716657e-20
   1.0193504e-19
   1.0855250e-19
   1.1559432e-19
   1.2308737e-19
   1.3106021e-19
   1.3954315e-19
   1.4856844e-19
   1.5817030e-19
   1.6838509e-19
   1.7925146e-19
   1.9081042e-19
   2.0310556e-19
   2.1618317e-19
   2.3009242e-19
   2.4488549e-19
   2.6061785e-19
   2.7734835e-19
   2.9513952e-19
   3.1405773e-19
   3.3417345e-19
   3.5556152e-19
   3.7830135e-19
   4.0247728e-19
   4.2817884e-19
   4.5550103e-19
   4.8454472e-19
   5.1541697e-19
   5.4823139e-19
   5.8310857e-19
   6.2017649e-19
   6.5957093e-19
   7.0143601e-19
   7.4592463e-19
   7.9319904e-19
   8.4343138e-19
   8.9680427e-19
   9.5351147e-19
   1.0137585e-18
   1.0777635e-18
   1.1457576e-18
   1.2179862e-18
   1.2947094e-18
   1.3762034e-18
   1.4627606e-18
   1.5546915e-18
   1.6523253e-18
   1.7560110e-18
   1.8661185e-18
   1.9830405e-18
   2.1071927e-18
   2.2390165e-18
   2.3789793e-18
   2.5275768e-18
   2.6853347e-18
   2.8528097e-18
   3.0305925e-18
   3.2193086e-18
   3.4196214e-18
   3.6322337e-18
   3.8578903e-18
   4.0973807e-18
   4.3515411e-18
   4.6212579e-18
   4.9074702e-18
   5.2111727e-18
   5.5334197e-18
   5.8753277e-18
   6.2380796e-18
   6.6229287e-18
   7.0312021e-18
   7.4643059e-18
   7.9237290e-18
   8.4110486e-18
   8.9279348e-18
   9.4761564e-18
   1.0057586e-17
   1.0674208e-17
   1.1328121e-17
   1.2021550e-17
   1.2756848e-17
   1.3536508e-17
   1.4363168e-17
   1.5239621e-17
   1.6168824e-17
   1.7153907e-17
   1.8198183e-17
   1.9305156e-17
   2.0478539e-17
   2.1722257e-17
   2.3040466e-17
   2.4437565e-17
   2.5918206e-17
   2.7487312e-17
   2.9150094e-17
   3.0912063e-17
   3.2779050e-17
   3.4757223e-17
   3.6853108e-17
   3.9073607e-17
   4.1426023e-17
   4.3918077e-17
   4.6557937e-17
   4.9354241e-17
   5.2316126e-17
   5.5453251e-17
   5.8775832e-17
   6.2294672e-17
   6.6021193e-17
   6.9967469e-17
   7.4146269e-17
   7.8571092e-17
   8.3256205e-17
   8.8216693e-17
   9.3468501e-17
   9.9028482e-17
   1.0491445e-16
   1.1114523e-16
   1.1774072e-16
   1.2472196e-16
   1.3211115e-16
   1.3993178e-16
   1.4820866e-16
   1.5696801e-16
   1.6623753e-16
   1.7604647e-16
   1.8642576e-16
   1.9740805e-16
   2.0902784e-16
   2.2132157e-16
   2.3432774e-16
   2.4808700e-16
   2.6264228e-16
   2.7803894e-16
   2.9432486e-16
   3.1155061e-16
   3.2976960e-16
   3.4903820e-16
   3.6941595e-16
   3.9096571e-16
   4.1375384e-16
   4.3785040e-16
   4.6332933e-16
   4.9026872e-16
   5.1875097e-16
   5.4886304e-16
   5.8069676e-16
   6.1434900e-16
   6.4992202e-16
   6.8752372e-16
   7.2726797e-16
   7.6927493e-16
   8.1367138e-16
   8.6059107e-16
   9.1017516e-16
   9.6257252e-16
   1.0179402e-15
   1.0764440e-15
   1.1382586e-15
   1.2035684e-15
   1.2725679e-15
   1.3454622e-15
   1.4224676e-15
   1.5038121e-15
   1.5897364e-15
   1.6804942e-15
   1.7763529e-15
   1.8775946e-15
   1.9845166e-15
   2.0974325e-15
   2.2166727e-15
   2.3425858e-15
   2.4755391e-15
   2.6159197e-15
   2.7641357e-15
   2.9206174e-15
   3.0858180e-15
   3.2602153e-15
   3.4443130e-15
   3.6386415e-15
   3.8437601e-15
   4.0602579e-15
   4.2887556e-15
   4.5299074e-15
   4.7844024e-15
   5.0529663e-15
   5.3363641e-15
   5.6354012e-15
   5.9509263e-15
   6.2838331e-15
   6.6350631e-15
   7.0056076e-15
   7.3965109e-15
   7.8088726e-15
   8.2438506e-15
   8.7026643e-15
   9.1865975e-15
   9.6970020e-15
   1.0235301e-14
   1.0802993e-14
   1.1401656e-14
   1.2032949e-14
   1.2698622e-14
   1.3400513e-14
   1.4140560e-14
   1.4920801e-14
   1.5743381e-14
   1.6610558e-14
   1.7524707e-14
   1.8488329e-14
   1.9504054e-14
   2.0574650e-14
   2.1703030e-14
   2.2892258e-14
   2.4145557e-14
   2.5466318e-14
   2.6858109e-14
   2.8324682e-14
   2.9869985e-14
   3.1498169e-14
   3.3213599e-14
   3.5020869e-14
   3.6924808e-14
   3.8930493e-14
   4.1043266e-14
   4.3268740e-14
   4.5612821e-14
   4.8081716e-14
   5.0681951e-14
   5.3420388e-14
   5.6304238e-14
   5.9341084e-14
   6.2538895e-14
   6.5906048e-14
   6.9451349e-14
   7.3184050e-14
   7.7113876e-14
   8.1251047e-14
   8.5606303e-14
   9.0190928e-14
   9.5016781e-14
   1.0009632e-13
   1.0544264e-13
   1.1106948e-13
   1.1699130e-13
   1.2322327e-13
   1.2978133e-13
   1.3668223e-13
   1.4394356e-13
   1.5158379e-13
   1.5962233e-13
   1.6807954e-13
   1.7697682e-13
   1.8633665e-13
   1.9618261e-13
   2.0653948e-13
   2.1743327e-13
   2.2889128e-13
   2.4094218e-13
   2.5361607e-13
   2.6694454e-13
   2.8096076e-13
   2.9569952e-13
   3.1119737e-13
   3.2749265e-13
   3.4462560e-13
   3.6263845e-13
   3.8157553e-13
   4.0148333e-13
   4.2241065e-13
   4.4440869e-13
   4.6753117e-13
   4.9183444e-13
   5.1737763e-13
   5.4422275e-13
   5.7243487e-13
   6.0208223e-13
   6.3323641e-13
   6.6597249e-13
   7.0036921e-13
   7.3650913e-13
   7.7447886e-13
   8.1436921e-13
   8.5627539e-13
   9.0029724e-13
   9.4653944e-13
   9.9511175e-13
   1.0461292e-12
   1.0997125e-12
   1.1559880e-12
   1.2150882e-12
   1.2771522e-12
   1.3423255e-12
   1.4107607e-12
   1.4826179e-12
   1.5580645e-12
   1.6372763e-12
   1.7204374e-12
   1.8077406e-12
   1.8993879e-12
   1.9955912e-12
   2.0965723e-12
   2.2025635e-12
   2.3138082e-12
   2.4305616e-12
   2.5530908e-12
   2.6816754e-12
   2.8166086e-12
   2.9581974e-12
   3.1067630e-12
   3.2626422e-12
   3.4261873e-12
   3.5977676e-12
   3.7777694e-12
   3.9665975e-12
   4.1646754e-12
   4.3724467e-12
   4.5903757e-12
   4.8189484e-12
   5.0586737e-12
   5.3100840e-12
   5.5737369e-12
   5.8502156e-12
   6.1401308e-12
   6.4441215e-12
   6.7628562e-12
   7.0970346e-12
   7.4473890e-12
   7.8146854e-12
   8.1997251e-12
   8.6033468e-12
   9.0264277e-12
   9.4698855e-12
   9.9346802e-12
   1.0421816e-11
   1.0932343e-11
   1.1467359e-11
   1.2028014e-11
   1.2615510e-11
   1.3231102e-11
   1.3876104e-11
   1.4551891e-11
   1.5259900e-11
   1.6001631e-11
   1.6778655e-11
   1.7592615e-11
   1.8445227e-11
   1.9338284e-11
   2.0273662e-11
   2.1253322e-11
   2.2279312e-11
   2.3353774e-11
   2.4478946e-11
   2.5657166e-11
   2.6890880e-11
   2.8182640e-11
   2.9535115e-11
   3.0951095e-11
   3.2433491e-11
   3.3985348e-11
   3.5609845e-11
   3.7310304e-11
   3.9090195e-11
   4.0953142e-11
   4.2902930e-11
   4.4943514e-11
   4.7079022e-11
   4.9313768e-11
   5.1652254e-11
   5.4099183e-11
   5.6659467e-11
   5.9338231e-11
   6.2140830e-11
   6.5072853e-11
   6.8140134e-11
   7.1348766e-11
   7.4705106e-11
   7.8215791e-11
   8.1887751e-11
   8.5728216e-11
   8.9744733e-11
   9.3945178e-11
   9.8337770e-11
   1.0293109e-10
   1.0773408e-10
   1.1275609e-10
   1.1800685e-10
   1.2349654e-10
   1.2923576e-10
   1.3523558e-10
   1.4150753e-10
   1.4806366e-10
   1.5491653e-10
   1.6207923e-10
   1.6956543e-10
   1.7738938e-10
   1.8556594e-10
   1.9411059e-10
   2.0303951e-10
   2.1236953e-10
   2.2211823e-10
   2.3230393e-10
   2.4294571e-10
   2.5406349e-10
   2.6567802e-10
   2.7781093e-10
   2.9048477e-10
   3.0372306e-10
   3.1755027e-10
   3.3199195e-10
   3.4707471e-10
   3.6282627e-10
   3.7927552e-10
   3.9645257e-10
   4.1438881e-10
   4.3311690e-10
   4.5267091e-10
   4.7308631e-10
   4.9440006e-10
   5.1665067e-10
   5.3987823e-10
   5.6412452e-10
   5.8943304e-10
   6.1584911e-10
   6.4341991e-10
   6.7219460e-10
   7.0222435e-10
   7.3356244e-10
   7.6626437e-10
   8.0038791e-10
   8.3599321e-10
   8.7314288e-10
   9.1190212e-10
   9.5233880e-10
   9.9452354e-10
   1.0385299e-09
   1.0844344e-09
   1.1323166e-09
   1.1822596e-09
   1.2343495e-09
   1.2886761e-09
   1.3453329e-09
   1.4044170e-09
   1.4660296e-09
   1.5302759e-09
   1.5972653e-09
   1.6671119e-09
   1.7399340e-09
   1.8158549e-09
   1.8950027e-09
   1.9775109e-09
   2.0635181e-09
   2.1531684e-09
   2.2466120e-09
   2.3440047e-09
   2.4455088e-09
   2.5512929e-09
   2.6615324e-09
   2.7764095e-09
   2.8961139e-09
   3.0208426e-09
   3.1508004e-09
   3.2862003e-09
   3.4272636e-09
   3.5742203e-09
   3.7273097e-09
   3.8867802e-09
   4.0528900e-09
   4.2259076e-09
   4.4061119e-09
   4.5937926e-09
   4.7892509e-09
   4.9927996e-09
   5.2047638e-09
   5.4254810e-09
   5.6553022e-09
   5.8945917e-09
   6.1437280e-09
   6.4031042e-09
   6.6731287e-09
   6.9542255e-09
   7.2468352e-09
   7.5514150e-09
   7.8684399e-09
   8.1984031e-09
   8.5418167e-09
   8.8992122e-09
   9.2711418e-09
   9.6581784e-09
   1.0060917e-08
   1.0479975e-08
   1.0915993e-08
   1.1369638e-08
   1.1841599e-08
   1.2332592e-08
   1.2843363e-08
   1.3374683e-08
   1.3927352e-08
   1.4502203e-08
   1.5100096e-08
   1.5721928e-08
   1.6368627e-08
   1.7041154e-08
   1.7740511e-08
   1.8467733e-08
   1.9223894e-08
   2.0010112e-08
   2.0827540e-08
   2.1677381e-08
   2.2560876e-08
   2.3479317e-08
   2.4434041e-08
   2.5426436e-08
   2.6457939e-08
   2.7530042e-08
   2.8644291e-08
   2.9802289e-08
   3.1005697e-08
   3.2256239e-08
   3.3555699e-08
   3.4905929e-08
   3.6308847e-08
   3.7766440e-08
   3.9280768e-08
   4.0853968e-08
   4.2488251e-08
   4.4185911e-08
   4.5949322e-08
   4.7780946e-08
   4.9683333e-08
   5.1659124e-08
   5.3711056e-08
   5.5841965e-08
   5.8054787e-08
   6.0352562e-08
   6.2738443e-08
   6.5215691e-08
   6.7787685e-08
   7.0457925e-08
   7.3230033e-08
   7.6107763e-08
   7.9094999e-08
   8.2195763e-08
   8.5414221e-08
   8.8754682e-08
   9.2221611e-08
   9.5819627e-08
   9.9553512e-08
   1.0342822e-07
   1.0744887e-07
   1.1162076e-07
   1.1594938e-07
   1.2044042e-07
   1.2509974e-07
   1.2993344e-07
   1.3494778e-07
   1.4014930e-07
   1.4554472e-07
   1.5114101e-07
   1.5694538e-07
   1.6296527e-07
   1.6920841e-07
   1.7568277e-07
   1.8239660e-07
   1.8935844e-07
   1.9657709e-07
   2.0406170e-07
   2.1182169e-07
   2.1986682e-07
   2.2820718e-07
   2.3685320e-07
   2.4581567e-07
   2.5510572e-07
   2.6473488e-07
   2.7471507e-07
   2.8505860e-07
   2.9577819e-07
   3.0688699e-07
   3.1839861e-07
   3.3032708e-07
   3.4268693e-07
   3.5549316e-07
   3.6876126e-07
   3.8250725e-07
   3.9674768e-07
   4.1149965e-07
   4.2678080e-07
   4.4260939e-07
   4.5900426e-07
   4.7598486e-07
   4.9357132e-07
   5.1178438e-07
   5.3064549e-07
   5.5017680e-07
   5.7040117e-07
   5.9134221e-07
   6.1302431e-07
   6.3547264e-07
   6.5871318e-07
   6.8277277e-07
   7.0767911e-07
   7.3346078e-07
   7.6014730e-07
   7.8776913e-07
   8.1635772e-07
   8.4594551e-07
   8.7656598e-07
   9.0825371e-07
   9.4104434e-07
   9.7497468e-07
   1.0100827e-06
   1.0464075e-06
   1.0839896e-06
   1.1228707e-06
   1.1630937e-06
   1.2047030e-06
   1.2477444e-06
   1.2922650e-06
   1.3383137e-06
   1.3859404e-06
   1.4351972e-06
   1.4861372e-06
   1.5388156e-06
   1.5932892e-06
   1.6496164e-06
   1.7078576e-06
   1.7680751e-06
   1.8303329e-06
   1.8946972e-06
   1.9612361e-06
   2.0300199e-06
   2.1011209e-06
   2.1746138e-06
   2.2505754e-06
   2.3290850e-06
   2.4102242e-06
   2.4940772e-06
   2.5807307e-06
   2.6702740e-06
   2.7627990e-06
   2.8584007e-06
   2.9571767e-06
   3.0592274e-06
   3.1646567e-06
   3.2735712e-06
   3.3860807e-06
   3.5022986e-06
   3.6223413e-06
   3.7463290e-06
   3.8743852e-06
   4.0066372e-06
   4.1432161e-06
   4.2842568e-06
   4.4298981e-06
   4.5802832e-06
   4.7355591e-06
   4.8958773e-06
   5.0613939e-06
   5.2322693e-06
   5.4086688e-06
   5.5907622e-06
   5.7787246e-06
   5.9727359e-06
   6.1729814e-06
   6.3796516e-06
   6.5929427e-06
   6.8130564e-06
   7.0402001e-06
   7.2745873e-06
   7.5164377e-06
   7.7659771e-06
   8.0234378e-06
   8.2890587e-06
   8.5630855e-06
   8.8457709e-06
   9.1373747e-06
   9.4381641e-06
   9.7484137e-06
   1.0068406e-05
   1.0398431e-05
   1.0738788e-05
   1.1089784e-05
   1.1451733e-05
   1.1824960e-05
   1.2209799e-05
   1.2606591e-05
   1.3015689e-05
   1.3437454e-05
   1.3872258e-05
   1.4320484e-05
   1.4782523e-05
   1.5258778e-05
   1.5749664e-05
   1.6255607e-05
   1.6777043e-05
   1.7314421e-05
   1.7868203e-05
   1.8438862e-05
   1.9026886e-05
   1.9632773e-05
   2.0257036e-05
   2.0900204e-05
   2.1562816e-05
   2.2245428e-05
   2.2948611e-05
   2.3672950e-05
   2.4419046e-05
   2.5187516e-05
   2.5978995e-05
   2.6794131e-05
   2.7633593e-05
   2.8498065e-05
   2.9388251e-05
   3.0304871e-05
   3.1248666e-05
   3.2220395e-05
   3.3220838e-05
   3.4250795e-05
   3.5311085e-05
   3.6402550e-05
   3.7526053e-05
   3.8682481e-05
   3.9872741e-05
   4.1097765e-05
   4.2358508e-05
   4.3655950e-05
   4.4991097e-05
   4.6364977e-05
   4.7778649e-05
   4.9233195e-05
   5.0729726e-05
   5.2269381e-05
   5.3853327e-05
   5.5482760e-05
   5.7158907e-05
   5.8883025e-05
   6.0656404e-05
   6.2480363e-05
   6.4356255e-05
   6.6285468e-05
   6.8269424e-05
   7.0309577e-05
   7.2407419e-05
   7.4564481e-05
   7.6782326e-05
   7.9062561e-05
   8.1406827e-05
   8.3816808e-05
   8.6294229e-05
   8.8840854e-05
   9.1458493e-05
   9.4148997e-05
   9.6914262e-05
   9.9756231e-05
   0.00010267689
   0.00010567828
   0.00010876248
   0.00011193162
   0.00011518789
   0.00011853353
   0.00012197082
   0.00012550210
   0.00012912978
   0.00013285630
   0.00013668418
   0.00014061598
   0.00014465433
   0.00014880192
   0.00015306151
   0.00015743591
   0.00016192799
   0.00016654070
   0.00017127706
   0.00017614015
   0.00018113312
   0.00018625918
   0.00019152165
   0.00019692388
   0.00020246933
   0.00020816152
   0.00021400405
   0.00022000061
   0.00022615495
   0.00023247094
   0.00023895250
   0.00024560365
   0.00025242851
   0.00025943128
   0.00026661624
   0.00027398779
   0.00028155041
   0.00028930867
   0.00029726726
   0.00030543096
   0.00031380465
   0.00032239331
   0.00033120205
   0.00034023607
   0.00034950069
   0.00035900133
   0.00036874354
   0.00037873297
   0.00038897542
   0.00039947678
   0.00041024308
   0.00042128047
   0.00043259523
   0.00044419378
   0.00045608266
   0.00046826855
   0.00048075826
   0.00049355876
   0.00050667715
   0.00052012067
   0.00053389671
   0.00054801281
   0.00056247669
   0.00057729618
   0.00059247930
   0.00060803421
   0.00062396926
   0.00064029294
   0.00065701392
   0.00067414104
   0.00069168333
   0.00070964998
   0.00072805035
   0.00074689401
   0.00076619071
   0.00078595038
   0.00080618315
   0.00082689934
   0.00084810947
   0.00086982427
   0.00089205467
   0.00091481181
   0.00093810703
   0.00096195192
   0.00098635824
    0.0010113380
    0.0010369035
    0.0010630671
    0.0010898415
    0.0011172397
    0.0011452748
    0.0011739603
    0.0012033098
    0.0012333372
    0.0012640567
    0.0012954827
    0.0013276299
    0.0013605133
    0.0013941479
    0.0014285495
    0.0014637337
    0.0014997165
    0.0015365143
    0.0015741438
    0.0016126218
    0.0016519656
    0.0016921927
    0.0017333209
    0.0017753683
    0.0018183535
    0.0018622950
    0.0019072121
    0.0019531242
    0.0020000510
    0.0020480125
    0.0020970292
    0.0021471219
    0.0021983117
    0.0022506200
    0.0023040687
    0.0023586799
    0.0024144762
    0.0024714806
    0.0025297162
    0.0025892069
    0.0026499766
    0.0027120499
    0.0027754515
    0.0028402068
    0.0029063413
    0.0029738812
    0.0030428528
    0.0031132832
    0.0031851995
    0.0032586296
    0.0033336016
    0.0034101442
    0.0034882863
    0.0035680575
    0.0036494877
    0.0037326074
    0.0038174473
    0.0039040389
    0.0039924140
    0.0040826047
    0.0041746439
    0.0042685649
    0.0043644013
    0.0044621875
    0.0045619580
    0.0046637482
    0.0047675938
    0.0048735311
    0.0049815969
    0.0050918284
    0.0052042634
    0.0053189405
    0.0054358984
    0.0055551766
    0.0056768151
    0.0058008545
    0.0059273358
    0.0060563008
    0.0061877917
    0.0063218512
    0.0064585228
    0.0065978504
    0.0067398785
    0.0068846524
    0.0070322177
    0.0071826208
    0.0073359086
    0.0074921286
    0.0076513290
    0.0078135585
    0.0079788666
    0.0081473032
    0.0083189190
    0.0084937653
    0.0086718939
    0.0088533574
    0.0090382089
    0.0092265023
    0.0094182922
    0.0096136335
    0.0098125822
     0.010015195
     0.010221528
     0.010431640
     0.010645589
     0.010863434
     0.011085236
     0.011311054
     0.011540949
     0.011774984
     0.012013222
     0.012255725
     0.012502556
     0.012753782
     0.013009467
     0.013269678
     0.013534480
     0.013803942
     0.014078131
     0.014357116
     0.014640968
     0.014929755
     0.015223549
     0.015522423
     0.015826447
     0.016135696
     0.016450243
     0.016770162
     0.017095529
     0.017426420
     0.017762911
     0.018105080
     0.018453006
     0.018806765
     0.019166439
     0.019532108
     0.019903852
     0.020281753
     0.020665894
     0.021056357
     0.021453226
     0.021856586
     0.022266522
     0.022683120
     0.023106466
     0.023536648
     0.023973754
     0.024417872
     0.024869091
     0.025327503
     0.025793196
     0.026266263
     0.026746795
     0.027234886
     0.027730629
     0.028234117
     0.028745446
     0.029264710
     0.029792006
     0.030327429
     0.030871078
     0.031423050
     0.031983443
     0.032552357
     0.033129890
     0.033716144
     0.034311218
     0.034915215
     0.035528236
     0.036150384
     0.036781761
     0.037422472
     0.038072620
     0.038732309
     0.039401646
     0.040080735
     0.040769682
     0.041468595
     0.042177579
     0.042896744
     0.043626196
     0.044366043
     0.045116396
     0.045877362
     0.046649051
     0.047431574
     0.048225040
     0.049029560
     0.049845246
     0.050672208
     0.051510558
     0.052360407
     0.053221869
     0.054095055
     0.054980079
     0.055877052
     0.056786089
     0.057707302
     0.058640805
     0.059586711
     0.060545134
     0.061516189
     0.062499989
     0.063496647
     0.064506279
     0.065528999
     0.066564919
     0.067614156
     0.068676822
     0.069753032
     0.070842901
     0.071946541
     0.073064067
     0.074195593
     0.075341232
     0.076501097
     0.077675302
     0.078863960
     0.080067183
     0.081285084
     0.082517776
     0.083765369
     0.085027976
     0.086305707
     0.087598673
     0.088906986
     0.090230753
     0.091570086
     0.092925092
     0.094295880
     0.095682559
     0.097085234
     0.098504013
     0.099939002
      0.10139031
      0.10285803
      0.10434228
      0.10584315
      0.10736075
      0.10889518
      0.11044655
      0.11201494
      0.11360046
      0.11520321
      0.11682329
      0.11846078
      0.12011579
      0.12178841
      0.12347873
      0.12518685
      0.12691285
      0.12865682
      0.13041885
      0.13219903
      0.13399744
      0.13581417
      0.13764930
      0.13950291
      0.14137509
      0.14326590
      0.14517543
      0.14710375
      0.14905094
      0.15101707
      0.15300220
      0.15500641
      0.15702977
      0.15907234
      0.16113419
      0.16321537
      0.16531595
      0.16743598
      0.16957552
      0.17173463
      0.17391336
      0.17611175
      0.17832987
      0.18056774
      0.18282542
      0.18510296
      0.18740038
      0.18971772
      0.19205503
      0.19441234
      0.19678967
      0.19918705
      0.20160451
      0.20404208
      0.20649977
      0.20897761
      0.21147560
      0.21399377
      0.21653211
      0.21909066
      0.22166939
      0.22426833
      0.22688747
      0.22952681
      0.23218633
      0.23486605
      0.23756593
      0.24028598
      0.24302616
      0.24578647
      0.24856688
      0.25136736
      0.25418789
      0.25702843
      0.25988895
      0.26276941
      0.26566977
      0.26858999
      0.27153001
      0.27448979
      0.27746926
      0.28046839
      0.28348710
      0.28652533
      0.28958301
      0.29266007
      0.29575645
      0.29887205
      0.30200680
      0.30516062
      0.30833342
      0.31152510
      0.31473557
      0.31796473
      0.32121249
      0.32447873
      0.32776334
      0.33106622
      0.33438725
      0.33772630
      0.34108325
      0.34445798
      0.34785035
      0.35126023
      0.35468748
      0.35813196
      0.36159352
      0.36507201
      0.36856728
      0.37207917
      0.37560752
      0.37915217
      0.38271294
      0.38628967
      0.38988218
      0.39349028
      0.39711380
      0.40075254
      0.40440632
      0.40807494
      0.41175821
      0.41545590
      0.41916783
      0.42289379
      0.42663354
      0.43038689
      0.43415361
      0.43793346
      0.44172623
      0.44553168
      0.44934957
      0.45317966
      0.45702171
      0.46087548
      0.46474070
      0.46861712
      0.47250449
      0.47640253
      0.48031100
      0.48422961
      0.48815809
      0.49209616
      0.49604356
      0.49999998
      0.50396514
      0.50793876
      0.51192053
      0.51591016
      0.51990735
      0.52391180
      0.52792319
      0.53194121
      0.53596555
      0.53999590
      0.54403192
      0.54807330
      0.55211971
      0.55617081
      0.56022628
      0.56428578
      0.56834897
      0.57241550
      0.57648503
      0.58055721
      0.58463169
      0.58870812
      0.59278614
      0.59686539
      0.60094550
      0.60502612
      0.60910688
      0.61318740
      0.61726731
      0.62134625
      0.62542382
      0.62949966
      0.63357338
      0.63764460
      0.64171293
      0.64577798
      0.64983937
      0.65389670
      0.65794958
      0.66199761
      0.66604040
      0.67007754
      0.67410864
      0.67813329
      0.68215109
      0.68616164
      0.69016452
      0.69415933
      0.69814566
      0.70212309
      0.70609123
      0.71004965
      0.71399793
      0.71793568
      0.72186246
      0.72577787
      0.72968148
      0.73357288
      0.73745166
      0.74131738
      0.74516963
      0.74900800
      0.75283206
      0.75664139
      0.76043558
      0.76421419
      0.76797682
      0.77172304
      0.77545243
      0.77916457
      0.78285904
      0.78653543
      0.79019331
      0.79383226
      0.79745188
      0.80105174
      0.80463142
      0.80819052
      0.81172861
      0.81524529
      0.81874014
      0.82221275
      0.82566272
      0.82908963
      0.83249308
      0.83587266
      0.83922798
      0.84255862
      0.84586419
      0.84914428
      0.85239852
      0.85562649
      0.85882780
      0.86200208
      0.86514892
      0.86826795
      0.87135877
      0.87442102
      0.87745431
      0.88045826
      0.88343251
      0.88637668
      0.88929040
      0.89217332
      0.89502506
      0.89784528
      0.90063362
      0.90338972
      0.90611323
      0.90880382
      0.91146114
      0.91408485
      0.91667461
      0.91923010
      0.92175099
      0.92423696
      0.92668768
      0.92910284
      0.93148213
      0.93382524
      0.93613186
      0.93840171
      0.94063448
      0.94282988
      0.94498762
      0.94710744
      0.94918904
      0.95123215
      0.95323651
      0.95520186
      0.95712793
      0.95901447
      0.96086123
      0.96266797
      0.96443446
      0.96616044
      0.96784571
      0.96949002
      0.97109317
      0.97265495
      0.97417513
      0.97565353
      0.97708993
      0.97848416
      0.97983603
      0.98114534
      0.98241194
      0.98363564
      0.98481629
      0.98595372
      0.98704779
      0.98809833
      0.98910523
      0.99006833
      0.99098751
      0.99186264
      0.99269361
      0.99348030
      0.99422261
      0.99492043
      0.99557368
      0.99618227
      0.99674610
      0.99726511
      0.99773922
      0.99816838
      0.99855251
      0.99889158
      0.99918553
      0.99943433
      0.99963793
      0.99979632
      0.99990947
      0.99997737
       1.0000000
      0.99997737
      0.99990947
      0.99979632
      0.99963793
      0.99943433
      0.99918553
      0.99889158
      0.99855251
      0.99816838
      0.99773922
      0.99726511
      0.99674610
      0.99618227
      0.99557368
      0.99492043
      0.99422261
      0.99348030
      0.99269361
      0.99186264
      0.99098751
      0.99006833
      0.98910523
      0.98809833
      0.98704779
      0.98595372
      0.98481629
      0.98363564
      0.98241194
      0.98114534
      0.97983603
      0.97848416
      0.97708993
      0.97565353
      0.97417513
      0.97265495
      0.97109317
      0.96949002
      0.96784571
      0.96616044
      0.96443446
      0.96266797
      0.96086123
      0.95901447
      0.95712793
      0.95520186
      0.95323651
      0.95123215
      0.94918904
      0.94710744
      0.94498762
      0.94282988
      0.94063448
      0.93840171
      0.93613186
      0.93382524
      0.93148213
      0.92910284
      0.92668768
      0.92423696
      0.92175099
      0.91923010
      0.91667461
      0.91408485
      0.91146114
      0.90880382
      0.90611323
      0.90338972
      0.90063362
      0.89784528
      0.89502506
      0.89217332
      0.88929040
      0.88637668
      0.88343251
      0.88045826
      0.87745431
      0.87442102
      0.87135877
      0.86826795
      0.86514892
      0.86200208
      0.85882780
      0.85562649
      0.85239852
      0.84914428
      0.84586419
      0.84255862
      0.83922798
      0.83587266
      0.83249308
      0.82908963
      0.82566272
      0.82221275
      0.81874014
      0.81524529
      0.81172861
      0.80819052
      0.80463142
      0.80105174
      0.79745188
      0.79383226
      0.79019331
      0.78653543
      0.78285904
      0.77916457
      0.77545243
      0.77172304
      0.76797682
      0.76421419
      0.76043558
      0.75664139
      0.75283206
      0.74900800
      0.74516963
      0.74131738
      0.73745166
      0.73357288
      0.72968148
      0.72577787
      0.72186246
      0.71793568
      0.71399793
      0.71004965
      0.70609123
      0.70212309
      0.69814566
      0.69415933
      0.69016452
      0.68616164
      0.68215109
      0.67813329
      0.67410864
      0.67007754
      0.66604040
      0.66199761
      0.65794958
      0.65389670
      0.64983937
      0.64577798
      0.64171293
      0.63764460
      0.63357338
      0.62949966
      0.62542382
      0.62134625
      0.61726731
      0.61318740
      0.60910688
      0.60502612
      0.60094550
      0.59686539
      0.59278614
      0.58870812
      0.58463169
      0.58055721
      0.57648503
      0.57241550
      0.56834897
      0.56428578
      0.56022628
      0.55617081
      0.55211971
      0.54807330
      0.54403192
      0.53999590
      0.53596555
      0.53194121
      0.52792319
      0.52391180
      0.51990735
      0.51591016
      0.51192053
      0.50793876
      0.50396514
      0.49999998
      0.49604356
      0.49209616
      0.48815809
      0.48422961
      0.48031100
      0.47640253
      0.47250449
      0.46861712
      0.46474070
      0.46087548
      0.45702171
      0.45317966
      0.44934957
      0.44553168
      0.44172623
      0.43793346
      0.43415361
      0.43038689
      0.42663354
      0.42289379
      0.41916783
      0.41545590
      0.41175821
      0.40807494
      0.40440632
      0.40075254
      0.39711380
      0.39349028
      0.38988218
      0.38628967
      0.38271294
      0.37915217
      0.37560752
      0.37207917
      0.36856728
      0.36507201
      0.36159352
      0.35813196
      0.35468748
      0.35126023
      0.34785035
      0.34445798
      0.34108325
      0.33772630
      0.33438725
      0.33106622
      0.32776334
      0.32447873
      0.32121249
      0.31796473
      0.31473557
      0.31152510
      0.30833342
      0.30516062
      0.30200680
      0.29887205
      0.29575645
      0.29266007
      0.28958301
      0.28652533
      0.28348710
      0.28046839
      0.27746926
      0.27448979
      0.27153001
      0.26858999
      0.26566977
      0.26276941
      0.25988895
      0.25702843
      0.25418789
      0.25136736
      0.24856688
      0.24578647
      0.24302616
      0.24028598
      0.23756593
      0.23486605
      0.23218633
      0.22952681
      0.22688747
      0.22426833
      0.22166939
      0.21909066
      0.21653211
      0.21399377
      0.21147560
      0.20897761
      0.20649977
      0.20404208
      0.20160451
      0.19918705
      0.19678967
      0.19441234
      0.19205503
      0.18971772
      0.18740038
      0.18510296
      0.18282542
      0.18056774
      0.17832987
      0.17611175
      0.17391336
      0.17173463
      0.16957552
      0.16743598
      0.16531595
      0.16321537
      0.16113419
      0.15907234
      0.15702977
      0.15500641
      0.15300220
      0.15101707
      0.14905094
      0.14710375
      0.14517543
      0.14326590
      0.14137509
      0.13950291
      0.13764930
      0.13581417
      0.13399744
      0.13219903
      0.13041885
      0.12865682
      0.12691285
      0.12518685
      0.12347873
      0.12178841
      0.12011579
      0.11846078
      0.11682329
      0.11520321
      0.11360046
      0.11201494
      0.11044655
      0.10889518
      0.10736075
      0.10584315
      0.10434228
      0.10285803
      0.10139031
     0.099939002
     0.098504013
     0.097085234
     0.095682559
     0.094295880
     0.092925092
     0.091570086
     0.090230753
     0.088906986
     0.087598673
     0.086305707
     0.085027976
     0.083765369
     0.082517776
     0.081285084
     0.080067183
     0.078863960
     0.077675302
     0.076501097
     0.075341232
     0.074195593
     0.073064067
     0.071946541
     0.070842901
     0.069753032
     0.068676822
     0.067614156
     0.066564919
     0.065528999
     0.064506279
     0.063496647
     0.062499989
     0.061516189
     0.060545134
     0.059586711
     0.058640805
     0.057707302
     0.056786089
     0.055877052
     0.054980079
     0.054095055
     0.053221869
     0.052360407
     0.051510558
     0.050672208
     0.049845246
     0.049029560
     0.048225040
     0.047431574
     0.046649051
     0.045877362
     0.045116396
     0.044366043
     0.043626196
     0.042896744
     0.042177579
     0.041468595
     0.040769682
     0.040080735
     0.039401646
     0.038732309
     0.038072620
     0.037422472
     0.036781761
     0.036150384
     0.035528236
     0.034915215
     0.034311218
     0.033716144
     0.033129890
     0.032552357
     0.031983443
     0.031423050
     0.030871078
     0.030327429
     0.029792006
     0.029264710
     0.028745446
     0.028234117
     0.027730629
     0.027234886
     0.026746795
     0.026266263
     0.025793196
     0.025327503
     0.024869091
     0.024417872
     0.023973754
     0.023536648
     0.023106466
     0.022683120
     0.022266522
     0.021856586
     0.021453226
     0.021056357
     0.020665894
     0.020281753
     0.019903852
     0.019532108
     0.019166439
     0.018806765
     0.018453006
     0.018105080
     0.017762911
     0.017426420
     0.017095529
     0.016770162
     0.016450243
     0.016135696
     0.015826447
     0.015522423
     0.015223549
     0.014929755
     0.014640968
     0.014357116
     0.014078131
     0.013803942
     0.013534480
     0.013269678
     0.013009467
     0.012753782
     0.012502556
     0.012255725
     0.012013222
     0.011774984
     0.011540949
     0.011311054
     0.011085236
     0.010863434
     0.010645589
     0.010431640
     0.010221528
     0.010015195
    0.0098125822
    0.0096136335
    0.0094182922
    0.0092265023
    0.0090382089
    0.0088533574
    0.0086718939
    0.0084937653
    0.0083189190
    0.0081473032
    0.0079788666
    0.0078135585
    0.0076513290
    0.0074921286
    0.0073359086
    0.0071826208
    0.0070322177
    0.0068846524
    0.0067398785
    0.0065978504
    0.0064585228
    0.0063218512
    0.0061877917
    0.0060563008
    0.0059273358
    0.0058008545
    0.0056768151
    0.0055551766
    0.0054358984
    0.0053189405
    0.0052042634
    0.0050918284
    0.0049815969
    0.0048735311
    0.0047675938
    0.0046637482
    0.0045619580
    0.0044621875
    0.0043644013
    0.0042685649
    0.0041746439
    0.0040826047
    0.0039924140
    0.0039040389
    0.0038174473
    0.0037326074
    0.0036494877
    0.0035680575
    0.0034882863
    0.0034101442
    0.0033336016
    0.0032586296
    0.0031851995
    0.0031132832
    0.0030428528
    0.0029738812
    0.0029063413
    0.0028402068
    0.0027754515
    0.0027120499
    0.0026499766
    0.0025892069
    0.0025297162
    0.0024714806
    0.0024144762
    0.0023586799
    0.0023040687
    0.0022506200
    0.0021983117
    0.0021471219
    0.0020970292
    0.0020480125
    0.0020000510
    0.0019531242
    0.0019072121
    0.0018622950
    0.0018183535
    0.0017753683
    0.0017333209
    0.0016921927
    0.0016519656
    0.0016126218
    0.0015741438
    0.0015365143
    0.0014997165
    0.0014637337
    0.0014285495
    0.0013941479
    0.0013605133
    0.0013276299
    0.0012954827
    0.0012640567
    0.0012333372
    0.0012033098
    0.0011739603
    0.0011452748
    0.0011172397
    0.0010898415
    0.0010630671
    0.0010369035
    0.0010113380
   0.00098635824
   0.00096195192
   0.00093810703
   0.00091481181
   0.00089205467
   0.00086982427
   0.00084810947
   0.00082689934
   0.00080618315
   0.00078595038
   0.00076619071
   0.00074689401
   0.00072805035
   0.00070964998
   0.00069168333
   0.00067414104
   0.00065701392
   0.00064029294
   0.00062396926
   0.00060803421
   0.00059247930
   0.00057729618
   0.00056247669
   0.00054801281
   0.00053389671
   0.00052012067
   0.00050667715
   0.00049355876
   0.00048075826
   0.00046826855
   0.00045608266
   0.00044419378
   0.00043259523
   0.00042128047
   0.00041024308
   0.00039947678
   0.00038897542
   0.00037873297
   0.00036874354
   0.00035900133
   0.00034950069
   0.00034023607
   0.00033120205
   0.00032239331
   0.00031380465
   0.00030543096
   0.00029726726
   0.00028930867
   0.00028155041
   0.00027398779
   0.00026661624
   0.00025943128
   0.00025242851
   0.00024560365
   0.00023895250
   0.00023247094
   0.00022615495
   0.00022000061
   0.00021400405
   0.00020816152
   0.00020246933
   0.00019692388
   0.00019152165
   0.00018625918
   0.00018113312
   0.00017614015
   0.00017127706
   0.00016654070
   0.00016192799
   0.00015743591
   0.00015306151
   0.00014880192
   0.00014465433
   0.00014061598
   0.00013668418
   0.00013285630
   0.00012912978
   0.00012550210
   0.00012197082
   0.00011853353
   0.00011518789
   0.00011193162
   0.00010876248
   0.00010567828
   0.00010267689
   9.9756231e-05
   9.6914262e-05
   9.4148997e-05
   9.1458493e-05
   8.8840854e-05
   8.6294229e-05
   8.3816808e-05
   8.1406827e-05
   7.9062561e-05
   7.6782326e-05
   7.4564481e-05
   7.2407419e-05
   7.0309577e-05
   6.8269424e-05
   6.6285468e-05
   6.4356255e-05
   6.2480363e-05
   6.0656404e-05
   5.8883025e-05
   5.7158907e-05
   5.5482760e-05
   5.3853327e-05
   5.2269381e-05
   5.0729726e-05
   4.9233195e-05
   4.7778649e-05
   4.6364977e-05
   4.4991097e-05
   4.3655950e-05
   4.2358508e-05
   4.1097765e-05
   3.9872741e-05
   3.8682481e-05
   3.7526053e-05
   3.6402550e-05
   3.5311085e-05
   3.4250795e-05
   3.3220838e-05
   3.2220395e-05
   3.1248666e-05
   3.0304871e-05
   2.9388251e-05
   2.8498065e-05
   2.7633593e-05
   2.6794131e-05
   2.5978995e-05
   2.5187516e-05
   2.4419046e-05
   2.3672950e-05
   2.2948611e-05
   2.2245428e-05
   2.1562816e-05
   2.0900204e-05
   2.0257036e-05
   1.9632773e-05
   1.9026886e-05
   1.8438862e-05
   1.7868203e-05
   1.7314421e-05
   1.6777043e-05
   1.6255607e-05
   1.5749664e-05
   1.5258778e-05
   1.4782523e-05
   1.4320484e-05
   1.3872258e-05
   1.3437454e-05
   1.3015689e-05
   1.2606591e-05
   1.2209799e-05
   1.1824960e-05
   1.1451733e-05
   1.1089784e-05
   1.0738788e-05
   1.0398431e-05
   1.0068406e-05
   9.7484137e-06
   9.4381641e-06
   9.1373747e-06
   8.8457709e-06
   8.5630855e-06
   8.2890587e-06
   8.0234378e-06
   7.7659771e-06
   7.5164377e-06
   7.2745873e-06
   7.0402001e-06
   6.8130564e-06
   6.5929427e-06
   6.3796516e-06
   6.1729814e-06
   5.9727359e-06
   5.7787246e-06
   5.5907622e-06
   5.4086688e-06
   5.2322693e-06
   5.0613939e-06
   4.8958773e-06
   4.7355591e-06
   4.5802832e-06
   4.4298981e-06
   4.2842568e-06
   4.1432161e-06
   4.0066372e-06
   3.8743852e-06
   3.7463290e-06
   3.6223413e-06
   3.5022986e-06
   3.3860807e-06
   3.2735712e-06
   3.1646567e-06
   3.0592274e-06
   2.9571767e-06
   2.8584007e-06
   2.7627990e-06
   2.6702740e-06
   2.5807307e-06
   2.4940772e-06
   2.4102242e-06
   2.3290850e-06
   2.2505754e-06
   2.1746138e-06
   2.1011209e-06
   2.0300199e-06
   1.9612361e-06
   1.8946972e-06
   1.8303329e-06
   1.7680751e-06
   1.7078576e-06
   1.6496164e-06
   1.5932892e-06
   1.5388156e-06
   1.4861372e-06
   1.4351972e-06
   1.3859404e-06
   1.3383137e-06
   1.2922650e-06
   1.2477444e-06
   1.2047030e-06
   1.1630937e-06
   1.1228707e-06
   1.0839896e-06
   1.0464075e-06
   1.0100827e-06
   9.7497468e-07
   9.4104434e-07
   9.0825371e-07
   8.7656598e-07
   8.4594551e-07
   8.1635772e-07
   7.8776913e-07
   7.6014730e-07
   7.3346078e-07
   7.0767911e-07
   6.8277277e-07
   6.5871318e-07
   6.3547264e-07
   6.1302431e-07
   5.9134221e-07
   5.7040117e-07
   5.5017680e-07
   5.3064549e-07
   5.1178438e-07
   4.9357132e-07
   4.7598486e-07
   4.5900426e-07
   4.4260939e-07
   4.2678080e-07
   4.1149965e-07
   3.9674768e-07
   3.8250725e-07
   3.6876126e-07
   3.5549316e-07
   3.4268693e-07
   3.3032708e-07
   3.1839861e-07
   3.0688699e-07
   2.9577819e-07
   2.8505860e-07
   2.7471507e-07
   2.6473488e-07
   2.5510572e-07
   2.4581567e-07
   2.3685320e-07
   2.2820718e-07
   2.1986682e-07
   2.1182169e-07
   2.0406170e-07
   1.9657709e-07
   1.8935844e-07
   1.8239660e-07
   1.7568277e-07
   1.6920841e-07
   1.6296527e-07
   1.5694538e-07
   1.5114101e-07
   1.4554472e-07
   1.4014930e-07
   1.3494778e-07
   1.2993344e-07
   1.2509974e-07
   1.2044042e-07
   1.1594938e-07
   1.1162076e-07
   1.0744887e-07
   1.0342822e-07
   9.9553512e-08
   9.5819627e-08
   9.2221611e-08
   8.8754682e-08
   8.5414221e-08
   8.2195763e-08
   7.9094999e-08
   7.6107763e-08
   7.3230033e-08
   7.0457925e-08
   6.7787685e-08
   6.5215691e-08
   6.2738443e-08
   6.0352562e-08
   5.8054787e-08
   5.5841965e-08
   5.3711056e-08
   5.1659124e-08
   4.9683333e-08
   4.7780946e-08
   4.5949322e-08
   4.4185911e-08
   4.2488251e-08
   4.0853968e-08
   3.9280768e-08
   3.7766440e-08
   3.6308847e-08
   3.4905929e-08
   3.3555699e-08
   3.2256239e-08
   3.1005697e-08
   2.9802289e-08
   2.8644291e-08
   2.7530042e-08
   2.6457939e-08
   2.5426436e-08
   2.4434041e-08
   2.3479317e-08
   2.2560876e-08
   2.1677381e-08
   2.0827540e-08
   2.0010112e-08
   1.9223894e-08
   1.8467733e-08
   1.7740511e-08
   1.7041154e-08
   1.6368627e-08
   1.5721928e-08
   1.5100096e-08
   1.4502203e-08
   1.3927352e-08
   1.3374683e-08
   1.2843363e-08
   1.2332592e-08
   1.1841599e-08
   1.1369638e-08
   1.0915993e-08
   1.0479975e-08
   1.0060917e-08
   9.6581784e-09
   9.2711418e-09
   8.8992122e-09
   8.5418167e-09
   8.1984031e-09
   7.8684399e-09
   7.5514150e-09
   7.2468352e-09
   6.9542255e-09
   6.6731287e-09
   6.4031042e-09
   6.1437280e-09
   5.8945917e-09
   5.6553022e-09
   5.4254810e-09
   5.2047638e-09
   4.9927996e-09
   4.7892509e-09
   4.5937926e-09
   4.4061119e-09
   4.2259076e-09
   4.0528900e-09
   3.8867802e-09
   3.7273097e-09
   3.5742203e-09
   3.4272636e-09
   3.2862003e-09
   3.1508004e-09
   3.0208426e-09
   2.8961139e-09
   2.7764095e-09
   2.6615324e-09
   2.5512929e-09
   2.4455088e-09
   2.3440047e-09
   2.2466120e-09
   2.1531684e-09
   2.0635181e-09
   1.9775109e-09
   1.8950027e-09
   1.8158549e-09
   1.7399340e-09
   1.6671119e-09
   1.5972653e-09
   1.5302759e-09
   1.4660296e-09
   1.4044170e-09
   1.3453329e-09
   1.2886761e-09
   1.2343495e-09
   1.1822596e-09
   1.1323166e-09
   1.0844344e-09
   1.0385299e-09
   9.9452354e-10
   9.5233880e-10
   9.1190212e-10
   8.7314288e-10
   8.3599321e-10
   8.0038791e-10
   7.6626437e-10
   7.3356244e-10
   7.0222435e-10
   6.7219460e-10
   6.4341991e-10
   6.1584911e-10
   5.8943304e-10
   5.6412452e-10
   5.3987823e-10
   5.1665067e-10
   4.9440006e-10
   4.7308631e-10
   4.5267091e-10
   4.3311690e-10
   4.1438881e-10
   3.9645257e-10
   3.7927552e-10
   3.6282627e-10
   3.4707471e-10
   3.3199195e-10
   3.1755027e-10
   3.0372306e-10
   2.9048477e-10
   2.7781093e-10
   2.6567802e-10
   2.5406349e-10
   2.4294571e-10
   2.3230393e-10
   2.2211823e-10
   2.1236953e-10
   2.0303951e-10
   1.9411059e-10
   1.8556594e-10
   1.7738938e-10
   1.6956543e-10
   1.6207923e-10
   1.5491653e-10
   1.4806366e-10
   1.4150753e-10
   1.3523558e-10
   1.2923576e-10
   1.2349654e-10
   1.1800685e-10
   1.1275609e-10
   1.0773408e-10
   1.0293109e-10
   9.8337770e-11
   9.3945178e-11
   8.9744733e-11
   8.5728216e-11
   8.1887751e-11
   7.8215791e-11
   7.4705106e-11
   7.1348766e-11
   6.8140134e-11
   6.5072853e-11
   6.2140830e-11
   5.9338231e-11
   5.6659467e-11
   5.4099183e-11
   5.1652254e-11
   4.9313768e-11
   4.7079022e-11
   4.4943514e-11
   4.2902930e-11
   4.0953142e-11
   3.9090195e-11
   3.7310304e-11
   3.5609845e-11
   3.3985348e-11
   3.2433491e-11
   3.0951095e-11
   2.9535115e-11
   2.8182640e-11
   2.6890880e-11
   2.5657166e-11
   2.4478946e-11
   2.3353774e-11
   2.2279312e-11
   2.1253322e-11
   2.0273662e-11
   1.9338284e-11
   1.8445227e-11
   1.7592615e-11
   1.6778655e-11
   1.6001631e-11
   1.5259900e-11
   1.4551891e-11
   1.3876104e-11
   1.3231102e-11
   1.2615510e-11
   1.2028014e-11
   1.1467359e-11
   1.0932343e-11
   1.0421816e-11
   9.9346802e-12
   9.4698855e-12
   9.0264277e-12
   8.6033468e-12
   8.1997251e-12
   7.8146854e-12
   7.4473890e-12
   7.0970346e-12
   6.7628562e-12
   6.4441215e-12
   6.1401308e-12
   5.8502156e-12
   5.5737369e-12
   5.3100840e-12
   5.0586737e-12
   4.8189484e-12
   4.5903757e-12
   4.3724467e-12
   4.1646754e-12
   3.9665975e-12
   3.7777694e-12
   3.5977676e-12
   3.4261873e-12
   3.2626422e-12
   3.1067630e-12
   2.9581974e-12
   2.8166086e-12
   2.6816754e-12
   2.5530908e-12
   2.4305616e-12
   2.3138082e-12
   2.2025635e-12
   2.0965723e-12
   1.9955912e-12
   1.8993879e-12
   1.8077406e-12
   1.7204374e-12
   1.6372763e-12
   1.5580645e-12
   1.4826179e-12
   1.4107607e-12
   1.3423255e-12
   1.2771522e-12
   1.2150882e-12
   1.1559880e-12
   1.0997125e-12
   1.0461292e-12
   9.9511175e-13
   9.4653944e-13
   9.0029724e-13
   8.5627539e-13
   8.1436921e-13
   7.7447886e-13
   7.3650913e-13
   7.0036921e-13
   6.6597249e-13
   6.3323641e-13
   6.0208223e-13
   5.7243487e-13
   5.4422275e-13
   5.1737763e-13
   4.9183444e-13
   4.6753117e-13
   4.4440869e-13
   4.2241065e-13
   4.0148333e-13
   3.8157553e-13
   3.6263845e-13
   3.4462560e-13
   3.2749265e-13
   3.1119737e-13
   2.9569952e-13
   2.8096076e-13
   2.6694454e-13
   2.5361607e-13
   2.4094218e-13
   2.2889128e-13
   2.1743327e-13
   2.0653948e-13
   1.9618261e-13
   1.8633665e-13
   1.7697682e-13
   1.6807954e-13
   1.5962233e-13
   1.5158379e-13
   1.4394356e-13
   1.3668223e-13
   1.2978133e-13
   1.2322327e-13
   1.1699130e-13
   1.1106948e-13
   1.0544264e-13
   1.0009632e-13
   9.5016781e-14
   9.0190928e-14
   8.5606303e-14
   8.1251047e-14
   7.7113876e-14
   7.3184050e-14
   6.9451349e-14
   6.5906048e-14
   6.2538895e-14
   5.9341084e-14
   5.6304238e-14
   5.3420388e-14
   5.0681951e-14
   4.8081716e-14
   4.5612821e-14
   4.3268740e-14
   4.1043266e-14
   3.8930493e-14
   3.6924808e-14
   3.5020869e-14
   3.3213599e-14
   3.1498169e-14
   2.9869985e-14
   2.8324682e-14
   2.6858109e-14
   2.5466318e-14
   2.4145557e-14
   2.2892258e-14
   2.1703030e-14
   2.0574650e-14
   1.9504054e-14
   1.8488329e-14
   1.7524707e-14
   1.6610558e-14
   1.5743381e-14
   1.4920801e-14
   1.4140560e-14
   1.3400513e-14
   1.2698622e-14
   1.2032949e-14
   1.1401656e-14
   1.0802993e-14
   1.0235301e-14
   9.6970020e-15
   9.1865975e-15
   8.7026643e-15
   8.2438506e-15
   7.8088726e-15
   7.3965109e-15
   7.0056076e-15
   6.6350631e-15
   6.2838331e-15
   5.9509263e-15
   5.6354012e-15
   5.3363641e-15
   5.0529663e-15
   4.7844024e-15
   4.5299074e-15
   4.2887556e-15
   4.0602579e-15
   3.8437601e-15
   3.6386415e-15
   3.4443130e-15
   3.2602153e-15
   3.0858180e-15
   2.9206174e-15
   2.7641357e-15
   2.6159197e-15
   2.4755391e-15
   2.3425858e-15
   2.2166727e-15
   2.0974325e-15
   1.9845166e-15
   1.8775946e-15
   1.7763529e-15
   1.6804942e-15
   1.5897364e-15
   1.5038121e-15
   1.4224676e-15
   1.3454622e-15
   1.2725679e-15
   1.2035684e-15
   1.1382586e-15
   1.0764440e-15
   1.0179402e-15
   9.6257252e-16
   9.1017516e-16
   8.6059107e-16
   8.1367138e-16
   7.6927493e-16
   7.2726797e-16
   6.8752372e-16
   6.4992202e-16
   6.1434900e-16
   5.8069676e-16
   5.4886304e-16
   5.1875097e-16
   4.9026872e-16
   4.6332933e-16
   4.3785040e-16
   4.1375384e-16
   3.9096571e-16
   3.6941595e-16
   3.4903820e-16
   3.2976960e-16
   3.1155061e-16
   2.9432486e-16
   2.7803894e-16
   2.6264228e-16
   2.4808700e-16
   2.3432774e-16
   2.2132157e-16
   2.0902784e-16
   1.9740805e-16
   1.8642576e-16
   1.7604647e-16
   1.6623753e-16
   1.5696801e-16
   1.4820866e-16
   1.3993178e-16
   1.3211115e-16
   1.2472196e-16
   1.1774072e-16
   1.1114523e-16
   1.0491445e-16
   9.9028482e-17
   9.3468501e-17
   8.8216693e-17
   8.3256205e-17
   7.8571092e-17
   7.4146269e-17
   6.9967469e-17
   6.6021193e-17
   6.2294672e-17
   5.8775832e-17
   5.5453251e-17
   5.2316126e-17
   4.9354241e-17
   4.6557937e-17
   4.3918077e-17
   4.1426023e-17
   3.9073607e-17
   3.6853108e-17
   3.4757223e-17
   3.2779050e-17
   3.0912063e-17
   2.9150094e-17
   2.7487312e-17
   2.5918206e-17
   2.4437565e-17
   2.3040466e-17
   2.1722257e-17
   2.0478539e-17
   1.9305156e-17
   1.8198183e-17
   1.7153907e-17
   1.6168824e-17
   1.5239621e-17
   1.4363168e-17
   1.3536508e-17
   1.2756848e-17
   1.2021550e-17
   1.1328121e-17
   1.0674208e-17
   1.0057586e-17
   9.4761564e-18
   8.9279348e-18
   8.4110486e-18
   7.9237290e-18
   7.4643059e-18
   7.0312021e-18
   6.6229287e-18
   6.2380796e-18
   5.8753277e-18
   5.5334197e-18
   5.2111727e-18
   4.9074702e-18
   4.6212579e-18
   4.3515411e-18
   4.0973807e-18
   3.8578903e-18
   3.6322337e-18
   3.4196214e-18
   3.2193086e-18
   3.0305925e-18
   2.8528097e-18
   2.6853347e-18
   2.5275768e-18
   2.3789793e-18
   2.2390165e-18
   2.1071927e-18
   1.9830405e-18
   1.8661185e-18
   1.7560110e-18
   1.6523253e-18
   1.5546915e-18
   1.4627606e-18
   1.3762034e-18
   1.2947094e-18
   1.2179862e-18
   1.1457576e-18
   1.0777635e-18
   1.0137585e-18
   9.5351147e-19
   8.9680427e-19
   8.4343138e-19
   7.9319904e-19
   7.4592463e-19
   7.0143601e-19
   6.5957093e-19
   6.2017649e-19
   5.8310857e-19
   5.4823139e-19
   5.1541697e-19
   4.8454472e-19
   4.5550103e-19
   4.2817884e-19
   4.0247728e-19
   3.7830135e-19
   3.5556152e-19
   3.3417345e-19
   3.1405773e-19
   2.9513952e-19
   2.7734835e-19
   2.6061785e-19
   2.4488549e-19
   2.3009242e-19
   2.1618317e-19
   2.0310556e-19
   1.9081042e-19
   1.7925146e-19
   1.6838509e-19
   1.5817030e-19
   1.4856844e-19
   1.3954315e-19
   1.3106021e-19
   1.2308737e-19
   1.1559432e-19
   1.0855250e-19
   1.0193504e-19
   9.5716657e-20
   8.9873547e-20
   8.4383314e-20
   7.9224885e-20
   7.4378429e-20
   6.9825286e-20
   6.5547900e-20
   6.1529755e-20
   5.7755312e-20
   5.4209951e-20
   5.0879923e-20
   4.7752291e-20
   4.4814888e-20
   4.2056271e-20
   3.9465677e-20
   3.7032982e-20
   3.4748668e-20
   3.2603781e-20
   3.0589905e-20
   2.8699123e-20
   2.6923992e-20
   2.5257516e-20
   2.3693114e-20
   2.2224603e-20
   2.0846167e-20
   1.9552340e-20
   1.8337985e-20
   1.7198273e-20
   1.6128665e-20
   1.5124893e-20
   1.4182949e-20
   1.3299066e-20
   1.2469702e-20
   1.1691530e-20
   1.0961423e-20
   1.0276445e-20
   9.6338345e-21
   9.0309993e-21
   8.4655033e-21
   7.9350578e-21
   7.4375131e-21
   6.9708500e-21
   6.5331717e-21
   6.1226968e-21
   5.7377519e-21
   5.3767659e-21
   5.0382629e-21
   4.7208572e-21
   4.4232475e-21
   4.1442120e-21
   3.8826034e-21
   3.6373444e-21
   3.4074240e-21
   3.1918925e-21
   2.9898588e-21
   2.8004863e-21
   2.6229895e-21
   2.4566314e-21
   2.3007201e-21
   2.1546063e-21
   2.0176805e-21
   1.8893708e-21
   1.7691406e-21
   1.6564863e-21
   1.5509353e-21
   1.4520443e-21
   1.3593972e-21
   1.2726039e-21
   1.1912981e-21
   1.1151364e-21
   1.0437965e-21
   9.7697641e-22
   9.1439247e-22
   8.5577884e-22
   8.0088615e-22
   7.4948055e-22
   7.0134272e-22
   6.5626699e-22
   6.1406051e-22
   5.7454244e-22
   5.3754324e-22
   5.0290394e-22
   4.7047549e-22
   4.4011819e-22
   4.1170105e-22
   3.8510128e-22
   3.6020381e-22
   3.3690075e-22
   3.1509099e-22
   2.9467979e-22
   2.7557832e-22
   2.5770336e-22
   2.4097693e-22
   2.2532594e-22
   2.1068191e-22
   1.9698069e-22
   1.8416216e-22
   1.7217000e-22
   1.6095145e-22
   1.5045709e-22
   1.4064062e-22
   1.3145867e-22
   1.2287061e-22
   1.1483840e-22
   1.0732641e-22
   1.0030127e-22
   9.3731717e-23
   8.7588496e-23
   8.1844199e-23
   7.6473167e-23
