   0.00033350517
    0.0010010465
    0.0016694399
    0.0023386605
    0.0030086838
    0.0036794849
    0.0043510389
    0.0050233209
    0.0056963059
    0.0063699690
    0.0070442849
    0.0077192286
    0.0083947749
    0.0090708984
    0.0097475739
     0.010424776
     0.011102479
     0.011780658
     0.012459287
     0.013138341
     0.013817793
     0.014497619
     0.015177792
     0.015858287
     0.016539078
     0.017220139
     0.017901444
     0.018582967
     0.019264682
     0.019946564
     0.020628585
     0.021310721
     0.021992944
     0.022675229
     0.023357549
     0.024039878
     0.024722191
     0.025404459
     0.026086657
     0.026768760
     0.027450739
     0.028132569
     0.028814223
     0.029495675
     0.030176898
     0.030857866
     0.031538552
     0.032218928
     0.032898970
     0.033578650
     0.034257940
     0.034936816
     0.035615249
     0.036293213
     0.036970682
     0.037647628
     0.038324024
     0.038999844
     0.039675062
     0.040349649
     0.041023580
     0.041696827
     0.042369363
     0.043041162
     0.043712196
     0.044382439
     0.045051864
     0.045720444
     0.046388151
     0.047054960
     0.047720842
     0.048385772
     0.049049721
     0.049712664
     0.050374573
     0.051035421
     0.051695181
     0.052353827
     0.053011331
     0.053667666
     0.054322807
     0.054976724
     0.055629393
     0.056280785
     0.056930874
     0.057579633
     0.058227036
     0.058873054
     0.059517663
     0.060160834
     0.060802541
     0.061442756
     0.062081455
     0.062718609
     0.063354191
     0.063988176
     0.064620537
     0.065251246
     0.065880278
     0.066507605
     0.067133201
     0.067757039
     0.068379094
     0.068999338
     0.069617745
     0.070234288
     0.070848942
     0.071461679
     0.072072474
     0.072681300
     0.073288131
     0.073892941
     0.074495703
     0.075096392
     0.075694981
     0.076291444
     0.076885755
     0.077477889
     0.078067819
     0.078655520
     0.079240965
     0.079824128
     0.080404985
     0.080983510
     0.081559676
     0.082133458
     0.082704831
     0.083273769
     0.083840247
     0.084404239
     0.084965721
     0.085524666
     0.086081050
     0.086634847
     0.087186033
     0.087734582
     0.088280470
     0.088823671
     0.089364161
     0.089901915
     0.090436908
     0.090969116
     0.091498514
     0.092025078
     0.092548783
     0.093069605
     0.093587520
     0.094102503
     0.094614530
     0.095123578
     0.095629622
     0.096132638
     0.096632603
     0.097129493
     0.097623284
     0.098113953
     0.098601476
     0.099085830
     0.099566992
      0.10004494
      0.10051964
      0.10099109
      0.10145925
      0.10192410
      0.10238562
      0.10284379
      0.10329858
      0.10374997
      0.10419795
      0.10464247
      0.10508354
      0.10552111
      0.10595518
      0.10638571
      0.10681270
      0.10723610
      0.10765591
      0.10807210
      0.10848465
      0.10889354
      0.10929875
      0.10970025
      0.11009803
      0.11049207
      0.11088233
      0.11126881
      0.11165149
      0.11203033
      0.11240533
      0.11277645
      0.11314369
      0.11350702
      0.11386642
      0.11422188
      0.11457336
      0.11492086
      0.11526435
      0.11560381
      0.11593923
      0.11627058
      0.11659785
      0.11692101
      0.11724006
      0.11755497
      0.11786571
      0.11817228
      0.11847466
      0.11877282
      0.11906675
      0.11935643
      0.11964185
      0.11992298
      0.12019982
      0.12047233
      0.12074051
      0.12100433
      0.12126378
      0.12151885
      0.12176952
      0.12201576
      0.12225757
      0.12249493
      0.12272782
      0.12295623
      0.12318013
      0.12339952
      0.12361438
      0.12382470
      0.12403045
      0.12423162
      0.12442821
      0.12462019
      0.12480754
      0.12499027
      0.12516834
      0.12534175
      0.12551048
      0.12567452
      0.12583385
      0.12598847
      0.12613835
      0.12628349
      0.12642387
      0.12655947
      0.12669030
      0.12681632
      0.12693754
      0.12705394
      0.12716550
      0.12727221
      0.12737407
      0.12747106
      0.12756317
      0.12765038
      0.12773269
      0.12781009
      0.12788256
      0.12795010
      0.12801269
      0.12807032
      0.12812299
      0.12817068
      0.12821338
      0.12825108
      0.12828378
      0.12831147
      0.12833412
      0.12835175
      0.12836433
      0.12837186
      0.12837433
      0.12837173
      0.12836406
      0.12835130
      0.12833345
      0.12831050
      0.12828245
      0.12824928
      0.12821099
      0.12816756
      0.12811901
      0.12806531
      0.12800646
      0.12794246
      0.12787330
      0.12779898
      0.12771948
      0.12763480
      0.12754494
      0.12744989
      0.12734965
      0.12724422
      0.12713358
      0.12701773
      0.12689667
      0.12677040
      0.12663891
      0.12650220
      0.12636026
      0.12621309
      0.12606069
      0.12590306
      0.12574018
      0.12557207
      0.12539871
      0.12522011
      0.12503626
      0.12484717
      0.12465282
      0.12445322
      0.12424837
      0.12403826
      0.12382290
      0.12360229
      0.12337642
      0.12314529
      0.12290890
      0.12266726
      0.12242037
      0.12216822
      0.12191081
      0.12164815
      0.12138024
      0.12110707
      0.12082866
      0.12054500
      0.12025609
      0.11996193
      0.11966254
      0.11935790
      0.11904803
      0.11873293
      0.11841259
      0.11808702
      0.11775623
      0.11742022
      0.11707900
      0.11673255
      0.11638090
      0.11602405
      0.11566200
      0.11529475
      0.11492231
      0.11454468
      0.11416188
      0.11377390
      0.11338075
      0.11298244
      0.11257898
      0.11217037
      0.11175661
      0.11133772
      0.11091369
      0.11048455
      0.11005029
      0.10961092
      0.10916645
      0.10871690
      0.10826225
      0.10780254
      0.10733775
      0.10686791
      0.10639302
      0.10591309
      0.10542813
      0.10493815
      0.10444316
      0.10394317
      0.10343819
      0.10292822
      0.10241329
      0.10189340
      0.10136856
      0.10083878
      0.10030407
     0.099764454
     0.099219932
     0.098670520
     0.098116229
     0.097557072
     0.096993061
     0.096424210
     0.095850529
     0.095272034
     0.094688738
     0.094100652
     0.093507793
     0.092910172
     0.092307806
     0.091700706
     0.091088889
     0.090472369
     0.089851161
     0.089225279
     0.088594740
     0.087959557
     0.087319748
     0.086675328
     0.086026314
     0.085372720
     0.084714564
     0.084051862
     0.083384631
     0.082712889
     0.082036652
     0.081355937
     0.080670763
     0.079981146
     0.079287106
     0.078588660
     0.077885826
     0.077178623
     0.076467070
     0.075751186
     0.075030989
     0.074306499
     0.073577736
     0.072844719
     0.072107468
     0.071366003
     0.070620344
     0.069870512
     0.069116527
     0.068358410
     0.067596182
     0.066829865
     0.066059478
     0.065285045
     0.064506587
     0.063724125
     0.062937682
     0.062147280
     0.061352942
     0.060554689
     0.059752545
     0.058946533
     0.058136676
     0.057322997
     0.056505520
     0.055684268
     0.054859266
     0.054030537
     0.053198106
     0.052361996
     0.051522233
     0.050678842
     0.049831847
     0.048981273
     0.048127146
     0.047269491
     0.046408334
     0.045543700
     0.044675615
     0.043804106
     0.042929199
     0.042050921
     0.041169297
     0.040284355
     0.039396122
     0.038504625
     0.037609891
     0.036711947
     0.035810822
     0.034906543
     0.033999138
     0.033088636
     0.032175063
     0.031258450
     0.030338824
     0.029416215
     0.028490650
     0.027562160
     0.026630774
     0.025696520
     0.024759429
     0.023819531
     0.022876854
     0.021931429
     0.020983287
     0.020032458
     0.019078971
     0.018122858
     0.017164150
     0.016202877
     0.015239070
     0.014272762
     0.013303982
     0.012332763
     0.011359136
     0.010383134
    0.0094047873
    0.0084241289
    0.0074411909
    0.0064560056
    0.0054686057
    0.0044790236
    0.0034872923
    0.0024934447
    0.0014975138
   0.00049953288
  -0.00050046475
   -0.0015024456
   -0.0025063761
   -0.0035122224
   -0.0045199507
   -0.0055295270
   -0.0065409172
   -0.0075540869
   -0.0085690019
   -0.0095856275
    -0.010603929
    -0.011623872
    -0.012645421
    -0.013668542
    -0.014693199
    -0.015719356
    -0.016746979
    -0.017776033
    -0.018806480
    -0.019838287
    -0.020871416
    -0.021905832
    -0.022941499
    -0.023978380
    -0.025016440
    -0.026055641
    -0.027095948
    -0.028137323
    -0.029179731
    -0.030223133
    -0.031267493
    -0.032312775
    -0.033358940
    -0.034405951
    -0.035453772
    -0.036502365
    -0.037551692
    -0.038601715
    -0.039652396
    -0.040703699
    -0.041755584
    -0.042808014
    -0.043860950
    -0.044914355
    -0.045968189
    -0.047022416
    -0.048076995
    -0.049131888
    -0.050187057
    -0.051242463
    -0.052298067
    -0.053353830
    -0.054409713
    -0.055465677
    -0.056521682
    -0.057577690
    -0.058633661
    -0.059689555
    -0.060745334
    -0.061800957
    -0.062856384
    -0.063911577
    -0.064966495
    -0.066021099
    -0.067075348
    -0.068129202
    -0.069182622
    -0.070235567
    -0.071287996
    -0.072339871
    -0.073391150
    -0.074441793
    -0.075491760
    -0.076541009
    -0.077589501
    -0.078637195
    -0.079684050
    -0.080730025
    -0.081775080
    -0.082819174
    -0.083862266
    -0.084904314
    -0.085945279
    -0.086985118
    -0.088023792
    -0.089061258
    -0.090097476
    -0.091132404
    -0.092166001
    -0.093198226
    -0.094229037
    -0.095258394
    -0.096286255
    -0.097312577
    -0.098337321
    -0.099360444
     -0.10038191
     -0.10140166
     -0.10241967
     -0.10343590
     -0.10445030
     -0.10546282
     -0.10647344
     -0.10748210
     -0.10848877
     -0.10949339
     -0.11049594
     -0.11149637
     -0.11249464
     -0.11349071
     -0.11448452
     -0.11547605
     -0.11646525
     -0.11745208
     -0.11843650
     -0.11941846
     -0.12039793
     -0.12137485
     -0.12234920
     -0.12332092
     -0.12428998
     -0.12525633
     -0.12621993
     -0.12718075
     -0.12813873
     -0.12909384
     -0.13004603
     -0.13099527
     -0.13194150
     -0.13288470
     -0.13382481
     -0.13476180
     -0.13569563
     -0.13662624
     -0.13755361
     -0.13847768
     -0.13939842
     -0.14031579
     -0.14122974
     -0.14214024
     -0.14304723
     -0.14395068
     -0.14485055
     -0.14574680
     -0.14663938
     -0.14752826
     -0.14841338
     -0.14929472
     -0.15017223
     -0.15104586
     -0.15191558
     -0.15278135
     -0.15364312
     -0.15450086
     -0.15535451
     -0.15620405
     -0.15704943
     -0.15789061
     -0.15872755
     -0.15956020
     -0.16038853
     -0.16121250
     -0.16203206
     -0.16284718
     -0.16365782
     -0.16446392
     -0.16526546
     -0.16606240
     -0.16685469
     -0.16764229
     -0.16842516
     -0.16920327
     -0.16997656
     -0.17074502
     -0.17150858
     -0.17226722
     -0.17302089
     -0.17376955
     -0.17451317
     -0.17525170
     -0.17598511
     -0.17671336
     -0.17743640
     -0.17815420
     -0.17886672
     -0.17957391
     -0.18027575
     -0.18097219
     -0.18166319
     -0.18234872
     -0.18302873
     -0.18370319
     -0.18437207
     -0.18503531
     -0.18569288
     -0.18634475
     -0.18699087
     -0.18763122
     -0.18826574
     -0.18889441
     -0.18951719
     -0.19013403
     -0.19074491
     -0.19134978
     -0.19194861
     -0.19254135
     -0.19312798
     -0.19370846
     -0.19428275
     -0.19485081
     -0.19541260
     -0.19596810
     -0.19651726
     -0.19706005
     -0.19759643
     -0.19812637
     -0.19864983
     -0.19916678
     -0.19967718
     -0.20018099
     -0.20067818
     -0.20116871
     -0.20165256
     -0.20212968
     -0.20260004
     -0.20306361
     -0.20352035
     -0.20397022
     -0.20441320
     -0.20484925
     -0.20527833
     -0.20570042
     -0.20611548
     -0.20652347
     -0.20692436
     -0.20731812
     -0.20770472
     -0.20808412
     -0.20845629
     -0.20882120
     -0.20917882
     -0.20952911
     -0.20987204
     -0.21020758
     -0.21053571
     -0.21085638
     -0.21116956
     -0.21147523
     -0.21177335
     -0.21206390
     -0.21234684
     -0.21262214
     -0.21288977
     -0.21314970
     -0.21340190
     -0.21364635
     -0.21388301
     -0.21411185
     -0.21433284
     -0.21454595
     -0.21475117
     -0.21494844
     -0.21513776
     -0.21531908
     -0.21549239
     -0.21565765
     -0.21581483
     -0.21596391
     -0.21610486
     -0.21623766
     -0.21636227
     -0.21647867
     -0.21658683
     -0.21668672
     -0.21677833
     -0.21686162
     -0.21693656
     -0.21700314
     -0.21706132
     -0.21711109
     -0.21715240
     -0.21718525
     -0.21720961
     -0.21722544
     -0.21723273
     -0.21723146
     -0.21722159
     -0.21720311
     -0.21717598
     -0.21714020
     -0.21709573
     -0.21704255
     -0.21698065
     -0.21690998
     -0.21683055
     -0.21674231
     -0.21664526
     -0.21653936
     -0.21642460
     -0.21630096
     -0.21616841
     -0.21602694
     -0.21587652
     -0.21571713
     -0.21554876
     -0.21537138
     -0.21518497
     -0.21498952
     -0.21478500
     -0.21457140
     -0.21434870
     -0.21411687
     -0.21387591
     -0.21362579
     -0.21336649
     -0.21309800
     -0.21282030
     -0.21253337
     -0.21223719
     -0.21193176
     -0.21161704
     -0.21129303
     -0.21095971
     -0.21061707
     -0.21026508
     -0.20990374
     -0.20953302
     -0.20915292
     -0.20876342
     -0.20836450
     -0.20795615
     -0.20753836
     -0.20711111
     -0.20667439
     -0.20622818
     -0.20577248
     -0.20530727
     -0.20483253
     -0.20434827
     -0.20385445
     -0.20335108
     -0.20283814
     -0.20231562
     -0.20178351
     -0.20124180
     -0.20069048
     -0.20012953
     -0.19955895
     -0.19897873
     -0.19838886
     -0.19778932
     -0.19718012
     -0.19656124
     -0.19593267
     -0.19529441
     -0.19464645
     -0.19398877
     -0.19332138
     -0.19264426
     -0.19195742
     -0.19126083
     -0.19055450
     -0.18983842
     -0.18911258
     -0.18837698
     -0.18763162
     -0.18687648
     -0.18611156
     -0.18533686
     -0.18455238
     -0.18375811
     -0.18295404
     -0.18214018
     -0.18131651
     -0.18048305
     -0.17963977
     -0.17878669
     -0.17792380
     -0.17705110
     -0.17616858
     -0.17527625
     -0.17437410
     -0.17346213
     -0.17254035
     -0.17160875
     -0.17066733
     -0.16971609
     -0.16875504
     -0.16778417
     -0.16680348
     -0.16581298
     -0.16481267
     -0.16380255
     -0.16278262
     -0.16175288
     -0.16071334
     -0.15966400
     -0.15860486
     -0.15753593
     -0.15645721
     -0.15536871
     -0.15427042
     -0.15316235
     -0.15204452
     -0.15091691
     -0.14977955
     -0.14863243
     -0.14747556
     -0.14630895
     -0.14513259
     -0.14394651
     -0.14275071
     -0.14154519
     -0.14032996
     -0.13910503
     -0.13787041
     -0.13662610
     -0.13537212
     -0.13410847
     -0.13283517
     -0.13155222
     -0.13025963
     -0.12895741
     -0.12764557
     -0.12632413
     -0.12499309
     -0.12365247
     -0.12230227
     -0.12094251
     -0.11957320
     -0.11819435
     -0.11680598
     -0.11540810
     -0.11400071
     -0.11258384
     -0.11115750
     -0.10972170
     -0.10827646
     -0.10682178
     -0.10535769
     -0.10388420
     -0.10240132
     -0.10090908
    -0.099407480
    -0.097896543
    -0.096376285
    -0.094846721
    -0.093307869
    -0.091759747
    -0.090202371
    -0.088635759
    -0.087059929
    -0.085474899
    -0.083880688
    -0.082277315
    -0.080664798
    -0.079043157
    -0.077412411
    -0.075772581
    -0.074123685
    -0.072465745
    -0.070798782
    -0.069122815
    -0.067437867
    -0.065743959
    -0.064041112
    -0.062329348
    -0.060608690
    -0.058879159
    -0.057140780
    -0.055393574
    -0.053637566
    -0.051872778
    -0.050099234
    -0.048316959
    -0.046525976
    -0.044726311
    -0.042917988
    -0.041101033
    -0.039275470
    -0.037441326
    -0.035598625
    -0.033747395
    -0.031887662
    -0.030019452
    -0.028142793
    -0.026257711
    -0.024364233
    -0.022462389
    -0.020552205
    -0.018633710
    -0.016706932
    -0.014771900
    -0.012828643
    -0.010877189
   -0.0089175698
   -0.0069498134
   -0.0049739502
   -0.0029900105
  -0.00099802454
    0.0010019768
    0.0030099626
    0.0050259017
    0.0070497626
    0.0090815136
     0.011121123
     0.013168558
     0.015223787
     0.017286776
     0.019357494
     0.021435906
     0.023521980
     0.025615681
     0.027716977
     0.029825832
     0.031942213
     0.034066084
     0.036197411
     0.038336160
     0.040482294
     0.042635777
     0.044796576
     0.046964652
     0.049139971
     0.051322495
     0.053512188
     0.055709013
     0.057912933
     0.060123910
     0.062341908
     0.064566887
     0.066798810
     0.069037638
     0.071283334
     0.073535858
     0.075795171
     0.078061235
     0.080334010
     0.082613455
     0.084899533
     0.087192201
     0.089491421
     0.091797151
     0.094109351
     0.096427979
     0.098752996
      0.10108436
      0.10342203
      0.10576596
      0.10811611
      0.11047244
      0.11283491
      0.11520347
      0.11757809
      0.11995871
      0.12234530
      0.12473780
      0.12713619
      0.12954041
      0.13195042
      0.13436618
      0.13678764
      0.13921476
      0.14164748
      0.14408578
      0.14652960
      0.14897889
      0.15143362
      0.15389373
      0.15635918
      0.15882992
      0.16130591
      0.16378711
      0.16627345
      0.16876490
      0.17126142
      0.17376294
      0.17626944
      0.17878084
      0.18129712
      0.18381823
      0.18634410
      0.18887470
      0.19140998
      0.19394989
      0.19649438
      0.19904340
      0.20159690
      0.20415483
      0.20671715
      0.20928380
      0.21185473
      0.21442990
      0.21700925
      0.21959274
      0.22218031
      0.22477191
      0.22736749
      0.22996701
      0.23257040
      0.23517763
      0.23778863
      0.24040335
      0.24302176
      0.24564378
      0.24826937
      0.25089849
      0.25353107
      0.25616706
      0.25880642
      0.26144908
      0.26409500
      0.26674413
      0.26939640
      0.27205178
      0.27471019
      0.27737160
      0.28003594
      0.28270317
      0.28537323
      0.28804606
      0.29072162
      0.29339984
      0.29608068
      0.29876407
      0.30144997
      0.30413832
      0.30682906
      0.30952215
      0.31221751
      0.31491511
      0.31761489
      0.32031678
      0.32302074
      0.32572671
      0.32843463
      0.33114445
      0.33385610
      0.33656955
      0.33928472
      0.34200157
      0.34472004
      0.34744007
      0.35016160
      0.35288458
      0.35560895
      0.35833466
      0.36106165
      0.36378985
      0.36651923
      0.36924971
      0.37198124
      0.37471376
      0.37744722
      0.38018156
      0.38291673
      0.38565265
      0.38838929
      0.39112657
      0.39386444
      0.39660285
      0.39934174
      0.40208104
      0.40482070
      0.40756067
      0.41030088
      0.41304128
      0.41578180
      0.41852240
      0.42126301
      0.42400357
      0.42674402
      0.42948432
      0.43222439
      0.43496419
      0.43770364
      0.44044270
      0.44318130
      0.44591939
      0.44865691
      0.45139379
      0.45412999
      0.45686543
      0.45960007
      0.46233384
      0.46506669
      0.46779855
      0.47052937
      0.47325909
      0.47598764
      0.47871498
      0.48144104
      0.48416576
      0.48688908
      0.48961095
      0.49233130
      0.49505008
      0.49776723
      0.50048268
      0.50319638
      0.50590828
      0.50861830
      0.51132640
      0.51403251
      0.51673657
      0.51943852
      0.52213832
      0.52483589
      0.52753117
      0.53022412
      0.53291466
      0.53560275
      0.53828831
      0.54097130
      0.54365165
      0.54632931
      0.54900422
      0.55167631
      0.55434552
      0.55701181
      0.55967511
      0.56233536
      0.56499250
      0.56764648
      0.57029723
      0.57294470
      0.57558883
      0.57822956
      0.58086683
      0.58350058
      0.58613075
      0.58875730
      0.59138015
      0.59399925
      0.59661454
      0.59922596
      0.60183346
      0.60443698
      0.60703645
      0.60963183
      0.61222304
      0.61481005
      0.61739278
      0.61997118
      0.62254519
      0.62511476
      0.62767982
      0.63024032
      0.63279621
      0.63534742
      0.63789390
      0.64043559
      0.64297243
      0.64550437
      0.64803135
      0.65055331
      0.65307019
      0.65558195
      0.65808852
      0.66058985
      0.66308587
      0.66557654
      0.66806180
      0.67054159
      0.67301585
      0.67548454
      0.67794759
      0.68040494
      0.68285655
      0.68530236
      0.68774231
      0.69017634
      0.69260441
      0.69502645
      0.69744241
      0.69985224
      0.70225589
      0.70465329
      0.70704439
      0.70942914
      0.71180749
      0.71417937
      0.71654474
      0.71890355
      0.72125573
      0.72360124
      0.72594002
      0.72827202
      0.73059718
      0.73291546
      0.73522679
      0.73753114
      0.73982843
      0.74211863
      0.74440167
      0.74667751
      0.74894610
      0.75120738
      0.75346130
      0.75570781
      0.75794686
      0.76017839
      0.76240236
      0.76461872
      0.76682740
      0.76902837
      0.77122158
      0.77340696
      0.77558448
      0.77775407
      0.77991570
      0.78206931
      0.78421486
      0.78635228
      0.78848155
      0.79060259
      0.79271537
      0.79481984
      0.79691595
      0.79900365
      0.80108289
      0.80315362
      0.80521580
      0.80726938
      0.80931432
      0.81135055
      0.81337805
      0.81539675
      0.81740662
      0.81940760
      0.82139965
      0.82338273
      0.82535679
      0.82732178
      0.82927766
      0.83122438
      0.83316190
      0.83509017
      0.83700915
      0.83891879
      0.84081905
      0.84270989
      0.84459125
      0.84646310
      0.84832540
      0.85017809
      0.85202115
      0.85385451
      0.85567815
      0.85749202
      0.85929608
      0.86109028
      0.86287458
      0.86464895
      0.86641333
      0.86816770
      0.86991200
      0.87164620
      0.87337026
      0.87508414
      0.87678779
      0.87848119
      0.88016427
      0.88183702
      0.88349939
      0.88515134
      0.88679283
      0.88842383
      0.89004429
      0.89165418
      0.89325345
      0.89484209
      0.89642004
      0.89798726
      0.89954373
      0.90108941
      0.90262425
      0.90414823
      0.90566131
      0.90716345
      0.90865462
      0.91013478
      0.91160389
      0.91306193
      0.91450886
      0.91594465
      0.91736926
      0.91878265
      0.92018481
      0.92157568
      0.92295524
      0.92432346
      0.92568031
      0.92702575
      0.92835975
      0.92968228
      0.93099331
      0.93229281
      0.93358074
      0.93485709
      0.93612181
      0.93737488
      0.93861627
      0.93984595
      0.94106389
      0.94227006
      0.94346443
      0.94464698
      0.94581768
      0.94697649
      0.94812340
      0.94925838
      0.95038139
      0.95149242
      0.95259143
      0.95367840
      0.95475331
      0.95581613
      0.95686683
      0.95790539
      0.95893179
      0.95994600
      0.96094799
      0.96193775
      0.96291525
      0.96388046
      0.96483337
      0.96577396
      0.96670219
      0.96761805
      0.96852151
      0.96941256
      0.97029118
      0.97115734
      0.97201102
      0.97285220
      0.97368087
      0.97449699
      0.97530057
      0.97609156
      0.97686997
      0.97763576
      0.97838892
      0.97912943
      0.97985728
      0.98057244
      0.98127490
      0.98196465
      0.98264167
      0.98330593
      0.98395744
      0.98459616
      0.98522209
      0.98583520
      0.98643550
      0.98702295
      0.98759756
      0.98815929
      0.98870815
      0.98924412
      0.98976718
      0.99027732
      0.99077454
      0.99125881
      0.99173013
      0.99218849
      0.99263387
      0.99306627
      0.99348567
      0.99389207
      0.99428546
      0.99466581
      0.99503314
      0.99538742
      0.99572866
      0.99605683
      0.99637194
      0.99667398
      0.99696293
      0.99723880
      0.99750158
      0.99775125
      0.99798782
      0.99821127
      0.99842161
      0.99861883
      0.99880292
      0.99897388
      0.99913170
      0.99927639
      0.99940793
      0.99952633
      0.99963158
      0.99972367
      0.99980262
      0.99986841
      0.99992105
      0.99996052
      0.99998684
       1.0000000
       1.0000000
      0.99998684
      0.99996052
      0.99992105
      0.99986841
      0.99980262
      0.99972367
      0.99963158
      0.99952633
      0.99940793
      0.99927639
      0.99913170
      0.99897388
      0.99880292
      0.99861883
      0.99842161
      0.99821127
      0.99798782
      0.99775125
      0.99750158
      0.99723880
      0.99696293
      0.99667398
      0.99637194
      0.99605683
      0.99572866
      0.99538742
      0.99503314
      0.99466581
      0.99428546
      0.99389207
      0.99348567
      0.99306627
      0.99263387
      0.99218849
      0.99173013
      0.99125881
      0.99077454
      0.99027732
      0.98976718
      0.98924412
      0.98870815
      0.98815929
      0.98759756
      0.98702295
      0.98643550
      0.98583520
      0.98522209
      0.98459616
      0.98395744
      0.98330593
      0.98264167
      0.98196465
      0.98127490
      0.98057244
      0.97985728
      0.97912943
      0.97838892
      0.97763576
      0.97686997
      0.97609156
      0.97530057
      0.97449699
      0.97368087
      0.97285220
      0.97201102
      0.97115734
      0.97029118
      0.96941256
      0.96852151
      0.96761805
      0.96670219
      0.96577396
      0.96483337
      0.96388046
      0.96291525
      0.96193775
      0.96094799
      0.95994600
      0.95893179
      0.95790539
      0.95686683
      0.95581613
      0.95475331
      0.95367840
      0.95259143
      0.95149242
      0.95038139
      0.94925838
      0.94812340
      0.94697649
      0.94581768
      0.94464698
      0.94346443
      0.94227006
      0.94106389
      0.93984595
      0.93861627
      0.93737488
      0.93612181
      0.93485709
      0.93358074
      0.93229281
      0.93099331
      0.92968228
      0.92835975
      0.92702575
      0.92568031
      0.92432346
      0.92295524
      0.92157568
      0.92018481
      0.91878265
      0.91736926
      0.91594465
      0.91450886
      0.91306193
      0.91160389
      0.91013478
      0.90865462
      0.90716345
      0.90566131
      0.90414823
      0.90262425
      0.90108941
      0.89954373
      0.89798726
      0.89642004
      0.89484209
      0.89325345
      0.89165418
      0.89004429
      0.88842383
      0.88679283
      0.88515134
      0.88349939
      0.88183702
      0.88016427
      0.87848119
      0.87678779
      0.87508414
      0.87337026
      0.87164620
      0.86991200
      0.86816770
      0.86641333
      0.86464895
      0.86287458
      0.86109028
      0.85929608
      0.85749202
      0.85567815
      0.85385451
      0.85202115
      0.85017809
      0.84832540
      0.84646310
      0.84459125
      0.84270989
      0.84081905
      0.83891879
      0.83700915
      0.83509017
      0.83316190
      0.83122438
      0.82927766
      0.82732178
      0.82535679
      0.82338273
      0.82139965
      0.81940760
      0.81740662
      0.81539675
      0.81337805
      0.81135055
      0.80931432
      0.80726938
      0.80521580
      0.80315362
      0.80108289
      0.79900365
      0.79691595
      0.79481984
      0.79271537
      0.79060259
      0.78848155
      0.78635228
      0.78421486
      0.78206931
      0.77991570
      0.77775407
      0.77558448
      0.77340696
      0.77122158
      0.76902837
      0.76682740
      0.76461872
      0.76240236
      0.76017839
      0.75794686
      0.75570781
      0.75346130
      0.75120738
      0.74894610
      0.74667751
      0.74440167
      0.74211863
      0.73982843
      0.73753114
      0.73522679
      0.73291546
      0.73059718
      0.72827202
      0.72594002
      0.72360124
      0.72125573
      0.71890355
      0.71654474
      0.71417937
      0.71180749
      0.70942914
      0.70704439
      0.70465329
      0.70225589
      0.69985224
      0.69744241
      0.69502645
      0.69260441
      0.69017634
      0.68774231
      0.68530236
      0.68285655
      0.68040494
      0.67794759
      0.67548454
      0.67301585
      0.67054159
      0.66806180
      0.66557654
      0.66308587
      0.66058985
      0.65808852
      0.65558195
      0.65307019
      0.65055331
      0.64803135
      0.64550437
      0.64297243
      0.64043559
      0.63789390
      0.63534742
      0.63279621
      0.63024032
      0.62767982
      0.62511476
      0.62254519
      0.61997118
      0.61739278
      0.61481005
      0.61222304
      0.60963183
      0.60703645
      0.60443698
      0.60183346
      0.59922596
      0.59661454
      0.59399925
      0.59138015
      0.58875730
      0.58613075
      0.58350058
      0.58086683
      0.57822956
      0.57558883
      0.57294470
      0.57029723
      0.56764648
      0.56499250
      0.56233536
      0.55967511
      0.55701181
      0.55434552
      0.55167631
      0.54900422
      0.54632931
      0.54365165
      0.54097130
      0.53828831
      0.53560275
      0.53291466
      0.53022412
      0.52753117
      0.52483589
      0.52213832
      0.51943852
      0.51673657
      0.51403251
      0.51132640
      0.50861830
      0.50590828
      0.50319638
      0.50048268
      0.49776723
      0.49505008
      0.49233130
      0.48961095
      0.48688908
      0.48416576
      0.48144104
      0.47871498
      0.47598764
      0.47325909
      0.47052937
      0.46779855
      0.46506669
      0.46233384
      0.45960007
      0.45686543
      0.45412999
      0.45139379
      0.44865691
      0.44591939
      0.44318130
      0.44044270
      0.43770364
      0.43496419
      0.43222439
      0.42948432
      0.42674402
      0.42400357
      0.42126301
      0.41852240
      0.41578180
      0.41304128
      0.41030088
      0.40756067
      0.40482070
      0.40208104
      0.39934174
      0.39660285
      0.39386444
      0.39112657
      0.38838928
      0.38565265
      0.38291673
      0.38018156
      0.37744722
      0.37471376
      0.37198124
      0.36924971
      0.36651923
      0.36378985
      0.36106165
      0.35833466
      0.35560895
      0.35288458
      0.35016160
      0.34744007
      0.34472004
      0.34200157
      0.33928472
      0.33656955
      0.33385610
      0.33114445
      0.32843463
      0.32572671
      0.32302074
      0.32031678
      0.31761489
      0.31491511
      0.31221751
      0.30952215
      0.30682906
      0.30413832
      0.30144997
      0.29876407
      0.29608068
      0.29339984
      0.29072162
      0.28804606
      0.28537323
      0.28270317
      0.28003594
      0.27737160
      0.27471019
      0.27205178
      0.26939640
      0.26674413
      0.26409500
      0.26144908
      0.25880642
      0.25616706
      0.25353107
      0.25089849
      0.24826937
      0.24564378
      0.24302176
      0.24040335
      0.23778863
      0.23517763
      0.23257040
      0.22996701
      0.22736749
      0.22477191
      0.22218031
      0.21959274
      0.21700925
      0.21442990
      0.21185473
      0.20928380
      0.20671715
      0.20415483
      0.20159690
      0.19904340
      0.19649438
      0.19394989
      0.19140998
      0.18887470
      0.18634410
      0.18381823
      0.18129712
      0.17878084
      0.17626944
      0.17376294
      0.17126142
      0.16876490
      0.16627345
      0.16378711
      0.16130591
      0.15882992
      0.15635918
      0.15389373
      0.15143362
      0.14897889
      0.14652960
      0.14408578
      0.14164748
      0.13921476
      0.13678764
      0.13436618
      0.13195042
      0.12954041
      0.12713619
      0.12473780
      0.12234530
      0.11995871
      0.11757809
      0.11520347
      0.11283491
      0.11047244
      0.10811611
      0.10576596
      0.10342203
      0.10108436
     0.098752996
     0.096427979
     0.094109351
     0.091797151
     0.089491420
     0.087192201
     0.084899532
     0.082613455
     0.080334010
     0.078061235
     0.075795171
     0.073535858
     0.071283334
     0.069037638
     0.066798810
     0.064566887
     0.062341908
     0.060123910
     0.057912933
     0.055709013
     0.053512188
     0.051322495
     0.049139971
     0.046964652
     0.044796576
     0.042635777
     0.040482293
     0.038336160
     0.036197411
     0.034066084
     0.031942213
     0.029825832
     0.027716977
     0.025615681
     0.023521980
     0.021435906
     0.019357494
     0.017286776
     0.015223787
     0.013168558
     0.011121123
    0.0090815135
    0.0070497625
    0.0050259017
    0.0030099626
    0.0010019768
  -0.00099802457
   -0.0029900105
   -0.0049739503
   -0.0069498135
   -0.0089175699
    -0.010877189
    -0.012828643
    -0.014771900
    -0.016706932
    -0.018633710
    -0.020552205
    -0.022462389
    -0.024364233
    -0.026257711
    -0.028142793
    -0.030019452
    -0.031887662
    -0.033747395
    -0.035598625
    -0.037441326
    -0.039275470
    -0.041101033
    -0.042917988
    -0.044726311
    -0.046525976
    -0.048316959
    -0.050099234
    -0.051872778
    -0.053637566
    -0.055393574
    -0.057140780
    -0.058879159
    -0.060608690
    -0.062329348
    -0.064041112
    -0.065743959
    -0.067437867
    -0.069122815
    -0.070798782
    -0.072465745
    -0.074123685
    -0.075772581
    -0.077412411
    -0.079043157
    -0.080664798
    -0.082277315
    -0.083880688
    -0.085474899
    -0.087059929
    -0.088635759
    -0.090202371
    -0.091759747
    -0.093307869
    -0.094846721
    -0.096376285
    -0.097896543
    -0.099407480
     -0.10090908
     -0.10240133
     -0.10388420
     -0.10535769
     -0.10682178
     -0.10827646
     -0.10972170
     -0.11115750
     -0.11258384
     -0.11400071
     -0.11540810
     -0.11680598
     -0.11819435
     -0.11957320
     -0.12094251
     -0.12230227
     -0.12365247
     -0.12499309
     -0.12632413
     -0.12764557
     -0.12895741
     -0.13025963
     -0.13155222
     -0.13283517
     -0.13410847
     -0.13537212
     -0.13662610
     -0.13787041
     -0.13910503
     -0.14032996
     -0.14154519
     -0.14275071
     -0.14394651
     -0.14513259
     -0.14630895
     -0.14747556
     -0.14863243
     -0.14977955
     -0.15091691
     -0.15204452
     -0.15316235
     -0.15427042
     -0.15536871
     -0.15645721
     -0.15753593
     -0.15860486
     -0.15966400
     -0.16071334
     -0.16175288
     -0.16278262
     -0.16380255
     -0.16481267
     -0.16581298
     -0.16680348
     -0.16778417
     -0.16875504
     -0.16971609
     -0.17066733
     -0.17160875
     -0.17254035
     -0.17346213
     -0.17437410
     -0.17527625
     -0.17616858
     -0.17705110
     -0.17792380
     -0.17878669
     -0.17963977
     -0.18048305
     -0.18131651
     -0.18214018
     -0.18295404
     -0.18375811
     -0.18455238
     -0.18533686
     -0.18611156
     -0.18687648
     -0.18763162
     -0.18837698
     -0.18911258
     -0.18983842
     -0.19055450
     -0.19126083
     -0.19195742
     -0.19264426
     -0.19332138
     -0.19398877
     -0.19464645
     -0.19529441
     -0.19593267
     -0.19656124
     -0.19718012
     -0.19778932
     -0.19838886
     -0.19897873
     -0.19955895
     -0.20012953
     -0.20069048
     -0.20124180
     -0.20178351
     -0.20231562
     -0.20283814
     -0.20335108
     -0.20385445
     -0.20434827
     -0.20483253
     -0.20530727
     -0.20577248
     -0.20622818
     -0.20667439
     -0.20711111
     -0.20753836
     -0.20795615
     -0.20836450
     -0.20876342
     -0.20915292
     -0.20953302
     -0.20990374
     -0.21026508
     -0.21061707
     -0.21095971
     -0.21129303
     -0.21161704
     -0.21193176
     -0.21223719
     -0.21253337
     -0.21282030
     -0.21309800
     -0.21336649
     -0.21362579
     -0.21387591
     -0.21411687
     -0.21434870
     -0.21457140
     -0.21478500
     -0.21498952
     -0.21518497
     -0.21537138
     -0.21554876
     -0.21571713
     -0.21587652
     -0.21602694
     -0.21616841
     -0.21630096
     -0.21642460
     -0.21653936
     -0.21664526
     -0.21674231
     -0.21683055
     -0.21690998
     -0.21698064
     -0.21704255
     -0.21709573
     -0.21714020
     -0.21717598
     -0.21720311
     -0.21722159
     -0.21723146
     -0.21723273
     -0.21722544
     -0.21720961
     -0.21718525
     -0.21715240
     -0.21711109
     -0.21706132
     -0.21700314
     -0.21693656
     -0.21686162
     -0.21677833
     -0.21668672
     -0.21658683
     -0.21647867
     -0.21636227
     -0.21623766
     -0.21610486
     -0.21596391
     -0.21581483
     -0.21565765
     -0.21549239
     -0.21531908
     -0.21513776
     -0.21494844
     -0.21475117
     -0.21454595
     -0.21433284
     -0.21411185
     -0.21388301
     -0.21364635
     -0.21340190
     -0.21314970
     -0.21288977
     -0.21262214
     -0.21234684
     -0.21206390
     -0.21177335
     -0.21147523
     -0.21116956
     -0.21085638
     -0.21053571
     -0.21020758
     -0.20987204
     -0.20952911
     -0.20917882
     -0.20882120
     -0.20845629
     -0.20808412
     -0.20770472
     -0.20731812
     -0.20692436
     -0.20652347
     -0.20611548
     -0.20570042
     -0.20527833
     -0.20484925
     -0.20441320
     -0.20397022
     -0.20352035
     -0.20306361
     -0.20260004
     -0.20212968
     -0.20165256
     -0.20116871
     -0.20067818
     -0.20018099
     -0.19967718
     -0.19916678
     -0.19864983
     -0.19812637
     -0.19759643
     -0.19706005
     -0.19651726
     -0.19596810
     -0.19541260
     -0.19485081
     -0.19428275
     -0.19370846
     -0.19312798
     -0.19254135
     -0.19194861
     -0.19134978
     -0.19074491
     -0.19013403
     -0.18951719
     -0.18889441
     -0.18826574
     -0.18763122
     -0.18699087
     -0.18634475
     -0.18569288
     -0.18503531
     -0.18437207
     -0.18370319
     -0.18302873
     -0.18234872
     -0.18166319
     -0.18097219
     -0.18027575
     -0.17957391
     -0.17886672
     -0.17815420
     -0.17743640
     -0.17671336
     -0.17598511
     -0.17525170
     -0.17451317
     -0.17376955
     -0.17302089
     -0.17226722
     -0.17150858
     -0.17074502
     -0.16997656
     -0.16920327
     -0.16842516
     -0.16764229
     -0.16685469
     -0.16606240
     -0.16526546
     -0.16446392
     -0.16365782
     -0.16284718
     -0.16203206
     -0.16121250
     -0.16038853
     -0.15956020
     -0.15872755
     -0.15789061
     -0.15704943
     -0.15620405
     -0.15535451
     -0.15450086
     -0.15364312
     -0.15278135
     -0.15191558
     -0.15104586
     -0.15017223
     -0.14929472
     -0.14841338
     -0.14752826
     -0.14663938
     -0.14574680
     -0.14485055
     -0.14395068
     -0.14304723
     -0.14214024
     -0.14122974
     -0.14031579
     -0.13939842
     -0.13847768
     -0.13755361
     -0.13662624
     -0.13569563
     -0.13476180
     -0.13382481
     -0.13288470
     -0.13194150
     -0.13099527
     -0.13004603
     -0.12909384
     -0.12813873
     -0.12718075
     -0.12621993
     -0.12525633
     -0.12428998
     -0.12332092
     -0.12234920
     -0.12137485
     -0.12039793
     -0.11941846
     -0.11843650
     -0.11745208
     -0.11646525
     -0.11547605
     -0.11448452
     -0.11349071
     -0.11249464
     -0.11149637
     -0.11049594
     -0.10949339
     -0.10848877
     -0.10748210
     -0.10647344
     -0.10546282
     -0.10445030
     -0.10343590
     -0.10241967
     -0.10140166
     -0.10038191
    -0.099360444
    -0.098337321
    -0.097312577
    -0.096286254
    -0.095258394
    -0.094229037
    -0.093198226
    -0.092166001
    -0.091132404
    -0.090097476
    -0.089061258
    -0.088023792
    -0.086985118
    -0.085945279
    -0.084904314
    -0.083862266
    -0.082819174
    -0.081775080
    -0.080730025
    -0.079684050
    -0.078637195
    -0.077589501
    -0.076541009
    -0.075491760
    -0.074441793
    -0.073391150
    -0.072339871
    -0.071287996
    -0.070235566
    -0.069182622
    -0.068129202
    -0.067075347
    -0.066021099
    -0.064966495
    -0.063911577
    -0.062856384
    -0.061800956
    -0.060745333
    -0.059689555
    -0.058633661
    -0.057577690
    -0.056521682
    -0.055465677
    -0.054409713
    -0.053353830
    -0.052298067
    -0.051242463
    -0.050187057
    -0.049131888
    -0.048076995
    -0.047022415
    -0.045968189
    -0.044914355
    -0.043860950
    -0.042808014
    -0.041755584
    -0.040703699
    -0.039652396
    -0.038601714
    -0.037551691
    -0.036502365
    -0.035453772
    -0.034405951
    -0.033358940
    -0.032312774
    -0.031267493
    -0.030223133
    -0.029179730
    -0.028137323
    -0.027095948
    -0.026055641
    -0.025016440
    -0.023978380
    -0.022941499
    -0.021905832
    -0.020871416
    -0.019838287
    -0.018806480
    -0.017776033
    -0.016746979
    -0.015719356
    -0.014693198
    -0.013668542
    -0.012645421
    -0.011623872
    -0.010603929
   -0.0095856274
   -0.0085690018
   -0.0075540868
   -0.0065409171
   -0.0055295269
   -0.0045199506
   -0.0035122223
   -0.0025063760
   -0.0015024455
  -0.00050046463
   0.00049953300
    0.0014975139
    0.0024934448
    0.0034872924
    0.0044790237
    0.0054686058
    0.0064560057
    0.0074411910
    0.0084241290
    0.0094047874
     0.010383134
     0.011359137
     0.012332763
     0.013303982
     0.014272762
     0.015239070
     0.016202877
     0.017164150
     0.018122858
     0.019078971
     0.020032458
     0.020983287
     0.021931430
     0.022876854
     0.023819531
     0.024759430
     0.025696521
     0.026630774
     0.027562160
     0.028490650
     0.029416215
     0.030338824
     0.031258450
     0.032175063
     0.033088636
     0.033999139
     0.034906543
     0.035810822
     0.036711948
     0.037609891
     0.038504625
     0.039396122
     0.040284355
     0.041169297
     0.042050921
     0.042929200
     0.043804107
     0.044675615
     0.045543700
     0.046408334
     0.047269491
     0.048127146
     0.048981273
     0.049831847
     0.050678842
     0.051522234
     0.052361996
     0.053198106
     0.054030537
     0.054859266
     0.055684268
     0.056505520
     0.057322997
     0.058136676
     0.058946533
     0.059752545
     0.060554689
     0.061352942
     0.062147280
     0.062937682
     0.063724125
     0.064506587
     0.065285046
     0.066059479
     0.066829865
     0.067596182
     0.068358410
     0.069116527
     0.069870512
     0.070620344
     0.071366003
     0.072107468
     0.072844719
     0.073577736
     0.074306499
     0.075030989
     0.075751186
     0.076467070
     0.077178623
     0.077885826
     0.078588660
     0.079287106
     0.079981146
     0.080670763
     0.081355937
     0.082036652
     0.082712889
     0.083384632
     0.084051862
     0.084714564
     0.085372720
     0.086026314
     0.086675329
     0.087319749
     0.087959558
     0.088594740
     0.089225279
     0.089851161
     0.090472369
     0.091088889
     0.091700706
     0.092307806
     0.092910173
     0.093507793
     0.094100653
     0.094688738
     0.095272035
     0.095850530
     0.096424210
     0.096993062
     0.097557072
     0.098116230
     0.098670520
     0.099219933
     0.099764454
      0.10030407
      0.10083878
      0.10136856
      0.10189340
      0.10241329
      0.10292822
      0.10343819
      0.10394317
      0.10444316
      0.10493815
      0.10542813
      0.10591309
      0.10639302
      0.10686791
      0.10733775
      0.10780254
      0.10826225
      0.10871690
      0.10916645
      0.10961092
      0.11005029
      0.11048455
      0.11091369
      0.11133772
      0.11175661
      0.11217037
      0.11257898
      0.11298244
      0.11338075
      0.11377390
      0.11416188
      0.11454468
      0.11492231
      0.11529475
      0.11566200
      0.11602405
      0.11638090
      0.11673255
      0.11707900
      0.11742022
      0.11775623
      0.11808702
      0.11841259
      0.11873293
      0.11904803
      0.11935790
      0.11966254
      0.11996193
      0.12025609
      0.12054500
      0.12082866
      0.12110707
      0.12138024
      0.12164815
      0.12191081
      0.12216822
      0.12242037
      0.12266726
      0.12290890
      0.12314529
      0.12337642
      0.12360229
      0.12382290
      0.12403826
      0.12424837
      0.12445322
      0.12465282
      0.12484717
      0.12503626
      0.12522011
      0.12539871
      0.12557207
      0.12574018
      0.12590306
      0.12606069
      0.12621309
      0.12636026
      0.12650220
      0.12663891
      0.12677040
      0.12689667
      0.12701773
      0.12713358
      0.12724422
      0.12734965
      0.12744989
      0.12754494
      0.12763480
      0.12771948
      0.12779898
      0.12787330
      0.12794246
      0.12800646
      0.12806531
      0.12811901
      0.12816756
      0.12821099
      0.12824928
      0.12828245
      0.12831051
      0.12833345
      0.12835130
      0.12836406
      0.12837174
      0.12837433
      0.12837186
      0.12836433
      0.12835175
      0.12833412
      0.12831147
      0.12828378
      0.12825108
      0.12821338
      0.12817068
      0.12812299
      0.12807032
      0.12801269
      0.12795010
      0.12788256
      0.12781009
      0.12773269
      0.12765038
      0.12756317
      0.12747106
      0.12737407
      0.12727221
      0.12716550
      0.12705394
      0.12693754
      0.12681632
      0.12669030
      0.12655947
      0.12642387
      0.12628349
      0.12613835
      0.12598847
      0.12583385
      0.12567452
      0.12551048
      0.12534175
      0.12516834
      0.12499027
      0.12480754
      0.12462019
      0.12442821
      0.12423162
      0.12403045
      0.12382470
      0.12361438
      0.12339952
      0.12318013
      0.12295623
      0.12272782
      0.12249493
      0.12225757
      0.12201576
      0.12176952
      0.12151885
      0.12126378
      0.12100433
      0.12074051
      0.12047233
      0.12019982
      0.11992298
      0.11964185
      0.11935643
      0.11906675
      0.11877282
      0.11847466
      0.11817228
      0.11786571
      0.11755497
      0.11724006
      0.11692102
      0.11659785
      0.11627058
      0.11593923
      0.11560381
      0.11526435
      0.11492086
      0.11457336
      0.11422188
      0.11386642
      0.11350702
      0.11314369
      0.11277645
      0.11240533
      0.11203033
      0.11165149
      0.11126881
      0.11088233
      0.11049207
      0.11009803
      0.10970025
      0.10929875
      0.10889354
      0.10848465
      0.10807210
      0.10765591
      0.10723610
      0.10681270
      0.10638571
      0.10595518
      0.10552111
      0.10508354
      0.10464247
      0.10419795
      0.10374997
      0.10329858
      0.10284379
      0.10238562
      0.10192410
      0.10145925
      0.10099109
      0.10051964
      0.10004494
     0.099566992
     0.099085830
     0.098601476
     0.098113953
     0.097623285
     0.097129493
     0.096632603
     0.096132638
     0.095629622
     0.095123578
     0.094614530
     0.094102503
     0.093587520
     0.093069605
     0.092548783
     0.092025078
     0.091498514
     0.090969116
     0.090436908
     0.089901915
     0.089364161
     0.088823671
     0.088280470
     0.087734582
     0.087186033
     0.086634847
     0.086081050
     0.085524666
     0.084965721
     0.084404239
     0.083840247
     0.083273769
     0.082704831
     0.082133458
     0.081559676
     0.080983510
     0.080404985
     0.079824128
     0.079240965
     0.078655520
     0.078067819
     0.077477889
     0.076885756
     0.076291444
     0.075694981
     0.075096392
     0.074495703
     0.073892941
     0.073288131
     0.072681300
     0.072072474
     0.071461679
     0.070848942
     0.070234288
     0.069617745
     0.068999338
     0.068379094
     0.067757039
     0.067133201
     0.066507605
     0.065880278
     0.065251246
     0.064620537
     0.063988176
     0.063354191
     0.062718609
     0.062081455
     0.061442757
     0.060802541
     0.060160834
     0.059517663
     0.058873054
     0.058227036
     0.057579633
     0.056930874
     0.056280785
     0.055629393
     0.054976724
     0.054322807
     0.053667666
     0.053011331
     0.052353827
     0.051695181
     0.051035421
     0.050374573
     0.049712664
     0.049049721
     0.048385772
     0.047720842
     0.047054960
     0.046388151
     0.045720444
     0.045051864
     0.044382439
     0.043712196
     0.043041162
     0.042369363
     0.041696827
     0.041023580
     0.040349649
     0.039675062
     0.038999844
     0.038324024
     0.037647628
     0.036970682
     0.036293213
     0.035615249
     0.034936816
     0.034257940
     0.033578650
     0.032898970
     0.032218928
     0.031538552
     0.030857866
     0.030176898
     0.029495675
     0.028814223
     0.028132569
     0.027450739
     0.026768760
     0.026086657
     0.025404459
     0.024722191
     0.024039879
     0.023357549
     0.022675229
     0.021992944
     0.021310721
     0.020628585
     0.019946564
     0.019264682
     0.018582967
     0.017901444
     0.017220139
     0.016539078
     0.015858287
     0.015177792
     0.014497619
     0.013817793
     0.013138341
     0.012459287
     0.011780658
     0.011102479
     0.010424776
    0.0097475739
    0.0090708984
    0.0083947749
    0.0077192286
    0.0070442849
    0.0063699690
    0.0056963059
    0.0050233209
    0.0043510389
    0.0036794849
    0.0030086838
    0.0023386605
    0.0016694399
    0.0010010465
   0.00033350517
  -4.9422491e-08
