   0.00033328675
   0.00099738896
    0.0016535193
    0.0022958400
    0.0029186281
    0.0035163263
    0.0040835928
    0.0046153490
    0.0051068246
    0.0055536007
    0.0059516494
    0.0062973703
    0.0065876225
    0.0068197536
    0.0069916239
    0.0071016258
    0.0071486990
    0.0071323405
    0.0070526100
    0.0069101300
    0.0067060812
    0.0064421924
    0.0061207263
    0.0057444600
    0.0053166608
    0.0048410583
    0.0043218116
    0.0037634727
    0.0031709475
    0.0025494516
    0.0019044654
    0.0012416851
   0.00056697262
  -0.00011369592
  -0.00079428353
   -0.0014687457
   -0.0021310839
   -0.0027753994
   -0.0033959450
   -0.0039871772
   -0.0045438049
   -0.0050608370
   -0.0055336275
   -0.0059579165
   -0.0063298694
   -0.0066461108
   -0.0069037553
   -0.0071004342
   -0.0072343167
   -0.0073041273
   -0.0073091575
   -0.0072492733
   -0.0071249168
   -0.0069371033
   -0.0066874133
   -0.0063779784
   -0.0060114642
   -0.0055910467
   -0.0051203850
   -0.0046035893
   -0.0040451854
   -0.0034500749
   -0.0028234920
   -0.0021709578
   -0.0014982314
  -0.00081125951
  -0.00011612332
   0.00058101480
    0.0012739662
    0.0019565706
    0.0026227513
    0.0032665685
    0.0038822732
    0.0044643576
    0.0050076049
    0.0055071358
    0.0059584524
    0.0063574787
    0.0067005973
    0.0069846821
    0.0072071269
    0.0073658692
    0.0074594093
    0.0074868245
    0.0074477779
    0.0073425222
    0.0071718987
    0.0069373303
    0.0066408096
    0.0062848823
    0.0058726252
    0.0054076200
    0.0048939214
    0.0043360226
    0.0037388156
    0.0031075486
    0.0024477796
    0.0017653274
    0.0010662211
   0.00035664567
  -0.00035711167
   -0.0010687178
   -0.0017718495
   -0.0024602499
   -0.0031277839
   -0.0037684930
   -0.0043766483
   -0.0049468017
   -0.0054738349
   -0.0059530051
   -0.0063799877
   -0.0067509153
   -0.0070624127
   -0.0073116279
   -0.0074962574
   -0.0076145683
   -0.0076654139
   -0.0076482451
   -0.0075631160
   -0.0074106841
   -0.0071922058
   -0.0069095257
   -0.0065650613
   -0.0061617820
   -0.0057031842
   -0.0051932605
   -0.0046364649
   -0.0040376744
   -0.0034021459
   -0.0027354702
   -0.0020435230
   -0.0013324129
  -0.00060842746
   0.00012202193
   0.00085245730
    0.0015763913
    0.0022873847
    0.0029791038
    0.0036453769
    0.0042802490
    0.0048780353
    0.0054333720
    0.0059412644
    0.0063971316
    0.0067968481
    0.0071367809
    0.0074138226
    0.0076254197
    0.0077695961
    0.0078449714
    0.0078507743
    0.0077868500
    0.0076536629
    0.0074522931
    0.0071844277
    0.0068523468
    0.0064589044
    0.0060075035
    0.0055020668
    0.0049470028
    0.0043471673
    0.0037078210
    0.0030345831
    0.0023333824
    0.0016104048
   0.00087203895
   0.00012481960
  -0.00062463003
   -0.0013696569
   -0.0021036375
   -0.0028200360
   -0.0035124634
   -0.0041747336
   -0.0048009192
   -0.0053854041
   -0.0059229342
   -0.0064086645
   -0.0068382026
   -0.0072076484
   -0.0075136297
   -0.0077533328
   -0.0079245280
   -0.0080255911
   -0.0080555178
   -0.0080139343
   -0.0079011011
   -0.0077179120
   -0.0074658868
   -0.0071471589
   -0.0067644575
   -0.0063210839
   -0.0058208834
   -0.0052682116
   -0.0046678970
   -0.0040251983
   -0.0033457589
   -0.0026355571
   -0.0019008534
   -0.0011481356
  -0.00038406138
   0.00038460034
    0.0011510296
    0.0019084158
    0.0026500180
    0.0033692252
    0.0040596150
    0.0047150110
    0.0053295380
    0.0058976746
    0.0064143029
    0.0068747546
    0.0072748528
    0.0076109502
    0.0078799623
    0.0080793953
    0.0082073698
    0.0082626377
    0.0082445948
    0.0081532870
    0.0079894110
    0.0077543087
    0.0074499570
    0.0070789508
    0.0066444807
    0.0061503062
    0.0056007229
    0.0050005250
    0.0043549638
    0.0036697019
    0.0029507630
    0.0022044797
    0.0014374372
   0.00065641550
  -0.00013167053
  -0.00091983240
   -0.0017010699
   -0.0024684333
   -0.0032150849
   -0.0039343603
   -0.0046198276
   -0.0052653449
   -0.0058651153
   -0.0064137390
   -0.0069062619
   -0.0073382200
   -0.0077056802
   -0.0080052760
   -0.0082342380
   -0.0083904199
   -0.0084723180
   -0.0084790860
   -0.0084105436
   -0.0082671789
   -0.0080501453
   -0.0077612520
   -0.0074029497
   -0.0069783091
   -0.0064909952
   -0.0059452352
   -0.0053457825
   -0.0046978747
   -0.0040071883
   -0.0032797888
   -0.0025220775
   -0.0017407354
  -0.00094266412
  -0.00013492487
   0.00067532367
    0.0014808890
    0.0022746085
    0.0030494130
    0.0037983901
    0.0045148453
    0.0051923619
    0.0058248589
    0.0064066448
    0.0069324693
    0.0073975707
    0.0077977184
    0.0081292520
    0.0083891142
    0.0085748795
    0.0086847761
    0.0087177033
    0.0086732421
    0.0085516598
    0.0083539095
    0.0080816218
    0.0077370924
    0.0073232619
    0.0068436916
    0.0063025322
    0.0057044884
    0.0050547778
    0.0043590854
    0.0036235142
    0.0028545313
    0.0020589112
    0.0012436765
   0.00041603548
  -0.00041668140
   -0.0012470863
   -0.0020677997
   -0.0028715156
   -0.0036510671
   -0.0043994895
   -0.0051100832
   -0.0057764732
   -0.0063926663
   -0.0069531052
   -0.0074527183
   -0.0078869656
   -0.0082518801
   -0.0085441036
   -0.0087609181
   -0.0089002705
   -0.0089607922
   -0.0089418124
   -0.0088433651
   -0.0086661902
   -0.0084117279
   -0.0080821073
   -0.0076801285
   -0.0072092392
   -0.0066735044
   -0.0060775725
   -0.0054266340
   -0.0047263769
   -0.0039829369
   -0.0032028435
   -0.0023929631
   -0.0015604382
  -0.00071262480
   0.00014297293
   0.00099876872
    0.0018471615
    0.0026806030
    0.0034916647
    0.0042731039
    0.0050179288
    0.0057194605
    0.0063713930
    0.0069678502
    0.0075034382
    0.0079732945
    0.0083731319
    0.0086992775
    0.0089487066
    0.0091190706
    0.0092087188
    0.0092167146
    0.0091428449
    0.0089876230
    0.0087522860
    0.0084387843
    0.0080497660
    0.0075885545
    0.0070591200
    0.0064660458
    0.0058144881
    0.0051101317
    0.0043591401
    0.0035681021
    0.0027439734
    0.0018940159
    0.0010257338
   0.00014680713
  -0.00073497597
   -0.0016117882
   -0.0024758327
   -0.0033194120
   -0.0041349968
   -0.0049152934
   -0.0056533080
   -0.0063424103
   -0.0069763924
   -0.0075495251
   -0.0080566091
   -0.0084930225
   -0.0088547630
   -0.0091384839
   -0.0093415258
   -0.0094619408
   -0.0094985114
   -0.0094507624
   -0.0093189669
   -0.0091041445
   -0.0088080542
   -0.0084331798
   -0.0079827093
   -0.0074605079
   -0.0068710845
   -0.0062195533
   -0.0055115894
   -0.0047533791
   -0.0039515663
   -0.0031131942
   -0.0022456432
   -0.0013565663
  -0.00045382178
   0.00045459668
    0.0013606304
    0.0022562271
    0.0031334126
    0.0039843618
    0.0048014682
    0.0055774118
    0.0063052252
    0.0069783552
    0.0075907225
    0.0081367763
    0.0086115444
    0.0090106787
    0.0093304946
    0.0095680052
    0.0097209493
    0.0097878122
    0.0097678409
    0.0096610525
    0.0094682349
    0.0091909414
    0.0088314785
    0.0083928868
    0.0078789151
    0.0072939889
    0.0066431716
    0.0059321216
    0.0051670425
    0.0043546296
    0.0035020107
    0.0026166842
    0.0017064529
   0.00077935550
  -0.00015640460
   -0.0010925316
   -0.0020207109
   -0.0029326829
   -0.0038203163
   -0.0046756808
   -0.0054911176
   -0.0062593081
   -0.0069733394
   -0.0076267668
   -0.0082136713
   -0.0087287137
   -0.0091671827
   -0.0095250383
   -0.0097989486
   -0.0099863209
    -0.010085326
    -0.010094917
    -0.010014837
   -0.0098456271
   -0.0095886197
   -0.0092459299
   -0.0088204378
   -0.0083157642
   -0.0077362403
   -0.0070868702
   -0.0063732878
   -0.0056017082
   -0.0047788736
   -0.0039119943
   -0.0030086856
   -0.0020769012
   -0.0011248627
  -0.00016098782
   0.00080618445
    0.0017680693
    0.0027161123
    0.0036418652
    0.0045370614
    0.0053936896
    0.0062040654
    0.0069609002
    0.0076573668
    0.0082871605
    0.0088445567
    0.0093244625
    0.0097224630
     0.010034862
     0.010258718
     0.010391866
     0.010432947
     0.010381414
     0.010237542
     0.010002428
    0.0096779790
    0.0092669012
    0.0087726748
    0.0081995251
    0.0075523871
    0.0068368623
    0.0060591709
    0.0052260975
    0.0043449320
    0.0034234060
    0.0024696248
    0.0014919965
   0.00049915753
  -0.00050010306
   -0.0014969218
   -0.0024824390
   -0.0034478777
   -0.0043846217
   -0.0052842921
   -0.0061388227
   -0.0069405317
   -0.0076821910
   -0.0083570912
   -0.0089591025
   -0.0094827297
   -0.0099231627
    -0.010276321
    -0.010538889
    -0.010708352
    -0.010783015
    -0.010762022
    -0.010645364
    -0.010433882
    -0.010129262
   -0.0097340199
   -0.0092514805
   -0.0086857519
   -0.0080416889
   -0.0073248523
   -0.0065414602
   -0.0056983348
   -0.0048028427
   -0.0038628309
   -0.0028865577
   -0.0018826208
  -0.00085988091
   0.00017261560
    0.0012057172
    0.0022302479
    0.0032370889
    0.0042172596
    0.0051619974
    0.0060628365
    0.0069116830
    0.0077008881
    0.0084233167
    0.0090724116
    0.0096422535
     0.010127614
     0.010524006
     0.010827719
     0.011035863
     0.011146386
     0.011158101
     0.011070697
     0.010884740
     0.010601675
     0.010223810
    0.0097543009
    0.0091971253
    0.0085570464
    0.0078395741
    0.0070509176
    0.0061979310
    0.0052880548
    0.0043292502
    0.0033299303
    0.0022988856
    0.0012452074
   0.00017820738
  -0.00089266461
   -0.0019579039
   -0.0030080357
   -0.0040336987
   -0.0050257290
   -0.0059752416
   -0.0068737099
   -0.0077130422
   -0.0084856547
   -0.0091845395
   -0.0098033285
    -0.010336351
    -0.010778685
    -0.011126206
    -0.011375618
    -0.011524493
    -0.011571289
    -0.011515367
    -0.011357000
    -0.011097371
    -0.010738563
    -0.010283547
   -0.0097361537
   -0.0091010427
   -0.0083836631
   -0.0075902065
   -0.0067275537
   -0.0058032152
   -0.0048252662
   -0.0038022754
   -0.0027432310
   -0.0016574608
  -0.00055455111
   0.00055573862
    0.0016635615
    0.0027590708
    0.0038325070
    0.0048742850
    0.0058750795
    0.0068259081
    0.0077182122
    0.0085439339
    0.0092955884
    0.0099663318
     0.010550024
     0.011041282
     0.011435536
     0.011729062
     0.011919027
     0.012003507
     0.011981514
     0.011853002
     0.011618870
     0.011280959
     0.010842034
     0.010305764
    0.0096766907
    0.0089601917
    0.0081624316
    0.0072903117
    0.0063514091
    0.0053539115
    0.0043065458
    0.0032185018
    0.0020993517
   0.00095896584
  -0.00019257382
   -0.0013450632
   -0.0024882662
   -0.0036120053
   -0.0047062527
   -0.0057612188
   -0.0067674405
   -0.0077158654
   -0.0085979334
   -0.0094056538
    -0.010131678
    -0.010769364
    -0.011312841
    -0.011757061
    -0.012097844
    -0.012331919
    -0.012456958
    -0.012471591
    -0.012375430
    -0.012169067
    -0.011854076
    -0.011432997
    -0.010909321
    -0.010287456
   -0.0095726941
   -0.0087711647
   -0.0078897819
   -0.0069361855
   -0.0059186751
   -0.0048461375
   -0.0037279694
   -0.0025739954
   -0.0013943813
  -0.00019954518
   0.00099993468
    0.0021934135
    0.0033702740
    0.0045200212
    0.0056323754
    0.0066973643
    0.0077054120
    0.0086474253
    0.0095148753
     0.010299875
     0.010995249
     0.011594603
     0.012092378
     0.012483904
     0.012765444
     0.012934226
     0.012988476
     0.012927431
     0.012751350
     0.012461515
     0.012060221
     0.011550759
     0.010937388
     0.010225300
    0.0094205785
    0.0085301420
    0.0075616894
    0.0065236307
    0.0054250151
    0.0042754522
    0.0030850278
    0.0018642158
   0.00062378608
  -0.00062529033
   -0.0018719382
   -0.0031050762
   -0.0043137150
   -0.0054870555
   -0.0066145848
   -0.0076861705
   -0.0086921513
   -0.0096234244
    -0.010471527
    -0.011228715
    -0.011888030
    -0.012443366
    -0.012889525
    -0.013222267
    -0.013438345
    -0.013535543
    -0.013512693
    -0.013369691
    -0.013107501
    -0.012728145
    -0.012234694
    -0.011631237
    -0.010922854
    -0.010115566
   -0.0092162911
   -0.0082327808
   -0.0071735548
   -0.0060478273
   -0.0048654270
   -0.0036367116
   -0.0023724767
   -0.0010838616
   0.00021774880
    0.0015208246
    0.0028137928
    0.0040851398
    0.0053235139
    0.0065178265
    0.0076573512
    0.0087318198
    0.0097315151
     0.010647358
     0.011470991
     0.012194852
     0.012812245
     0.013317404
     0.013705542
     0.013972900
     0.014116781
     0.014135576
     0.014028786
     0.013797023
     0.013442011
     0.012966575
     0.012374614
     0.011671075
     0.010861909
    0.0099540181
    0.0089552037
    0.0078740934
    0.0067200695
    0.0055031873
    0.0042340875
    0.0029239036
    0.0015841640
   0.00022669108
   -0.0011365031
   -0.0024933230
   -0.0038316963
   -0.0051396819
   -0.0064055756
   -0.0076180148
   -0.0087660805
   -0.0098393955
    -0.010828218
    -0.011723528
    -0.012517114
    -0.013201643
    -0.013770730
    -0.014219000
    -0.014542132
    -0.014736908
    -0.014801240
    -0.014734190
    -0.014535988
    -0.014208027
    -0.013752857
    -0.013174164
    -0.012476743
    -0.011666455
    -0.010750181
   -0.0097357630
   -0.0086319353
   -0.0074482520
   -0.0061950032
   -0.0048831260
   -0.0035241092
   -0.0021298929
  -0.00071276381
   0.00071475269
    0.0021400033
    0.0035503186
    0.0049331255
    0.0062760590
    0.0075670729
    0.0087945472
    0.0099473927
     0.011015151
     0.011988089
     0.012857288
     0.013614723
     0.014253341
     0.014767122
     0.015151135
     0.015401592
     0.015515876
     0.015492573
     0.015331486
     0.015033643
     0.014601286
     0.014037862
     0.013347990
     0.012537425
     0.011613012
     0.010582627
    0.0094551112
    0.0082401927
    0.0069484062
    0.0055909999
    0.0041798382
    0.0027272987
    0.0012461630
  -0.00025049491
   -0.0017494239
   -0.0032373129
   -0.0047009089
   -0.0061271347
   -0.0075032054
   -0.0088167429
    -0.010055887
    -0.011209402
    -0.012266780
    -0.013218331
    -0.014055280
    -0.014769840
    -0.015355288
    -0.015806027
    -0.016117639
    -0.016286927
    -0.016311950
    -0.016192040
    -0.015927816
    -0.015521180
    -0.014975303
    -0.014294604
    -0.013484711
    -0.012552420
    -0.011505633
    -0.010353292
   -0.0091053075
   -0.0077724674
   -0.0063663486
   -0.0048992145
   -0.0033839089
   -0.0018337436
  -0.00026238226
    0.0013162805
    0.0028882410
    0.0044395111
    0.0059562416
    0.0074248465
    0.0088321237
     0.010165374
     0.011412513
     0.012562187
     0.013603866
     0.014527949
     0.015325847
     0.015990064
     0.016514268
     0.016893347
     0.017123464
     0.017202093
     0.017128041
     0.016901471
     0.016523899
     0.015998188
     0.015328523
     0.014520384
     0.013580498
     0.012516783
     0.011338284
     0.010055092
    0.0086782648
    0.0072197258
    0.0056921641
    0.0041089237
    0.0024838872
   0.00083135448
  -0.00083408280
   -0.0024976697
   -0.0041446185
   -0.0057602398
   -0.0073300729
   -0.0088400155
    -0.010276449
    -0.011626364
    -0.012877471
    -0.014018321
    -0.015038403
    -0.015928242
    -0.016679490
    -0.017284998
    -0.017738890
    -0.018036613
    -0.018174988
    -0.018152239
    -0.017968014
    -0.017623393
    -0.017120887
    -0.016464414
    -0.015659275
    -0.014712109
    -0.013630838
    -0.012424604
    -0.011103689
   -0.0096794305
   -0.0081641218
   -0.0065709084
   -0.0049136736
   -0.0032069176
   -0.0014656317
   0.00029483387
    0.0020589040
    0.0038109168
    0.0055352619
    0.0072165191
    0.0088395963
     0.010389864
     0.011853287
     0.013216552
     0.014467185
     0.015593671
     0.016585552
     0.017433531
     0.018129552
     0.018666883
     0.019040172
     0.019245509
     0.019280457
     0.019144086
     0.018836982
     0.018361249
     0.017720497
     0.016919814
     0.015965726
     0.014866147
     0.013630310
     0.012268692
     0.010792927
    0.0092157032
    0.0075506595
    0.0058122635
    0.0040156883
    0.0021766804
   0.00031142179
   -0.0015636119
   -0.0034317965
   -0.0052765058
   -0.0070812597
   -0.0088298705
    -0.010506588
    -0.012096240
    -0.013584371
    -0.014957370
    -0.016202598
    -0.017308502
    -0.018264720
    -0.019062182
    -0.019693191
    -0.020151498
    -0.020432365
    -0.020532608
    -0.020450638
    -0.020186474
    -0.019741756
    -0.019119730
    -0.018325233
    -0.017364647
    -0.016245859
    -0.014978186
    -0.013572309
    -0.012040173
    -0.010394894
   -0.0086506436
   -0.0068225285
   -0.0049264594
   -0.0029790137
  -0.00099729128
    0.0010012358
    0.0029988762
    0.0049778755
    0.0069205736
    0.0088095615
     0.010627837
     0.012358956
     0.013987184
     0.015497633
     0.016876402
     0.018110702
     0.019188974
     0.020100997
     0.020837985
     0.021392667
     0.021759365
     0.021934042
     0.021914350
     0.021699660
     0.021291066
     0.020691393
     0.019905171
     0.018938606
     0.017799530
     0.016497341
     0.015042922
     0.013448556
     0.011727818
    0.0098954626
    0.0079672989
    0.0059600523
    0.0038912220
    0.0017789283
  -0.00035824503
   -0.0025014140
   -0.0046315604
   -0.0067296994
   -0.0087770490
    -0.010755196
    -0.012646264
    -0.014433068
    -0.016099279
    -0.017629562
    -0.019009725
    -0.020226845
    -0.021269392
    -0.022127330
    -0.022792222
    -0.023257306
    -0.023517562
    -0.023569768
    -0.023412532
    -0.023046318
    -0.022473443
    -0.021698073
    -0.020726187
    -0.019565535
    -0.018225579
    -0.016717415
    -0.015053682
    -0.013248455
    -0.011317132
   -0.0092762984
   -0.0071435880
   -0.0049375305
   -0.0026773917
  -0.00038300574
    0.0019253975
    0.0042273707
    0.0065024286
    0.0087302299
     0.010890758
     0.012964501
     0.014932624
     0.016777143
     0.018481086
     0.020028649
     0.021405341
     0.022598118
     0.023595509
     0.024387719
     0.024966730
     0.025326378
     0.025462413
     0.025372552
     0.025056505
     0.024515987
     0.023754715
     0.022778381
     0.021594615
     0.020212923
     0.018644616
     0.016902713
     0.015001841
     0.012958108
     0.010788967
    0.0085130741
    0.0061501212
    0.0037206727
    0.0012459845
   -0.0012521799
   -0.0037517398
   -0.0062304915
   -0.0086663046
    -0.011037318
    -0.013322135
    -0.015500016
    -0.017551064
    -0.019456407
    -0.021198369
    -0.022760635
    -0.024128397
    -0.025288499
    -0.026229561
    -0.026942085
    -0.027418553
    -0.027653501
    -0.027643580
    -0.027387597
    -0.026886535
    -0.026143556
    -0.025163984
    -0.023955273
    -0.022526947
    -0.020890530
    -0.019059451
    -0.017048941
    -0.014875902
    -0.012558768
    -0.010117353
   -0.0075726766
   -0.0049467912
   -0.0022625875
   0.00045640173
    0.0031862071
    0.0059026323
    0.0085814669
     0.011198701
     0.013730740
     0.016154612
     0.018448180
     0.020590339
     0.022561209
     0.024342318
     0.025916775
     0.027269426
     0.028386998
     0.029258231
     0.029873983
     0.030227327
     0.030313624
     0.030130578
     0.029678266
     0.028959156
     0.027978094
     0.026742279
     0.025261211
     0.023546618
     0.021612369
     0.019474361
     0.017150393
     0.014660015
     0.012024369
    0.0092660119
    0.0064087199
    0.0034772893
   0.00049732137
   -0.0025049989
   -0.0055031310
   -0.0084704122
    -0.011380292
    -0.014206567
    -0.016923619
    -0.019506638
    -0.021931853
    -0.024176746
    -0.026220259
    -0.028042989
    -0.029627372
    -0.030957845
    -0.032021001
    -0.032805719
    -0.033303275
    -0.033507438
    -0.033414537
    -0.033023510
    -0.032335933
    -0.031356020
    -0.030090602
    -0.028549085
    -0.026743383
    -0.024687828
    -0.022399059
    -0.019895889
    -0.017199155
    -0.014331545
    -0.011317411
   -0.0081825617
   -0.0049540468
   -0.0016599251
    0.0016709771
    0.0050093157
    0.0083254843
     0.011589875
     0.014773138
     0.017846446
     0.020781750
     0.023552032
     0.026131554
     0.028496090
     0.030623152
     0.032492204
     0.034084850
     0.035385016
     0.036379108
     0.037056149
     0.037407890
     0.037428909
     0.037116674
     0.036471585
     0.035496996
     0.034199201
     0.032587401
     0.030673647
     0.028472748
     0.026002165
     0.023281873
     0.020334204
     0.017183667
     0.013856747
     0.010381686
    0.0067882483
    0.0031074645
  -0.00062862849
   -0.0043872648
   -0.0081352329
    -0.011839165
    -0.015465832
    -0.018982435
    -0.022356900
    -0.025558164
    -0.028556462
    -0.031323592
    -0.033833182
    -0.036060933
    -0.037984851
    -0.039585460
    -0.040845990
    -0.041752547
    -0.042294261
    -0.042463404
    -0.042255479
    -0.041669293
    -0.040706988
    -0.039374051
    -0.037679291
    -0.035634790
    -0.033255823
    -0.030560749
    -0.027570872
    -0.024310282
    -0.020805663
    -0.017086080
    -0.013182740
   -0.0091287426
   -0.0049587950
  -0.00070892642
    0.0035838202
    0.0078817058
     0.012146621
     0.016340419
     0.020425249
     0.024363896
     0.028120109
     0.031658932
     0.034947020
     0.037952949
     0.040647508
     0.043003974
     0.044998373
     0.046609712
     0.047820191
     0.048615390
     0.048984424
     0.048920071
     0.048418871
     0.047481188
     0.046111246
     0.044317123
     0.042110718
     0.039507683
     0.036527319
     0.033192443
     0.029529219
     0.025566961
     0.021337904
     0.016876954
     0.012221401
    0.0074106214
    0.0024857466
   -0.0025106758
   -0.0075350434
    -0.012543071
    -0.017490170
    -0.022331840
    -0.027024056
    -0.031523661
    -0.035788752
    -0.039779062
    -0.043456325
    -0.046784637
    -0.049730791
    -0.052264596
    -0.054359176
    -0.055991236
    -0.057141304
    -0.057793946
    -0.057937938
    -0.057566414
    -0.056676972
    -0.055271739
    -0.053357410
    -0.050945229
    -0.048050952
    -0.044694751
    -0.040901087
    -0.036698553
    -0.032119659
    -0.027200602
    -0.021980987
    -0.016503523
    -0.010813685
   -0.0049593484
    0.0010095971
    0.0070416613
     0.013084182
     0.019083772
     0.024986769
     0.030739710
     0.036289786
     0.041585322
     0.046576230
     0.051214470
     0.055454488
     0.059253649
     0.062572637
     0.065375840
     0.067631711
     0.069313083
     0.070397470
     0.070867318
     0.070710221
     0.069919095
     0.068492311
     0.066433779
     0.063752988
     0.060464999
     0.056590391
     0.052155152
     0.047190537
     0.041732862
     0.035823265
     0.029507416
     0.022835187
     0.015860283
    0.0086398315
    0.0012339394
   -0.0062947800
    -0.013881710
    -0.021460757
    -0.028964897
    -0.036326734
    -0.043479079
    -0.050355524
    -0.056891023
    -0.063022475
    -0.068689286
    -0.073833933
    -0.078402498
    -0.082345188
    -0.085616825
    -0.088177300
    -0.089992003
    -0.091032201
    -0.091275376
    -0.090705526
    -0.089313401
    -0.087096695
    -0.084060184
    -0.080215803
    -0.075582667
    -0.070187034
    -0.064062203
    -0.057248359
    -0.049792354
    -0.041747430
    -0.033172888
    -0.024133694
    -0.014700041
   -0.0049468574
    0.0050467373
     0.015198011
     0.025421243
     0.035628380
     0.045729729
     0.055634662
     0.065252356
     0.074492538
     0.083266242
     0.091486569
     0.099069441
      0.10593435
      0.11200511
      0.11721051
      0.12148508
      0.12476969
      0.12701218
      0.12816791
      0.12820034
      0.12708143
      0.12479211
      0.12132259
      0.11667267
      0.11085195
      0.10387997
     0.095786288
     0.086610489
     0.076402090
     0.065220398
     0.053134277
     0.040221842
     0.026570080
     0.012274398
   -0.0025619000
    -0.017828204
    -0.033407248
    -0.049175829
    -0.065005572
    -0.080763751
    -0.096314154
     -0.11151799
     -0.12623481
     -0.14032352
     -0.15364329
     -0.16605462
     -0.17742032
     -0.18760651
     -0.19648362
     -0.20392736
     -0.20981971
     -0.21404983
     -0.21651494
     -0.21712119
     -0.21578444
     -0.21243103
     -0.20699844
     -0.19943592
     -0.18970502
     -0.17778005
     -0.16364850
     -0.14731129
     -0.12878302
     -0.10809208
    -0.085280680
    -0.060404805
    -0.033534041
   -0.0047513394
     0.025847317
     0.058153347
     0.092046080
      0.12739336
      0.16405223
      0.20186969
      0.24068351
      0.28032315
      0.32061073
      0.36136202
      0.40238753
      0.44349358
      0.48448352
      0.52515881
      0.56532028
      0.60476931
      0.64330901
      0.68074547
      0.71688893
      0.75155494
      0.78456552
      0.81575024
      0.84494731
      0.87200456
      0.89678045
      0.91914488
      0.93898006
      0.95618126
      0.97065741
      0.98233177
      0.99114231
      0.99704219
       1.0000000
       1.0000000
      0.99704219
      0.99114231
      0.98233177
      0.97065741
      0.95618126
      0.93898006
      0.91914488
      0.89678045
      0.87200456
      0.84494731
      0.81575024
      0.78456552
      0.75155494
      0.71688893
      0.68074547
      0.64330901
      0.60476931
      0.56532028
      0.52515881
      0.48448352
      0.44349358
      0.40238753
      0.36136202
      0.32061073
      0.28032315
      0.24068351
      0.20186969
      0.16405223
      0.12739336
     0.092046080
     0.058153346
     0.025847317
   -0.0047513395
    -0.033534041
    -0.060404805
    -0.085280680
     -0.10809208
     -0.12878302
     -0.14731129
     -0.16364850
     -0.17778005
     -0.18970502
     -0.19943592
     -0.20699844
     -0.21243103
     -0.21578444
     -0.21712119
     -0.21651494
     -0.21404983
     -0.20981971
     -0.20392736
     -0.19648362
     -0.18760651
     -0.17742032
     -0.16605462
     -0.15364329
     -0.14032352
     -0.12623481
     -0.11151799
    -0.096314154
    -0.080763751
    -0.065005572
    -0.049175829
    -0.033407248
    -0.017828204
   -0.0025618999
     0.012274399
     0.026570081
     0.040221842
     0.053134277
     0.065220398
     0.076402090
     0.086610489
     0.095786288
      0.10387997
      0.11085195
      0.11667267
      0.12132259
      0.12479211
      0.12708143
      0.12820034
      0.12816791
      0.12701218
      0.12476969
      0.12148508
      0.11721051
      0.11200511
      0.10593435
     0.099069441
     0.091486569
     0.083266242
     0.074492538
     0.065252356
     0.055634662
     0.045729729
     0.035628381
     0.025421243
     0.015198011
    0.0050467375
   -0.0049468572
    -0.014700041
    -0.024133693
    -0.033172888
    -0.041747430
    -0.049792353
    -0.057248358
    -0.064062202
    -0.070187034
    -0.075582667
    -0.080215803
    -0.084060184
    -0.087096695
    -0.089313401
    -0.090705526
    -0.091275376
    -0.091032200
    -0.089992003
    -0.088177300
    -0.085616824
    -0.082345188
    -0.078402498
    -0.073833933
    -0.068689286
    -0.063022475
    -0.056891023
    -0.050355524
    -0.043479079
    -0.036326734
    -0.028964897
    -0.021460757
    -0.013881710
   -0.0062947800
    0.0012339393
    0.0086398314
     0.015860283
     0.022835187
     0.029507416
     0.035823265
     0.041732862
     0.047190537
     0.052155152
     0.056590390
     0.060464999
     0.063752987
     0.066433778
     0.068492311
     0.069919095
     0.070710221
     0.070867318
     0.070397470
     0.069313082
     0.067631710
     0.065375840
     0.062572636
     0.059253649
     0.055454488
     0.051214469
     0.046576230
     0.041585322
     0.036289786
     0.030739709
     0.024986769
     0.019083771
     0.013084182
    0.0070416611
    0.0010095969
   -0.0049593486
    -0.010813685
    -0.016503524
    -0.021980988
    -0.027200602
    -0.032119659
    -0.036698553
    -0.040901088
    -0.044694751
    -0.048050953
    -0.050945230
    -0.053357410
    -0.055271739
    -0.056676972
    -0.057566414
    -0.057937938
    -0.057793946
    -0.057141304
    -0.055991236
    -0.054359176
    -0.052264596
    -0.049730791
    -0.046784637
    -0.043456325
    -0.039779062
    -0.035788752
    -0.031523660
    -0.027024056
    -0.022331840
    -0.017490170
    -0.012543071
   -0.0075350433
   -0.0025106757
    0.0024857467
    0.0074106215
     0.012221401
     0.016876954
     0.021337904
     0.025566961
     0.029529219
     0.033192443
     0.036527319
     0.039507683
     0.042110718
     0.044317123
     0.046111246
     0.047481188
     0.048418871
     0.048920071
     0.048984424
     0.048615390
     0.047820191
     0.046609712
     0.044998373
     0.043003974
     0.040647508
     0.037952949
     0.034947020
     0.031658932
     0.028120109
     0.024363896
     0.020425249
     0.016340419
     0.012146621
    0.0078817057
    0.0035838202
  -0.00070892650
   -0.0049587950
   -0.0091287427
    -0.013182741
    -0.017086080
    -0.020805663
    -0.024310282
    -0.027570872
    -0.030560749
    -0.033255823
    -0.035634790
    -0.037679291
    -0.039374051
    -0.040706989
    -0.041669293
    -0.042255479
    -0.042463404
    -0.042294261
    -0.041752547
    -0.040845990
    -0.039585460
    -0.037984851
    -0.036060933
    -0.033833181
    -0.031323592
    -0.028556462
    -0.025558164
    -0.022356900
    -0.018982435
    -0.015465832
    -0.011839165
   -0.0081352328
   -0.0043872647
  -0.00062862839
    0.0031074646
    0.0067882484
     0.010381687
     0.013856747
     0.017183667
     0.020334204
     0.023281873
     0.026002165
     0.028472748
     0.030673647
     0.032587401
     0.034199201
     0.035496996
     0.036471586
     0.037116674
     0.037428910
     0.037407890
     0.037056149
     0.036379109
     0.035385016
     0.034084850
     0.032492204
     0.030623153
     0.028496090
     0.026131554
     0.023552032
     0.020781750
     0.017846446
     0.014773138
     0.011589875
    0.0083254844
    0.0050093158
    0.0016709772
   -0.0016599250
   -0.0049540467
   -0.0081825616
    -0.011317411
    -0.014331545
    -0.017199155
    -0.019895888
    -0.022399058
    -0.024687828
    -0.026743383
    -0.028549085
    -0.030090602
    -0.031356020
    -0.032335933
    -0.033023510
    -0.033414537
    -0.033507438
    -0.033303275
    -0.032805719
    -0.032021001
    -0.030957845
    -0.029627372
    -0.028042989
    -0.026220259
    -0.024176746
    -0.021931853
    -0.019506638
    -0.016923619
    -0.014206567
    -0.011380292
   -0.0084704123
   -0.0055031311
   -0.0025049990
   0.00049732127
    0.0034772892
    0.0064087198
    0.0092660118
     0.012024369
     0.014660014
     0.017150392
     0.019474361
     0.021612368
     0.023546618
     0.025261211
     0.026742279
     0.027978094
     0.028959156
     0.029678266
     0.030130578
     0.030313624
     0.030227327
     0.029873982
     0.029258231
     0.028386998
     0.027269426
     0.025916775
     0.024342318
     0.022561209
     0.020590339
     0.018448180
     0.016154612
     0.013730740
     0.011198701
    0.0085814669
    0.0059026322
    0.0031862071
   0.00045640172
   -0.0022625875
   -0.0049467912
   -0.0075726765
    -0.010117353
    -0.012558768
    -0.014875902
    -0.017048941
    -0.019059451
    -0.020890529
    -0.022526947
    -0.023955273
    -0.025163984
    -0.026143555
    -0.026886535
    -0.027387597
    -0.027643580
    -0.027653501
    -0.027418553
    -0.026942085
    -0.026229561
    -0.025288499
    -0.024128396
    -0.022760634
    -0.021198369
    -0.019456407
    -0.017551064
    -0.015500016
    -0.013322135
    -0.011037318
   -0.0086663044
   -0.0062304913
   -0.0037517396
   -0.0012521797
    0.0012459847
    0.0037206729
    0.0061501214
    0.0085130742
     0.010788968
     0.012958108
     0.015001841
     0.016902713
     0.018644616
     0.020212923
     0.021594615
     0.022778381
     0.023754715
     0.024515987
     0.025056504
     0.025372552
     0.025462413
     0.025326378
     0.024966730
     0.024387719
     0.023595509
     0.022598118
     0.021405341
     0.020028649
     0.018481086
     0.016777143
     0.014932624
     0.012964501
     0.010890758
    0.0087302298
    0.0065024284
    0.0042273705
    0.0019253974
  -0.00038300593
   -0.0026773918
   -0.0049375307
   -0.0071435882
   -0.0092762986
    -0.011317132
    -0.013248455
    -0.015053682
    -0.016717416
    -0.018225579
    -0.019565535
    -0.020726187
    -0.021698073
    -0.022473443
    -0.023046318
    -0.023412532
    -0.023569768
    -0.023517562
    -0.023257306
    -0.022792222
    -0.022127330
    -0.021269392
    -0.020226845
    -0.019009725
    -0.017629562
    -0.016099279
    -0.014433068
    -0.012646264
    -0.010755196
   -0.0087770489
   -0.0067296994
   -0.0046315603
   -0.0025014140
  -0.00035824499
    0.0017789284
    0.0038912220
    0.0059600523
    0.0079672989
    0.0098954627
     0.011727818
     0.013448556
     0.015042922
     0.016497341
     0.017799530
     0.018938606
     0.019905171
     0.020691393
     0.021291066
     0.021699660
     0.021914350
     0.021934042
     0.021759365
     0.021392667
     0.020837985
     0.020100997
     0.019188974
     0.018110701
     0.016876402
     0.015497633
     0.013987184
     0.012358956
     0.010627837
    0.0088095614
    0.0069205735
    0.0049778754
    0.0029988761
    0.0010012357
  -0.00099729139
   -0.0029790139
   -0.0049264595
   -0.0068225286
   -0.0086506437
    -0.010394894
    -0.012040173
    -0.013572309
    -0.014978186
    -0.016245859
    -0.017364647
    -0.018325233
    -0.019119730
    -0.019741756
    -0.020186474
    -0.020450638
    -0.020532608
    -0.020432365
    -0.020151498
    -0.019693191
    -0.019062182
    -0.018264720
    -0.017308502
    -0.016202598
    -0.014957370
    -0.013584371
    -0.012096240
    -0.010506588
   -0.0088298704
   -0.0070812595
   -0.0052765056
   -0.0034317963
   -0.0015636118
   0.00031142195
    0.0021766806
    0.0040156885
    0.0058122636
    0.0075506596
    0.0092157033
     0.010792927
     0.012268692
     0.013630310
     0.014866147
     0.015965727
     0.016919814
     0.017720497
     0.018361249
     0.018836982
     0.019144086
     0.019280457
     0.019245509
     0.019040172
     0.018666883
     0.018129552
     0.017433531
     0.016585552
     0.015593671
     0.014467185
     0.013216552
     0.011853287
     0.010389864
    0.0088395964
    0.0072165192
    0.0055352619
    0.0038109168
    0.0020589040
   0.00029483387
   -0.0014656317
   -0.0032069176
   -0.0049136736
   -0.0065709084
   -0.0081641218
   -0.0096794305
    -0.011103689
    -0.012424604
    -0.013630838
    -0.014712109
    -0.015659275
    -0.016464414
    -0.017120887
    -0.017623393
    -0.017968014
    -0.018152239
    -0.018174988
    -0.018036613
    -0.017738890
    -0.017284998
    -0.016679490
    -0.015928242
    -0.015038402
    -0.014018321
    -0.012877471
    -0.011626363
    -0.010276449
   -0.0088400154
   -0.0073300728
   -0.0057602397
   -0.0041446185
   -0.0024976696
  -0.00083408272
   0.00083135456
    0.0024838873
    0.0041089238
    0.0056921642
    0.0072197259
    0.0086782648
     0.010055092
     0.011338284
     0.012516783
     0.013580498
     0.014520384
     0.015328523
     0.015998188
     0.016523899
     0.016901471
     0.017128041
     0.017202093
     0.017123464
     0.016893347
     0.016514268
     0.015990064
     0.015325847
     0.014527949
     0.013603866
     0.012562187
     0.011412513
     0.010165373
    0.0088321236
    0.0074248464
    0.0059562415
    0.0044395109
    0.0028882409
    0.0013162803
  -0.00026238242
   -0.0018337438
   -0.0033839090
   -0.0048992147
   -0.0063663488
   -0.0077724676
   -0.0091053077
    -0.010353293
    -0.011505633
    -0.012552421
    -0.013484712
    -0.014294604
    -0.014975303
    -0.015521180
    -0.015927817
    -0.016192040
    -0.016311950
    -0.016286927
    -0.016117639
    -0.015806027
    -0.015355288
    -0.014769840
    -0.014055280
    -0.013218331
    -0.012266780
    -0.011209403
    -0.010055887
   -0.0088167430
   -0.0075032054
   -0.0061271347
   -0.0047009089
   -0.0032373129
   -0.0017494239
  -0.00025049490
    0.0012461630
    0.0027272987
    0.0041798383
    0.0055909999
    0.0069484062
    0.0082401928
    0.0094551113
     0.010582627
     0.011613012
     0.012537425
     0.013347990
     0.014037862
     0.014601286
     0.015033643
     0.015331486
     0.015492573
     0.015515876
     0.015401592
     0.015151135
     0.014767122
     0.014253341
     0.013614723
     0.012857288
     0.011988089
     0.011015151
    0.0099473927
    0.0087945472
    0.0075670729
    0.0062760590
    0.0049331254
    0.0035503185
    0.0021400032
   0.00071475259
  -0.00071276392
   -0.0021298930
   -0.0035241093
   -0.0048831262
   -0.0061950034
   -0.0074482522
   -0.0086319355
   -0.0097357632
    -0.010750182
    -0.011666455
    -0.012476743
    -0.013174164
    -0.013752857
    -0.014208027
    -0.014535988
    -0.014734191
    -0.014801240
    -0.014736909
    -0.014542132
    -0.014219000
    -0.013770730
    -0.013201643
    -0.012517114
    -0.011723528
    -0.010828218
   -0.0098393956
   -0.0087660806
   -0.0076180148
   -0.0064055756
   -0.0051396819
   -0.0038316963
   -0.0024933229
   -0.0011365031
   0.00022669117
    0.0015841641
    0.0029239037
    0.0042340877
    0.0055031874
    0.0067200697
    0.0078740936
    0.0089552039
    0.0099540184
     0.010861909
     0.011671075
     0.012374614
     0.012966575
     0.013442011
     0.013797023
     0.014028786
     0.014135577
     0.014116781
     0.013972901
     0.013705543
     0.013317405
     0.012812246
     0.012194852
     0.011470991
     0.010647359
    0.0097315155
    0.0087318201
    0.0076573515
    0.0065178268
    0.0053235142
    0.0040851401
    0.0028137931
    0.0015208249
   0.00021774900
   -0.0010838614
   -0.0023724765
   -0.0036367115
   -0.0048654269
   -0.0060478272
   -0.0071735547
   -0.0082327808
   -0.0092162911
    -0.010115566
    -0.010922854
    -0.011631237
    -0.012234694
    -0.012728145
    -0.013107501
    -0.013369691
    -0.013512693
    -0.013535543
    -0.013438345
    -0.013222267
    -0.012889526
    -0.012443366
    -0.011888030
    -0.011228715
    -0.010471528
   -0.0096234247
   -0.0086921516
   -0.0076861708
   -0.0066145851
   -0.0054870558
   -0.0043137153
   -0.0031050764
   -0.0018719385
  -0.00062529057
   0.00062378586
    0.0018642156
    0.0030850276
    0.0042754520
    0.0054250150
    0.0065236306
    0.0075616893
    0.0085301420
    0.0094205784
     0.010225300
     0.010937388
     0.011550759
     0.012060221
     0.012461515
     0.012751350
     0.012927431
     0.012988476
     0.012934226
     0.012765444
     0.012483905
     0.012092379
     0.011594604
     0.010995250
     0.010299875
    0.0095148757
    0.0086474256
    0.0077054124
    0.0066973647
    0.0056323758
    0.0045200216
    0.0033702744
    0.0021934139
   0.00099993508
  -0.00019954479
   -0.0013943809
   -0.0025739950
   -0.0037279691
   -0.0048461372
   -0.0059186748
   -0.0069361853
   -0.0078897816
   -0.0087711645
   -0.0095726939
    -0.010287456
    -0.010909321
    -0.011432997
    -0.011854076
    -0.012169067
    -0.012375430
    -0.012471591
    -0.012456958
    -0.012331919
    -0.012097844
    -0.011757061
    -0.011312841
    -0.010769364
    -0.010131678
   -0.0094056541
   -0.0085979337
   -0.0077158658
   -0.0067674409
   -0.0057612192
   -0.0047062531
   -0.0036120058
   -0.0024882666
   -0.0013450637
  -0.00019257435
   0.00095896530
    0.0020993511
    0.0032185012
    0.0043065452
    0.0053539109
    0.0063514085
    0.0072903111
    0.0081624310
    0.0089601911
    0.0096766902
     0.010305763
     0.010842033
     0.011280959
     0.011618870
     0.011853002
     0.011981514
     0.012003507
     0.011919026
     0.011729062
     0.011435535
     0.011041282
     0.010550023
    0.0099663316
    0.0092955882
    0.0085439338
    0.0077182121
    0.0068259080
    0.0058750794
    0.0048742850
    0.0038325070
    0.0027590708
    0.0016635616
   0.00055573869
  -0.00055455101
   -0.0016574607
   -0.0027432308
   -0.0038022752
   -0.0048252659
   -0.0058032150
   -0.0067275534
   -0.0075902062
   -0.0083836629
   -0.0091010424
   -0.0097361533
    -0.010283547
    -0.010738563
    -0.011097370
    -0.011357000
    -0.011515367
    -0.011571289
    -0.011524493
    -0.011375618
    -0.011126205
    -0.010778685
    -0.010336351
   -0.0098033282
   -0.0091845392
   -0.0084856544
   -0.0077130419
   -0.0068737096
   -0.0059752413
   -0.0050257288
   -0.0040336985
   -0.0030080355
   -0.0019579038
  -0.00089266443
   0.00017820753
    0.0012452076
    0.0022988857
    0.0033299304
    0.0043292503
    0.0052880548
    0.0061979310
    0.0070509176
    0.0078395742
    0.0085570464
    0.0091971253
    0.0097543008
     0.010223809
     0.010601675
     0.010884740
     0.011070697
     0.011158101
     0.011146386
     0.011035863
     0.010827719
     0.010524006
     0.010127614
    0.0096422535
    0.0090724115
    0.0084233166
    0.0077008880
    0.0069116829
    0.0060628364
    0.0051619973
    0.0042172595
    0.0032370888
    0.0022302478
    0.0012057171
   0.00017261555
  -0.00085988095
   -0.0018826208
   -0.0028865578
   -0.0038628309
   -0.0048028427
   -0.0056983348
   -0.0065414602
   -0.0073248523
   -0.0080416889
   -0.0086857519
   -0.0092514805
   -0.0097340199
    -0.010129262
    -0.010433882
    -0.010645364
    -0.010762022
    -0.010783015
    -0.010708352
    -0.010538889
    -0.010276321
   -0.0099231626
   -0.0094827296
   -0.0089591025
   -0.0083570912
   -0.0076821909
   -0.0069405316
   -0.0061388226
   -0.0052842921
   -0.0043846216
   -0.0034478777
   -0.0024824389
   -0.0014969217
  -0.00050010301
   0.00049915757
    0.0014919965
    0.0024696249
    0.0034234060
    0.0043449321
    0.0052260975
    0.0060591709
    0.0068368623
    0.0075523871
    0.0081995251
    0.0087726748
    0.0092669013
    0.0096779790
     0.010002428
     0.010237542
     0.010381414
     0.010432947
     0.010391866
     0.010258718
     0.010034862
    0.0097224630
    0.0093244625
    0.0088445567
    0.0082871605
    0.0076573668
    0.0069609003
    0.0062040654
    0.0053936896
    0.0045370614
    0.0036418652
    0.0027161123
    0.0017680693
   0.00080618447
  -0.00016098780
   -0.0011248627
   -0.0020769011
   -0.0030086856
   -0.0039119943
   -0.0047788736
   -0.0056017082
   -0.0063732877
   -0.0070868701
   -0.0077362403
   -0.0083157642
   -0.0088204377
   -0.0092459299
   -0.0095886197
   -0.0098456271
    -0.010014837
    -0.010094917
    -0.010085326
   -0.0099863209
   -0.0097989485
   -0.0095250382
   -0.0091671827
   -0.0087287137
   -0.0082136713
   -0.0076267668
   -0.0069733394
   -0.0062593080
   -0.0054911176
   -0.0046756808
   -0.0038203163
   -0.0029326829
   -0.0020207109
   -0.0010925316
  -0.00015640460
   0.00077935549
    0.0017064529
    0.0026166841
    0.0035020106
    0.0043546295
    0.0051670425
    0.0059321215
    0.0066431715
    0.0072939888
    0.0078789151
    0.0083928867
    0.0088314784
    0.0091909413
    0.0094682348
    0.0096610525
    0.0097678409
    0.0097878121
    0.0097209492
    0.0095680052
    0.0093304945
    0.0090106786
    0.0086115443
    0.0081367762
    0.0075907224
    0.0069783551
    0.0063052251
    0.0055774118
    0.0048014681
    0.0039843618
    0.0031334126
    0.0022562270
    0.0013606303
   0.00045459665
  -0.00045382180
   -0.0013565663
   -0.0022456432
   -0.0031131942
   -0.0039515663
   -0.0047533791
   -0.0055115893
   -0.0062195533
   -0.0068710844
   -0.0074605078
   -0.0079827093
   -0.0084331797
   -0.0088080541
   -0.0091041444
   -0.0093189668
   -0.0094507624
   -0.0094985113
   -0.0094619407
   -0.0093415257
   -0.0091384838
   -0.0088547628
   -0.0084930224
   -0.0080566089
   -0.0075495249
   -0.0069763923
   -0.0063424101
   -0.0056533078
   -0.0049152932
   -0.0041349966
   -0.0033194117
   -0.0024758324
   -0.0016117880
  -0.00073497573
   0.00014680738
    0.0010257341
    0.0018940162
    0.0027439737
    0.0035681024
    0.0043591404
    0.0051101320
    0.0058144884
    0.0064660461
    0.0070591203
    0.0075885548
    0.0080497663
    0.0084387846
    0.0087522863
    0.0089876233
    0.0091428451
    0.0092167149
    0.0092087191
    0.0091190709
    0.0089487069
    0.0086992778
    0.0083731321
    0.0079732947
    0.0075034384
    0.0069678504
    0.0063713932
    0.0057194607
    0.0050179290
    0.0042731041
    0.0034916648
    0.0026806032
    0.0018471616
   0.00099876882
   0.00014297301
  -0.00071262475
   -0.0015604382
   -0.0023929631
   -0.0032028435
   -0.0039829369
   -0.0047263769
   -0.0054266341
   -0.0060775726
   -0.0066735045
   -0.0072092393
   -0.0076801287
   -0.0080821074
   -0.0084117280
   -0.0086661904
   -0.0088433653
   -0.0089418126
   -0.0089607925
   -0.0089002708
   -0.0087609184
   -0.0085441039
   -0.0082518804
   -0.0078869659
   -0.0074527186
   -0.0069531056
   -0.0063926667
   -0.0057764735
   -0.0051100836
   -0.0043994899
   -0.0036510674
   -0.0028715160
   -0.0020678000
   -0.0012470867
  -0.00041668176
   0.00041603512
    0.0012436762
    0.0020589109
    0.0028545309
    0.0036235139
    0.0043590851
    0.0050547775
    0.0057044881
    0.0063025320
    0.0068436914
    0.0073232617
    0.0077370922
    0.0080816216
    0.0083539093
    0.0085516597
    0.0086732419
    0.0087177032
    0.0086847761
    0.0085748794
    0.0083891142
    0.0081292519
    0.0077977184
    0.0073975707
    0.0069324693
    0.0064066448
    0.0058248589
    0.0051923620
    0.0045148453
    0.0037983902
    0.0030494131
    0.0022746086
    0.0014808891
   0.00067532379
  -0.00013492475
  -0.00094266399
   -0.0017407353
   -0.0025220774
   -0.0032797886
   -0.0040071882
   -0.0046978746
   -0.0053457824
   -0.0059452351
   -0.0064909951
   -0.0069783090
   -0.0074029496
   -0.0077612519
   -0.0080501452
   -0.0082671789
   -0.0084105436
   -0.0084790860
   -0.0084723179
   -0.0083904199
   -0.0082342381
   -0.0080052760
   -0.0077056803
   -0.0073382200
   -0.0069062619
   -0.0064137391
   -0.0058651154
   -0.0052653450
   -0.0046198278
   -0.0039343605
   -0.0032150851
   -0.0024684334
   -0.0017010701
  -0.00091983258
  -0.00013167071
   0.00065641531
    0.0014374370
    0.0022044795
    0.0029507628
    0.0036697017
    0.0043549636
    0.0050005248
    0.0056007227
    0.0061503060
    0.0066444805
    0.0070789506
    0.0074499569
    0.0077543086
    0.0079894108
    0.0081532869
    0.0082445947
    0.0082626376
    0.0082073697
    0.0080793952
    0.0078799622
    0.0076109501
    0.0072748527
    0.0068747545
    0.0064143029
    0.0058976745
    0.0053295379
    0.0047150110
    0.0040596150
    0.0033692252
    0.0026500180
    0.0019084158
    0.0011510296
   0.00038460038
  -0.00038406132
   -0.0011481355
   -0.0019008533
   -0.0026355570
   -0.0033457589
   -0.0040251982
   -0.0046678969
   -0.0052682115
   -0.0058208833
   -0.0063210839
   -0.0067644575
   -0.0071471589
   -0.0074658867
   -0.0077179120
   -0.0079011011
   -0.0080139343
   -0.0080555178
   -0.0080255911
   -0.0079245280
   -0.0077533328
   -0.0075136298
   -0.0072076485
   -0.0068382027
   -0.0064086646
   -0.0059229343
   -0.0053854041
   -0.0048009192
   -0.0041747337
   -0.0035124635
   -0.0028200361
   -0.0021036375
   -0.0013696570
  -0.00062463010
   0.00012481952
   0.00087203888
    0.0016104048
    0.0023333823
    0.0030345830
    0.0037078209
    0.0043471673
    0.0049470028
    0.0055020668
    0.0060075035
    0.0064589045
    0.0068523469
    0.0071844277
    0.0074522932
    0.0076536630
    0.0077868501
    0.0078507744
    0.0078449716
    0.0077695963
    0.0076254200
    0.0074138229
    0.0071367812
    0.0067968484
    0.0063971319
    0.0059412647
    0.0054333724
    0.0048780357
    0.0042802494
    0.0036453773
    0.0029791042
    0.0022873851
    0.0015763917
   0.00085245775
   0.00012202238
  -0.00060842701
   -0.0013324124
   -0.0020435226
   -0.0027354698
   -0.0034021454
   -0.0040376740
   -0.0046364645
   -0.0051932601
   -0.0057031839
   -0.0061617817
   -0.0065650609
   -0.0069095254
   -0.0071922055
   -0.0074106839
   -0.0075631157
   -0.0076482449
   -0.0076654137
   -0.0076145681
   -0.0074962573
   -0.0073116278
   -0.0070624127
   -0.0067509152
   -0.0063799877
   -0.0059530051
   -0.0054738350
   -0.0049468018
   -0.0043766485
   -0.0037684932
   -0.0031277842
   -0.0024602501
   -0.0017718498
   -0.0010687181
  -0.00035711199
   0.00035664532
    0.0010662207
    0.0017653271
    0.0024477792
    0.0031075482
    0.0037388152
    0.0043360222
    0.0048939209
    0.0054076196
    0.0058726248
    0.0062848819
    0.0066408092
    0.0069373299
    0.0071718984
    0.0073425219
    0.0074477776
    0.0074868242
    0.0074594091
    0.0073658690
    0.0072071267
    0.0069846819
    0.0067005972
    0.0063574787
    0.0059584524
    0.0055071358
    0.0050076049
    0.0044643577
    0.0038822733
    0.0032665687
    0.0026227515
    0.0019565709
    0.0012739665
   0.00058101512
  -0.00011612297
  -0.00081125913
   -0.0014982310
   -0.0021709574
   -0.0028234916
   -0.0034500744
   -0.0040451850
   -0.0046035888
   -0.0051203845
   -0.0055910462
   -0.0060114637
   -0.0063779779
   -0.0066874127
   -0.0069371028
   -0.0071249163
   -0.0072492728
   -0.0073091571
   -0.0073041269
   -0.0072343163
   -0.0071004339
   -0.0069037550
   -0.0066461105
   -0.0063298692
   -0.0059579163
   -0.0055336273
   -0.0050608369
   -0.0045438048
   -0.0039871772
   -0.0033959451
   -0.0027753994
   -0.0021310840
   -0.0014687458
  -0.00079428374
  -0.00011369618
   0.00056697232
    0.0012416847
    0.0019044650
    0.0025494512
    0.0031709470
    0.0037634722
    0.0043218110
    0.0048410578
    0.0053166603
    0.0057444594
    0.0061207257
    0.0064421917
    0.0067060805
    0.0069101294
    0.0070526093
    0.0071323398
    0.0071486983
    0.0071016252
    0.0069916233
    0.0068197530
    0.0065876219
    0.0062973697
    0.0059516489
    0.0055536002
    0.0051068241
    0.0046153486
    0.0040835925
    0.0035163260
    0.0029186278
    0.0022958398
    0.0016535192
   0.00099738885
   0.00033328669
  -2.2044735e-08
