  -0.00010873315
  -6.7220633e-05
   6.7306164e-05
   0.00010893611
  -2.5218470e-08
  -0.00010909752
  -6.7446156e-05
   6.7531240e-05
   0.00010930004
  -2.6830439e-08
  -0.00010946447
  -6.7672716e-05
   6.7758800e-05
   0.00010966821
  -2.6407290e-08
  -0.00010983286
  -6.7899300e-05
   6.7989105e-05
   0.00011003906
  -2.7949984e-08
  -0.00011020477
  -6.8129450e-05
   6.8219432e-05
   0.00011041114
  -2.8204189e-08
  -0.00011057866
  -6.8360396e-05
   6.8451286e-05
   0.00011078698
  -2.7191241e-08
  -0.00011095405
  -6.8592089e-05
   6.8684401e-05
   0.00011116326
  -2.9105724e-08
  -0.00011133294
  -6.8824347e-05
   6.8921775e-05
   0.00011154503
  -2.9254914e-08
  -0.00011171574
  -6.9061353e-05
   6.9157932e-05
   0.00011192678
  -3.1377701e-08
  -0.00011210132
  -6.9298762e-05
   6.9396549e-05
   0.00011231296
  -3.0244039e-08
  -0.00011248646
  -6.9537193e-05
   6.9635868e-05
   0.00011269993
  -3.2037319e-08
  -0.00011287687
  -6.9777851e-05
   6.9878117e-05
   0.00011309150
  -3.2341528e-08
  -0.00011326916
  -7.0020853e-05
   7.0120520e-05
   0.00011348422
  -3.4113922e-08
  -0.00011366463
  -7.0264268e-05
   7.0367302e-05
   0.00011388203
  -3.2960274e-08
  -0.00011406087
  -7.0508118e-05
   7.0614973e-05
   0.00011428107
  -3.4616706e-08
  -0.00011446301
  -7.0757165e-05
   7.0862028e-05
   0.00011468230
  -3.5465460e-08
  -0.00011486686
  -7.1006671e-05
   7.1112728e-05
   0.00011508841
  -3.4613020e-08
  -0.00011527108
  -7.1256189e-05
   7.1366155e-05
   0.00011549655
  -3.4894150e-08
  -0.00011568072
  -7.1509928e-05
   7.1618839e-05
   0.00011590491
  -3.7867213e-08
  -0.00011609394
  -7.1762783e-05
   7.1877367e-05
   0.00011632054
  -3.6591381e-08
  -0.00011650804
  -7.2019353e-05
   7.2133921e-05
   0.00011673636
  -3.7281240e-08
  -0.00011692623
  -7.2277124e-05
   7.2393221e-05
   0.00011715570
  -3.8595628e-08
  -0.00011734724
  -7.2538033e-05
   7.2653796e-05
   0.00011757684
  -3.9741889e-08
  -0.00011777191
  -7.2798764e-05
   7.2918108e-05
   0.00011800331
  -4.0702643e-08
  -0.00011819953
  -7.3063104e-05
   7.3182194e-05
   0.00011843092
  -4.2277274e-08
  -0.00011862990
  -7.3328970e-05
   7.3449980e-05
   0.00011886356
  -4.2552802e-08
  -0.00011906321
  -7.3596082e-05
   7.3719984e-05
   0.00011929881
  -4.2892827e-08
  -0.00011949976
  -7.3865901e-05
   7.3989910e-05
   0.00011973559
  -4.4806316e-08
  -0.00011994071
  -7.4137706e-05
   7.4263459e-05
   0.00012017801
  -4.4077849e-08
  -0.00012038213
  -7.4410332e-05
   7.4538519e-05
   0.00012062192
  -4.5607812e-08
  -0.00012082939
  -7.4686125e-05
   7.4816057e-05
   0.00012106980
  -4.7084807e-08
  -0.00012127956
  -7.4963310e-05
   7.5096130e-05
   0.00012152168
  -4.7314234e-08
  -0.00012173186
  -7.5242948e-05
   7.5376901e-05
   0.00012197584
  -4.7308503e-08
  -0.00012218755
  -7.5524600e-05
   7.5659638e-05
   0.00012243326
  -4.9682387e-08
  -0.00012264849
  -7.5808628e-05
   7.5946023e-05
   0.00012289503
  -4.9914561e-08
  -0.00012311173
  -7.6093971e-05
   7.6234361e-05
   0.00012336111
  -5.0193195e-08
  -0.00012357847
  -7.6382219e-05
   7.6524003e-05
   0.00012382922
  -5.0926894e-08
  -0.00012404832
  -7.6672296e-05
   7.6815872e-05
   0.00012430124
  -5.1515607e-08
  -0.00012452209
  -7.6965465e-05
   7.7109315e-05
   0.00012477569
  -5.3804398e-08
  -0.00012500059
  -7.7259947e-05
   7.7407405e-05
   0.00012525562
  -5.4916659e-08
  -0.00012548267
  -7.7557773e-05
   7.7705537e-05
   0.00012573825
  -5.5059824e-08
  -0.00012596694
  -7.7856652e-05
   7.8007044e-05
   0.00012622516
  -5.6158070e-08
  -0.00012645576
  -7.8158009e-05
   7.8310896e-05
   0.00012671494
  -5.8908165e-08
  -0.00012695011
  -7.8463080e-05
   7.8616681e-05
   0.00012720976
  -5.8590179e-08
  -0.00012744528
  -7.8768291e-05
   7.8925636e-05
   0.00012770879
  -5.9119358e-08
  -0.00012794551
  -7.9077068e-05
   7.9236647e-05
   0.00012821181
  -5.8684449e-08
  -0.00012844889
  -7.9388438e-05
   7.9549146e-05
   0.00012871696
  -6.0316548e-08
  -0.00012895739
  -7.9701187e-05
   7.9866123e-05
   0.00012922776
  -6.1826893e-08
  -0.00012947133
  -8.0019206e-05
   8.0182760e-05
   0.00012974088
  -6.3705204e-08
  -0.00012998797
  -8.0337917e-05
   8.0504078e-05
   0.00013025976
  -6.3424054e-08
  -0.00013050734
  -8.0658003e-05
   8.0826776e-05
   0.00013078062
  -6.6831967e-08
  -0.00013103344
  -8.0982377e-05
   8.1153865e-05
   0.00013130896
  -6.5642440e-08
  -0.00013156104
  -8.1307882e-05
   8.1483062e-05
   0.00013184055
  -6.6751303e-08
  -0.00013209497
  -8.1637724e-05
   8.1814182e-05
   0.00013237575
  -6.7692493e-08
  -0.00013263234
  -8.1969522e-05
   8.2148143e-05
   0.00013291533
  -6.8629240e-08
  -0.00013317437
  -8.2303704e-05
   8.2485641e-05
   0.00013345978
  -6.9381689e-08
  -0.00013372090
  -8.2641558e-05
   8.2822805e-05
   0.00013400569
  -7.2829175e-08
  -0.00013427338
  -8.2981963e-05
   8.3166361e-05
   0.00013456134
  -7.1951120e-08
  -0.00013482760
  -8.3323644e-05
   8.3512097e-05
   0.00013511840
  -7.4159698e-08
  -0.00013538828
  -8.3670389e-05
   8.3858974e-05
   0.00013567981
  -7.4699937e-08
  -0.00013595280
  -8.4018611e-05
   8.4209570e-05
   0.00013624555
  -7.7501600e-08
  -0.00013652305
  -8.4369839e-05
   8.4564316e-05
   0.00013681817
  -7.8103255e-08
  -0.00013709706
  -8.4724093e-05
   8.4921675e-05
   0.00013739536
  -7.8379793e-08
  -0.00013767521
  -8.5079850e-05
   8.5282644e-05
   0.00013797770
  -7.9364313e-08
  -0.00013825961
  -8.5441270e-05
   8.5644060e-05
   0.00013856238
  -8.2310262e-08
  -0.00013885043
  -8.5805945e-05
   8.6009784e-05
   0.00013915424
  -8.2473784e-08
  -0.00013944328
  -8.6172012e-05
   8.6379768e-05
   0.00013975114
  -8.3462919e-08
  -0.00014004334
  -8.6542529e-05
   8.6751955e-05
   0.00014035214
  -8.4683009e-08
  -0.00014064724
  -8.6913736e-05
   8.7128584e-05
   0.00014095966
  -8.5778972e-08
  -0.00014125697
  -8.7290957e-05
   8.7506562e-05
   0.00014157112
  -8.7236379e-08
  -0.00014187195
  -8.7669900e-05
   8.7888734e-05
   0.00014218822
  -8.9506568e-08
  -0.00014249284
  -8.8053173e-05
   8.8274170e-05
   0.00014281080
  -9.0302381e-08
  -0.00014311756
  -8.8437999e-05
   8.8663976e-05
   0.00014343975
  -9.1633467e-08
  -0.00014374973
  -8.8828793e-05
   8.9055486e-05
   0.00014407313
  -9.2580146e-08
  -0.00014438487
  -8.9218945e-05
   8.9453847e-05
   0.00014471444
  -9.3284735e-08
  -0.00014502756
  -8.9616130e-05
   8.9852573e-05
   0.00014535976
  -9.4587410e-08
  -0.00014567660
  -9.0018244e-05
   9.0253957e-05
   0.00014600898
  -9.7502345e-08
  -0.00014633202
  -9.0422214e-05
   9.0661093e-05
   0.00014666612
  -9.8568673e-08
  -0.00014699186
  -9.0828733e-05
   9.1071896e-05
   0.00014732919
  -1.0043100e-07
  -0.00014765838
  -9.1240401e-05
   9.1485113e-05
   0.00014799721
  -1.0172779e-07
  -0.00014833039
  -9.1654672e-05
   9.1902940e-05
   0.00014867317
  -1.0165448e-07
  -0.00014900666
  -9.2072296e-05
   9.2324214e-05
   0.00014935230
  -1.0536637e-07
  -0.00014969279
  -9.2495396e-05
   9.2748710e-05
   0.00015003847
  -1.0839717e-07
  -0.00015038419
  -9.2921709e-05
   9.3179511e-05
   0.00015073343
  -1.0866050e-07
  -0.00015108113
  -9.3351649e-05
   9.3613008e-05
   0.00015143385
  -1.0946436e-07
  -0.00015178390
  -9.3784826e-05
   9.4050622e-05
   0.00015214071
  -1.1152753e-07
  -0.00015249400
  -9.4223276e-05
   9.4491965e-05
   0.00015285287
  -1.1410824e-07
  -0.00015321181
  -9.4665385e-05
   9.4938622e-05
   0.00015357440
  -1.1438378e-07
  -0.00015393494
  -9.5111423e-05
   9.5388525e-05
   0.00015430070
  -1.1671653e-07
  -0.00015466597
  -9.5562450e-05
   9.5843168e-05
   0.00015503531
  -1.1731359e-07
  -0.00015540373
  -9.6018994e-05
   9.6299867e-05
   0.00015577451
  -1.1964027e-07
  -0.00015614793
  -9.6477152e-05
   9.6763467e-05
   0.00015652222
  -1.2158346e-07
  -0.00015689870
  -9.6939491e-05
   9.7232632e-05
   0.00015727845
  -1.2338074e-07
  -0.00015765943
  -9.7409886e-05
   9.7703138e-05
   0.00015803995
  -1.2599991e-07
  -0.00015842651
  -9.7882992e-05
   9.8179760e-05
   0.00015881049
  -1.2645899e-07
  -0.00015919892
  -9.8359166e-05
   9.8662171e-05
   0.00015958847
  -1.2833445e-07
  -0.00015997981
  -9.8840474e-05
   9.9148420e-05
   0.00016037127
  -1.3295787e-07
  -0.00016077246
  -9.9329910e-05
   9.9637795e-05
   0.00016116502
  -1.3291200e-07
  -0.00016156658
  -9.9818295e-05
   0.00010013636
   0.00016196736
  -1.3388640e-07
  -0.00016237115
  -0.00010031542
   0.00010063551
   0.00016277413
  -1.3751200e-07
  -0.00016318496
  -0.00010081724
   0.00010114186
   0.00016359138
  -1.3871020e-07
  -0.00016400529
  -0.00010132354
   0.00010165239
   0.00016441507
  -1.4170163e-07
  -0.00016483574
  -0.00010183476
   0.00010216969
   0.00016525084
  -1.4196245e-07
  -0.00016567318
  -0.00010235217
   0.00010268970
   0.00016609148
  -1.4505960e-07
  -0.00016652052
  -0.00010287553
   0.00010321558
   0.00016694116
  -1.4801581e-07
  -0.00016737651
  -0.00010340277
   0.00010374882
   0.00016780134
  -1.4987752e-07
  -0.00016823983
  -0.00010393528
   0.00010428658
   0.00016866912
  -1.5208960e-07
  -0.00016911390
  -0.00010447485
   0.00010482833
   0.00016954632
  -1.5350849e-07
  -0.00016999439
  -0.00010501754
   0.00010537843
   0.00017043286
  -1.5602103e-07
  -0.00017088659
  -0.00010556770
   0.00010593318
   0.00017132808
  -1.5928304e-07
  -0.00017178842
  -0.00010612399
   0.00010649341
   0.00017223358
  -1.6013180e-07
  -0.00017269712
  -0.00010668366
   0.00010706094
   0.00017314854
  -1.6302365e-07
  -0.00017361791
  -0.00010725262
   0.00010763149
   0.00017407060
  -1.6725238e-07
  -0.00017454978
  -0.00010782732
   0.00010821020
   0.00017500700
  -1.6695799e-07
  -0.00017548650
  -0.00010840423
   0.00010879673
   0.00017595194
  -1.7072619e-07
  -0.00017643790
  -0.00010899159
   0.00010938767
   0.00017690672
  -1.7174599e-07
  -0.00017739696
  -0.00010958218
   0.00010998605
   0.00017787167
  -1.7573183e-07
  -0.00017836927
  -0.00011018219
   0.00011058967
   0.00017884739
  -1.7788158e-07
  -0.00017935049
  -0.00011078780
   0.00011120039
   0.00017983327
  -1.8103359e-07
  -0.00018034297
  -0.00011139911
   0.00011181921
   0.00018083161
  -1.8295639e-07
  -0.00018134612
  -0.00011201821
   0.00011244312
   0.00018183921
  -1.8654885e-07
  -0.00018236181
  -0.00011264421
   0.00011307539
   0.00018286079
  -1.8780691e-07
  -0.00018338591
  -0.00011327647
   0.00011371326
   0.00018388955
  -1.9281908e-07
  -0.00018442573
  -0.00011391696
   0.00011436092
   0.00018493549
  -1.9312703e-07
  -0.00018547478
  -0.00011456501
   0.00011501159
   0.00018598724
  -1.9834830e-07
  -0.00018653707
  -0.00011521851
   0.00011567409
   0.00018705611
  -2.0117982e-07
  -0.00018761022
  -0.00011588080
   0.00011634295
   0.00018813456
  -2.0542319e-07
  -0.00018869791
  -0.00011655175
   0.00011701884
   0.00018922637
  -2.0803176e-07
  -0.00018979664
  -0.00011722881
   0.00011770345
   0.00019033173
  -2.1044372e-07
  -0.00019090763
  -0.00011791327
   0.00011839678
   0.00019144978
  -2.1424397e-07
  -0.00019203323
  -0.00011860766
   0.00011909692
   0.00019258058
  -2.1700368e-07
  -0.00019317068
  -0.00011930919
   0.00011980605
   0.00019372452
  -2.2071338e-07
  -0.00019432269
  -0.00012001886
   0.00012052344
   0.00019488236
  -2.2428196e-07
  -0.00019548847
  -0.00012073830
   0.00012124879
   0.00019605453
  -2.2760661e-07
  -0.00019666855
  -0.00012146581
   0.00012198437
   0.00019724156
  -2.3109926e-07
  -0.00019786293
  -0.00012220220
   0.00012272753
   0.00019844186
  -2.3449407e-07
  -0.00019907136
  -0.00012294805
   0.00012347952
   0.00019965596
  -2.3862740e-07
  -0.00020029434
  -0.00012370036
   0.00012424354
   0.00020088720
  -2.4123365e-07
  -0.00020153206
  -0.00012446371
   0.00012501489
   0.00020213305
  -2.4509418e-07
  -0.00020278634
  -0.00012523785
   0.00012579547
   0.00020339312
  -2.4954431e-07
  -0.00020405734
  -0.00012602206
   0.00012658456
   0.00020466878
  -2.5437418e-07
  -0.00020534257
  -0.00012681339
   0.00012738750
   0.00020596251
  -2.5834229e-07
  -0.00020664442
  -0.00012761497
   0.00012820057
   0.00020727358
  -2.6118305e-07
  -0.00020796225
  -0.00012842797
   0.00012902086
   0.00020859767
  -2.6724093e-07
  -0.00020929889
  -0.00012925199
   0.00012985302
   0.00020994155
  -2.7108262e-07
  -0.00021065202
  -0.00013008676
   0.00013069607
   0.00021130246
  -2.7472537e-07
  -0.00021202214
  -0.00013093089
   0.00013154980
   0.00021268013
  -2.8016779e-07
  -0.00021341072
  -0.00013178688
   0.00013241533
   0.00021407625
  -2.8532782e-07
  -0.00021481862
  -0.00013265436
   0.00013329279
   0.00021549318
  -2.8850769e-07
  -0.00021624317
  -0.00013353387
   0.00013417971
   0.00021692489
  -2.9392794e-07
  -0.00021768772
  -0.00013442292
   0.00013508256
   0.00021838152
  -2.9618086e-07
  -0.00021914949
  -0.00013532425
   0.00013599505
   0.00021985234
  -3.0272253e-07
  -0.00022063424
  -0.00013623934
   0.00013691937
   0.00022134454
  -3.0851448e-07
  -0.00022213873
  -0.00013716669
   0.00013785675
   0.00022285772
  -3.1256845e-07
  -0.00022366209
  -0.00013810529
   0.00013880805
   0.00022439275
  -3.1744156e-07
  -0.00022520781
  -0.00013905802
   0.00013977209
   0.00022594781
  -3.2257370e-07
  -0.00022677483
  -0.00014002354
   0.00014074873
   0.00022752425
  -3.2870570e-07
  -0.00022836429
  -0.00014100358
   0.00014173963
   0.00022912270
  -3.3513347e-07
  -0.00022997682
  -0.00014199728
   0.00014274464
   0.00023074486
  -3.3984775e-07
  -0.00023161057
  -0.00014300457
   0.00014376303
   0.00023238823
  -3.4640127e-07
  -0.00023326762
  -0.00014402432
   0.00014479896
   0.00023405853
  -3.5137813e-07
  -0.00023494938
  -0.00014506181
   0.00014584690
   0.00023574957
  -3.5926777e-07
  -0.00023665733
  -0.00014611441
   0.00014691067
   0.00023746710
  -3.6467322e-07
  -0.00023838739
  -0.00014718035
   0.00014799177
   0.00023921071
  -3.6985034e-07
  -0.00024014328
  -0.00014826304
   0.00014908691
   0.00024097711
  -3.7737624e-07
  -0.00024192668
  -0.00014936081
   0.00015019967
   0.00024277265
  -3.8402018e-07
  -0.00024373646
  -0.00015047678
   0.00015132823
   0.00024459417
  -3.9030927e-07
  -0.00024557207
  -0.00015160704
   0.00015247573
   0.00024644346
  -3.9814123e-07
  -0.00024743774
  -0.00015275736
   0.00015363931
   0.00024832140
  -4.0316010e-07
  -0.00024932947
  -0.00015392347
   0.00015481919
   0.00025022516
  -4.1254436e-07
  -0.00025125206
  -0.00015510707
   0.00015602034
   0.00025216166
  -4.1912485e-07
  -0.00025320386
  -0.00015630993
   0.00015723805
   0.00025412584
  -4.2812985e-07
  -0.00025518760
  -0.00015753166
   0.00015847624
   0.00025612368
  -4.3463980e-07
  -0.00025720053
  -0.00015877254
   0.00015973299
   0.00025815095
  -4.4287207e-07
  -0.00025924645
  -0.00016003255
   0.00016101100
   0.00026021233
  -4.5066502e-07
  -0.00026132493
  -0.00016131280
   0.00016230967
   0.00026230580
  -4.5942442e-07
  -0.00026343807
  -0.00016261504
   0.00016362735
   0.00026443278
  -4.6786363e-07
  -0.00026558347
  -0.00016393648
   0.00016496923
   0.00026659504
  -4.7698668e-07
  -0.00026776593
  -0.00016528000
   0.00016633327
   0.00026879451
  -4.8501241e-07
  -0.00026998411
  -0.00016664710
   0.00016771819
   0.00027102926
  -4.9379406e-07
  -0.00027223820
  -0.00016803514
   0.00016912845
   0.00027330172
  -5.0304505e-07
  -0.00027453144
  -0.00016944774
   0.00017056002
   0.00027560961
  -5.1599129e-07
  -0.00027686684
  -0.00017088610
   0.00017201623
   0.00027796066
  -5.2432171e-07
  -0.00027923780
  -0.00017234685
   0.00017349897
   0.00028035151
  -5.3360274e-07
  -0.00028164990
  -0.00017383168
   0.00017500792
   0.00028278367
  -5.4435447e-07
  -0.00028410495
  -0.00017534408
   0.00017654257
   0.00028525798
  -5.5480783e-07
  -0.00028660353
  -0.00017688297
   0.00017810428
   0.00028777662
  -5.6507757e-07
  -0.00028914539
  -0.00017844854
   0.00017969338
   0.00029033797
  -5.7840124e-07
  -0.00029173568
  -0.00018004353
   0.00018131122
   0.00029294773
  -5.8969710e-07
  -0.00029437075
  -0.00018166729
   0.00018295817
   0.00029560321
  -6.0123935e-07
  -0.00029705379
  -0.00018331786
   0.00018463742
   0.00029831035
  -6.1200570e-07
  -0.00029978433
  -0.00018499953
   0.00018634627
   0.00030106399
  -6.2562637e-07
  -0.00030256757
  -0.00018671330
   0.00018808718
   0.00030387041
  -6.3838752e-07
  -0.00030540314
  -0.00018845975
   0.00018985963
   0.00030672842
  -6.5252657e-07
  -0.00030829258
  -0.00019023842
   0.00019166690
   0.00030964211
  -6.6637006e-07
  -0.00031123684
  -0.00019205192
   0.00019350806
   0.00031261056
  -6.8103482e-07
  -0.00031423852
  -0.00019390000
   0.00019538520
   0.00031563729
  -6.9487883e-07
  -0.00031729591
  -0.00019578055
   0.00019730271
   0.00031872541
  -7.0991113e-07
  -0.00032041711
  -0.00019770392
   0.00019925276
   0.00032186988
  -7.2577106e-07
  -0.00032359752
  -0.00019966070
   0.00020124580
   0.00032508046
  -7.4095333e-07
  -0.00032684233
  -0.00020165823
   0.00020327742
   0.00032835495
  -7.5712392e-07
  -0.00033015306
  -0.00020369617
   0.00020535090
   0.00033169577
  -7.7455388e-07
  -0.00033353294
  -0.00020577645
   0.00020746586
   0.00033510553
  -7.9163340e-07
  -0.00033698003
  -0.00020789752
   0.00020962705
   0.00033858619
  -8.1005939e-07
  -0.00034050118
  -0.00021006491
   0.00021183155
   0.00034213905
  -8.2895642e-07
  -0.00034409628
  -0.00021227661
   0.00021408510
   0.00034576947
  -8.4742715e-07
  -0.00034776783
  -0.00021453633
   0.00021638528
   0.00034947629
  -8.6705470e-07
  -0.00035151840
  -0.00021684546
   0.00021873505
   0.00035326240
  -8.8698616e-07
  -0.00035535087
  -0.00021920382
   0.00022113636
   0.00035713153
  -9.0951056e-07
  -0.00035926914
  -0.00022161411
   0.00022359332
   0.00036108919
  -9.2883890e-07
  -0.00036327189
  -0.00022407772
   0.00022610244
   0.00036513196
  -9.5220765e-07
  -0.00036736646
  -0.00022659579
   0.00022867212
   0.00036926976
  -9.7507750e-07
  -0.00037155509
  -0.00022917344
   0.00023129757
   0.00037349871
  -1.0008306e-06
  -0.00037584041
  -0.00023180962
   0.00023398518
   0.00037782795
  -1.0250400e-06
  -0.00038022464
  -0.00023450628
   0.00023673704
   0.00038225921
  -1.0500821e-06
  -0.00038471253
  -0.00023726700
   0.00023955267
   0.00038679511
  -1.0763518e-06
  -0.00038930703
  -0.00024009341
   0.00024243674
   0.00039143856
  -1.1049362e-06
  -0.00039401425
  -0.00024298854
   0.00024539092
   0.00039619658
  -1.1325755e-06
  -0.00039883590
  -0.00024595414
   0.00024841755
   0.00040107086
  -1.1631176e-06
  -0.00040377645
  -0.00024899189
   0.00025152102
   0.00040606563
  -1.1956405e-06
  -0.00040884292
  -0.00025210692
   0.00025470239
   0.00041118782
  -1.2273358e-06
  -0.00041403636
  -0.00025530015
   0.00025796516
   0.00041644140
  -1.2592495e-06
  -0.00041936215
  -0.00025857520
   0.00026131270
   0.00042183003
  -1.2947874e-06
  -0.00042483001
  -0.00026193829
   0.00026474638
   0.00042735867
  -1.3313473e-06
  -0.00043044014
  -0.00026538597
   0.00026827546
   0.00043303773
  -1.3668376e-06
  -0.00043619945
  -0.00026892604
   0.00027189828
   0.00043886701
  -1.4070249e-06
  -0.00044211775
  -0.00027256338
   0.00027561884
   0.00044485551
  -1.4481754e-06
  -0.00044819728
  -0.00027630081
   0.00027944314
   0.00045101058
  -1.4885202e-06
  -0.00045444479
  -0.00028014083
   0.00028337457
   0.00045733674
  -1.5342338e-06
  -0.00046087240
  -0.00028409123
   0.00028741925
   0.00046384482
  -1.5791749e-06
  -0.00046748203
  -0.00028815240
   0.00029158085
   0.00047053951
  -1.6284771e-06
  -0.00047428550
  -0.00029233246
   0.00029586453
   0.00047743122
  -1.6781248e-06
  -0.00048128833
  -0.00029663487
   0.00030027732
   0.00048452915
  -1.7294605e-06
  -0.00048850202
  -0.00030106621
   0.00030482156
   0.00049183858
  -1.7857639e-06
  -0.00049593579
  -0.00030563342
   0.00030950576
   0.00049937292
  -1.8421043e-06
  -0.00050359800
  -0.00031033914
   0.00031433671
   0.00050714117
  -1.9036748e-06
  -0.00051150233
  -0.00031519417
   0.00031932020
   0.00051515511
  -1.9663138e-06
  -0.00051965682
  -0.00032020136
   0.00032446548
   0.00052342750
  -2.0318783e-06
  -0.00052807694
  -0.00032537221
   0.00032977695
   0.00053196873
  -2.1013761e-06
  -0.00053677246
  -0.00033070977
   0.00033526917
   0.00054079567
  -2.1733859e-06
  -0.00054576013
  -0.00033622802
   0.00034094446
   0.00054991798
  -2.2498237e-06
  -0.00055505412
  -0.00034193278
   0.00034681593
   0.00055935438
  -2.3300639e-06
  -0.00056466973
  -0.00034783327
   0.00035289390
   0.00056912049
  -2.4157456e-06
  -0.00057462640
  -0.00035394504
   0.00035918603
   0.00057923243
  -2.5048533e-06
  -0.00058493942
  -0.00036027339
   0.00036570734
   0.00058971022
  -2.5991271e-06
  -0.00059562720
  -0.00036682912
   0.00037247257
   0.00060057597
  -2.6985853e-06
  -0.00060671537
  -0.00037363163
   0.00037948963
   0.00061184764
  -2.8055045e-06
  -0.00061822451
  -0.00038069137
   0.00038677704
   0.00062355127
  -2.9152410e-06
  -0.00063017560
  -0.00038801968
   0.00039435165
   0.00063571312
  -3.0329025e-06
  -0.00064260102
  -0.00039563946
   0.00040222568
   0.00064835615
  -3.1589395e-06
  -0.00065552455
  -0.00040356179
   0.00041042266
   0.00066151367
  -3.2909257e-06
  -0.00066897782
  -0.00041180811
   0.00041895977
   0.00067521536
  -3.4331981e-06
  -0.00068299765
  -0.00042040056
   0.00042785962
   0.00068949822
  -3.5825988e-06
  -0.00069761546
  -0.00042935748
   0.00043714631
   0.00070439776
  -3.7429864e-06
  -0.00071287285
  -0.00043870464
   0.00044684485
   0.00071995493
  -3.9144871e-06
  -0.00072881279
  -0.00044846822
   0.00045698306
   0.00073621433
  -4.0978950e-06
  -0.00074548286
  -0.00045867674
   0.00046759136
   0.00075322653
  -4.2927026e-06
  -0.00076293161
  -0.00046935930
   0.00047870546
   0.00077104426
  -4.5022132e-06
  -0.00078121753
  -0.00048055283
   0.00049035952
   0.00078972338
  -4.7291512e-06
  -0.00080040343
  -0.00049229422
   0.00050259405
   0.00080933031
  -4.9713623e-06
  -0.00082055184
  -0.00050462174
   0.00051545590
   0.00082993565
  -5.2326650e-06
  -0.00084174283
  -0.00051758315
   0.00052899252
   0.00085161805
  -5.5155608e-06
  -0.00086405688
  -0.00053122795
   0.00054326091
   0.00087446506
  -5.8201760e-06
  -0.00088758609
  -0.00054561153
   0.00055831858
   0.00089856910
  -6.1527631e-06
  -0.00091243302
  -0.00056079467
   0.00057423655
   0.00092404327
  -6.5120311e-06
  -0.00093871097
  -0.00057685059
   0.00059108536
   0.00095100037
  -6.9054116e-06
  -0.00096654781
  -0.00059385092
   0.00060895441
   0.00097957865
  -7.3350254e-06
  -0.00099608599
  -0.00061188352
   0.00062793747
    0.0010099279
  -7.8050302e-06
   -0.0010274860
  -0.00063104501
   0.00064814171
    0.0010422173
  -8.3218396e-06
   -0.0010609312
  -0.00065144695
   0.00066968865
    0.0010766410
  -8.8886007e-06
   -0.0010966243
  -0.00067320938
   0.00069271906
    0.0011134183
  -9.5158778e-06
   -0.0011348037
  -0.00069647838
   0.00071738829
    0.0011527933
  -1.0214569e-05
   -0.0011757401
  -0.00072141382
   0.00074387850
    0.0011950571
  -1.0989834e-05
   -0.0012197383
  -0.00074820077
   0.00077239930
    0.0012405370
  -1.1856693e-05
   -0.0012671566
  -0.00077705090
   0.00080319689
    0.0012896183
  -1.2827771e-05
   -0.0013184112
  -0.00080821732
   0.00083654846
    0.0013427394
  -1.3927022e-05
   -0.0013739894
  -0.00084198770
   0.00087279162
    0.0014004285
  -1.5168957e-05
   -0.0014344566
  -0.00087870161
   0.00091231676
    0.0014632973
  -1.6584814e-05
   -0.0015004924
  -0.00091876464
   0.00095558826
    0.0015320734
  -1.8209664e-05
   -0.0015729022
  -0.00096265440
    0.0010031694
    0.0016076365
  -2.0081675e-05
   -0.0016526540
   -0.0010109474
    0.0010557334
    0.0016910368
  -2.2260421e-05
   -0.0017409265
   -0.0010643395
    0.0011141117
    0.0017835683
  -2.4808871e-05
   -0.0018391587
   -0.0011236842
    0.0011793210
    0.0018868097
  -2.7822599e-05
   -0.0019491419
   -0.0011900360
    0.0012526354
    0.0020027404
  -3.1415787e-05
   -0.0020731126
   -0.0012647107
    0.0013356654
    0.0021338483
  -3.5755357e-05
   -0.0022139287
   -0.0013493815
    0.0014304802
    0.0022833282
  -4.1056809e-05
   -0.0023752689
   -0.0014461979
    0.0015397764
    0.0024553280
  -4.7628548e-05
   -0.0025619743
   -0.0015579719
    0.0016671451
    0.0026553543
  -5.5910739e-05
   -0.0027805357
   -0.0016884573
    0.0018174714
    0.0028908649
  -6.6553370e-05
   -0.0030398696
   -0.0018427765
    0.0019975718
    0.0031722216
  -8.0549541e-05
   -0.0033525599
   -0.0020281077
    0.0022172566
    0.0035142581
  -9.9467956e-05
   -0.0037369627
   -0.0022548296
    0.0024911693
    0.0039389769
  -0.00012592375
   -0.0042209475
   -0.0025385155
    0.0028421925
    0.0044804918
  -0.00016452162
   -0.0048489773
   -0.0029036556
    0.0033081517
    0.0051946670
  -0.00022402295
   -0.0056966285
   -0.0033910481
    0.0039564025
    0.0061797837
  -0.00032277574
   -0.0069035659
   -0.0040739745
    0.0049194938
    0.0076262009
  -0.00050483268
   -0.0087598730
   -0.0050980261
    0.0064988159
    0.0099573678
  -0.00089928151
    -0.011983418
   -0.0067957726
    0.0095559895
     0.014344724
   -0.0020348224
    -0.018973431
    -0.010080271
     0.017899412
     0.025681061
   -0.0083938397
    -0.045932567
    -0.014806330
      0.11110224
      0.93039941
       1.0000000
      0.93039941
      0.11110224
    -0.014806330
    -0.045932567
   -0.0083938391
     0.025681061
     0.017899411
    -0.010080272
    -0.018973431
   -0.0020348220
     0.014344725
    0.0095559899
   -0.0067957726
    -0.011983419
  -0.00089928220
    0.0099573676
    0.0064988163
   -0.0050980250
   -0.0087598722
  -0.00050483253
    0.0076261999
    0.0049194923
   -0.0040739758
   -0.0069035669
  -0.00032277610
    0.0061797840
    0.0039564029
   -0.0033910474
   -0.0056966278
  -0.00022402180
    0.0051946682
    0.0033081524
   -0.0029036559
   -0.0048489787
  -0.00016452302
    0.0044804907
    0.0028421925
   -0.0025385151
   -0.0042209469
  -0.00012592320
    0.0039389773
    0.0024911703
   -0.0022548290
   -0.0037369620
  -9.9467840e-05
    0.0035142574
    0.0022172555
   -0.0020281090
   -0.0033525601
  -8.0549220e-05
    0.0031722226
    0.0019975725
   -0.0018427764
   -0.0030398698
  -6.6553266e-05
    0.0028908654
    0.0018174717
   -0.0016884572
   -0.0027805361
  -5.5911127e-05
    0.0026553539
    0.0016671442
   -0.0015579725
   -0.0025619752
  -4.7628319e-05
    0.0024553287
    0.0015397770
   -0.0014461969
   -0.0023752689
  -4.1056381e-05
    0.0022833279
    0.0014304796
   -0.0013493824
   -0.0022139299
  -3.5755737e-05
    0.0021338483
    0.0013356660
   -0.0012647105
   -0.0020731126
  -3.1416111e-05
    0.0020027407
    0.0012526366
   -0.0011900343
   -0.0019491403
  -2.7822005e-05
    0.0018868094
    0.0011793203
   -0.0011236850
   -0.0018391597
  -2.4809767e-05
    0.0017835671
    0.0011141118
   -0.0010643388
   -0.0017409250
  -2.2258956e-05
    0.0016910372
    0.0010557337
   -0.0010109477
   -0.0016526544
  -2.0083042e-05
    0.0016076345
    0.0010031678
  -0.00096265519
   -0.0015729016
  -1.8208704e-05
    0.0015320742
   0.00095558879
  -0.00091876431
   -0.0015004922
  -1.6585295e-05
    0.0014632964
   0.00091231598
  -0.00087870173
   -0.0014344558
  -1.5167771e-05
    0.0014004294
   0.00087279195
  -0.00084198765
   -0.0013739891
  -1.3926861e-05
    0.0013427394
   0.00083654794
  -0.00080821852
   -0.0013184124
  -1.2828582e-05
    0.0012896184
   0.00080319744
  -0.00077705029
   -0.0012671564
  -1.1856329e-05
    0.0012405374
   0.00077240011
  -0.00074820013
   -0.0012197384
  -1.0990296e-05
    0.0011950564
   0.00074387819
  -0.00072141386
   -0.0011757399
  -1.0214558e-05
    0.0011527930
   0.00071738768
  -0.00069647889
   -0.0011348043
  -9.5162485e-06
    0.0011134184
   0.00069271953
  -0.00067320899
   -0.0010966239
  -8.8885158e-06
    0.0010766407
   0.00066968862
  -0.00065144708
   -0.0010609308
  -8.3213694e-06
    0.0010422182
   0.00064814228
  -0.00063104551
   -0.0010274870
  -7.8060976e-06
    0.0010099276
   0.00062793778
  -0.00061188286
  -0.00099608591
  -7.3354628e-06
   0.00097957802
   0.00060895379
  -0.00059385059
  -0.00096654726
  -6.9045655e-06
   0.00095100091
   0.00059108538
  -0.00057685063
  -0.00093871169
  -6.5127233e-06
   0.00092404225
   0.00057423555
  -0.00056079547
  -0.00091243302
  -6.1519653e-06
   0.00089857040
   0.00055831961
  -0.00054561148
  -0.00088758659
  -5.8208086e-06
   0.00087446530
   0.00054326135
  -0.00053122781
  -0.00086405749
  -5.5162199e-06
   0.00085161795
   0.00052899329
  -0.00051758227
  -0.00084174241
  -5.2328553e-06
   0.00082993556
   0.00051545631
  -0.00050462106
  -0.00082055144
  -4.9714643e-06
   0.00080933032
   0.00050259449
  -0.00049229292
  -0.00080040272
  -4.7294881e-06
   0.00078972159
   0.00049035725
  -0.00048055451
  -0.00078121839
  -4.5021464e-06
   0.00077104459
   0.00047870607
  -0.00046935870
  -0.00076293095
  -4.2923017e-06
   0.00075322704
   0.00046759209
  -0.00045867617
  -0.00074548269
  -4.0985852e-06
   0.00073621335
   0.00045698207
  -0.00044846821
  -0.00072881243
  -3.9137261e-06
   0.00071995531
   0.00044684493
  -0.00043870448
  -0.00071287279
  -3.7426295e-06
   0.00070439751
   0.00043714622
  -0.00042935793
  -0.00069761562
  -3.5831413e-06
   0.00068949754
   0.00042785950
  -0.00042040039
  -0.00068299653
  -3.4325266e-06
   0.00067521542
   0.00041895905
  -0.00041180943
  -0.00066897838
  -3.2908982e-06
   0.00066151482
   0.00041042405
  -0.00040356071
  -0.00065552403
  -3.1592610e-06
   0.00064835567
   0.00040222518
  -0.00039563984
  -0.00064260097
  -3.0332990e-06
   0.00063571310
   0.00039435120
  -0.00038802027
  -0.00063017564
  -2.9153704e-06
   0.00062355179
   0.00038677740
  -0.00038069074
  -0.00061822378
  -2.8054234e-06
   0.00061184732
   0.00037948906
  -0.00037363256
  -0.00060671586
  -2.6987256e-06
   0.00060057633
   0.00037247255
  -0.00036682964
  -0.00059562775
  -2.5995759e-06
   0.00058971078
   0.00036570862
  -0.00036027201
  -0.00058493888
  -2.5054838e-06
   0.00057923171
   0.00035918557
  -0.00035394441
  -0.00057462532
  -2.4149081e-06
   0.00056912020
   0.00035289231
  -0.00034783511
  -0.00056467118
  -2.3304409e-06
   0.00055935486
   0.00034681643
  -0.00034193243
  -0.00055505440
  -2.2502701e-06
   0.00054991836
   0.00034094478
  -0.00033622692
  -0.00054575951
  -2.1727408e-06
   0.00054079596
   0.00033526938
  -0.00033070941
  -0.00053677218
  -2.1009490e-06
   0.00053196918
   0.00032977743
  -0.00032537216
  -0.00052807694
  -2.0325807e-06
   0.00052342697
   0.00032446461
  -0.00032020158
  -0.00051965636
  -1.9655395e-06
   0.00051515568
   0.00031931998
  -0.00031519465
  -0.00051150279
  -1.9036586e-06
   0.00050714115
   0.00031433656
  -0.00031034004
  -0.00050359859
  -1.8426860e-06
   0.00049937292
   0.00030950617
  -0.00030563284
  -0.00049593514
  -1.7854811e-06
   0.00049183845
   0.00030482096
  -0.00030106665
  -0.00048850213
  -1.7295404e-06
   0.00048452897
   0.00030027716
  -0.00029663479
  -0.00048128780
  -1.6771103e-06
   0.00047743194
   0.00029586446
  -0.00029233321
  -0.00047428584
  -1.6283876e-06
   0.00047054032
   0.00029158150
  -0.00028815250
  -0.00046748231
  -1.5799085e-06
   0.00046384495
   0.00028741890
  -0.00028409156
  -0.00046087303
  -1.5345758e-06
   0.00045733667
   0.00028337456
  -0.00028014123
  -0.00045444525
  -1.4886456e-06
   0.00045101078
   0.00027944367
  -0.00027630100
  -0.00044819743
  -1.4480477e-06
   0.00044485599
   0.00027561922
  -0.00027256389
  -0.00044211845
  -1.4078158e-06
   0.00043886698
   0.00027189841
  -0.00026892581
  -0.00043619917
  -1.3666032e-06
   0.00043303823
   0.00026827557
  -0.00026538549
  -0.00043043983
  -1.3304660e-06
   0.00042735947
   0.00026474679
  -0.00026193821
  -0.00042483051
  -1.2950938e-06
   0.00042182987
   0.00026131259
  -0.00025857555
  -0.00041936281
  -1.2600369e-06
   0.00041644099
   0.00025796509
  -0.00025530007
  -0.00041403604
  -1.2272644e-06
   0.00041118810
   0.00025470257
  -0.00025210685
  -0.00040884215
  -1.1947259e-06
   0.00040606653
   0.00025152130
  -0.00024899227
  -0.00040377709
  -1.1639399e-06
   0.00040107080
   0.00024841837
  -0.00024595317
  -0.00039883547
  -1.1336926e-06
   0.00039619482
   0.00024538915
  -0.00024298921
  -0.00039401381
  -1.1045794e-06
   0.00039143911
   0.00024243688
  -0.00024009279
  -0.00038930672
  -1.0761214e-06
   0.00038679562
   0.00023955289
  -0.00023726701
  -0.00038471319
  -1.0515685e-06
   0.00038225805
   0.00023673616
  -0.00023450589
  -0.00038022366
  -1.0238110e-06
   0.00037782928
   0.00023398551
  -0.00023180985
  -0.00037584113
  -1.0010184e-06
   0.00037349887
   0.00023129781
  -0.00022917368
  -0.00037155594
  -9.7591007e-07
   0.00036926987
   0.00022867294
  -0.00022659505
  -0.00036736648
  -9.5255348e-07
   0.00036513189
   0.00022610309
  -0.00022407710
  -0.00036327201
  -9.2988111e-07
   0.00036108813
   0.00022359337
  -0.00022161291
  -0.00035926762
  -9.0864718e-07
   0.00035713153
   0.00022113535
  -0.00021920523
  -0.00035535244
  -8.8778015e-07
   0.00035326252
   0.00021873583
  -0.00021684383
  -0.00035151735
  -8.6619191e-07
   0.00034947626
   0.00021638460
  -0.00021453707
  -0.00034776920
  -8.4800012e-07
   0.00034576863
   0.00021408510
  -0.00021227578
  -0.00034409516
  -8.2717743e-07
   0.00034213954
   0.00021183136
  -0.00021006582
  -0.00034050191
  -8.1019327e-07
   0.00033858597
   0.00020962648
  -0.00020789823
  -0.00033698054
  -7.9129821e-07
   0.00033510659
   0.00020746662
  -0.00020577605
  -0.00033353329
  -7.7514692e-07
   0.00033169550
   0.00020535116
  -0.00020369513
  -0.00033015222
  -7.5662918e-07
   0.00032835481
   0.00020327678
  -0.00020165883
  -0.00032684278
  -7.4121703e-07
   0.00032508018
   0.00020124557
  -0.00019966081
  -0.00032359727
  -7.2548750e-07
   0.00032187072
   0.00019925307
  -0.00019770346
  -0.00032041690
  -7.0968815e-07
   0.00031872534
   0.00019730218
  -0.00019578130
  -0.00031729673
  -6.9457192e-07
   0.00031563778
   0.00019538622
  -0.00019389965
  -0.00031423843
  -6.8100773e-07
   0.00031261077
   0.00019350857
  -0.00019205226
  -0.00031123719
  -6.6661340e-07
   0.00030964254
   0.00019166757
  -0.00019023866
  -0.00030829343
  -6.5385876e-07
   0.00030672762
   0.00018985947
  -0.00018846023
  -0.00030540389
  -6.3940532e-07
   0.00030386966
   0.00018808696
  -0.00018671344
  -0.00030256747
  -6.2524517e-07
   0.00030106468
   0.00018634698
  -0.00018499894
  -0.00029978405
  -6.1239561e-07
   0.00029831003
   0.00018463756
  -0.00018331714
  -0.00029705266
  -6.0043279e-07
   0.00029560372
   0.00018295825
  -0.00018166695
  -0.00029437022
  -5.8939914e-07
   0.00029294714
   0.00018131050
  -0.00018004376
  -0.00029173510
  -5.7695491e-07
   0.00029033908
   0.00017969403
  -0.00017844903
  -0.00028914661
  -5.6678945e-07
   0.00028777452
   0.00017810270
  -0.00017688360
  -0.00028660330
  -5.5417223e-07
   0.00028525823
   0.00017654220
  -0.00017534457
  -0.00028410507
  -5.4365183e-07
   0.00028278443
   0.00017500857
  -0.00017383158
  -0.00028164999
  -5.3355703e-07
   0.00028035176
   0.00017349964
  -0.00017234650
  -0.00027923711
  -5.2395635e-07
   0.00027796111
   0.00017201670
  -0.00017088558
  -0.00027686559
  -5.1481419e-07
   0.00027561012
   0.00017055862
  -0.00016945055
  -0.00027453453
  -5.0514762e-07
   0.00027330154
   0.00016912892
  -0.00016803449
  -0.00027223833
  -4.9402349e-07
   0.00027102960
   0.00016771896
  -0.00016664618
  -0.00026998398
  -4.8582932e-07
   0.00026879330
   0.00016633212
  -0.00016528027
  -0.00026776547
  -4.7615691e-07
   0.00026659659
   0.00016497048
  -0.00016393540
  -0.00026558340
  -4.6821698e-07
   0.00026443255
   0.00016362730
  -0.00016261447
  -0.00026343747
  -4.5913698e-07
   0.00026230562
   0.00016230906
  -0.00016131329
  -0.00026132500
  -4.5050850e-07
   0.00026021258
   0.00016101105
  -0.00016003265
  -0.00025924640
  -4.4285428e-07
   0.00025815101
   0.00015973280
  -0.00015877266
  -0.00025720058
  -4.3512658e-07
   0.00025612318
   0.00015847556
  -0.00015753184
  -0.00025518777
  -4.2796169e-07
   0.00025412609
   0.00015723851
  -0.00015630941
  -0.00025320354
  -4.1895968e-07
   0.00025216189
   0.00015602096
  -0.00015510636
  -0.00025125163
  -4.1275781e-07
   0.00025022484
   0.00015481882
  -0.00015392331
  -0.00024932992
  -4.0446255e-07
   0.00024832001
   0.00015363841
  -0.00015275668
  -0.00024743665
  -3.9742312e-07
   0.00024644292
   0.00015247473
  -0.00015160726
  -0.00024557161
  -3.8925057e-07
   0.00024459469
   0.00015132894
  -0.00015047648
  -0.00024373622
  -3.8390483e-07
   0.00024277227
   0.00015019942
  -0.00014936162
  -0.00024192721
  -3.7811925e-07
   0.00024097709
   0.00014908734
  -0.00014826220
  -0.00024014280
  -3.7012944e-07
   0.00023921039
   0.00014799128
  -0.00014718023
  -0.00023838704
  -3.6433207e-07
   0.00023746723
   0.00014691049
  -0.00014611449
  -0.00023665704
  -3.5900022e-07
   0.00023574956
   0.00014584628
  -0.00014506268
  -0.00023495040
  -3.5194695e-07
   0.00023405836
   0.00014479922
  -0.00014402405
  -0.00023326727
  -3.4582680e-07
   0.00023238872
   0.00014376379
  -0.00014300429
  -0.00023161085
  -3.4085557e-07
   0.00023074413
   0.00014274463
  -0.00014199647
  -0.00022997548
  -3.3437919e-07
   0.00022912270
   0.00014173901
  -0.00014100464
  -0.00022836523
  -3.2927834e-07
   0.00022752445
   0.00014074940
  -0.00014002321
  -0.00022677446
  -3.2280742e-07
   0.00022594764
   0.00013977206
  -0.00013905803
  -0.00022520780
  -3.1785036e-07
   0.00022439237
   0.00013880784
  -0.00013810532
  -0.00022366165
  -3.1182057e-07
   0.00022285845
   0.00013785746
  -0.00013716601
  -0.00022213788
  -3.0799362e-07
   0.00022134437
   0.00013691884
  -0.00013623978
  -0.00022063445
  -3.0278593e-07
   0.00021985169
   0.00013599346
  -0.00013532613
  -0.00021915124
  -2.9741047e-07
   0.00021838095
   0.00013508273
  -0.00013442154
  -0.00021768574
  -2.9168279e-07
   0.00021692688
   0.00013418044
  -0.00013353362
  -0.00021624375
  -2.8976732e-07
   0.00021549204
   0.00013329200
  -0.00013265381
  -0.00021481726
  -2.8377133e-07
   0.00021407731
   0.00013241477
  -0.00013178817
  -0.00021341198
  -2.8065663e-07
   0.00021268053
   0.00013155047
  -0.00013093073
  -0.00021202223
  -2.7474843e-07
   0.00021130299
   0.00013069697
  -0.00013008651
  -0.00021065243
  -2.7178981e-07
   0.00020994122
   0.00012985326
  -0.00012925160
  -0.00020929875
  -2.6716069e-07
   0.00020859759
   0.00012902058
  -0.00012842858
  -0.00020796320
  -2.6207960e-07
   0.00020727299
   0.00012819990
  -0.00012761537
  -0.00020664471
  -2.5780776e-07
   0.00020596360
   0.00012738860
  -0.00012681263
  -0.00020534241
  -2.5402377e-07
   0.00020466952
   0.00012658580
  -0.00012602135
  -0.00020405780
  -2.5106490e-07
   0.00020339172
   0.00012579493
  -0.00012523719
  -0.00020278611
  -2.4522146e-07
   0.00020213226
   0.00012501439
  -0.00012446395
  -0.00020153228
  -2.4127572e-07
   0.00020088681
   0.00012424337
  -0.00012370093
  -0.00020029445
  -2.3861794e-07
   0.00019965679
   0.00012348095
  -0.00012294674
  -0.00019907061
  -2.3423481e-07
   0.00019844103
   0.00012272641
  -0.00012220353
  -0.00019786430
  -2.3183416e-07
   0.00019724063
   0.00012198453
  -0.00012146518
  -0.00019666792
  -2.2644341e-07
   0.00019605535
   0.00012125007
  -0.00012073724
  -0.00019548754
  -2.2371855e-07
   0.00019488204
   0.00012052300
  -0.00012001957
  -0.00019432299
  -2.2126165e-07
   0.00019372423
   0.00011980550
  -0.00011930994
  -0.00019317115
  -2.1724870e-07
   0.00019258080
   0.00011909669
  -0.00011860763
  -0.00019203291
  -2.1375348e-07
   0.00019145037
   0.00011839668
  -0.00011791360
  -0.00019090819
  -2.1077107e-07
   0.00019033184
   0.00011770361
  -0.00011722852
  -0.00018979657
  -2.0825416e-07
   0.00018922616
   0.00011701868
  -0.00011655148
  -0.00018869741
  -2.0498974e-07
   0.00018813474
   0.00011634286
  -0.00011588100
  -0.00018761066
  -2.0135538e-07
   0.00018705619
   0.00011567482
  -0.00011521812
  -0.00018653696
  -1.9864425e-07
   0.00018598708
   0.00011501183
  -0.00011456515
  -0.00018547539
  -1.9466069e-07
   0.00018493432
   0.00011436068
  -0.00011391642
  -0.00018442496
  -1.9250662e-07
   0.00018388985
   0.00011371284
  -0.00011327685
  -0.00018338673
  -1.8861778e-07
   0.00018286068
   0.00011307597
  -0.00011264269
  -0.00018236120
  -1.8622790e-07
   0.00018183894
   0.00011244251
  -0.00011201842
  -0.00018134643
  -1.8299738e-07
   0.00018083165
   0.00011181934
  -0.00011139867
  -0.00018034262
  -1.8048087e-07
   0.00017983379
   0.00011120013
  -0.00011078835
  -0.00017935166
  -1.7831916e-07
   0.00017884798
   0.00011059107
  -0.00011018076
  -0.00017836869
  -1.7580995e-07
   0.00017787100
   0.00010998575
  -0.00010958260
  -0.00017739728
  -1.7253693e-07
   0.00017690625
   0.00010938782
  -0.00010899079
  -0.00017643730
  -1.7096339e-07
   0.00017595072
   0.00010879564
  -0.00010840469
  -0.00017548629
  -1.6607292e-07
   0.00017500810
   0.00010821206
  -0.00010782572
  -0.00017454840
  -1.6731489e-07
   0.00017407012
   0.00010763099
  -0.00010725296
  -0.00017361770
  -1.6370549e-07
   0.00017314788
   0.00010706002
  -0.00010668421
  -0.00017269761
  -1.6056348e-07
   0.00017223368
   0.00010649407
  -0.00010612235
  -0.00017178701
  -1.5848865e-07
   0.00017132767
   0.00010593250
  -0.00010556776
  -0.00017088642
  -1.5617854e-07
   0.00017043212
   0.00010537717
  -0.00010501885
  -0.00016999516
  -1.5389816e-07
   0.00016954670
   0.00010482942
  -0.00010447294
  -0.00016911230
  -1.5155249e-07
   0.00016866849
   0.00010428521
  -0.00010393581
  -0.00016823973
  -1.4908650e-07
   0.00016780168
   0.00010374803
  -0.00010340360
  -0.00016737736
  -1.4809592e-07
   0.00016694141
   0.00010321593
  -0.00010287545
  -0.00016652044
  -1.4504550e-07
   0.00016609127
   0.00010268982
  -0.00010235240
  -0.00016567334
  -1.4256172e-07
   0.00016524986
   0.00010216901
  -0.00010183497
  -0.00016483519
  -1.4016502e-07
   0.00016441646
   0.00010165262
  -0.00010132418
  -0.00016400641
  -1.3916999e-07
   0.00016359167
   0.00010114193
  -0.00010081727
  -0.00016318538
  -1.3724371e-07
   0.00016277517
   0.00010063634
  -0.00010031517
  -0.00016237195
  -1.3486890e-07
   0.00016196606
   0.00010013534
  -9.9818794e-05
  -0.00016156658
  -1.3209688e-07
   0.00016116591
   9.9638997e-05
  -9.9328465e-05
  -0.00016077118
  -1.3156848e-07
   0.00016037197
   9.9147847e-05
  -9.8841399e-05
  -0.00015998169
  -1.3001190e-07
   0.00015958687
   9.8661437e-05
  -9.8358651e-05
  -0.00015919807
  -1.2502835e-07
   0.00015881119
   9.8180593e-05
  -9.7882134e-05
  -0.00015842558
  -1.2575050e-07
   0.00015803907
   9.7702195e-05
  -9.7410289e-05
  -0.00015765916
  -1.2309474e-07
   0.00015727797
   9.7231061e-05
  -9.6941173e-05
  -0.00015689942
  -1.2065939e-07
   0.00015652412
   9.6765248e-05
  -9.6476514e-05
  -0.00015614868
  -1.2117240e-07
   0.00015577347
   9.6300297e-05
  -9.6018236e-05
  -0.00015540295
  -1.1747836e-07
   0.00015503451
   9.5842624e-05
  -9.5562608e-05
  -0.00015466525
  -1.1592621e-07
   0.00015430117
   9.5388969e-05
  -9.5111737e-05
  -0.00015393550
  -1.1502348e-07
   0.00015357365
   9.4938538e-05
  -9.4665425e-05
  -0.00015321116
  -1.1287148e-07
   0.00015285393
   9.4492624e-05
  -9.4223817e-05
  -0.00015249539
  -1.1247437e-07
   0.00015214007
   9.4050875e-05
  -9.3784563e-05
  -0.00015178396
  -1.0953150e-07
   0.00015143389
   9.3613438e-05
  -9.3350871e-05
  -0.00015108049
  -1.0868177e-07
   0.00015073326
   9.3179048e-05
  -9.2921094e-05
  -0.00015038328
  -1.0705618e-07
   0.00015003919
   9.2748415e-05
  -9.2496235e-05
  -0.00014969399
  -1.0605649e-07
   0.00014935169
   9.2323854e-05
  -9.2072976e-05
  -0.00014900775
  -1.0249349e-07
   0.00014867256
   9.1903284e-05
  -9.1653808e-05
  -0.00014832936
  -1.0080901e-07
   0.00014799759
   9.1485773e-05
  -9.1239481e-05
  -0.00014765746
  -1.0048207e-07
   0.00014732794
   9.1069943e-05
  -9.0829787e-05
  -0.00014699188
  -9.7714148e-08
   0.00014666685
   9.0661315e-05
  -9.0421958e-05
  -0.00014633206
  -9.7329564e-08
   0.00014600862
   9.0253757e-05
  -9.0018704e-05
  -0.00014567743
  -9.5565246e-08
   0.00014535810
   8.9851473e-05
  -8.9616791e-05
  -0.00014502763
  -9.2913096e-08
   0.00014471459
   8.9453772e-05
  -8.9219059e-05
  -0.00014438516
  -9.2108532e-08
   0.00014407395
   8.9056660e-05
  -8.8827458e-05
  -0.00014374895
  -9.1129456e-08
   0.00014343985
   8.8664096e-05
  -8.8438313e-05
  -0.00014311773
  -9.0614754e-08
   0.00014281050
   8.8274408e-05
  -8.8052684e-05
  -0.00014249175
  -8.8655622e-08
   0.00014218864
   8.7888756e-05
  -8.7670600e-05
  -0.00014187219
  -8.7374310e-08
   0.00014157165
   8.7507195e-05
  -8.7290784e-05
  -0.00014125735
  -8.6979580e-08
   0.00014095854
   8.7127809e-05
  -8.6913695e-05
  -0.00014064635
  -8.4043572e-08
   0.00014035252
   8.6751985e-05
  -8.6542331e-05
  -0.00014004277
  -8.3015415e-08
   0.00013975173
   8.6379370e-05
  -8.6172848e-05
  -0.00013944467
  -8.3320348e-08
   0.00013915432
   8.6010764e-05
  -8.5804315e-05
  -0.00013884923
  -8.1707626e-08
   0.00013856202
   8.5643206e-05
  -8.5442617e-05
  -0.00013826083
  -7.9934232e-08
   0.00013797732
   8.5282319e-05
  -8.5080606e-05
  -0.00013767603
  -7.8608076e-08
   0.00013739572
   8.4922286e-05
  -8.4723526e-05
  -0.00013709676
  -7.7765843e-08
   0.00013681873
   8.4564841e-05
  -8.4368961e-05
  -0.00013652234
  -7.6828276e-08
   0.00013624571
   8.4209311e-05
  -8.4019165e-05
  -0.00013595368
  -7.5240777e-08
   0.00013567955
   8.3859503e-05
  -8.3669540e-05
  -0.00013538736
  -7.3755394e-08
   0.00013511783
   8.3511558e-05
  -8.3323775e-05
  -0.00013482802
  -7.2813713e-08
   0.00013455960
   8.3165419e-05
  -8.2981667e-05
  -0.00013427164
  -7.0811878e-08
   0.00013400653
   8.2822647e-05
  -8.2642357e-05
  -0.00013372170
  -7.0117314e-08
   0.00013345906
   8.2485073e-05
  -8.2303776e-05
  -0.00013317434
  -6.8424113e-08
   0.00013291571
   8.2148502e-05
  -8.1969229e-05
  -0.00013263257
  -6.7893161e-08
   0.00013237538
   8.1814279e-05
  -8.1637312e-05
  -0.00013209517
  -6.7431587e-08
   0.00013183939
   8.1482910e-05
  -8.1307594e-05
  -0.00013155972
  -6.4504393e-08
   0.00013130961
   8.1154182e-05
  -8.0982340e-05
  -0.00013103293
  -6.6336430e-08
   0.00013078113
   8.0826976e-05
  -8.0658989e-05
  -0.00013050838
  -6.4386494e-08
   0.00013025964
   8.0505008e-05
  -8.0336992e-05
  -0.00012998711
  -6.4043985e-08
   0.00012974042
   8.0182237e-05
  -8.0018987e-05
  -0.00012947105
  -6.2480437e-08
   0.00012922607
   7.9863822e-05
  -7.9702768e-05
  -0.00012895744
  -5.9235580e-08
   0.00012871824
   7.9549618e-05
  -7.9389181e-05
  -0.00012845033
  -6.0347337e-08
   0.00012821088
   7.9236762e-05
  -7.9076167e-05
  -0.00012794441
  -5.8082877e-08
   0.00012770974
   7.8926602e-05
  -7.8767396e-05
  -0.00012744486
  -5.8718409e-08
   0.00012720926
   7.8616166e-05
  -7.8462780e-05
  -0.00012694907
  -5.7720005e-08
   0.00012671571
   7.8310323e-05
  -7.8159171e-05
  -0.00012645687
  -5.6634391e-08
   0.00012622543
   7.8007069e-05
  -7.7856824e-05
  -0.00012596729
  -5.5049151e-08
   0.00012573874
   7.7706192e-05
  -7.7556926e-05
  -0.00012548194
  -5.4244164e-08
   0.00012525577
   7.7406975e-05
  -7.7260813e-05
  -0.00012500154
  -5.3760669e-08
   0.00012477627
   7.7109800e-05
  -7.6965846e-05
  -0.00012452360
  -5.2816270e-08
   0.00012430049
   7.6816268e-05
  -7.6671735e-05
  -0.00012404792
  -5.0819988e-08
   0.00012382911
   7.6524341e-05
  -7.6381879e-05
  -0.00012357812
  -5.0533099e-08
   0.00012336045
   7.6233826e-05
  -7.6094178e-05
  -0.00012311135
  -4.9511532e-08
   0.00012289506
   7.5945305e-05
  -7.5809235e-05
  -0.00012264855
  -4.8677322e-08
   0.00012243487
   7.5660974e-05
  -7.5524431e-05
  -0.00012218874
  -4.8660122e-08
   0.00012197525
   7.5377153e-05
  -7.5242023e-05
  -0.00012173092
  -4.7251120e-08
   0.00012152139
   7.5095273e-05
  -7.4963558e-05
  -0.00012127945
  -4.6648695e-08
   0.00012107014
   7.4815992e-05
  -7.4686366e-05
  -0.00012082969
  -4.5880701e-08
   0.00012062198
   7.4538971e-05
  -7.4409925e-05
  -0.00012038178
  -4.4277113e-08
   0.00012017776
   7.4263409e-05
  -7.4137513e-05
  -0.00011994058
  -4.4725910e-08
   0.00011973604
   7.3990802e-05
  -7.3865184e-05
  -0.00011949959
  -4.3503747e-08
   0.00011929759
   7.3718842e-05
  -7.3596939e-05
  -0.00011906419
  -4.3360327e-08
   0.00011886316
   7.3450669e-05
  -7.3327547e-05
  -0.00011862879
  -4.1395509e-08
   0.00011843072
   7.3182201e-05
  -7.3062900e-05
  -0.00011819923
  -4.0536059e-08
   0.00011800301
   7.2918204e-05
  -7.2798932e-05
  -0.00011777183
  -3.9661586e-08
   0.00011757722
   7.2654353e-05
  -7.2538594e-05
  -0.00011734892
  -4.1002898e-08
   0.00011715424
   7.2393726e-05
  -7.2275432e-05
  -0.00011692417
  -3.7133596e-08
   0.00011673589
   7.2133015e-05
  -7.2019822e-05
  -0.00011650795
  -3.7526894e-08
   0.00011631971
   7.1876268e-05
  -7.1762188e-05
  -0.00011609218
  -3.6320280e-08
   0.00011590585
   7.1618623e-05
  -7.1510490e-05
  -0.00011568175
  -3.6143707e-08
   0.00011549522
   7.1365457e-05
  -7.1255692e-05
  -0.00011527024
  -3.3855185e-08
   0.00011508850
   7.1113300e-05
  -7.1005946e-05
  -0.00011486629
  -3.5563899e-08
   0.00011468173
   7.0861876e-05
  -7.0756741e-05
  -0.00011446200
  -3.3935448e-08
   0.00011428111
   7.0614537e-05
  -7.0508471e-05
  -0.00011406111
  -3.2686405e-08
   0.00011388230
   7.0367516e-05
  -7.0264234e-05
  -0.00011366478
  -3.4046695e-08
   0.00011348422
   7.0120845e-05
  -7.0021129e-05
  -0.00011326942
  -3.2609240e-08
   0.00011309167
   6.9878948e-05
  -6.9777318e-05
  -0.00011287605
  -3.2337924e-08
   0.00011269985
   6.9635553e-05
  -6.9537969e-05
  -0.00011248698
  -3.1592577e-08
   0.00011231229
   6.9396208e-05
  -6.9298042e-05
  -0.00011209979
  -3.0475080e-08
   0.00011192670
   6.9156740e-05
  -6.9062175e-05
  -0.00011171545
  -2.8342395e-08
   0.00011154593
   6.8921505e-05
  -6.8825380e-05
  -0.00011133352
  -2.8990288e-08
   0.00011116417
   6.8685265e-05
  -6.8591749e-05
  -0.00011095460
  -2.8509537e-08
   0.00011078647
   6.8451504e-05
  -6.8359103e-05
  -0.00011057773
  -2.8271983e-08
   0.00011041055
   6.8218427e-05
  -6.8128834e-05
  -0.00011020424
  -2.7410187e-08
   0.00011003896
   6.7988250e-05
  -6.7899648e-05
  -0.00010983322
  -2.6449537e-08
   0.00010966833
   6.7759118e-05
  -6.7672087e-05
  -0.00010946343
  -2.6183800e-08
   0.00010930034
   6.7531568e-05
  -6.7445624e-05
  -0.00010909716
  -2.5830007e-08
   0.00010893483
   6.7304434e-05
  -6.7221934e-05
  -0.00010873349
  -6.7103290e-05
  -6.7103296e-05
