  -0.00063107111
   -0.0011740190
   -0.0015526946
   -0.0017136594
   -0.0016340001
   -0.0013245902
  -0.00082860635
  -0.00021550447
   0.00042870694
    0.0010135318
    0.0014566989
    0.0016957348
    0.0016967708
    0.0014593410
    0.0010164931
   0.00043018853
  -0.00021736641
  -0.00083524629
   -0.0013365736
   -0.0016507337
   -0.0017333212
   -0.0015724159
   -0.0011903019
  -0.00064038258
   2.8323732e-07
   0.00064177849
    0.0011939476
    0.0015790665
    0.0017427829
    0.0016617867
    0.0013471283
   0.00084271204
   0.00021917102
  -0.00043602351
   -0.0010308324
   -0.0014815774
   -0.0017247129
   -0.0017257843
   -0.0014843098
   -0.0010338945
  -0.00043755466
   0.00022109872
   0.00084958230
    0.0013595259
    0.0016790978
    0.0017631226
    0.0015994672
    0.0012107911
   0.00065140990
  -2.9459220e-07
  -0.00065285724
   -0.0012145660
   -0.0016063510
   -0.0017729146
   -0.0016905358
   -0.0013704476
  -0.00085730706
  -0.00022296515
   0.00044359359
    0.0010487333
    0.0015073199
    0.0017546983
    0.0017558070
    0.0015101474
    0.0010519016
   0.00044517708
  -0.00022496180
  -0.00086441937
   -0.0013832806
   -0.0017084539
   -0.0017939670
   -0.0016274658
   -0.0012319982
  -0.00066282397
   3.0619308e-07
   0.00066432471
    0.0012359085
    0.0016345943
    0.0018041056
    0.0017202959
    0.0013945871
   0.00087241510
   0.00022689146
  -0.00045143265
   -0.0010672682
   -0.0015339740
   -0.0017857456
   -0.0017868932
   -0.0015369005
   -0.0010705466
  -0.00045306873
   0.00022896382
   0.00087978586
    0.0014078826
    0.0017388575
    0.0018259125
    0.0016564650
    0.0012539642
   0.00067464773
  -3.1612877e-07
  -0.00067620022
   -0.0012580127
   -0.0016638470
   -0.0018364126
   -0.0017511216
   -0.0014195914
  -0.00088806437
  -0.00023095766
   0.00045955475
    0.0010864713
    0.0015615892
    0.0018179131
    0.0018191020
    0.0015646207
    0.0010898669
   0.00046124779
  -0.00023310810
  -0.00089570579
   -0.0014333727
   -0.0017703598
   -0.0018590135
   -0.0016865133
   -0.0012767246
  -0.00068689767
   3.3010247e-07
   0.00068851177
    0.0012809259
    0.0016941701
    0.0018699022
    0.0017830768
    0.0014455135
   0.00090429000
   0.00023517681
  -0.00046797017
   -0.0011063742
   -0.0015902134
   -0.0018512577
   -0.0018524907
   -0.0015933574
   -0.0011098960
  -0.00046972676
   0.00023740563
   0.00091221265
    0.0014598028
    0.0018030247
    0.0018933369
    0.0017176722
    0.0013003271
   0.00069960166
  -3.4355418e-07
  -0.00070127823
   -0.0013046873
   -0.0017256167
   -0.0019046335
   -0.0018162173
   -0.0014723972
  -0.00092111713
  -0.00023955075
   0.00047670149
    0.0011270215
    0.0016199077
    0.0018858493
    0.0018871286
    0.0016231696
    0.0011306749
   0.00047852276
  -0.00024186536
  -0.00092934032
   -0.0014872270
   -0.0018369188
   -0.0019289527
   -0.0017500053
   -0.0013248196
  -0.00071278524
   3.5724883e-07
   0.00071452685
    0.0013293470
    0.0017582533
    0.0019406804
    0.0018506146
    0.0015003018
   0.00093858464
   0.00024409303
  -0.00048576205
   -0.0011484512
   -0.0016507293
   -0.0019217555
   -0.0019230839
   -0.0016541165
   -0.0011522450
  -0.00048765341
   0.00024649636
   0.00094712342
    0.0015157008
    0.0018721107
    0.0019659329
    0.0017835776
    0.0013502514
   0.00072647423
  -3.7232929e-07
  -0.00072828569
   -0.0013549562
   -0.0017921467
   -0.0019781158
   -0.0018863369
   -0.0015292808
  -0.00095672327
  -0.00024880642
   0.00049517828
    0.0011707161
    0.0016827506
    0.0019590591
    0.0019604388
    0.0016862683
    0.0011746551
   0.00049713935
  -0.00025130892
  -0.00096560183
   -0.0015452882
   -0.0019086796
   -0.0020043611
   -0.0018184653
   -0.0013766802
  -0.00074070024
   3.8819604e-07
   0.00074258557
    0.0013815732
    0.0018273751
    0.0020170271
    0.0019234693
    0.0015594055
   0.00097558102
   0.00025370944
  -0.00050496322
   -0.0011938584
   -0.0017160368
   -0.0019978385
   -0.0019992737
   -0.0017196960
   -0.0011979564
  -0.00050700466
   0.00025630951
   0.00098481159
    0.0015760495
    0.0019467016
    0.0020443180
    0.0018547422
    0.0014041622
   0.00075549346
  -4.0509925e-07
  -0.00075745727
   -0.0014092548
   -0.0018640134
   -0.0020574965
   -0.0019620889
   -0.0015907366
  -0.00099519278
  -0.00025880540
   0.00051514650
    0.0012179375
    0.0017506691
    0.0020381863
    0.0020396795
    0.0017544764
    0.0012222007
   0.00051726882
  -0.00026151419
   -0.0010048025
   -0.0016080620
   -0.0019862708
   -0.0020859017
   -0.0018924972
   -0.0014327647
  -0.00077089022
   4.2282655e-07
   0.00077293692
    0.0014380689
    0.0019021516
    0.0020996240
    0.0020022922
    0.0016233538
    0.0010156106
   0.00026411173
  -0.00052574744
   -0.0012430063
   -0.0017867264
   -0.0020801955
   -0.0020817503
   -0.0017906904
   -0.0012474442
  -0.00052795447
   0.00026693755
    0.0010256250
    0.0016414050
    0.0020274851
    0.0021292154
    0.0019318239
    0.0014625590
   0.00078692923
  -4.4081974e-07
  -0.00078906245
   -0.0014680867
   -0.0019418849
   -0.0021435153
   -0.0020441809
   -0.0016573404
   -0.0010368878
  -0.00026964417
   0.00053679021
    0.0012691258
    0.0018242981
    0.0021239718
    0.0021255933
    0.0018284323
    0.0012737549
   0.00053909437
  -0.00027258639
   -0.0010473240
   -0.0016761553
   -0.0020704415
   -0.0021743622
   -0.0019728170
   -0.0014936173
  -0.00080364997
   4.5818881e-07
   0.00080587173
    0.0014993795
    0.0019833073
    0.0021892738
    0.0020878520
    0.0016927728
    0.0010590682
   0.00027540688
  -0.00054831207
   -0.0012963703
   -0.0018634859
   -0.0021696305
   -0.0021713214
   -0.0018677966
   -0.0013011956
  -0.00055070987
   0.00027848444
    0.0010699660
    0.0017124131
    0.0021152610
    0.0022214671
    0.0020155881
    0.0015260223
   0.00082109403
  -4.8085824e-07
  -0.00082341827
   -0.0015320419
   -0.0020265427
   -0.0022370360
   -0.0021334373
   -0.0017297604
   -0.0010822247
  -0.00028142663
   0.00056033524
    0.0013248072
    0.0019043927
    0.0022172951
    0.0022190610
    0.0019088949
    0.0013298471
   0.00056284010
  -0.00028463982
   -0.0010936047
   -0.0017502705
   -0.0021620601
   -0.0022706548
   -0.0020602518
   -0.0015598619
  -0.00083930996
   5.0681987e-07
   0.00084174709
    0.0015661597
    0.0020717051
    0.0022869282
    0.0021810565
    0.0017683988
    0.0011064144
   0.00028771294
  -0.00057290027
   -0.0013545227
   -0.0019471387
   -0.0022671038
   -0.0022689497
   -0.0019518445
   -0.0013597901
  -0.00057551713
   0.00029107407
    0.0011183133
    0.0017898424
    0.0022109810
    0.0023220751
    0.0021069459
    0.0015952431
   0.00085835979
  -5.2715143e-07
  -0.00086090305
   -0.0016018246
   -0.0021189202
   -0.0023390914
   -0.0022308461
   -0.0018088004
   -0.0011317092
  -0.00029428711
   0.00058603964
    0.0013855983
    0.0019918431
    0.0023191961
    0.0023211268
    0.0019967649
    0.0013911061
   0.00058877237
  -0.00029781123
   -0.0011441686
   -0.0018312483
   -0.0022621688
   -0.0023758787
   -0.0021558048
   -0.0016322646
  -0.00087829141
   5.5259638e-07
   0.00088095533
    0.0016391559
    0.0021683413
    0.0023936929
    0.0022829640
    0.0018510919
    0.0011581869
   0.00030116640
  -0.00059979979
   -0.0014181387
   -0.0020386552
   -0.0023737465
   -0.0023757689
   -0.0020438107
   -0.0014239079
  -0.00060266163
   0.00030485913
    0.0011712399
    0.0018746084
    0.0023157771
    0.0024322299
    0.0022069796
    0.0016710422
   0.00089916832
  -5.8181939e-07
  -0.00090196571
   -0.0016782705
   -0.0022201247
   -0.0024509068
   -0.0023375782
   -0.0018954118
   -0.0011859372
  -0.00030837947
   0.00061421673
    0.0014522391
    0.0020877152
    0.0024309194
    0.0024330402
    0.0020931215
    0.0014582887
   0.00061721716
  -0.00031225331
   -0.0011996276
   -0.0019200757
   -0.0023719918
   -0.0024913230
   -0.0022606468
   -0.0017117108
  -0.00092106562
   6.0949728e-07
   0.00092399895
    0.0017192936
    0.0022744382
    0.0025109187
    0.0023948655
    0.0019419022
    0.0012150460
   0.00031594270
  -0.00062934764
   -0.0014880236
   -0.0021391985
   -0.0024909181
   -0.0024931448
   -0.0021448744
   -0.0014943746
  -0.00063249667
   0.00032001177
    0.0012294226
    0.0019678007
    0.0024310012
    0.0025533570
    0.0023169874
    0.0017544070
   0.00094405482
  -6.4039645e-07
  -0.00094713676
   -0.0017623738
   -0.0023314773
   -0.0025739453
   -0.0024550338
   -0.0019907333
   -0.0012456232
  -0.00032389001
   0.00064523879
    0.0015256120
    0.0021932810
    0.0025539496
    0.0025562906
    0.0021992484
    0.0015322894
   0.00064855045
  -0.00032816625
   -0.0012607351
   -0.0020179580
   -0.0024930203
   -0.0026185577
   -0.0023762067
   -0.0017992863
  -0.00096822015
   6.7396940e-07
   0.00097146272
    0.0018076673
    0.0023914492
    0.0026402151
    0.0025183005
    0.0020420808
    0.0012777762
   0.00033224487
  -0.00066195533
   -0.0015651500
   -0.0022501696
   -0.0026202537
   -0.0026227173
   -0.0022564494
   -0.0015721763
  -0.00066543815
   0.00033674944
    0.0012936865
    0.0020707406
    0.0025582877
    0.0026871758
    0.0024385319
    0.0018465207
   0.00099365306
  -7.1286045e-07
  -0.00099707417
   -0.0018553535
   -0.0024545909
   -0.0027099903
   -0.0025849168
   -0.0020961493
   -0.0013116345
  -0.00034104321
   0.00067956044
    0.0016067916
    0.0023100877
    0.0026900919
    0.0026926878
    0.0023167044
    0.0016141939
   0.00068322692
  -0.00034579605
   -0.0013284092
   -0.0021263616
   -0.0026270674
   -0.0027594896
   -0.0025042170
   -0.0018963037
   -0.0010204592
   7.5471525e-07
    0.0010240731
    0.0019056249
    0.0025211591
    0.0027835559
    0.0026551555
    0.0021531608
    0.0013473378
   0.00035032112
  -0.00069812759
   -0.0016507106
   -0.0023732864
   -0.0027637582
   -0.0027664984
   -0.0023802708
   -0.0016585244
  -0.00070199848
   0.00035533680
    0.0013650426
    0.0021850492
    0.0026996449
    0.0028358019
    0.0025735390
    0.0019488474
    0.0010487551
  -7.9561173e-07
   -0.0010525693
   -0.0019586902
   -0.0025914319
   -0.0028612201
   -0.0027293115
   -0.0022133544
   -0.0013850339
  -0.00036011370
   0.00071774106
    0.0016971001
    0.0024400415
    0.0028415732
    0.0028444693
    0.0024474232
    0.0017053577
   0.00072182971
  -0.00036541972
   -0.0014037541
   -0.0022470683
   -0.0027763458
   -0.0029164536
   -0.0026468061
   -0.0020043830
   -0.0010786617
   8.4379537e-07
    0.0010827009
    0.0020147999
    0.0026657390
    0.0029433471
    0.0028077330
    0.0022770145
    0.0014249040
   0.00037047308
  -0.00073848521
   -0.0017461696
   -0.0025106581
   -0.0029238947
   -0.0029269608
   -0.0025184730
   -0.0017549114
  -0.00074281267
   0.00037609279
    0.0014447265
    0.0023127120
    0.0028575337
    0.0030018286
    0.0027243687
    0.0020631783
    0.0011103256
  -8.9468082e-07
   -0.0011146068
   -0.0020742175
   -0.0027444318
   -0.0030303268
   -0.0028907935
   -0.0023444442
   -0.0014671373
  -0.00038144615
   0.00076046374
    0.0017981603
    0.0025854828
    0.0030111270
    0.0030143784
    0.0025937698
    0.0018074297
   0.00076505079
  -0.00038740907
   -0.0014881633
   -0.0023823066
   -0.0029436129
   -0.0030923520
   -0.0028066134
   -0.0021255258
   -0.0011439032
   9.5185120e-07
    0.0011484519
    0.0021372474
    0.0028279130
    0.0031226044
    0.0029789183
    0.0024159894
    0.0015119500
   0.00039308833
  -0.00078379153
   -0.0018533429
   -0.0026649053
   -0.0031037249
   -0.0031071784
   -0.0026737074
   -0.0018631871
  -0.00078865982
   0.00039942969
    0.0015342956
    0.0024562226
    0.0030350420
    0.0031885076
    0.0028939805
    0.0021917604
    0.0011795758
  -1.0147080e-06
   -0.0011844177
   -0.0022042300
   -0.0029166349
   -0.0032206817
   -0.0030725884
   -0.0024920419
   -0.0015595892
  -0.00040546529
   0.00080859527
    0.0019120206
    0.0027493644
    0.0032022026
    0.0032058794
    0.0027587356
    0.0019225020
   0.00081378064
  -0.00041221187
   -0.0015833717
   -0.0025348654
   -0.0031323273
   -0.0032908312
   -0.0029869600
   -0.0022622561
   -0.0012175471
   1.0797260e-06
    0.0012227036
    0.0022755405
    0.0030110972
    0.0033251127
    0.0031723340
    0.0025730325
    0.0016103240
   0.00041864444
  -0.00083502096
   -0.0019745343
   -0.0028393497
   -0.0033071304
   -0.0033110517
   -0.0028493440
   -0.0019857121
  -0.00084054931
   0.00042584350
    0.0016356943
    0.0026187127
    0.0032360564
    0.0033999391
    0.0030861102
    0.0023374341
    0.0012580405
  -1.1556578e-06
   -0.0012635516
   -0.0023516232
   -0.0031118864
   -0.0034365456
   -0.0032787745
   -0.0026594649
   -0.0016644705
  -0.00043270830
   0.00086323345
    0.0020412753
    0.0029354258
    0.0034191681
    0.0034233586
    0.0029461055
    0.0020532182
   0.00086913601
  -0.00044041129
   -0.0016915974
   -0.0027083011
   -0.0033468954
   -0.0035165340
   -0.0031920720
   -0.0024177823
   -0.0013013204
   1.2407878e-06
    0.0013072260
    0.0024329739
    0.0032196623
    0.0035557129
    0.0033926132
    0.0027519136
    0.0017223923
   0.00044775655
  -0.00089341346
   -0.0021126817
   -0.0030382289
   -0.0035390623
   -0.0035435522
   -0.0030496720
   -0.0021254787
  -0.00089973936
   0.00045600710
    0.0017514532
    0.0028042336
    0.0034655946
    0.0036414094
    0.0033055703
    0.0025038544
    0.0013476896
  -1.3283887e-06
   -0.0013540193
   -0.0025201451
   -0.0033351612
   -0.0036834314
   -0.0035146309
   -0.0028510118
   -0.0017844823
  -0.00046388226
   0.00092578550
    0.0021892686
    0.0031484959
    0.0036676707
    0.0036724922
    0.0031607836
    0.0022030089
   0.00093257436
  -0.00047274989
   -0.0018157015
   -0.0029072121
   -0.0035930222
   -0.0037754783
   -0.0034274343
   -0.0025962766
   -0.0013974801
   1.4317540e-06
    0.0014042933
    0.0026138013
    0.0034592611
    0.0038206724
    0.0036457579
    0.0029575177
    0.0018512191
   0.00048121453
  -0.00096059106
   -0.0022716175
   -0.0032670694
   -0.0038059804
   -0.0038111718
   -0.0032802996
   -0.0022864109
  -0.00096789777
   0.00049076845
    0.0018848430
    0.0030180430
    0.0037301795
    0.0039197985
    0.0035586294
    0.0026957854
    0.0014510927
  -1.5456885e-06
   -0.0014584432
   -0.0027146866
   -0.0035929532
   -0.0039685365
   -0.0037870494
   -0.0030722912
   -0.0019231433
  -0.00049989422
   0.00099811392
    0.0023604016
    0.0033949217
    0.0039551291
    0.0039607352
    0.0034092088
    0.0023763763
    0.0010060029
  -0.00051021411
   -0.0019594578
   -0.0031376579
   -0.0038782227
   -0.0040755896
   -0.0037002673
   -0.0028032256
   -0.0015089829
   1.6733199e-06
    0.0015169360
    0.0028236712
    0.0037373929
    0.0041283046
    0.0039397318
    0.0031963302
    0.0020008797
   0.00052007996
   -0.0010386902
   -0.0024564109
   -0.0035331909
   -0.0041164466
   -0.0041225190
   -0.0035486660
   -0.0024737130
   -0.0010472323
   0.00053126403
    0.0020402238
    0.0032671466
    0.0040385044
    0.0042442794
    0.0038536501
    0.0029195885
    0.0015716875
  -1.8137049e-06
   -0.0015803132
   -0.0029417694
   -0.0038939298
   -0.0043014746
   -0.0041052420
   -0.0033308066
   -0.0020851665
  -0.00054196679
    0.0010827020
    0.0025605576
    0.0036831967
    0.0042914784
    0.0042980779
    0.0037000150
    0.0025793608
    0.0010919833
  -0.00055412636
   -0.0021279334
   -0.0034077807
   -0.0042126014
   -0.0044275306
   -0.0040202915
   -0.0030460219
   -0.0016398200
   1.9825494e-06
    0.0016492270
    0.0030701871
    0.0040641615
    0.0044898163
    0.0042852747
    0.0034771000
    0.0021768697
   0.00056577789
   -0.0011306092
   -0.0026739286
   -0.0038465078
   -0.0044820599
   -0.0044892588
   -0.0038648537
   -0.0026944397
   -0.0011407335
   0.00057904205
    0.0022235215
    0.0035610663
    0.0044023865
    0.0046273228
    0.0042020007
    0.0031839072
    0.0017141343
  -2.1672740e-06
   -0.0017244164
   -0.0032103189
   -0.0042499482
   -0.0046953971
   -0.0044818129
   -0.0036368259
   -0.0022770021
  -0.00059177037
    0.0011829581
    0.0027978086
    0.0040249767
    0.0046903576
    0.0046982404
    0.0040450647
    0.0028202656
    0.0011940377
  -0.00060630667
   -0.0023281048
   -0.0037287952
   -0.0046100825
   -0.0048460022
   -0.0044009167
   -0.0033348706
   -0.0017955058
   2.3781633e-06
    0.0018067895
    0.0033638562
    0.0044535375
    0.0049207118
    0.0046972508
    0.0038119392
    0.0023867973
   0.00062027332
   -0.0012403827
   -0.0029337176
   -0.0042208058
   -0.0049189540
   -0.0049276240
   -0.0042429000
   -0.0029584167
   -0.0012525670
   0.00063626506
    0.0024430098
    0.0039131025
    0.0048383424
    0.0050863711
    0.0046195961
    0.0035008569
    0.0018849825
  -2.6265936e-06
   -0.0018974318
   -0.0035328215
   -0.0046776170
   -0.0051687431
   -0.0049344485
   -0.0040047699
   -0.0025077177
  -0.00065166059
    0.0013036676
    0.0030835059
    0.0044366664
    0.0051709756
    0.0051805570
    0.0044610826
    0.0031108000
    0.0013171298
  -0.00066933871
   -0.0025698477
   -0.0041165791
   -0.0050903860
   -0.0053518326
   -0.0048611472
   -0.0036842353
   -0.0019838482
   2.9123745e-06
    0.0019976462
    0.0037196562
    0.0049254383
    0.0054431046
    0.0051968748
    0.0042181487
    0.0026415440
   0.00068639367
   -0.0013737573
   -0.0032494129
   -0.0046757963
   -0.0054502171
   -0.0054608617
   -0.0047029222
   -0.0032797356
   -0.0013887122
   0.00070603664
    0.0027105745
    0.0043423747
    0.0053701297
    0.0056465272
    0.0051293511
    0.0038878858
    0.0020936586
  -3.2464520e-06
   -0.0021090350
   -0.0039273535
   -0.0052009848
   -0.0057482217
   -0.0054887776
   -0.0044555407
   -0.0027904545
  -0.00072503333
    0.0014518154
    0.0034341912
    0.0049421744
    0.0057613401
    0.0057732345
    0.0049724843
    0.0034680713
    0.0014685193
  -0.00074699562
   -0.0028676108
   -0.0045943818
   -0.0056824117
   -0.0059755701
   -0.0054288803
   -0.0041153683
   -0.0022163372
   3.6433877e-06
    0.0022335829
    0.0041596220
    0.0055091941
    0.0060895838
    0.0058154307
    0.0047212534
    0.0029571634
   0.00076828857
   -0.0015392738
   -0.0036412479
   -0.0052407348
   -0.0061101336
   -0.0061235130
   -0.0052748288
   -0.0036793576
   -0.0015580620
   0.00079299546
    0.0030439578
    0.0048774373
    0.0060332525
    0.0063453327
    0.0057655596
    0.0043711252
    0.0023542880
  -4.1156908e-06
   -0.0023737618
   -0.0044210876
   -0.0058562296
   -0.0064740459
   -0.0061834201
   -0.0050206644
   -0.0031450536
  -0.00081702913
    0.0016379473
    0.0038748766
    0.0055776881
    0.0065038813
    0.0065190415
    0.0056163198
    0.0039180569
    0.0016592312
  -0.00084503502
   -0.0032434184
   -0.0051976638
   -0.0064302705
   -0.0067638782
   -0.0061467624
   -0.0046607802
   -0.0025105537
   4.6842145e-06
    0.0025327132
    0.0047176283
    0.0062499260
    0.0069103261
    0.0066011287
    0.0053606248
    0.0033584418
   0.00087237446
   -0.0017501364
   -0.0041405399
   -0.0059609476
   -0.0069518728
   -0.0069691956
   -0.0060050900
   -0.0041898795
   -0.0017744548
   0.00090437984
    0.0034708476
    0.0055628891
    0.0068832165
    0.0072415348
    0.0065819389
    0.0049915451
    0.0026890364
  -5.3802310e-06
   -0.0027144802
   -0.0050568096
   -0.0067003711
   -0.0074096556
   -0.0070793597
   -0.0057499667
   -0.0036028926
  -0.00093576141
    0.0018788249
    0.0044453133
    0.0064007634
    0.0074661459
    0.0074861292
    0.0064516851
    0.0045022294
    0.0019068746
  -0.00097269060
   -0.0037325781
   -0.0059833222
   -0.0074048106
   -0.0077917827
   -0.0070834316
   -0.0053728461
   -0.0028948415
   6.2406590e-06
    0.0029243517
    0.0054485383
    0.0072207857
    0.0079867646
    0.0076322931
    0.0062002915
    0.0038857205
    0.0010090791
   -0.0020279421
   -0.0047985201
   -0.0069106524
   -0.0080625864
   -0.0080858936
   -0.0069700437
   -0.0048649014
   -0.0020606518
    0.0010521636
    0.0040370014
    0.0064725022
    0.0080119362
    0.0084325275
    0.0076676453
    0.0058172177
    0.0031347570
  -7.3287020e-06
   -0.0031693994
   -0.0059060591
   -0.0078288538
   -0.0086613696
   -0.0082789234
   -0.0067271519
   -0.0042167397
   -0.0010948661
    0.0022027659
    0.0052126972
    0.0075088062
    0.0087625925
    0.0087901278
    0.0075789715
    0.0052911190
    0.0022414034
   -0.0011457815
   -0.0043954947
   -0.0070487964
   -0.0087275155
   -0.0091881005
   -0.0083568933
   -0.0063417257
   -0.0034180357
   8.7251289e-06
    0.0034592695
    0.0064474606
    0.0085487518
    0.0094604517
    0.0090452668
    0.0073518677
    0.0046094106
    0.0011965951
   -0.0024105748
   -0.0057051273
   -0.0082203205
   -0.0095957093
   -0.0096287384
   -0.0083044849
   -0.0057991950
   -0.0024569180
    0.0012576802
    0.0048238581
    0.0077377405
    0.0095834506
     0.010092400
    0.0091822920
    0.0069701903
    0.0037575980
  -1.0561820e-05
   -0.0038074996
   -0.0070981388
   -0.0094144530
    -0.010421963
   -0.0099679571
   -0.0081044902
   -0.0050827237
   -0.0013191634
    0.0026616764
    0.0063003001
    0.0090807918
     0.010603890
     0.010644238
    0.0091836047
    0.0064152100
    0.0027182831
   -0.0013938011
   -0.0053447316
   -0.0085759502
    -0.010625533
    -0.011194137
    -0.010188609
   -0.0077369201
   -0.0041720696
   1.3044468e-05
    0.0042336869
    0.0078948928
     0.010475245
     0.011601034
     0.011100276
    0.0090287813
    0.0056643628
    0.0014697026
   -0.0029711756
   -0.0070341200
    -0.010142470
    -0.011848798
    -0.011899196
    -0.010270893
   -0.0071776519
   -0.0030418743
    0.0015629620
    0.0059917109
    0.0096178297
     0.011921899
     0.012565900
     0.011442652
    0.0086931859
    0.0046893135
  -1.6515058e-05
   -0.0047673095
   -0.0088931351
    -0.011805451
    -0.013080928
    -0.012522823
    -0.010191042
   -0.0063963256
   -0.0016590223
    0.0033621223
    0.0079614210
     0.011485276
     0.013424906
     0.013489638
     0.011650227
    0.0081457797
    0.0034529249
   -0.0017788434
   -0.0068168907
    -0.010947869
    -0.013578547
    -0.014320819
    -0.013048729
   -0.0099191759
   -0.0053529616
   2.1578512e-05
    0.0054548512
     0.010180360
     0.013522641
     0.014993606
     0.014363586
     0.011696753
    0.0073455389
    0.0019043239
   -0.0038715336
   -0.0091703387
    -0.013237903
    -0.015484655
    -0.015570836
    -0.013457513
   -0.0094157907
   -0.0039924175
    0.0020639139
    0.0079056692
     0.012704818
     0.015769929
     0.016645502
     0.015179295
     0.011547757
    0.0062354286
  -2.9375292e-05
   -0.0063741245
    -0.011903290
    -0.015824431
    -0.017561432
    -0.016838774
    -0.013724545
   -0.0086255767
   -0.0022347356
    0.0045628742
     0.010812139
     0.015621766
     0.018291020
     0.018411389
     0.015928500
     0.011154976
    0.0047317036
   -0.0024577716
   -0.0094083624
    -0.015133514
    -0.018804778
    -0.019871204
    -0.018141409
    -0.013816187
   -0.0074662930
   4.2310491e-05
    0.0076660454
     0.014328237
     0.019070622
     0.021190609
     0.020344695
     0.016602924
     0.010445905
    0.0027038413
   -0.0055547846
    -0.013170043
    -0.019052812
    -0.022339841
    -0.022519659
    -0.019511055
    -0.013682253
   -0.0058070006
    0.0030373371
     0.011616396
     0.018710277
     0.023286150
     0.024647710
     0.022539964
     0.017193762
    0.0093026311
  -6.6123753e-05
   -0.0096148030
    -0.017994053
    -0.023992479
    -0.026710629
    -0.025694535
    -0.021009152
    -0.013240120
   -0.0034221109
    0.0070977162
     0.016843278
     0.024415323
     0.028690877
     0.028988157
     0.025172963
     0.017690250
    0.0075147263
   -0.0039744063
    -0.015178731
    -0.024501222
    -0.030571980
    -0.032447447
    -0.029754429
    -0.022757287
    -0.012336946
   0.00011757723
     0.012892091
     0.024180802
     0.032339027
     0.036120036
     0.034862288
     0.028599404
     0.018075286
    0.0046595968
   -0.0098273603
    -0.023358377
    -0.033979480
    -0.040088224
    -0.040671051
    -0.035465137
    -0.025019724
    -0.010645148
    0.0057468567
     0.021892743
     0.035484620
     0.044494503
     0.047470547
     0.043762846
     0.033644777
     0.018309180
  -0.00026462959
    -0.019559232
    -0.036852574
    -0.049593304
    -0.055767353
    -0.054204378
    -0.044779052
    -0.028474880
   -0.0072959219
     0.015967885
     0.038095689
     0.055867291
     0.066515200
     0.068135809
     0.060001183
     0.042723790
     0.018244324
    -0.010364654
    -0.039261990
    -0.064327479
    -0.081718082
    -0.088419236
    -0.082716711
    -0.064521113
    -0.035493014
    0.0010598489
     0.040513647
     0.077458509
      0.10637102
      0.12235132
      0.12183466
      0.10318551
     0.067092422
     0.016702181
    -0.042539100
     -0.10333612
     -0.15724851
     -0.19557949
     -0.21035434
     -0.19527940
     -0.14657019
    -0.063547920
     0.051072872
      0.19125024
      0.34803998
      0.51034523
      0.66591826
      0.80251254
      0.90906446
      0.97677860
       1.0000000
      0.97677860
      0.90906446
      0.80251254
      0.66591826
      0.51034523
      0.34803998
      0.19125024
     0.051072872
    -0.063547920
     -0.14657019
     -0.19527940
     -0.21035434
     -0.19557949
     -0.15724851
     -0.10333611
    -0.042539100
     0.016702180
     0.067092421
      0.10318551
      0.12183466
      0.12235132
      0.10637101
     0.077458508
     0.040513646
    0.0010598484
    -0.035493014
    -0.064521113
    -0.082716711
    -0.088419235
    -0.081718081
    -0.064327478
    -0.039261989
    -0.010364654
     0.018244324
     0.042723790
     0.060001183
     0.068135809
     0.066515199
     0.055867291
     0.038095688
     0.015967884
   -0.0072959218
    -0.028474880
    -0.044779051
    -0.054204377
    -0.055767352
    -0.049593304
    -0.036852573
    -0.019559232
  -0.00026462927
     0.018309180
     0.033644777
     0.043762846
     0.047470546
     0.044494502
     0.035484619
     0.021892743
    0.0057468563
    -0.010645148
    -0.025019724
    -0.035465137
    -0.040671050
    -0.040088224
    -0.033979480
    -0.023358377
   -0.0098273604
    0.0046595964
     0.018075285
     0.028599403
     0.034862287
     0.036120036
     0.032339026
     0.024180801
     0.012892091
   0.00011757709
    -0.012336946
    -0.022757287
    -0.029754428
    -0.032447446
    -0.030571979
    -0.024501221
    -0.015178730
   -0.0039744054
    0.0075147270
     0.017690250
     0.025172964
     0.028988157
     0.028690877
     0.024415323
     0.016843278
    0.0070977161
   -0.0034221110
    -0.013240120
    -0.021009151
    -0.025694535
    -0.026710629
    -0.023992479
    -0.017994053
   -0.0096148035
  -6.6124491e-05
    0.0093026301
     0.017193761
     0.022539963
     0.024647709
     0.023286149
     0.018710276
     0.011616396
    0.0030373370
   -0.0058070002
    -0.013682252
    -0.019511054
    -0.022519657
    -0.022339839
    -0.019052811
    -0.013170042
   -0.0055547837
    0.0027038418
     0.010445905
     0.016602924
     0.020344694
     0.021190608
     0.019070621
     0.014328235
    0.0076660444
   4.2309784e-05
   -0.0074662934
    -0.013816187
    -0.018141409
    -0.019871203
    -0.018804777
    -0.015133513
   -0.0094083613
   -0.0024577707
    0.0047317042
     0.011154976
     0.015928500
     0.018411388
     0.018291019
     0.015621765
     0.010812138
    0.0045628730
   -0.0022347367
   -0.0086255775
    -0.013724545
    -0.016838774
    -0.017561432
    -0.015824430
    -0.011903290
   -0.0063741237
  -2.9374505e-05
    0.0062354293
     0.011547757
     0.015179296
     0.016645503
     0.015769929
     0.012704818
    0.0079056690
    0.0020639135
   -0.0039924178
   -0.0094157910
    -0.013457513
    -0.015570836
    -0.015484655
    -0.013237903
   -0.0091703386
   -0.0038715335
    0.0019043239
    0.0073455388
     0.011696753
     0.014363585
     0.014993606
     0.013522640
     0.010180359
    0.0054548506
   2.1578066e-05
   -0.0053529620
   -0.0099191762
    -0.013048730
    -0.014320819
    -0.013578547
    -0.010947869
   -0.0068168906
   -0.0017788433
    0.0034529249
    0.0081457796
     0.011650226
     0.013489638
     0.013424906
     0.011485276
    0.0079614212
    0.0033621227
   -0.0016590217
   -0.0063963247
    -0.010191041
    -0.012522822
    -0.013080927
    -0.011805450
   -0.0088931341
   -0.0047673087
  -1.6514585e-05
    0.0046893136
    0.0086931856
     0.011442651
     0.012565899
     0.011921897
    0.0096178283
    0.0059917095
    0.0015629607
   -0.0030418754
   -0.0071776528
    -0.010270894
    -0.011899196
    -0.011848798
    -0.010142470
   -0.0070341194
   -0.0029711748
    0.0014697034
    0.0056643635
    0.0090287820
     0.011100277
     0.011601035
     0.010475245
    0.0078948930
    0.0042336869
   1.3044440e-05
   -0.0041720697
   -0.0077369203
    -0.010188609
    -0.011194137
    -0.010625533
   -0.0085759504
   -0.0053447318
   -0.0013938013
    0.0027182828
    0.0064152097
    0.0091836043
     0.010644237
     0.010603890
    0.0090807917
    0.0063003001
    0.0026616766
   -0.0013191631
   -0.0050827233
   -0.0081044896
   -0.0099679565
    -0.010421963
   -0.0094144524
   -0.0070981383
   -0.0038074992
  -1.0561621e-05
    0.0037575980
    0.0069701901
    0.0091822916
     0.010092399
    0.0095834501
    0.0077377401
    0.0048238577
    0.0012576799
   -0.0024569181
   -0.0057991950
   -0.0083044848
   -0.0096287383
   -0.0095957092
   -0.0082203204
   -0.0057051273
   -0.0024105749
    0.0011965948
    0.0046094101
    0.0073518671
    0.0090452662
    0.0094604510
    0.0085487513
    0.0064474603
    0.0034592694
   8.7253004e-06
   -0.0034180353
   -0.0063417250
   -0.0083568923
   -0.0091880995
   -0.0087275145
   -0.0070487955
   -0.0043954941
   -0.0011457813
    0.0022414033
    0.0052911184
    0.0075789705
    0.0087901265
    0.0087625909
    0.0075088046
    0.0052126956
    0.0022027645
   -0.0010948672
   -0.0042167403
   -0.0067271520
   -0.0082789230
   -0.0086613687
   -0.0078288525
   -0.0059060574
   -0.0031693975
  -7.3267764e-06
    0.0031347588
    0.0058172193
    0.0076676467
    0.0084325285
    0.0080119368
    0.0064725025
    0.0040370014
    0.0010521634
   -0.0020606522
   -0.0048649019
   -0.0069700442
   -0.0080858940
   -0.0080625867
   -0.0069106527
   -0.0047985203
   -0.0020279422
    0.0010090790
    0.0038857203
    0.0062002912
    0.0076322928
    0.0079867642
    0.0072207853
    0.0054485378
    0.0029243512
   6.2401208e-06
   -0.0028948420
   -0.0053728465
   -0.0070834319
   -0.0077917829
   -0.0074048107
   -0.0059833222
   -0.0037325781
  -0.00097269047
    0.0019068748
    0.0045022296
    0.0064516854
    0.0074861295
    0.0074661462
    0.0064007637
    0.0044453137
    0.0018788253
  -0.00093576097
   -0.0036028922
   -0.0057499662
   -0.0070793593
   -0.0074096553
   -0.0067003709
   -0.0050568096
   -0.0027144804
  -5.3806522e-06
    0.0026890358
    0.0049915443
    0.0065819380
    0.0072415338
    0.0068832155
    0.0055628882
    0.0034708468
   0.00090437924
   -0.0017744552
   -0.0041898797
   -0.0060050900
   -0.0069691955
   -0.0069518726
   -0.0059609474
   -0.0041405398
   -0.0017501364
   0.00087237434
    0.0033584415
    0.0053606244
    0.0066011283
    0.0069103258
    0.0062499258
    0.0047176282
    0.0025327134
   4.6847264e-06
   -0.0025105529
   -0.0046607790
   -0.0061467611
   -0.0067638768
   -0.0064302691
   -0.0051976624
   -0.0032434174
  -0.00084503432
    0.0016592314
    0.0039180567
    0.0056163191
    0.0065190404
    0.0065038799
    0.0055776866
    0.0038748751
    0.0016379460
  -0.00081703009
   -0.0031450541
   -0.0050206644
   -0.0061834196
   -0.0064740449
   -0.0058562283
   -0.0044210860
   -0.0023737601
  -4.1140841e-06
    0.0023542894
    0.0043711262
    0.0057655602
    0.0063453327
    0.0060332521
    0.0048774365
    0.0030439566
   0.00079299411
   -0.0015580634
   -0.0036793589
   -0.0052748299
   -0.0061235139
   -0.0061101342
   -0.0052407350
   -0.0036412479
   -0.0015392736
   0.00076828896
    0.0029571639
    0.0047212538
    0.0058154309
    0.0060895840
    0.0055091940
    0.0041596218
    0.0022335825
   3.6429713e-06
   -0.0022163376
   -0.0041153687
   -0.0054288805
   -0.0059755702
   -0.0056824116
   -0.0045943815
   -0.0028676104
  -0.00074699511
    0.0014685198
    0.0034680718
    0.0049724847
    0.0057732347
    0.0057613402
    0.0049421743
    0.0034341909
    0.0014518151
  -0.00072503372
   -0.0027904549
   -0.0044555410
   -0.0054887778
   -0.0057482217
   -0.0052009846
   -0.0039273531
   -0.0021090345
  -3.2458750e-06
    0.0020936592
    0.0038878863
    0.0051293515
    0.0056465274
    0.0053701298
    0.0043423746
    0.0027105742
   0.00070603615
   -0.0013887128
   -0.0032797363
   -0.0047029228
   -0.0054608622
   -0.0054502174
   -0.0046757965
   -0.0032494128
   -0.0013737571
   0.00068639405
    0.0026415445
    0.0042181492
    0.0051968753
    0.0054431050
    0.0049254386
    0.0037196563
    0.0019976461
   2.9121497e-06
   -0.0019838486
   -0.0036842357
   -0.0048611477
   -0.0053518331
   -0.0050903865
   -0.0041165794
   -0.0025698479
  -0.00066933875
    0.0013171299
    0.0031108002
    0.0044610829
    0.0051805574
    0.0051709761
    0.0044366669
    0.0030835064
    0.0013036680
  -0.00065166030
   -0.0025077175
   -0.0040047698
   -0.0049344485
   -0.0051687432
   -0.0046776171
   -0.0035328216
   -0.0018974319
  -2.6267155e-06
    0.0018849824
    0.0035008569
    0.0046195961
    0.0050863711
    0.0048383425
    0.0039131026
    0.0024430100
   0.00063626524
   -0.0012525668
   -0.0029584165
   -0.0042428998
   -0.0049276238
   -0.0049189537
   -0.0042208056
   -0.0029337173
   -0.0012403823
   0.00062027374
    0.0023867977
    0.0038119397
    0.0046972514
    0.0049207123
    0.0044535379
    0.0033638565
    0.0018067896
   2.3780557e-06
   -0.0017955062
   -0.0033348713
   -0.0044009177
   -0.0048460035
   -0.0046100840
   -0.0037287969
   -0.0023281066
  -0.00060630849
    0.0011940360
    0.0028202640
    0.0040450634
    0.0046982394
    0.0046903570
    0.0040249764
    0.0027978088
    0.0011829586
  -0.00059176950
   -0.0022770009
   -0.0036368246
   -0.0044818115
   -0.0046953956
   -0.0042499468
   -0.0032103176
   -0.0017244152
  -2.1661619e-06
    0.0017141353
    0.0031839081
    0.0042020015
    0.0046273236
    0.0044023871
    0.0035610670
    0.0022235221
   0.00057904249
   -0.0011407332
   -0.0026944396
   -0.0038648539
   -0.0044892593
   -0.0044820607
   -0.0038465089
   -0.0026739300
   -0.0011306109
   0.00056577601
    0.0021768677
    0.0034770981
    0.0042852729
    0.0044898148
    0.0040641604
    0.0030701864
    0.0016492269
   1.9829784e-06
   -0.0016398191
   -0.0030460205
   -0.0040202898
   -0.0044275286
   -0.0042125993
   -0.0034077786
   -0.0021279315
  -0.00055412461
    0.0010919847
    0.0025793619
    0.0037000156
    0.0042980781
    0.0042914782
    0.0036831961
    0.0025605568
    0.0010827009
  -0.00054196813
   -0.0020851680
   -0.0033308082
   -0.0041052436
   -0.0043014762
   -0.0038939314
   -0.0029417709
   -0.0015803146
  -1.8148870e-06
    0.0015716866
    0.0029195878
    0.0038536497
    0.0042442794
    0.0040385046
    0.0032671472
    0.0020402247
   0.00053126516
   -0.0010472310
   -0.0024737116
   -0.0035486646
   -0.0041225177
   -0.0041164454
   -0.0035331899
   -0.0024564101
   -0.0010386896
   0.00052008028
    0.0020008798
    0.0031963302
    0.0039397317
    0.0041283045
    0.0037373929
    0.0028236712
    0.0015169361
   1.6734829e-06
   -0.0015089827
   -0.0028032254
   -0.0037002672
   -0.0040755896
   -0.0038782229
   -0.0031376583
   -0.0019594584
  -0.00051021493
    0.0010060020
    0.0023763752
    0.0034092078
    0.0039607343
    0.0039551285
    0.0033949214
    0.0023604017
   0.00099811445
  -0.00049989331
   -0.0019231421
   -0.0030722898
   -0.0037870479
   -0.0039685351
   -0.0035929520
   -0.0027146858
   -0.0014584428
  -1.5457669e-06
    0.0014510921
    0.0026957844
    0.0035586281
    0.0039197969
    0.0037301779
    0.0030180415
    0.0018848418
   0.00049076756
  -0.00096789821
   -0.0022864108
   -0.0032802991
   -0.0038111709
   -0.0038059793
   -0.0032670681
   -0.0022716162
  -0.00096058994
   0.00048121539
    0.0018512197
    0.0029575178
    0.0036457577
    0.0038206719
    0.0034592604
    0.0026138005
    0.0014042925
   1.4310335e-06
   -0.0013974806
   -0.0025962769
   -0.0034274343
   -0.0037754780
   -0.0035930217
   -0.0029072115
   -0.0018157009
  -0.00047274929
   0.00093257482
    0.0022030092
    0.0031607836
    0.0036724919
    0.0036676702
    0.0031484952
    0.0021892678
   0.00092578462
  -0.00046388311
   -0.0017844831
   -0.0028510124
   -0.0035146313
   -0.0036834316
   -0.0033351611
   -0.0025201449
   -0.0013540190
  -1.3279727e-06
    0.0013476900
    0.0025038548
    0.0033055707
    0.0036414097
    0.0034655949
    0.0028042338
    0.0017514534
   0.00045600727
  -0.00089973919
   -0.0021254785
   -0.0030496718
   -0.0035435521
   -0.0035390622
   -0.0030382289
   -0.0021126819
  -0.00089341376
   0.00044775608
    0.0017223917
    0.0027519129
    0.0033926124
    0.0035557122
    0.0032196617
    0.0024329734
    0.0013072259
   1.2409835e-06
   -0.0013013199
   -0.0024177814
   -0.0031920707
   -0.0035165325
   -0.0033468938
   -0.0027082995
   -0.0016915959
  -0.00044041009
   0.00086913679
    0.0020532185
    0.0029461052
    0.0034233577
    0.0034191667
    0.0029354239
    0.0020412731
   0.00086323120
  -0.00043271051
   -0.0016644725
   -0.0026594665
   -0.0032787756
   -0.0034365461
   -0.0031118863
   -0.0023516225
   -0.0012635504
  -1.1540297e-06
    0.0012580424
    0.0023374362
    0.0030861123
    0.0033999410
    0.0032360580
    0.0026187139
    0.0016356951
   0.00042584387
  -0.00084054936
   -0.0019857126
   -0.0028493447
   -0.0033110525
   -0.0033071312
   -0.0028393505
   -0.0019745349
  -0.00083502138
   0.00041864431
    0.0016103242
    0.0025730329
    0.0031723347
    0.0033251136
    0.0030110982
    0.0022755415
    0.0012227045
   1.0803877e-06
   -0.0012175468
   -0.0022622561
   -0.0029869604
   -0.0032908320
   -0.0031323285
   -0.0025348669
   -0.0015833733
  -0.00041221360
   0.00081377897
    0.0019225005
    0.0027587344
    0.0032058786
    0.0032022024
    0.0027493647
    0.0019120214
   0.00080859652
  -0.00040546368
   -0.0015595874
   -0.0024920400
   -0.0030725866
   -0.0032206802
   -0.0029166338
   -0.0022042294
   -0.0011844176
  -1.0151691e-06
    0.0011795748
    0.0021917590
    0.0028939788
    0.0031885057
    0.0030350401
    0.0024562210
    0.0015342942
   0.00039942878
  -0.00078866026
   -0.0018631871
   -0.0026737069
   -0.0031071776
   -0.0031037238
   -0.0026649042
   -0.0018533419
  -0.00078379075
   0.00039308877
    0.0015119501
    0.0024159890
    0.0029789176
    0.0031226034
    0.0028279118
    0.0021372462
    0.0011484507
   9.5099950e-07
   -0.0011439037
   -0.0021255258
   -0.0028066129
   -0.0030923511
   -0.0029436115
   -0.0023823050
   -0.0014881615
  -0.00038740728
   0.00076505242
    0.0018074310
    0.0025937707
    0.0030143788
    0.0030111269
    0.0025854822
    0.0017981593
   0.00076046244
  -0.00038144763
   -0.0014671388
   -0.0023444457
   -0.0028907947
   -0.0030303277
   -0.0027444324
   -0.0020742178
   -0.0011146068
  -8.9438620e-07
    0.0011103261
    0.0020631789
    0.0027243693
    0.0030018291
    0.0028575341
    0.0023127122
    0.0014447266
   0.00037609269
  -0.00074281289
   -0.0017549117
   -0.0025184733
   -0.0029269611
   -0.0029238949
   -0.0025106581
   -0.0017461694
  -0.00073848493
   0.00037047350
    0.0014249046
    0.0022770151
    0.0028077336
    0.0029433476
    0.0026657394
    0.0020148001
    0.0010827009
   8.4353505e-07
   -0.0010786622
   -0.0020043838
   -0.0026468070
   -0.0029164547
   -0.0027763469
   -0.0022470694
   -0.0014037551
  -0.00036542066
   0.00072182894
    0.0017053572
    0.0024474229
    0.0028444692
    0.0028415733
    0.0024400417
    0.0016971006
   0.00071774160
  -0.00036011312
   -0.0013850334
   -0.0022133539
   -0.0027293111
   -0.0028612199
   -0.0025914319
   -0.0019586903
   -0.0010525695
  -7.9587844e-07
    0.0010487549
    0.0019488471
    0.0025735388
    0.0028358019
    0.0026996451
    0.0021850496
    0.0013650432
   0.00035533758
  -0.00070199756
   -0.0016585235
   -0.0023802699
   -0.0027664975
   -0.0027637575
   -0.0023732859
   -0.0016507104
  -0.00069812779
   0.00035032060
    0.0013473370
    0.0021531598
    0.0026551544
    0.0027835547
    0.0025211581
    0.0019056242
    0.0010240726
   7.5464558e-07
   -0.0010204589
   -0.0018963030
   -0.0025042158
   -0.0027594882
   -0.0026270658
   -0.0021263599
   -0.0013284076
  -0.00034579465
   0.00068322805
    0.0016141946
    0.0023167049
    0.0026926879
    0.0026900916
    0.0023100872
    0.0016067909
   0.00067955969
  -0.00034104392
   -0.0013116351
   -0.0020961497
   -0.0025849170
   -0.0027099903
   -0.0024545907
   -0.0018553531
  -0.00099707370
  -7.1238018e-07
   0.00099365348
    0.0018465210
    0.0024385320
    0.0026871757
    0.0025582875
    0.0020707402
    0.0012936859
   0.00033674884
  -0.00066543873
   -0.0015721768
   -0.0022564498
   -0.0026227175
   -0.0026202537
   -0.0022501694
   -0.0015651496
  -0.00066195481
   0.00033224546
    0.0012777767
    0.0020420813
    0.0025183009
    0.0026402153
    0.0023914492
    0.0018076671
   0.00097146229
   6.7334158e-07
  -0.00096822094
   -0.0017992872
   -0.0023762076
   -0.0026185587
   -0.0024930212
   -0.0020179588
   -0.0012607358
  -0.00032816670
   0.00064855020
    0.0015322894
    0.0021992485
    0.0025562909
    0.0025539500
    0.0021932814
    0.0015256125
   0.00064523931
  -0.00032388956
   -0.0012456228
   -0.0019907331
   -0.0024550337
   -0.0025739454
   -0.0023314776
   -0.0017623742
  -0.00094713732
  -6.4101897e-07
   0.00094405419
    0.0017544064
    0.0023169870
    0.0025533567
    0.0024310011
    0.0019678009
    0.0012294230
   0.00032001237
  -0.00063249589
   -0.0014943737
   -0.0021448734
   -0.0024931438
   -0.0024909173
   -0.0021391978
   -0.0014880231
  -0.00062934744
   0.00031594266
    0.0012150458
    0.0019419018
    0.0023948651
    0.0025109182
    0.0022744378
    0.0017192933
   0.00092399884
   6.0960911e-07
  -0.00092106529
   -0.0017117103
   -0.0022606462
   -0.0024913223
   -0.0023719911
   -0.0019200752
   -0.0011996273
  -0.00031225319
   0.00061721700
    0.0014582883
    0.0020931209
    0.0024330394
    0.0024309185
    0.0020877143
    0.0014522383
   0.00061421614
  -0.00030837983
   -0.0011859372
   -0.0018954116
   -0.0023375778
   -0.0024509062
   -0.0022201241
   -0.0016782698
  -0.00090196510
  -5.8135989e-07
   0.00089916858
    0.0016710422
    0.0022069794
    0.0024322296
    0.0023157767
    0.0018746079
    0.0011712396
   0.00030485892
  -0.00060266167
   -0.0014239077
   -0.0020438103
   -0.0023757684
   -0.0023737459
   -0.0020386546
   -0.0014181383
  -0.00059979947
   0.00030116649
    0.0011581867
    0.0018510915
    0.0022829634
    0.0023936922
    0.0021683405
    0.0016391552
   0.00088095483
   5.5240028e-07
  -0.00087829124
   -0.0016322640
   -0.0021558038
   -0.0023758774
   -0.0022621673
   -0.0018312467
   -0.0011441671
  -0.00029780993
   0.00058877332
    0.0013911066
    0.0019967648
    0.0023211263
    0.0023191950
    0.0019918416
    0.0013855965
   0.00058603774
  -0.00029428896
   -0.0011317108
   -0.0018088017
   -0.0022308469
   -0.0023390918
   -0.0021189200
   -0.0016018241
  -0.00086090213
  -5.2598499e-07
   0.00085836108
    0.0015952444
    0.0021069471
    0.0023220760
    0.0022109817
    0.0017898428
    0.0011183134
   0.00029107386
  -0.00057551755
   -0.0013597907
   -0.0019518452
   -0.0022689504
   -0.0022671045
   -0.0019471395
   -0.0013545235
  -0.00057290112
   0.00028771200
    0.0011064133
    0.0017683976
    0.0021810551
    0.0022869267
    0.0020717036
    0.0015661582
   0.00084174570
   5.0564997e-07
  -0.00083931081
   -0.0015598623
   -0.0020602518
   -0.0022706543
   -0.0021620592
   -0.0017502691
   -0.0010936030
  -0.00028463789
   0.00056284211
    0.0013298490
    0.0019088967
    0.0022190626
    0.0022172962
    0.0019043935
    0.0013248077
   0.00056033541
  -0.00028142668
   -0.0010822249
   -0.0017297606
   -0.0021334374
   -0.0022370360
   -0.0020265426
   -0.0015320416
  -0.00082341785
  -4.8035365e-07
   0.00082109455
    0.0015260228
    0.0020155885
    0.0022214673
    0.0021152609
    0.0017124128
    0.0010699654
   0.00027848371
  -0.00055071066
   -0.0013011963
   -0.0018677972
   -0.0021713218
   -0.0021696306
   -0.0018634857
   -0.0012963697
  -0.00054831124
   0.00027540793
    0.0010590694
    0.0016927739
    0.0020878530
    0.0021892745
    0.0019833078
    0.0014993795
   0.00080587129
   4.5732471e-07
  -0.00080365121
   -0.0014936189
   -0.0019728187
   -0.0021743640
   -0.0020704432
   -0.0016761568
   -0.0010473253
  -0.00027258726
   0.00053909389
    0.0012737549
    0.0018284326
    0.0021255939
    0.0021239727
    0.0018242992
    0.0012691270
   0.00053679146
  -0.00026964295
   -0.0010368866
   -0.0016573394
   -0.0020441801
   -0.0021435147
   -0.0019418844
   -0.0014680864
  -0.00078906227
  -4.4078942e-07
   0.00078692913
    0.0014625588
    0.0019318236
    0.0021292150
    0.0020274846
    0.0016414045
    0.0010256245
   0.00026693702
  -0.00052795497
   -0.0012474447
   -0.0017906908
   -0.0020817506
   -0.0020801957
   -0.0017867265
   -0.0012430063
  -0.00052574738
   0.00026411183
    0.0010156107
    0.0016233539
    0.0020022923
    0.0020996239
    0.0019021514
    0.0014380686
   0.00077293649
   4.2229484e-07
  -0.00077089082
   -0.0014327654
   -0.0018924978
   -0.0020859023
   -0.0019862712
   -0.0016080623
   -0.0010048027
  -0.00026151414
   0.00051726906
    0.0012222011
    0.0017544769
    0.0020396802
    0.0020381871
    0.0017506699
    0.0012179383
   0.00051514729
  -0.00025880466
  -0.00099519211
   -0.0015907361
   -0.0019620884
   -0.0020574961
   -0.0018640130
   -0.0014092546
  -0.00075745705
  -4.0495168e-07
   0.00075549353
    0.0014041622
    0.0018547421
    0.0020443177
    0.0019467012
    0.0015760490
   0.00098481084
   0.00025630856
  -0.00050700581
   -0.0011979577
   -0.0017196975
   -0.0019992753
   -0.0019978403
   -0.0017160385
   -0.0011938601
  -0.00050496480
   0.00025370805
   0.00097557991
    0.0015594048
    0.0019234689
    0.0020170271
    0.0018273755
    0.0013815740
   0.00074258677
   3.8970426e-07
  -0.00074069852
   -0.0013766783
   -0.0018184635
   -0.0020043593
   -0.0019086780
   -0.0015452869
  -0.00096560087
  -0.00025130834
   0.00049713955
    0.0011746549
    0.0016862679
    0.0019604381
    0.0019590583
    0.0016827498
    0.0011707153
   0.00049517769
  -0.00024880676
  -0.00095672332
   -0.0015292806
   -0.0018863364
   -0.0019781150
   -0.0017921458
   -0.0013549553
  -0.00072828474
  -3.7152096e-07
   0.00072647481
    0.0013502517
    0.0017835776
    0.0019659325
    0.0018721100
    0.0015156999
   0.00094712227
   0.00024649512
  -0.00048765465
   -0.0011522461
   -0.0016541175
   -0.0019230847
   -0.0019217560
   -0.0016507295
   -0.0011484511
  -0.00048576181
   0.00024409340
   0.00093858506
    0.0015003022
    0.0018506149
    0.0019406806
    0.0017582533
    0.0013293470
   0.00071452665
   3.5697023e-07
  -0.00071278554
   -0.0013248199
   -0.0017500054
   -0.0019289527
   -0.0018369186
   -0.0014872267
  -0.00092933980
  -0.00024186470
   0.00047852351
    0.0011306756
    0.0016231703
    0.0018871292
    0.0018858498
    0.0016199079
    0.0011270215
   0.00047670125
  -0.00023955118
  -0.00092111770
   -0.0014723979
   -0.0018162180
   -0.0019046341
   -0.0017256171
   -0.0013046875
  -0.00070127821
  -3.4329076e-07
   0.00069960215
    0.0013003277
    0.0017176730
    0.0018933377
    0.0018030256
    0.0014598036
   0.00091221332
   0.00023740610
  -0.00046972651
   -0.0011098960
   -0.0015933577
   -0.0018524912
   -0.0018512584
   -0.0015902142
   -0.0011063751
  -0.00046797109
   0.00023517592
   0.00090428920
    0.0014455128
    0.0017830763
    0.0018699020
    0.0016941701
    0.0012809262
   0.00068851225
   3.3078422e-07
  -0.00068689682
   -0.0012767236
   -0.0016865123
   -0.0018590125
   -0.0017703590
   -0.0014333720
  -0.00089570532
  -0.00023310790
   0.00046124769
    0.0010898665
    0.0015646200
    0.0018191010
    0.0018179119
    0.0015615879
    0.0010864700
   0.00045955345
  -0.00023095883
  -0.00088806533
   -0.0014195921
   -0.0017511220
   -0.0018364127
   -0.0016638469
   -0.0012580123
  -0.00067619967
  -3.1551083e-07
   0.00067464831
    0.0012539647
    0.0016564653
    0.0018259126
    0.0017388573
    0.0014078821
   0.00087978520
   0.00022896301
  -0.00045306960
   -0.0010705474
   -0.0015369012
   -0.0017868937
   -0.0017857458
   -0.0015339739
   -0.0010672678
  -0.00045143192
   0.00022689244
   0.00087241625
    0.0013945883
    0.0017202971
    0.0018041068
    0.0016345952
    0.0012359092
   0.00066432520
   3.0643871e-07
  -0.00066282394
   -0.0012319983
   -0.0016274660
   -0.0017939672
   -0.0017084541
   -0.0013832807
  -0.00086441933
  -0.00022496160
   0.00044517744
    0.0010519021
    0.0015101480
    0.0017558076
    0.0017546989
    0.0015073204
    0.0010487336
   0.00044359374
  -0.00022296519
  -0.00085730728
   -0.0013704479
   -0.0016905362
   -0.0017729152
   -0.0016063516
   -0.0012145666
  -0.00065285770
  -2.9495904e-07
   0.00065140964
    0.0012107909
    0.0015994671
    0.0017631226
    0.0016790978
    0.0013595259
   0.00084958234
   0.00022109875
  -0.00043755465
   -0.0010338945
   -0.0014843098
   -0.0017257843
   -0.0017247128
   -0.0014815772
   -0.0010308321
  -0.00043602320
   0.00021917138
   0.00084271241
    0.0013471286
    0.0016617870
    0.0017427831
    0.0015790666
    0.0011939476
   0.00064177833
   2.8296904e-07
  -0.00064038292
   -0.0011903023
   -0.0015724162
   -0.0017333214
   -0.0016507337
   -0.0013365734
  -0.00083524596
  -0.00021736587
   0.00043018924
    0.0010164940
    0.0014593419
    0.0016967716
    0.0016957355
    0.0014566995
    0.0010135322
   0.00042870703
  -0.00021550465
  -0.00082860678
   -0.0013245908
   -0.0016340009
   -0.0017136602
   -0.0015526954
   -0.0011740196
  -0.00063107149
  -0.00022057934
  -0.00022057921
