  -0.00033177507
  -0.00097495000
   -0.0015576834
   -0.0020432552
   -0.0024010052
   -0.0026082691
   -0.0026518137
   -0.0025286817
   -0.0022463917
   -0.0018224790
   -0.0012834072
  -0.00066291566
   9.1665083e-08
   0.00066398533
    0.0012870241
    0.0018299795
    0.0022586050
    0.0025457967
    0.0026733063
    0.0026329012
    0.0024268948
    0.0020680159
    0.0015786223
   0.00098930809
   0.00033699113
  -0.00033739930
  -0.00099149057
   -0.0015841289
   -0.0020779683
   -0.0024418241
   -0.0026526418
   -0.0026969578
   -0.0025717590
   -0.0022846861
   -0.0018535681
   -0.0013053155
  -0.00067423972
   9.2899267e-08
   0.00067534241
    0.0013090532
    0.0018613233
    0.0022973166
    0.0025894602
    0.0027191877
    0.0026781193
    0.0024686026
    0.0021035792
    0.0016057865
    0.0010063407
   0.00034279245
  -0.00034322524
   -0.0010086093
   -0.0016114944
   -0.0021138872
   -0.0024840600
   -0.0026985547
   -0.0027436692
   -0.0026163319
   -0.0023243103
   -0.0018857370
   -0.0013279844
  -0.00068595622
   9.6236489e-08
   0.00068709772
    0.0013318533
    0.0018937642
    0.0023373837
    0.0026346536
    0.0027666781
    0.0027249251
    0.0025117767
    0.0021403953
    0.0016339104
    0.0010239788
   0.00034880605
  -0.00034924676
   -0.0010263204
   -0.0016398131
   -0.0021510608
   -0.0025277741
   -0.0027460768
   -0.0027920194
   -0.0026624701
   -0.0023653269
   -0.0019190367
   -0.0013514499
  -0.00069808342
   1.0241784e-07
   0.00069927108
    0.0013554621
    0.0019273551
    0.0023788713
    0.0026814495
    0.0028158527
    0.0027733908
    0.0025564818
    0.0021785159
    0.0016630291
    0.0010422378
   0.00035502533
  -0.00035549281
   -0.0010446743
   -0.0016691545
   -0.0021895750
   -0.0025730638
   -0.0027953117
   -0.0028421129
   -0.0027102727
   -0.0024078244
   -0.0019535399
   -0.0013757652
  -0.00071065169
   1.0542013e-07
   0.00071188101
    0.0013799215
    0.0019621587
    0.0024218587
    0.0027299391
    0.0028668091
    0.0028236145
    0.0026028104
    0.0022180231
    0.0016932091
    0.0010611647
   0.00036147580
  -0.00036196067
   -0.0010636907
   -0.0016995591
   -0.0022294873
   -0.0026199998
   -0.0028463381
   -0.0028940305
   -0.0027598171
   -0.0024518708
   -0.0019893005
   -0.0014009654
  -0.00072367499
   1.1423876e-07
   0.00072495955
    0.0014052851
    0.0019982473
    0.0024664329
    0.0027802189
    0.0029196475
    0.0028756942
    0.0026508521
    0.0022589919
    0.0017245064
    0.0010807928
   0.00036816526
  -0.00036866873
   -0.0010834136
   -0.0017310939
   -0.0022708845
   -0.0026686833
   -0.0028992660
   -0.0029478848
   -0.0028112116
   -0.0024975642
   -0.0020264005
   -0.0014271122
  -0.00073719065
   1.1757299e-07
   0.00073852173
    0.0014315929
    0.0020356831
    0.0025126739
    0.0028323816
    0.0029744669
    0.0029297285
    0.0027006988
    0.0023015017
    0.0017569824
    0.0011011613
   0.00037510840
  -0.00037562797
   -0.0011038788
   -0.0017638177
   -0.0023138442
   -0.0027192062
   -0.0029541953
   -0.0030037770
   -0.0028645522
   -0.0025449887
   -0.0020649068
   -0.0014542498
  -0.00075121760
   1.2370517e-07
   0.00075260303
    0.0014589058
    0.0020745490
    0.0025606818
    0.0028865382
    0.0030313826
    0.0029858300
    0.0027524530
    0.0023456384
    0.0017907008
    0.0011223075
   0.00038231336
  -0.00038286043
   -0.0011251378
   -0.0017978083
   -0.0023584665
   -0.0027716848
   -0.0030112518
   -0.0030618349
   -0.0029199611
   -0.0025942537
   -0.0021049086
   -0.0014824428
  -0.00076579125
   1.2843954e-07
   0.00076723076
    0.0014872811
    0.0021149285
    0.0026105617
    0.0029428086
    0.0030905223
    0.0030441263
    0.0028062345
    0.0023915067
    0.0018257449
    0.0011442886
   0.00038980763
  -0.00039036948
   -0.0011472241
   -0.0018331272
   -0.0024048363
   -0.0028262216
   -0.0030705488
   -0.0031221752
   -0.0029775503
   -0.0026454587
   -0.0021464870
   -0.0015117476
  -0.00078093958
   1.3434438e-07
   0.00078243816
    0.0015167807
    0.0021569088
    0.0026624198
    0.0030013121
    0.0031520101
    0.0031047380
    0.0028621527
    0.0024391973
    0.0018621802
    0.0011671398
   0.00039759340
  -0.00039818709
   -0.0011702028
   -0.0018698691
   -0.0024530730
   -0.0028829541
   -0.0031322337
   -0.0031849462
   -0.0030374606
   -0.0026987287
   -0.0021897429
   -0.0015422352
  -0.00079669927
   1.4161264e-07
   0.00079826246
    0.0015474769
    0.0022005927
    0.0027163840
    0.0030621933
    0.0032159990
    0.0031678173
    0.0029203497
    0.0024888334
    0.0019001040
    0.0011909266
   0.00040570043
  -0.00040632084
   -0.0011941180
   -0.0019081119
   -0.0025032830
   -0.0029420101
   -0.0031964479
   -0.0032502939
   -0.0030998326
   -0.0027541901
   -0.0022347806
   -0.0015739807
  -0.00081311130
   1.4599139e-07
   0.00081473657
    0.0015794377
    0.0022460793
    0.0027725779
    0.0031255928
    0.0032826375
    0.0032335113
    0.0029809613
    0.0025405312
    0.0019396048
    0.0012157041
   0.00041414655
  -0.00041479153
   -0.0012190283
   -0.0019479482
   -0.0025555874
   -0.0030035318
   -0.0032633452
   -0.0033183741
   -0.0031648147
   -0.0028119736
   -0.0022817046
   -0.0016070555
  -0.00083020897
   1.5497584e-07
   0.00083190884
    0.0016127499
    0.0022934887
    0.0028311477
    0.0031916741
    0.0033520963
    0.0033019871
    0.0030441409
    0.0025944201
    0.0019807798
    0.0012415308
   0.00042294746
  -0.00042362787
   -0.0012450054
   -0.0019894891
   -0.0026101303
   -0.0030676878
   -0.0033331089
   -0.0033893738
   -0.0032325858
   -0.0028722397
   -0.0023306471
   -0.0016415555
  -0.00084804591
   1.6043954e-07
   0.00084981711
    0.0016474948
    0.0023429408
    0.0028922445
    0.0032606099
    0.0034245588
    0.0033734275
    0.0031100591
    0.0026506480
    0.0020237450
    0.0012684834
   0.00043213606
  -0.00043284279
   -0.0012721071
   -0.0020328333
   -0.0026670447
   -0.0031346368
   -0.0034059130
   -0.0034634704
   -0.0033033154
   -0.0029351383
   -0.0023817283
   -0.0016775628
  -0.00086666013
   1.7161191e-07
   0.00086851801
    0.0016837736
    0.0023945754
    0.0029560386
    0.0033325904
    0.0035002237
    0.0034480270
    0.0031788937
    0.0027093647
    0.0020686123
    0.0012966283
   0.00044172811
  -0.00044247276
   -0.0013004208
   -0.0020781144
   -0.0027265030
   -0.0032045797
   -0.0034819751
   -0.0035408856
   -0.0033772155
   -0.0030008592
   -0.0024351040
   -0.0017151897
  -0.00088611380
   1.8044213e-07
   0.00088805812
    0.0017216846
    0.0024485366
    0.0030227105
    0.0034078218
    0.0035793096
    0.0035260030
    0.0032508475
    0.0027707454
    0.0021155183
    0.0013260550
   0.00045176039
  -0.00045253616
   -0.0013300187
   -0.0021254541
   -0.0027886684
   -0.0032777112
   -0.0035615087
   -0.0036218378
   -0.0034544955
   -0.0030695890
   -0.0024909261
   -0.0017545431
  -0.00090646139
   1.8871093e-07
   0.00090849587
    0.0017613398
    0.0025049829
    0.0030924561
    0.0034865247
    0.0036620481
    0.0036075835
    0.0033261301
    0.0028349679
    0.0021645971
    0.0013568449
   0.00046225572
  -0.00046307087
   -0.0013609978
   -0.0021750030
   -0.0028537365
   -0.0033542597
   -0.0036447613
   -0.0037065784
   -0.0035353951
   -0.0031415405
   -0.0025493667
   -0.0017957437
  -0.00092776413
   1.9902792e-07
   0.00092989807
    0.0018028664
    0.0025640949
    0.0031654980
    0.0035689503
    0.0037487038
    0.0036930298
    0.0034049833
    0.0029022392
    0.0022160081
    0.0013890993
   0.00047325077
  -0.00047410748
   -0.0013934545
   -0.0022269173
   -0.0029219138
   -0.0034344695
   -0.0037319996
   -0.0037953799
   -0.0036201752
   -0.0032169467
   -0.0026106161
   -0.0018389264
  -0.00095009277
   2.0972294e-07
   0.00095233272
    0.0018463983
    0.0026260643
    0.0032420740
    0.0036553682
    0.0038395608
    0.0037826230
    0.0034876675
    0.0029727824
    0.0022699224
    0.0014229265
   0.00048478386
  -0.00048568060
   -0.0014274944
   -0.0022813678
   -0.0029934258
   -0.0035186068
   -0.0038235141
   -0.0038885385
   -0.0037091193
   -0.0032960599
   -0.0026748794
   -0.0018842359
  -0.00097352185
   2.2163350e-07
   0.00097587657
    0.0018920839
    0.0026911021
    0.0033224453
    0.0037460729
    0.0039349289
    0.0038766685
    0.0035744641
    0.0030468367
    0.0023265217
    0.0014584383
   0.00049688897
  -0.00049783706
   -0.0014632433
   -0.0023385519
   -0.0030685300
   -0.0036069738
   -0.0039196330
   -0.0039863886
   -0.0038025467
   -0.0033791650
   -0.0027423884
   -0.0019318363
  -0.00099813692
   2.3364086e-07
    0.0010006136
    0.0019400876
    0.0027594435
    0.0034069031
    0.0038413945
    0.0040351563
    0.0039755108
    0.0036656924
    0.0031246764
    0.0023860175
    0.0014957699
   0.00050961593
  -0.00051061581
   -0.0015008267
   -0.0023986745
   -0.0031474978
   -0.0036998916
   -0.0040207071
   -0.0040892882
   -0.0039008003
   -0.0034665669
   -0.0028133911
   -0.0019819017
   -0.0010240268
   2.4884323e-07
    0.0010266395
    0.0019905927
    0.0028313485
    0.0034957690
    0.0039416958
    0.0041406247
    0.0040795270
    0.0037617009
    0.0032065987
    0.0024486369
    0.0015350634
   0.00052301233
  -0.00052406784
   -0.0015403920
   -0.0024619707
   -0.0032306385
   -0.0037977245
   -0.0041271335
   -0.0041976427
   -0.0040042682
   -0.0035586126
   -0.0028881707
   -0.0020346339
   -0.0010512983
   2.6261595e-07
    0.0010540527
    0.0020437949
    0.0029070987
    0.0035893926
    0.0040473732
    0.0042517526
    0.0041891308
    0.0038628725
    0.0032929313
    0.0025146311
    0.0015764767
   0.00053713200
  -0.00053824756
   -0.0015820993
   -0.0025286971
   -0.0033182894
   -0.0039008703
   -0.0042393455
   -0.0043118938
   -0.0041133725
   -0.0036556775
   -0.0029670318
   -0.0020902464
   -0.0010800596
   2.7996432e-07
    0.0010829725
    0.0020999214
    0.0029870157
    0.0036881711
    0.0041588750
    0.0043690116
    0.0043047880
    0.0039696376
    0.0033840422
    0.0025842816
    0.0016201866
   0.00055203510
  -0.00055321634
   -0.0016261286
   -0.0025991422
   -0.0034108304
   -0.0040097769
   -0.0043578317
   -0.0044325403
   -0.0042285912
   -0.0037581883
   -0.0030503228
   -0.0021489870
   -0.0011104415
   2.9625303e-07
    0.0011135213
    0.0021592150
    0.0030714484
    0.0037925378
    0.0042766922
    0.0044929198
    0.0044270110
    0.0040824705
    0.0034803368
    0.0026578991
    0.0016663884
   0.00056778782
  -0.00056904236
   -0.0016726795
   -0.0026736253
   -0.0035086816
   -0.0041249398
   -0.0044831320
   -0.0045601329
   -0.0043504509
   -0.0038666145
   -0.0031384255
   -0.0022111249
   -0.0011425824
   3.1374144e-07
    0.0011458434
    0.0022219542
    0.0031607930
    0.0039029831
    0.0044013793
    0.0046240614
    0.0045563773
    0.0042019056
    0.0035822725
    0.0027358341
    0.0017153031
   0.00058446654
  -0.00058579984
   -0.0017219733
   -0.0027525025
   -0.0036123121
   -0.0042469122
   -0.0046158500
   -0.0046952876
   -0.0044795413
   -0.0039814816
   -0.0032317677
   -0.0022769620
   -0.0011766382
   3.3400075e-07
    0.0011800992
    0.0022884496
    0.0032554922
    0.0040200551
    0.0045335563
    0.0047630897
    0.0046935328
    0.0043285405
    0.0036903604
    0.0028184785
    0.0017671771
   0.00060215566
  -0.00060357335
   -0.0017742599
   -0.0028361741
   -0.0037222494
   -0.0043763167
   -0.0047566643
   -0.0048386973
   -0.0046165256
   -0.0041033809
   -0.0033308308
   -0.0023468382
   -0.0012127846
   3.5815583e-07
    0.0012164683
    0.0023590499
    0.0033560434
    0.0041443697
    0.0046739200
    0.0049107395
    0.0048392039
    0.0044630474
    0.0038051758
    0.0029062733
    0.0018222881
   0.00062095039
  -0.00062245786
   -0.0018298201
   -0.0029250915
   -0.0038390879
   -0.0045138547
   -0.0049063407
   -0.0049911437
   -0.0047621527
   -0.0042329812
   -0.0034361603
   -0.0024211406
   -0.0012512240
   3.8278464e-07
    0.0012551482
    0.0024341425
    0.0034630013
    0.0042766154
    0.0048232500
    0.0050678330
    0.0049942038
    0.0046061787
    0.0039273616
    0.0029997102
    0.0018809437
   0.00064095279
  -0.00064256560
   -0.0018889757
   -0.0030197678
   -0.0039635020
   -0.0046603211
   -0.0050657453
   -0.0051535108
   -0.0049172688
   -0.0043710369
   -0.0035483705
   -0.0025003029
   -0.0012921807
   4.0934036e-07
    0.0012963685
    0.0025141730
    0.0035770016
    0.0044175799
    0.0049824381
    0.0052353106
    0.0051594630
    0.0047587963
    0.0040576564
    0.0030993564
    0.0019435028
   0.00066228865
  -0.00066401393
   -0.0019520822
   -0.0031207761
   -0.0040962484
   -0.0048166099
   -0.0052358544
   -0.0053267958
   -0.0050828290
   -0.0045184002
   -0.0036681555
   -0.0025848157
   -0.0013359083
   4.3985185e-07
    0.0013403894
    0.0025996464
    0.0036987646
    0.0045681557
    0.0051524945
    0.0054142380
    0.0053360357
    0.0049218764
    0.0041968958
    0.0032058530
    0.0020103691
   0.00068509661
  -0.00068694089
   -0.0020195484
   -0.0032287732
   -0.0042381929
   -0.0049837434
   -0.0054177838
   -0.0055121389
   -0.0052599260
   -0.0046760469
   -0.0037963116
   -0.0026752434
   -0.0013827016
   4.7060520e-07
    0.0013875013
    0.0026911317
    0.0038291047
    0.0047293535
    0.0053345641
    0.0056058229
    0.0055251165
    0.0050965245
    0.0043460251
    0.0033199233
    0.0020819955
   0.00070952685
  -0.00071151186
   -0.0020918484
   -0.0033445158
   -0.0043903301
   -0.0051628942
   -0.0056128120
   -0.0057108448
   -0.0054498087
   -0.0048450905
   -0.0039337447
   -0.0027722249
   -0.0014328887
   5.0842631e-07
    0.0014380496
    0.0027892951
    0.0039689708
    0.0049023483
    0.0055299767
    0.0058114681
    0.0057280939
    0.0052840270
    0.0045061466
    0.0034424139
    0.0021589170
   0.00073576623
  -0.00073790384
   -0.0021695159
   -0.0034688640
   -0.0045537958
   -0.0053554048
   -0.0058224057
   -0.0059244129
   -0.0056539149
   -0.0050268154
   -0.0040815030
   -0.0028765033
   -0.0014868573
   5.4966798e-07
    0.0014924192
    0.0028948900
    0.0041194413
    0.0050884789
    0.0057402496
    0.0060327752
    0.0059465532
    0.0054858526
    0.0046785180
    0.0035742894
    0.0022417403
   0.00076402073
  -0.00076632932
   -0.0022531734
   -0.0036028160
   -0.0047299053
   -0.0055628285
   -0.0060482606
   -0.0061545760
   -0.0058739053
   -0.0052227046
   -0.0042407960
   -0.0029889347
   -0.0015450520
   5.9430267e-07
    0.0015510599
    0.0030087927
    0.0042817687
    0.0052892993
    0.0059671438
    0.0062716032
    0.0061823350
    0.0057037068
    0.0048645999
    0.0037166703
    0.0023311711
   0.00079453133
  -0.00079703290
   -0.0023435415
   -0.0037475287
   -0.0049201837
   -0.0057869666
   -0.0062923439
   -0.0064033445
   -0.0061117068
   -0.0054344785
   -0.0044130261
   -0.0031105109
   -0.0016079858
   6.4633315e-07
    0.0016144990
    0.0031320275
    0.0044574156
    0.0055066235
    0.0062127141
    0.0065301213
    0.0064375870
    0.0059395796
    0.0050660972
    0.0038708649
    0.0024280330
   0.00082757898
  -0.00083030101
   -0.0024414631
   -0.0039043552
   -0.0051264157
   -0.0060299277
   -0.0065569589
   -0.0066730736
   -0.0063695783
   -0.0056641556
   -0.0045998408
   -0.0032423995
   -0.0016762667
   7.0303543e-07
    0.0016833470
    0.0032657870
    0.0046480888
    0.0057425710
    0.0064793642
    0.0068108685
    0.0067148250
    0.0061958041
    0.0052850101
    0.0040384095
    0.0025332955
   0.00086349763
  -0.00086646463
   -0.0025479218
   -0.0040748780
   -0.0053506900
   -0.0062941814
   -0.0068448046
   -0.0069665236
   -0.0066501673
   -0.0059141015
   -0.0048031700
   -0.0033859667
   -0.0017506029
   7.6810285e-07
    0.0017583289
    0.0034114814
    0.0048558039
    0.0059996437
    0.0067699305
    0.0071168408
    0.0070170171
    0.0064751324
    0.0055236977
    0.0042211157
    0.0026481005
   0.00090267788
  -0.00090591933
   -0.0026640851
   -0.0042609731
   -0.0055954822
   -0.0065826542
   -0.0071590794
   -0.0072869661
   -0.0069566125
   -0.0061871213
   -0.0050253031
   -0.0035428338
   -0.0018318355
   8.4461589e-07
    0.0018403036
    0.0035707834
    0.0050829528
    0.0062808112
    0.0070877803
    0.0074515959
    0.0073476885
    0.0067808336
    0.0057849617
    0.0044211339
    0.0027738011
   0.00094557849
  -0.00094914299
   -0.0027913510
   -0.0044648837
   -0.0058637511
   -0.0068988439
   -0.0075036068
   -0.0076383130
   -0.0072926682
   -0.0064865718
   -0.0052689813
   -0.0037149442
   -0.0019209756
   9.3148475e-07
    0.0019302948
    0.0037456915
    0.0053323964
    0.0065896284
    0.0074369478
    0.0078193987
    0.0077110682
    0.0071168322
    0.0060721700
    0.0046410530
    0.0029120322
   0.00099276260
  -0.00099669575
   -0.0029313841
   -0.0046892898
   -0.0061590374
   -0.0072469406
   -0.0078829701
   -0.0080252565
   -0.0076628394
   -0.0068164825
   -0.0055374959
   -0.0039046308
   -0.0020192353
   1.0316101e-06
    0.0020295389
    0.0039386163
    0.0056075853
    0.0069303832
    0.0078222994
    0.0082253947
    0.0081122592
    0.0074878647
    0.0063893859
    0.0048839960
    0.0030647634
    0.0010449032
   -0.0010492643
   -0.0030862087
   -0.0049374464
   -0.0064856400
   -0.0076320309
   -0.0083027342
   -0.0084534946
   -0.0080725983
   -0.0071817494
   -0.0058348468
   -0.0041147298
   -0.0021280883
   1.1490887e-06
    0.0021395417
    0.0041524940
    0.0059127230
    0.0073083009
    0.0082497675
    0.0086758588
    0.0085574867
    0.0078997110
    0.0067415708
    0.0051537768
    0.0032344007
    0.0011028225
   -0.0011076886
   -0.0032583016
   -0.0052133372
   -0.0068488223
   -0.0080603459
   -0.0087697188
   -0.0089300131
   -0.0085286567
   -0.0075883801
   -0.0061659449
   -0.0043487250
   -0.0022493466
   1.2872773e-06
    0.0022621523
    0.0043909341
    0.0062529804
    0.0077298123
    0.0087266567
    0.0091785213
    0.0090544237
    0.0083594992
    0.0071348458
    0.0054551044
    0.0034239172
    0.0011675391
   -0.0011730037
   -0.0034507215
   -0.0055218862
   -0.0072550940
   -0.0085395958
   -0.0092923667
   -0.0094634648
   -0.0090393323
   -0.0080438233
   -0.0065368815
   -0.0046109401
   -0.0023852596
   1.4505794e-06
    0.0023996695
    0.0046584250
    0.0066347906
    0.0082029224
    0.0092620644
    0.0097430144
    0.0096126356
    0.0088761197
    0.0075768500
    0.0057938585
    0.0036370281
    0.0012403277
   -0.0012465010
   -0.0036672917
   -0.0058692527
   -0.0077126028
   -0.0090794365
   -0.0098812574
    -0.010064698
   -0.0096150582
   -0.0085574268
   -0.0069553052
   -0.0049068061
   -0.0025386541
   1.6459017e-06
    0.0025549874
    0.0049606196
    0.0070662593
    0.0087377219
    0.0098674637
     0.010381492
     0.010244198
    0.0094608016
    0.0080772361
    0.0061774718
    0.0038784302
    0.0013227974
   -0.0013298221
   -0.0039128641
   -0.0062632544
   -0.0082316940
   -0.0096921341
    -0.010549836
    -0.010747507
    -0.010269109
   -0.0091410903
   -0.0074309576
   -0.0052432444
   -0.0027131342
   1.8823175e-06
    0.0027318011
    0.0053047392
    0.0075577466
    0.0093471156
     0.010557536
     0.011109515
     0.010964581
     0.010127939
    0.0086483842
    0.0066154813
    0.0041541521
    0.0014170116
   -0.0014250832
   -0.0041936881
   -0.0067139632
   -0.0088257032
    -0.010393509
    -0.011315455
    -0.011529705
    -0.011018634
   -0.0098101983
   -0.0079764406
   -0.0056292126
   -0.0029133655
   2.1762768e-06
    0.0029349096
    0.0057001641
    0.0081227177
     0.010047887
     0.011351388
     0.011947349
     0.011793946
     0.010896303
    0.0093064514
    0.0071203443
    0.0044720761
    0.0015256740
   -0.0015350475
   -0.0045179404
   -0.0072345716
   -0.0095121119
    -0.011204316
    -0.012200898
    -0.012434699
    -0.011886191
    -0.010585000
   -0.0086083551
   -0.0060765225
   -0.0031455076
   2.5431720e-06
    0.0031706460
    0.0061592894
    0.0087789823
     0.010862252
     0.012274333
     0.012921867
     0.012759049
     0.011790827
     0.010072918
    0.0077086362
    0.0048427001
    0.0016523905
   -0.0016633966
   -0.0048965321
   -0.0078427001
    -0.010314291
    -0.012152328
    -0.013236675
    -0.013493863
    -0.012902037
    -0.011492683
   -0.0093490071
   -0.0066010568
   -0.0034178475
   3.0104170e-06
    0.0034475591
    0.0066988550
    0.0095506117
     0.011820266
     0.013360645
     0.014069481
     0.013896178
     0.012845356
     0.010976964
    0.0084028935
    0.0052803057
    0.0018020617
   -0.0018151683
   -0.0053443785
   -0.0085624498
    -0.011264232
    -0.013275595
    -0.014464630
    -0.014750265
    -0.014107751
    -0.012570640
    -0.010229110
   -0.0072247071
   -0.0037418192
   3.6150166e-06
    0.0037774673
    0.0073420287
     0.010470955
     0.012963612
     0.014657908
     0.015440807
     0.015255827
     0.014107040
     0.012059289
    0.0092345809
    0.0058048557
    0.0019815477
   -0.0019974163
   -0.0058823935
   -0.0094276559
    -0.012406901
    -0.014627664
    -0.015943716
    -0.016264653
    -0.015562046
    -0.013871742
    -0.011292137
   -0.0079784946
   -0.0041336402
   4.4201868e-06
    0.0041771962
    0.0081218247
     0.011587592
     0.014351828
     0.016234178
     0.017108322
     0.016910397
     0.015643566
     0.013378391
     0.010248987
    0.0064451174
    0.0022007402
   -0.0022203474
   -0.0065408597
    -0.010487371
    -0.013807576
    -0.016286372
    -0.017759749
    -0.018125583
    -0.017350635
    -0.015473278
    -0.012601731
   -0.0089078969
   -0.0046171156
   5.5290836e-06
    0.0046715384
    0.0090869534
     0.012970822
     0.016073025
     0.018190322
     0.019179613
     0.018967528
     0.017555727
     0.015021526
     0.011513764
    0.0072441347
    0.0024744628
   -0.0024992871
   -0.0073653189
    -0.011815489
    -0.015564755
    -0.018369372
    -0.020042663
    -0.020467371
    -0.019603753
    -0.017492890
    -0.014254938
    -0.010082382
   -0.0052286706
   7.1078792e-06
    0.0052985864
     0.010312388
     0.014729054
     0.018263321
     0.020682464
     0.021821530
     0.021594473
     0.020000445
     0.017124795
     0.013134650
    0.0082693024
    0.0028259479
   -0.0028583812
   -0.0084275965
    -0.013528768
    -0.017834397
    -0.021063340
    -0.022999065
    -0.023504049
    -0.022529373
    -0.020118858
    -0.016407409
    -0.011613610
   -0.0060269665
   9.4715525e-06
    0.0061200677
     0.011919861
     0.017038702
     0.021144755
     0.023965886
     0.025307552
     0.025066050
     0.023236202
     0.019912953
     0.015286683
    0.0096324592
    0.0032938159
   -0.0033379797
   -0.0098479407
    -0.015823183
    -0.020878964
    -0.024683292
    -0.026978564
    -0.027598811
    -0.026481416
    -0.023672501
    -0.019325545
    -0.013693233
   -0.0071129547
   1.3236310e-05
    0.0072430068
     0.014121018
     0.020207412
     0.025105739
     0.028488570
     0.030119146
     0.029867659
     0.027721045
     0.023785596
     0.018282107
     0.011533753
    0.0039473450
   -0.0040109655
    -0.011844089
    -0.019054799
    -0.025177031
    -0.029805734
    -0.032623367
    -0.033421340
    -0.032114962
    -0.028750858
    -0.023506268
    -0.016680122
   -0.0086763361
   1.9781080e-05
    0.0088706375
     0.017319258
     0.024823985
     0.030892831
     0.035115342
     0.037189912
     0.036944779
     0.034351257
     0.029528244
     0.022737558
     0.014370226
    0.0049244037
   -0.0050238421
    -0.014855211
    -0.023945234
    -0.031703427
    -0.037611096
    -0.041255421
    -0.042357603
    -0.040793205
    -0.036603255
    -0.029995230
    -0.021333638
    -0.011120581
   3.2717423e-05
     0.011441842
     0.022390483
     0.032174664
     0.040147213
     0.045759696
     0.048599177
     0.048417377
     0.045150250
     0.038926548
     0.030064550
     0.019056915
    0.0065442666
   -0.0067210933
    -0.019919369
    -0.032212795
    -0.042797587
    -0.050955156
    -0.056099409
    -0.057817114
    -0.055898638
    -0.050356919
    -0.041433170
    -0.029588590
    -0.015482213
   6.4148070e-05
     0.016112084
     0.031661382
     0.045710334
     0.057318028
     0.065664871
     0.070107602
     0.070225258
     0.065853008
     0.057101409
     0.044359437
     0.028280575
    0.0097522302
    -0.010150233
    -0.030222609
    -0.049201011
    -0.065837280
    -0.078976344
    -0.087630991
    -0.091049480
    -0.088771715
    -0.080670234
    -0.066972973
    -0.048265794
    -0.025473809
   0.00017825353
     0.027225168
     0.054037201
     0.078909288
      0.10015883
      0.11622692
      0.12577742
      0.12778817
      0.12162908
      0.10712204
     0.084578770
     0.054813573
     0.019129352
    -0.020723416
    -0.062613591
     -0.10411955
     -0.14263878
     -0.17551175
     -0.20015416
     -0.21419106
     -0.21558581
     -0.20275739
     -0.17467949
     -0.13095607
    -0.071868790
    0.0016067589
     0.087817548
      0.18448238
      0.28877220
      0.39741816
      0.50684271
      0.61330784
      0.71307350
      0.80255879
      0.87849830
      0.93808595
      0.97909957
       1.0000000
       1.0000000
      0.97909957
      0.93808595
      0.87849830
      0.80255879
      0.71307350
      0.61330784
      0.50684271
      0.39741816
      0.28877220
      0.18448238
     0.087817547
    0.0016067582
    -0.071868791
     -0.13095607
     -0.17467949
     -0.20275739
     -0.21558581
     -0.21419106
     -0.20015416
     -0.17551175
     -0.14263878
     -0.10411955
    -0.062613591
    -0.020723416
     0.019129353
     0.054813573
     0.084578770
      0.10712204
      0.12162908
      0.12778817
      0.12577742
      0.11622692
      0.10015883
     0.078909288
     0.054037201
     0.027225168
   0.00017825327
    -0.025473809
    -0.048265795
    -0.066972973
    -0.080670235
    -0.088771716
    -0.091049480
    -0.087630992
    -0.078976344
    -0.065837280
    -0.049201012
    -0.030222609
    -0.010150233
    0.0097522303
     0.028280575
     0.044359437
     0.057101409
     0.065853008
     0.070225258
     0.070107603
     0.065664872
     0.057318029
     0.045710335
     0.031661382
     0.016112084
   6.4148417e-05
    -0.015482213
    -0.029588590
    -0.041433170
    -0.050356919
    -0.055898638
    -0.057817114
    -0.056099409
    -0.050955156
    -0.042797588
    -0.032212796
    -0.019919369
   -0.0067210936
    0.0065442663
     0.019056914
     0.030064550
     0.038926547
     0.045150250
     0.048417376
     0.048599177
     0.045759696
     0.040147213
     0.032174664
     0.022390482
     0.011441842
   3.2717383e-05
    -0.011120581
    -0.021333638
    -0.029995230
    -0.036603255
    -0.040793205
    -0.042357603
    -0.041255421
    -0.037611096
    -0.031703427
    -0.023945234
    -0.014855211
   -0.0050238420
    0.0049244039
     0.014370226
     0.022737558
     0.029528244
     0.034351257
     0.036944780
     0.037189912
     0.035115342
     0.030892831
     0.024823985
     0.017319259
    0.0088706378
   1.9781321e-05
   -0.0086763359
    -0.016680122
    -0.023506267
    -0.028750858
    -0.032114962
    -0.033421340
    -0.032623367
    -0.029805734
    -0.025177031
    -0.019054799
    -0.011844089
   -0.0040109655
    0.0039473449
     0.011533753
     0.018282107
     0.023785596
     0.027721045
     0.029867659
     0.030119146
     0.028488570
     0.025105739
     0.020207412
     0.014121018
    0.0072430066
   1.3236040e-05
   -0.0071129550
    -0.013693234
    -0.019325545
    -0.023672501
    -0.026481416
    -0.027598811
    -0.026978564
    -0.024683292
    -0.020878964
    -0.015823184
   -0.0098479409
   -0.0033379799
    0.0032938158
    0.0096324592
     0.015286683
     0.019912953
     0.023236202
     0.025066050
     0.025307553
     0.023965886
     0.021144756
     0.017038702
     0.011919861
    0.0061200680
   9.4718824e-06
   -0.0060269662
    -0.011613609
    -0.016407409
    -0.020118858
    -0.022529373
    -0.023504049
    -0.022999066
    -0.021063340
    -0.017834397
    -0.013528769
   -0.0084275971
   -0.0028583818
    0.0028259473
    0.0082693018
     0.013134650
     0.017124795
     0.020000445
     0.021594472
     0.021821530
     0.020682464
     0.018263321
     0.014729054
     0.010312388
    0.0052985867
   7.1083368e-06
   -0.0052286701
    -0.010082381
    -0.014254937
    -0.017492889
    -0.019603752
    -0.020467370
    -0.020042663
    -0.018369371
    -0.015564755
    -0.011815488
   -0.0073653188
   -0.0024992872
    0.0024744627
    0.0072441345
     0.011513764
     0.015021525
     0.017555726
     0.018967527
     0.019179612
     0.018190321
     0.016073024
     0.012970822
    0.0090869529
    0.0046715380
   5.5287958e-06
   -0.0046171158
   -0.0089078970
    -0.012601731
    -0.015473278
    -0.017350635
    -0.018125582
    -0.017759748
    -0.016286371
    -0.013807575
    -0.010487371
   -0.0065408592
   -0.0022203469
    0.0022007407
    0.0064451178
     0.010248987
     0.013378392
     0.015643566
     0.016910397
     0.017108322
     0.016234178
     0.014351828
     0.011587591
    0.0081218243
    0.0041771957
   4.4196982e-06
   -0.0041336406
   -0.0079784951
    -0.011292137
    -0.013871742
    -0.015562046
    -0.016264654
    -0.015943717
    -0.014627664
    -0.012406901
   -0.0094276558
   -0.0058823933
   -0.0019974160
    0.0019815480
    0.0058048561
    0.0092345813
     0.012059289
     0.014107040
     0.015255827
     0.015440807
     0.014657908
     0.012963612
     0.010470955
    0.0073420287
    0.0037774672
   3.6148773e-06
   -0.0037418193
   -0.0072247073
    -0.010229110
    -0.012570640
    -0.014107751
    -0.014750265
    -0.014464631
    -0.013275596
    -0.011264232
   -0.0085624499
   -0.0053443785
   -0.0018151682
    0.0018020619
    0.0052803059
    0.0084028938
     0.010976965
     0.012845357
     0.013896178
     0.014069482
     0.013360645
     0.011820266
    0.0095506119
    0.0066988552
    0.0034475592
   3.0104780e-06
   -0.0034178474
   -0.0066010568
   -0.0093490072
    -0.011492683
    -0.012902038
    -0.013493863
    -0.013236675
    -0.012152328
    -0.010314291
   -0.0078427002
   -0.0048965322
   -0.0016633966
    0.0016523905
    0.0048427002
    0.0077086363
     0.010072918
     0.011790827
     0.012759049
     0.012921867
     0.012274333
     0.010862252
    0.0087789824
    0.0061592894
    0.0031706460
   2.5431694e-06
   -0.0031455076
   -0.0060765225
   -0.0086083551
    -0.010585000
    -0.011886191
    -0.012434699
    -0.012200898
    -0.011204316
   -0.0095121118
   -0.0072345715
   -0.0045179402
   -0.0015350473
    0.0015256743
    0.0044720763
    0.0071203446
    0.0093064517
     0.010896303
     0.011793946
     0.011947349
     0.011351388
     0.010047887
    0.0081227177
    0.0057001640
    0.0029349094
   2.1759660e-06
   -0.0029133659
   -0.0056292131
   -0.0079764411
   -0.0098101989
    -0.011018635
    -0.011529706
    -0.011315456
    -0.010393509
   -0.0088257035
   -0.0067139635
   -0.0041936883
   -0.0014250833
    0.0014170117
    0.0041541522
    0.0066154816
    0.0086483845
     0.010127939
     0.010964582
     0.011109516
     0.010557537
    0.0093471160
    0.0075577470
    0.0053047395
    0.0027318013
   1.8824289e-06
   -0.0027131342
   -0.0052432445
   -0.0074309578
   -0.0091410906
    -0.010269109
    -0.010747508
    -0.010549837
   -0.0096921345
   -0.0082316945
   -0.0062632547
   -0.0039128645
   -0.0013298223
    0.0013227973
    0.0038784302
    0.0061774720
    0.0080772364
    0.0094608020
     0.010244198
     0.010381492
    0.0098674643
    0.0087377225
    0.0070662599
    0.0049606203
    0.0025549880
   1.6464113e-06
   -0.0025386537
   -0.0049068058
   -0.0069553050
   -0.0085574267
   -0.0096150583
    -0.010064698
   -0.0098812577
   -0.0090794369
   -0.0077126033
   -0.0058692532
   -0.0036672922
   -0.0012465015
    0.0012403272
    0.0036370276
    0.0057938582
    0.0075768497
    0.0088761195
    0.0096126355
    0.0097430145
    0.0092620645
    0.0082029226
    0.0066347909
    0.0046584253
    0.0023996699
   1.4509899e-06
   -0.0023852592
   -0.0046109397
   -0.0065368811
   -0.0080438229
   -0.0090393320
   -0.0094634646
   -0.0092923666
   -0.0085395957
   -0.0072550940
   -0.0055218863
   -0.0034507216
   -0.0011730039
    0.0011675388
    0.0034239169
    0.0054551041
    0.0071348455
    0.0083594989
    0.0090544234
    0.0091785211
    0.0087266566
    0.0077298122
    0.0062529802
    0.0043909339
    0.0022621522
   1.2871856e-06
   -0.0022493466
   -0.0043487251
   -0.0061659449
   -0.0075883802
   -0.0085286568
   -0.0089300131
   -0.0087697189
   -0.0080603460
   -0.0068488224
   -0.0052133373
   -0.0032583017
   -0.0011076886
    0.0011028225
    0.0032344008
    0.0051537769
    0.0067415709
    0.0078997112
    0.0085574869
    0.0086758590
    0.0082497677
    0.0073083011
    0.0059127232
    0.0041524942
    0.0021395418
   1.1491760e-06
   -0.0021280883
   -0.0041147298
   -0.0058348469
   -0.0071817495
   -0.0080725985
   -0.0084534948
   -0.0083027345
   -0.0076320312
   -0.0064856403
   -0.0049374467
   -0.0030862090
   -0.0010492645
    0.0010449030
    0.0030647633
    0.0048839959
    0.0063893859
    0.0074878647
    0.0081122593
    0.0082253948
    0.0078222996
    0.0069303834
    0.0056075855
    0.0039386165
    0.0020295391
   1.0317993e-06
   -0.0020192352
   -0.0039046306
   -0.0055374958
   -0.0068164825
   -0.0076628394
   -0.0080252566
   -0.0078829702
   -0.0072469408
   -0.0061590376
   -0.0046892901
   -0.0029313843
  -0.00099669596
   0.00099276241
    0.0029120321
    0.0046410529
    0.0060721699
    0.0071168322
    0.0077110683
    0.0078193988
    0.0074369480
    0.0065896286
    0.0053323966
    0.0037456917
    0.0019302950
   9.3165646e-07
   -0.0019209755
   -0.0037149441
   -0.0052689813
   -0.0064865718
   -0.0072926683
   -0.0076383131
   -0.0075036070
   -0.0068988441
   -0.0058637513
   -0.0044648839
   -0.0027913512
  -0.00094914317
   0.00094557834
    0.0027738010
    0.0044211339
    0.0057849617
    0.0067808336
    0.0073476886
    0.0074515961
    0.0070877805
    0.0062808115
    0.0050829531
    0.0035707837
    0.0018403039
   8.4488055e-07
   -0.0018318353
   -0.0035428336
   -0.0050253030
   -0.0061871212
   -0.0069566125
   -0.0072869662
   -0.0071590796
   -0.0065826544
   -0.0055954824
   -0.0042609733
   -0.0026640853
  -0.00090591955
   0.00090267770
    0.0026481003
    0.0042211157
    0.0055236976
    0.0064751325
    0.0070170172
    0.0071168410
    0.0067699307
    0.0059996440
    0.0048558043
    0.0034114818
    0.0017583292
   7.6844217e-07
   -0.0017506026
   -0.0033859665
   -0.0048031699
   -0.0059141014
   -0.0066501673
   -0.0069665237
   -0.0068448048
   -0.0062941817
   -0.0053506904
   -0.0040748785
   -0.0025479223
  -0.00086646511
   0.00086349717
    0.0025332951
    0.0040384092
    0.0052850098
    0.0061958039
    0.0067148249
    0.0068108685
    0.0064793644
    0.0057425713
    0.0046480892
    0.0032657875
    0.0016833476
   7.0361408e-07
   -0.0016762661
   -0.0032423989
   -0.0045998403
   -0.0056641551
   -0.0063695779
   -0.0066730733
   -0.0065569587
   -0.0060299276
   -0.0051264158
   -0.0039043554
   -0.0024414634
  -0.00083030139
   0.00082757853
    0.0024280325
    0.0038708644
    0.0050660967
    0.0059395791
    0.0064375866
    0.0065301209
    0.0062127138
    0.0055066233
    0.0044574155
    0.0031320275
    0.0016144991
   6.4652537e-07
   -0.0016079855
   -0.0031105105
   -0.0044130257
   -0.0054344781
   -0.0061117064
   -0.0064033441
   -0.0062923436
   -0.0057869663
   -0.0049201835
   -0.0037475286
   -0.0023435414
  -0.00079703293
   0.00079453124
    0.0023311709
    0.0037166701
    0.0048645996
    0.0057037065
    0.0061823348
    0.0062716030
    0.0059671436
    0.0052892992
    0.0042817686
    0.0030087926
    0.0015510599
   5.9431623e-07
   -0.0015450519
   -0.0029889346
   -0.0042407959
   -0.0052227045
   -0.0058739052
   -0.0061545759
   -0.0060482606
   -0.0055628285
   -0.0047299053
   -0.0036028161
   -0.0022531736
  -0.00076632953
   0.00076402048
    0.0022417400
    0.0035742891
    0.0046785176
    0.0054858523
    0.0059465529
    0.0060327750
    0.0057402494
    0.0050884787
    0.0041194412
    0.0028948899
    0.0014924193
   5.4979784e-07
   -0.0014868571
   -0.0028765030
   -0.0040815027
   -0.0050268151
   -0.0056539145
   -0.0059244125
   -0.0058224054
   -0.0053554045
   -0.0045537955
   -0.0034688638
   -0.0021695158
  -0.00073790377
   0.00073576623
    0.0021589169
    0.0034424138
    0.0045061464
    0.0052840267
    0.0057280936
    0.0058114678
    0.0055299764
    0.0049023480
    0.0039689706
    0.0027892948
    0.0014380494
   5.0826839e-07
   -0.0014328888
   -0.0027722249
   -0.0039337446
   -0.0048450904
   -0.0054498086
   -0.0057108446
   -0.0056128118
   -0.0051628940
   -0.0043903299
   -0.0033445156
   -0.0020918482
  -0.00071151166
   0.00070952702
    0.0020819956
    0.0033199234
    0.0043460252
    0.0050965246
    0.0055251165
    0.0056058228
    0.0053345640
    0.0047293533
    0.0038291045
    0.0026911315
    0.0013875011
   4.7037965e-07
   -0.0013827019
   -0.0026752437
   -0.0037963118
   -0.0046760472
   -0.0052599262
   -0.0055121392
   -0.0054177840
   -0.0049837436
   -0.0042381931
   -0.0032287734
   -0.0020195485
  -0.00068694096
   0.00068509657
    0.0020103692
    0.0032058531
    0.0041968959
    0.0049218765
    0.0053360358
    0.0054142382
    0.0051524947
    0.0045681559
    0.0036987649
    0.0025996467
    0.0013403897
   4.4016995e-07
   -0.0013359080
   -0.0025848154
   -0.0036681552
   -0.0045183999
   -0.0050828288
   -0.0053267957
   -0.0052358543
   -0.0048166099
   -0.0040962485
   -0.0031207762
   -0.0019520823
  -0.00066401409
   0.00066228846
    0.0019435026
    0.0030993562
    0.0040576562
    0.0047587961
    0.0051594629
    0.0052353105
    0.0049824380
    0.0044175799
    0.0035770016
    0.0025141732
    0.0012963687
   4.0956389e-07
   -0.0012921804
   -0.0025003026
   -0.0035483701
   -0.0043710365
   -0.0049172685
   -0.0051535105
   -0.0050657451
   -0.0046603209
   -0.0039635018
   -0.0030197677
   -0.0018889757
  -0.00064256559
   0.00064095274
    0.0018809436
    0.0029997100
    0.0039273614
    0.0046061785
    0.0049942036
    0.0050678327
    0.0048232498
    0.0042766153
    0.0034630012
    0.0024341424
    0.0012551482
   3.8277512e-07
   -0.0012512239
   -0.0024211405
   -0.0034361602
   -0.0042329810
   -0.0047621525
   -0.0049911435
   -0.0049063405
   -0.0045138545
   -0.0038390877
   -0.0029250914
   -0.0018298200
  -0.00062245785
   0.00062095033
    0.0018222879
    0.0029062731
    0.0038051755
    0.0044630471
    0.0048392036
    0.0049107391
    0.0046739195
    0.0041443693
    0.0033560429
    0.0023590494
    0.0012164679
   3.5778450e-07
   -0.0012127849
   -0.0023468385
   -0.0033308310
   -0.0041033810
   -0.0046165256
   -0.0048386972
   -0.0047566641
   -0.0043763164
   -0.0037222490
   -0.0028361737
   -0.0017742594
  -0.00060357285
   0.00060215617
    0.0017671776
    0.0028184791
    0.0036903609
    0.0043285409
    0.0046935332
    0.0047630901
    0.0045335566
    0.0040200554
    0.0032554925
    0.0022884498
    0.0011800993
   3.3407075e-07
   -0.0011766382
   -0.0022769620
   -0.0032317678
   -0.0039814817
   -0.0044795414
   -0.0046952877
   -0.0046158501
   -0.0042469123
   -0.0036123122
   -0.0027525026
   -0.0017219734
  -0.00058579993
   0.00058446648
    0.0017153030
    0.0027358341
    0.0035822725
    0.0042019056
    0.0045563773
    0.0046240614
    0.0044013793
    0.0039029831
    0.0031607930
    0.0022219542
    0.0011458433
   3.1363629e-07
   -0.0011425826
   -0.0022111251
   -0.0031384257
   -0.0038666147
   -0.0043504512
   -0.0045601332
   -0.0044831323
   -0.0041249401
   -0.0035086820
   -0.0026736257
   -0.0016726799
  -0.00056904275
   0.00056778744
    0.0016663881
    0.0026578988
    0.0034803366
    0.0040824703
    0.0044270108
    0.0044929196
    0.0042766921
    0.0037925378
    0.0030714484
    0.0021592151
    0.0011135214
   2.9634303e-07
   -0.0011104414
   -0.0021489869
   -0.0030503227
   -0.0037581882
   -0.0042285911
   -0.0044325402
   -0.0043578317
   -0.0040097769
   -0.0034108304
   -0.0025991422
   -0.0016261287
  -0.00055321641
   0.00055203503
    0.0016201866
    0.0025842815
    0.0033840421
    0.0039696375
    0.0043047880
    0.0043690116
    0.0041588750
    0.0036881712
    0.0029870158
    0.0020999215
    0.0010829726
   2.8016879e-07
   -0.0010800594
   -0.0020902462
   -0.0029670315
   -0.0036556773
   -0.0041133723
   -0.0043118936
   -0.0042393453
   -0.0039008701
   -0.0033182893
   -0.0025286970
   -0.0015820992
  -0.00053824757
   0.00053713195
    0.0015764766
    0.0025146310
    0.0032929312
    0.0038628724
    0.0041891307
    0.0042517525
    0.0040473731
    0.0035893926
    0.0029070987
    0.0020437950
    0.0010540528
   2.6276999e-07
   -0.0010512981
   -0.0020346336
   -0.0028881704
   -0.0035586123
   -0.0040042679
   -0.0041976424
   -0.0041271332
   -0.0037977242
   -0.0032306382
   -0.0024619705
   -0.0015403919
  -0.00052406777
   0.00052301234
    0.0015350633
    0.0024486368
    0.0032065985
    0.0037617007
    0.0040795267
    0.0041406244
    0.0039416954
    0.0034957686
    0.0028313481
    0.0019905923
    0.0010266391
   2.4853532e-07
   -0.0010240271
   -0.0019819020
   -0.0028133913
   -0.0034665670
   -0.0039008003
   -0.0040892882
   -0.0040207070
   -0.0036998914
   -0.0031474976
   -0.0023986742
   -0.0015008264
  -0.00051061553
   0.00050961622
    0.0014957701
    0.0023860177
    0.0031246766
    0.0036656927
    0.0039755110
    0.0040351564
    0.0038413946
    0.0034069032
    0.0027594435
    0.0019400876
    0.0010006135
   2.3355636e-07
  -0.00099813702
   -0.0019318364
   -0.0027423886
   -0.0033791651
   -0.0038025469
   -0.0039863887
   -0.0039196331
   -0.0036069738
   -0.0030685300
   -0.0023385519
   -0.0014632432
  -0.00049783701
   0.00049688906
    0.0014584385
    0.0023265219
    0.0030468369
    0.0035744642
    0.0038766686
    0.0039349290
    0.0037460730
    0.0033224453
    0.0026911022
    0.0018920840
   0.00097587656
   2.2158922e-07
  -0.00097352194
   -0.0018842361
   -0.0026748796
   -0.0032960601
   -0.0037091195
   -0.0038885387
   -0.0038235143
   -0.0035186071
   -0.0029934260
   -0.0022813680
   -0.0014274946
  -0.00048568075
   0.00048478374
    0.0014229264
    0.0022699224
    0.0029727824
    0.0034876675
    0.0037826230
    0.0038395609
    0.0036553683
    0.0032420741
    0.0026260644
    0.0018463985
   0.00095233289
   2.0989234e-07
  -0.00095009260
   -0.0018389263
   -0.0026106160
   -0.0032169466
   -0.0036201751
   -0.0037953798
   -0.0037319995
   -0.0034344694
   -0.0029219137
   -0.0022269172
   -0.0013934544
  -0.00047410736
   0.00047325090
    0.0013890994
    0.0022160082
    0.0029022394
    0.0034049835
    0.0036930299
    0.0037487040
    0.0035689505
    0.0031654981
    0.0025640950
    0.0018028664
   0.00092989806
   1.9896443e-07
  -0.00092776425
   -0.0017957439
   -0.0025493670
   -0.0031415408
   -0.0035353954
   -0.0037065788
   -0.0036447617
   -0.0033542601
   -0.0028537369
   -0.0021750034
   -0.0013609982
  -0.00046307123
   0.00046225541
    0.0013568447
    0.0021645970
    0.0028349678
    0.0033261301
    0.0036075836
    0.0036620483
    0.0034865249
    0.0030924564
    0.0025049833
    0.0017613402
   0.00090849626
   1.8910532e-07
  -0.00090646100
   -0.0017545427
   -0.0024909258
   -0.0030695888
   -0.0034544953
   -0.0036218377
   -0.0035615086
   -0.0032777112
   -0.0027886685
   -0.0021254543
   -0.0013300189
  -0.00045253642
   0.00045176011
    0.0013260547
    0.0021155180
    0.0027707451
    0.0032508473
    0.0035260028
    0.0035793095
    0.0034078218
    0.0030227105
    0.0024485367
    0.0017216848
   0.00088805834
   1.8072021e-07
  -0.00088611348
   -0.0017151893
   -0.0024351037
   -0.0030008588
   -0.0033772152
   -0.0035408853
   -0.0034819749
   -0.0032045795
   -0.0027265028
   -0.0020781143
   -0.0013004207
  -0.00044247279
   0.00044172803
    0.0012966282
    0.0020686121
    0.0027093645
    0.0031788935
    0.0034480268
    0.0035002236
    0.0033325903
    0.0029560384
    0.0023945753
    0.0016837735
   0.00086851798
   1.7161004e-07
  -0.00086666010
   -0.0016775627
   -0.0023817282
   -0.0029351382
   -0.0033033153
   -0.0034634703
   -0.0034059130
   -0.0031346367
   -0.0026670447
   -0.0020328333
   -0.0012721071
  -0.00043284276
   0.00043213608
    0.0012684834
    0.0020237451
    0.0026506480
    0.0031100591
    0.0033734276
    0.0034245590
    0.0032606101
    0.0028922448
    0.0023429411
    0.0016474951
   0.00084981750
   1.6086541e-07
  -0.00084804547
   -0.0016415551
   -0.0023306466
   -0.0028722393
   -0.0032325854
   -0.0033893734
   -0.0033331087
   -0.0030676876
   -0.0026101302
   -0.0019894891
   -0.0012450055
  -0.00042362804
   0.00042294721
    0.0012415304
    0.0019807794
    0.0025944197
    0.0030441405
    0.0033019866
    0.0033520958
    0.0031916737
    0.0028311473
    0.0022934883
    0.0016127495
   0.00083190856
   1.5475606e-07
  -0.00083020912
   -0.0016070556
   -0.0022817046
   -0.0028119735
   -0.0031648146
   -0.0033183740
   -0.0032633451
   -0.0030035317
   -0.0025555873
   -0.0019479481
   -0.0012190283
  -0.00041479156
   0.00041414647
    0.0012157040
    0.0019396046
    0.0025405310
    0.0029809611
    0.0032335110
    0.0032826372
    0.0031255925
    0.0027725776
    0.0022460791
    0.0015794375
   0.00081473637
   1.4582368e-07
  -0.00081311143
   -0.0015739808
   -0.0022347807
   -0.0027541901
   -0.0030998326
   -0.0032502938
   -0.0031964478
   -0.0029420100
   -0.0025032829
   -0.0019081118
   -0.0011941179
  -0.00040632070
   0.00040570057
    0.0011909268
    0.0019001041
    0.0024888336
    0.0029203498
    0.0031678175
    0.0032159991
    0.0030621934
    0.0027163841
    0.0022005928
    0.0015474771
   0.00079826265
   1.4181858e-07
  -0.00079669905
   -0.0015422350
   -0.0021897427
   -0.0026987285
   -0.0030374604
   -0.0031849461
   -0.0031322336
   -0.0028829540
   -0.0024530730
   -0.0018698692
   -0.0011702029
  -0.00039818729
   0.00039759313
    0.0011671395
    0.0018621798
    0.0024391968
    0.0028621523
    0.0031047375
    0.0031520096
    0.0030013116
    0.0026624194
    0.0021569084
    0.0015167804
   0.00078243786
   1.3412452e-07
  -0.00078093973
   -0.0015117477
   -0.0021464869
   -0.0026454586
   -0.0029775501
   -0.0031221749
   -0.0030705486
   -0.0028262213
   -0.0024048360
   -0.0018331269
   -0.0011472238
  -0.00039036920
   0.00038980788
    0.0011442888
    0.0018257451
    0.0023915068
    0.0028062346
    0.0030441263
    0.0030905223
    0.0029428086
    0.0026105616
    0.0021149284
    0.0014872810
   0.00076723070
   1.2838950e-07
  -0.00076579128
   -0.0014824428
   -0.0021049086
   -0.0025942536
   -0.0029199611
   -0.0030618349
   -0.0030112517
   -0.0027716847
   -0.0023584665
   -0.0017978083
   -0.0011251378
  -0.00038286044
   0.00038231332
    0.0011223075
    0.0017907007
    0.0023456383
    0.0027524528
    0.0029858298
    0.0030313823
    0.0028865379
    0.0025606816
    0.0020745487
    0.0014589056
   0.00075260277
   1.2347917e-07
  -0.00075121779
   -0.0014542500
   -0.0020649069
   -0.0025449888
   -0.0028645522
   -0.0030037770
   -0.0029541953
   -0.0027192061
   -0.0023138441
   -0.0017638176
   -0.0011038787
  -0.00037562782
   0.00037510855
    0.0011011614
    0.0017569825
    0.0023015018
    0.0027006989
    0.0029297286
    0.0029744670
    0.0028323817
    0.0025126740
    0.0020356832
    0.0014315930
   0.00073852190
   1.1776170e-07
  -0.00073719043
   -0.0014271119
   -0.0020264003
   -0.0024975639
   -0.0028112113
   -0.0029478845
   -0.0028992658
   -0.0026686831
   -0.0022708843
   -0.0017310938
   -0.0010834135
  -0.00036866874
   0.00036816516
    0.0010807926
    0.0017245062
    0.0022589915
    0.0026508517
    0.0028756937
    0.0029196470
    0.0027802184
    0.0024664323
    0.0019982468
    0.0014052846
   0.00072495913
   1.1390000e-07
  -0.00072367522
   -0.0014009656
   -0.0019893005
   -0.0024518706
   -0.0027598168
   -0.0028940301
   -0.0028463375
   -0.0026199991
   -0.0022294866
   -0.0016995583
   -0.0010636899
  -0.00036195978
   0.00036147669
    0.0010611656
    0.0016932100
    0.0022180238
    0.0026028111
    0.0028236150
    0.0028668095
    0.0027299394
    0.0024218588
    0.0019621587
    0.0013799214
   0.00071188080
   1.0511350e-07
  -0.00071065207
   -0.0013757656
   -0.0019535404
   -0.0024078249
   -0.0027102732
   -0.0028421134
   -0.0027953121
   -0.0025730642
   -0.0021895754
   -0.0016691548
   -0.0010446746
  -0.00035549302
   0.00035502517
    0.0010422376
    0.0016630290
    0.0021785158
    0.0025564817
    0.0027733907
    0.0028158527
    0.0026814495
    0.0023788712
    0.0019273550
    0.0013554620
   0.00069927091
   1.0222123e-07
  -0.00069808364
   -0.0013514502
   -0.0019190369
   -0.0023653272
   -0.0026624703
   -0.0027920196
   -0.0027460769
   -0.0025277742
   -0.0021510609
   -0.0016398131
   -0.0010263203
  -0.00034924664
   0.00034880623
    0.0010239791
    0.0016339107
    0.0021403956
    0.0025117771
    0.0027249255
    0.0027666785
    0.0026346540
    0.0023373841
    0.0018937645
    0.0013318537
   0.00068709804
   9.6517843e-08
  -0.00068595598
   -0.0013279842
   -0.0018857369
   -0.0023243102
   -0.0026163319
   -0.0027436691
   -0.0026985547
   -0.0024840600
   -0.0021138872
   -0.0016114945
   -0.0010086093
  -0.00034322526
   0.00034279244
    0.0010063407
    0.0016057865
    0.0021035793
    0.0024686026
    0.0026781194
    0.0027191878
    0.0025894602
    0.0022973167
    0.0018613234
    0.0013090533
   0.00067534245
   9.2910693e-08
  -0.00067423974
   -0.0013053155
   -0.0018535682
   -0.0022846862
   -0.0025717592
   -0.0026969581
   -0.0026526421
   -0.0024418244
   -0.0020779686
   -0.0015841292
  -0.00099149093
  -0.00033739966
   0.00033699076
   0.00098930773
    0.0015786220
    0.0020680156
    0.0024268945
    0.0026329009
    0.0026733061
    0.0025457965
    0.0022586049
    0.0018299794
    0.0012870241
   0.00066398535
   9.1737379e-08
  -0.00066291555
   -0.0012834071
   -0.0018224789
   -0.0022463915
   -0.0025286815
   -0.0026518135
   -0.0026082690
   -0.0024010051
   -0.0020432550
   -0.0015576833
  -0.00097494993
  -0.00033177503
   2.1520525e-08
