   1.1669752e-17
   1.2292249e-17
   1.2947503e-17
   1.3637214e-17
   1.4363168e-17
   1.5127242e-17
   1.5931410e-17
   1.6777747e-17
   1.7668432e-17
   1.8605756e-17
   1.9592126e-17
   2.0630074e-17
   2.1722257e-17
   2.2871468e-17
   2.4080644e-17
   2.5352869e-17
   2.6691382e-17
   2.8099589e-17
   2.9581066e-17
   3.1139570e-17
   3.2779050e-17
   3.4503651e-17
   3.6317730e-17
   3.8225862e-17
   4.0232853e-17
   4.2343750e-17
   4.4563856e-17
   4.6898737e-17
   4.9354241e-17
   5.1936510e-17
   5.4651992e-17
   5.7507459e-17
   6.0510021e-17
   6.3667146e-17
   6.6986673e-17
   7.0476833e-17
   7.4146269e-17
   7.8004054e-17
   8.2059714e-17
   8.6323246e-17
   9.0805150e-17
   9.5516444e-17
   1.0046869e-16
   1.0567404e-16
   1.1114523e-16
   1.1689563e-16
   1.2293929e-16
   1.2929093e-16
   1.3596601e-16
   1.4298076e-16
   1.5035221e-16
   1.5809822e-16
   1.6623753e-16
   1.7478981e-16
   1.8377571e-16
   1.9321688e-16
   2.0313602e-16
   2.1355699e-16
   2.2450477e-16
   2.3600560e-16
   2.4808700e-16
   2.6077781e-16
   2.7410832e-16
   2.8811028e-16
   3.0281699e-16
   3.1826338e-16
   3.3448608e-16
   3.5152351e-16
   3.6941595e-16
   3.8820566e-16
   4.0793695e-16
   4.2865625e-16
   4.5041229e-16
   4.7325613e-16
   4.9724132e-16
   5.2242401e-16
   5.4886304e-16
   5.7662013e-16
   6.0575996e-16
   6.3635032e-16
   6.6846231e-16
   7.0217042e-16
   7.3755275e-16
   7.7469114e-16
   8.1367138e-16
   8.5458337e-16
   8.9752134e-16
   9.4258404e-16
   9.8987493e-16
   1.0395025e-15
   1.0915802e-15
   1.1462273e-15
   1.2035684e-15
   1.2637343e-15
   1.3268619e-15
   1.3930946e-15
   1.4625827e-15
   1.5354837e-15
   1.6119625e-15
   1.6921919e-15
   1.7763529e-15
   1.8646350e-15
   1.9572367e-15
   2.0543660e-15
   2.1562407e-15
   2.2630889e-15
   2.3751494e-15
   2.4926723e-15
   2.6159197e-15
   2.7451657e-15
   2.8806977e-15
   3.0228162e-15
   3.1718362e-15
   3.3280873e-15
   3.4919146e-15
   3.6636795e-15
   3.8437601e-15
   4.0325524e-15
   4.2304710e-15
   4.4379497e-15
   4.6554425e-15
   4.8834249e-15
   5.1223943e-15
   5.3728715e-15
   5.6354012e-15
   5.9105539e-15
   6.1989262e-15
   6.5011428e-15
   6.8178570e-15
   7.1497527e-15
   7.4975454e-15
   7.8619836e-15
   8.2438506e-15
   8.6439658e-15
   9.0631865e-15
   9.5024095e-15
   9.9625729e-15
   1.0444658e-14
   1.0949692e-14
   1.1478748e-14
   1.2032949e-14
   1.2613471e-14
   1.3221541e-14
   1.3858444e-14
   1.4525525e-14
   1.5224188e-14
   1.5955904e-14
   1.6722208e-14
   1.7524707e-14
   1.8365082e-14
   1.9245089e-14
   2.0166565e-14
   2.1131429e-14
   2.2141690e-14
   2.3199446e-14
   2.4306891e-14
   2.5466318e-14
   2.6680124e-14
   2.7950816e-14
   2.9281011e-14
   3.0673449e-14
   3.2130989e-14
   3.3656622e-14
   3.5253473e-14
   3.6924808e-14
   3.8674038e-14
   4.0504731e-14
   4.2420612e-14
   4.4425574e-14
   4.6523687e-14
   4.8719200e-14
   5.1016554e-14
   5.3420388e-14
   5.5935549e-14
   5.8567100e-14
   6.1320330e-14
   6.4200764e-14
   6.7214173e-14
   7.0366584e-14
   7.3664293e-14
   7.7113876e-14
   8.0722199e-14
   8.4496436e-14
   8.8444075e-14
   9.2572937e-14
   9.6891191e-14
   1.0140736e-13
   1.0613036e-13
   1.1106948e-13
   1.1623443e-13
   1.2163534e-13
   1.2728280e-13
   1.3318785e-13
   1.3936202e-13
   1.4581736e-13
   1.5256642e-13
   1.5962233e-13
   1.6699877e-13
   1.7471003e-13
   1.8277104e-13
   1.9119734e-13
   2.0000520e-13
   2.0921155e-13
   2.1883409e-13
   2.2889128e-13
   2.3940238e-13
   2.5038749e-13
   2.6186759e-13
   2.7386454e-13
   2.8640119e-13
   2.9950135e-13
   3.1318986e-13
   3.2749265e-13
   3.4243675e-13
   3.5805036e-13
   3.7436292e-13
   3.9140510e-13
   4.0920891e-13
   4.2780773e-13
   4.4723638e-13
   4.6753117e-13
   4.8872996e-13
   5.1087225e-13
   5.3399919e-13
   5.5815374e-13
   5.8338067e-13
   6.0972664e-13
   6.3724033e-13
   6.6597249e-13
   6.9597602e-13
   7.2730606e-13
   7.6002011e-13
   7.9417811e-13
   8.2984254e-13
   8.6707850e-13
   9.0595389e-13
   9.4653944e-13
   9.8890890e-13
   1.0331391e-12
   1.0793102e-12
   1.1275056e-12
   1.1778122e-12
   1.2303208e-12
   1.2851258e-12
   1.3423255e-12
   1.4020226e-12
   1.4643238e-12
   1.5293404e-12
   1.5971885e-12
   1.6679888e-12
   1.7418671e-12
   1.8189547e-12
   1.8993879e-12
   1.9833092e-12
   2.0708666e-12
   2.1622144e-12
   2.2575135e-12
   2.3569311e-12
   2.4606417e-12
   2.5688268e-12
   2.6816754e-12
   2.7993844e-12
   2.9221589e-12
   3.0502122e-12
   3.1837667e-12
   3.3230538e-12
   3.4683143e-12
   3.6197992e-12
   3.7777694e-12
   3.9424970e-12
   4.1142648e-12
   4.2933675e-12
   4.4801116e-12
   4.6748163e-12
   4.8778138e-12
   5.0894497e-12
   5.3100840e-12
   5.5400911e-12
   5.7798606e-12
   6.0297981e-12
   6.2903256e-12
   6.5618823e-12
   6.8449249e-12
   7.1399289e-12
   7.4473890e-12
   7.7678198e-12
   8.1017565e-12
   8.4497563e-12
   8.8123985e-12
   9.1902859e-12
   9.5840454e-12
   9.9943293e-12
   1.0421816e-11
   1.0867210e-11
   1.1331247e-11
   1.1814689e-11
   1.2318330e-11
   1.2842995e-11
   1.3389543e-11
   1.3958865e-11
   1.4551891e-11
   1.5169586e-11
   1.5812952e-11
   1.6483033e-11
   1.7180913e-11
   1.7907721e-11
   1.8664627e-11
   1.9452852e-11
   2.0273662e-11
   2.1128374e-11
   2.2018356e-11
   2.2945031e-11
   2.3909877e-11
   2.4914433e-11
   2.5960294e-11
   2.7049122e-11
   2.8182640e-11
   2.9362641e-11
   3.0590989e-11
   3.1869619e-11
   3.3200541e-11
   3.4585847e-11
   3.6027706e-11
   3.7528374e-11
   3.9090195e-11
   4.0715603e-11
   4.2407128e-11
   4.4167397e-11
   4.5999137e-11
   4.7905185e-11
   4.9888483e-11
   5.1952091e-11
   5.4099183e-11
   5.6333059e-11
   5.8657144e-11
   6.1074994e-11
   6.3590305e-11
   6.6206912e-11
   6.8928797e-11
   7.1760097e-11
   7.4705106e-11
   7.7768281e-11
   8.0954252e-11
   8.4267823e-11
   8.7713984e-11
   9.1297912e-11
   9.5024983e-11
   9.8900778e-11
   1.0293109e-10
   1.0712192e-10
   1.1147953e-10
   1.1601037e-10
   1.2072118e-10
   1.2561892e-10
   1.3071084e-10
   1.3600445e-10
   1.4150753e-10
   1.4722818e-10
   1.5317478e-10
   1.5935605e-10
   1.6578102e-10
   1.7245905e-10
   1.7939987e-10
   1.8661356e-10
   1.9411059e-10
   2.0190181e-10
   2.0999847e-10
   2.1841226e-10
   2.2715528e-10
   2.3624010e-10
   2.4567973e-10
   2.5548770e-10
   2.6567802e-10
   2.7626521e-10
   2.8726433e-10
   2.9869102e-10
   3.1056148e-10
   3.2289249e-10
   3.3570148e-10
   3.4900650e-10
   3.6282627e-10
   3.7718019e-10
   3.9208839e-10
   4.0757171e-10
   4.2365177e-10
   4.4035099e-10
   4.5769259e-10
   4.7570063e-10
   4.9440006e-10
   5.1381675e-10
   5.3397749e-10
   5.5491005e-10
   5.7664321e-10
   5.9920678e-10
   6.2263166e-10
   6.4694988e-10
   6.7219460e-10
   6.9840019e-10
   7.2560227e-10
   7.5383771e-10
   7.8314474e-10
   8.1356295e-10
   8.4513334e-10
   8.7789840e-10
   9.1190212e-10
   9.4719009e-10
   9.8380950e-10
   1.0218092e-09
   1.0612400e-09
   1.1021541e-09
   1.1446059e-09
   1.1886516e-09
   1.2343495e-09
   1.2817598e-09
   1.3309450e-09
   1.3819696e-09
   1.4349007e-09
   1.4898075e-09
   1.5467617e-09
   1.6058375e-09
   1.6671119e-09
   1.7306643e-09
   1.7965772e-09
   1.8649358e-09
   1.9358283e-09
   2.0093459e-09
   2.0855833e-09
   2.1646383e-09
   2.2466120e-09
   2.3316092e-09
   2.4197382e-09
   2.5111113e-09
   2.6058445e-09
   2.7040578e-09
   2.8058755e-09
   2.9114261e-09
   3.0208426e-09
   3.1342625e-09
   3.2518281e-09
   3.3736867e-09
   3.4999905e-09
   3.6308970e-09
   3.7665692e-09
   3.9071754e-09
   4.0528900e-09
   4.2038932e-09
   4.3603714e-09
   4.5225174e-09
   4.6905303e-09
   4.8646164e-09
   5.0449887e-09
   5.2318677e-09
   5.4254810e-09
   5.6260644e-09
   5.8338612e-09
   6.0491233e-09
   6.2721109e-09
   6.5030931e-09
   6.7423479e-09
   6.9901629e-09
   7.2468352e-09
   7.5126719e-09
   7.7879903e-09
   8.0731187e-09
   8.3683959e-09
   8.6741723e-09
   8.9908101e-09
   9.3186832e-09
   9.6581784e-09
   1.0009695e-08
   1.0373646e-08
   1.0750457e-08
   1.1140570e-08
   1.1544439e-08
   1.1962534e-08
   1.2395342e-08
   1.2843363e-08
   1.3307117e-08
   1.3787138e-08
   1.4283980e-08
   1.4798214e-08
   1.5330429e-08
   1.5881235e-08
   1.6451260e-08
   1.7041154e-08
   1.7651589e-08
   1.8283257e-08
   1.8936872e-08
   1.9613175e-08
   2.0312926e-08
   2.1036914e-08
   2.1785951e-08
   2.2560876e-08
   2.3362556e-08
   2.4191884e-08
   2.5049783e-08
   2.5937207e-08
   2.6855138e-08
   2.7804591e-08
   2.8786614e-08
   2.9802289e-08
   3.0852729e-08
   3.1939088e-08
   3.3062553e-08
   3.4224350e-08
   3.5425744e-08
   3.6668040e-08
   3.7952585e-08
   3.9280768e-08
   4.0654024e-08
   4.2073830e-08
   4.3541713e-08
   4.5059246e-08
   4.6628052e-08
   4.8249807e-08
   4.9926237e-08
   5.1659124e-08
   5.3450305e-08
   5.5301675e-08
   5.7215189e-08
   5.9192861e-08
   6.1236770e-08
   6.3349059e-08
   6.5531938e-08
   6.7787685e-08
   7.0118649e-08
   7.2527253e-08
   7.5015993e-08
   7.7587445e-08
   8.0244261e-08
   8.2989178e-08
   8.5825016e-08
   8.8754682e-08
   9.1781172e-08
   9.4907575e-08
   9.8137073e-08
   1.0147295e-07
   1.0491858e-07
   1.0847745e-07
   1.1215315e-07
   1.1594938e-07
   1.1986996e-07
   1.2391881e-07
   1.2809997e-07
   1.3241763e-07
   1.3687606e-07
   1.4147971e-07
   1.4623313e-07
   1.5114101e-07
   1.5620820e-07
   1.6143968e-07
   1.6684058e-07
   1.7241618e-07
   1.7817195e-07
   1.8411347e-07
   1.9024654e-07
   1.9657709e-07
   2.0311126e-07
   2.0985535e-07
   2.1681585e-07
   2.2399945e-07
   2.3141305e-07
   2.3906372e-07
   2.4695877e-07
   2.5510572e-07
   2.6351229e-07
   2.7218645e-07
   2.8113640e-07
   2.9037057e-07
   2.9989766e-07
   3.0972659e-07
   3.1986658e-07
   3.3032708e-07
   3.4111785e-07
   3.5224891e-07
   3.6373059e-07
   3.7557350e-07
   3.8778857e-07
   4.0038704e-07
   4.1338048e-07
   4.2678080e-07
   4.4060024e-07
   4.5485140e-07
   4.6954723e-07
   4.8470108e-07
   5.0032665e-07
   5.1643805e-07
   5.3304979e-07
   5.5017680e-07
   5.6783442e-07
   5.8603844e-07
   6.0480510e-07
   6.2415109e-07
   6.4409358e-07
   6.6465023e-07
   6.8583918e-07
   7.0767911e-07
   7.3018920e-07
   7.5338919e-07
   7.7729936e-07
   8.0194058e-07
   8.2733427e-07
   8.5350248e-07
   8.8046786e-07
   9.0825371e-07
   9.3688395e-07
   9.6638319e-07
   9.9677671e-07
   1.0280905e-06
   1.0603513e-06
   1.0935865e-06
   1.1278243e-06
   1.1630937e-06
   1.1994244e-06
   1.2368472e-06
   1.2753934e-06
   1.3150952e-06
   1.3559860e-06
   1.3980998e-06
   1.4414715e-06
   1.4861372e-06
   1.5321338e-06
   1.5794993e-06
   1.6282727e-06
   1.6784939e-06
   1.7302042e-06
   1.7834457e-06
   1.8382619e-06
   1.8946972e-06
   1.9527975e-06
   2.0126096e-06
   2.0741818e-06
   2.1375636e-06
   2.2028058e-06
   2.2699607e-06
   2.3390818e-06
   2.4102242e-06
   2.4834442e-06
   2.5587999e-06
   2.6363508e-06
   2.7161579e-06
   2.7982839e-06
   2.8827932e-06
   2.9697518e-06
   3.0592274e-06
   3.1512897e-06
   3.2460098e-06
   3.3434612e-06
   3.4437189e-06
   3.5468600e-06
   3.6529636e-06
   3.7621109e-06
   3.8743852e-06
   3.9898718e-06
   4.1086584e-06
   4.2308349e-06
   4.3564935e-06
   4.4857288e-06
   4.6186378e-06
   4.7553200e-06
   4.8958773e-06
   5.0404146e-06
   5.1890392e-06
   5.3418610e-06
   5.4989929e-06
   5.6605508e-06
   5.8266531e-06
   5.9974218e-06
   6.1729814e-06
   6.3534598e-06
   6.5389883e-06
   6.7297012e-06
   6.9257363e-06
   7.1272348e-06
   7.3343416e-06
   7.5472050e-06
   7.7659771e-06
   7.9908139e-06
   8.2218751e-06
   8.4593245e-06
   8.7033298e-06
   8.9540630e-06
   9.2117003e-06
   9.4764222e-06
   9.7484137e-06
   1.0027864e-05
   1.0314968e-05
   1.0609925e-05
   1.0912937e-05
   1.1224214e-05
   1.1543970e-05
   1.1872423e-05
   1.2209799e-05
   1.2556326e-05
   1.2912241e-05
   1.3277784e-05
   1.3653203e-05
   1.4038749e-05
   1.4434683e-05
   1.4841269e-05
   1.5258778e-05
   1.5687489e-05
   1.6127686e-05
   1.6579660e-05
   1.7043710e-05
   1.7520142e-05
   1.8009267e-05
   1.8511406e-05
   1.9026886e-05
   1.9556043e-05
   2.0099219e-05
   2.0656767e-05
   2.1229045e-05
   2.1816421e-05
   2.2419273e-05
   2.3037984e-05
   2.3672950e-05
   2.4324573e-05
   2.4993267e-05
   2.5679453e-05
   2.6383564e-05
   2.7106042e-05
   2.7847339e-05
   2.8607918e-05
   2.9388251e-05
   3.0188823e-05
   3.1010128e-05
   3.1852674e-05
   3.2716978e-05
   3.3603570e-05
   3.4512991e-05
   3.5445795e-05
   3.6402550e-05
   3.7383833e-05
   3.8390238e-05
   3.9422370e-05
   4.0480848e-05
   4.1566305e-05
   4.2679389e-05
   4.3820761e-05
   4.4991097e-05
   4.6191088e-05
   4.7421442e-05
   4.8682881e-05
   4.9976142e-05
   5.1301981e-05
   5.2661169e-05
   5.4054493e-05
   5.5482760e-05
   5.6946791e-05
   5.8447429e-05
   5.9985531e-05
   6.1561977e-05
   6.3177663e-05
   6.4833505e-05
   6.6530440e-05
   6.8269424e-05
   7.0051433e-05
   7.1877467e-05
   7.3748544e-05
   7.5665706e-05
   7.7630016e-05
   7.9642559e-05
   8.1704446e-05
   8.3816808e-05
   8.5980803e-05
   8.8197612e-05
   9.0468440e-05
   9.2794519e-05
   9.5177107e-05
   9.7617486e-05
   0.00010011697
   0.00010267689
   0.00010529862
   0.00010798355
   0.00011073310
   0.00011354873
   0.00011643191
   0.00011938417
   0.00012240704
   0.00012550210
   0.00012867096
   0.00013191527
   0.00013523668
   0.00013863692
   0.00014211773
   0.00014568088
   0.00014932819
   0.00015306151
   0.00015688273
   0.00016079378
   0.00016479661
   0.00016889324
   0.00017308570
   0.00017737609
   0.00018176653
   0.00018625918
   0.00019085627
   0.00019556004
   0.00020037279
   0.00020529686
   0.00021033466
   0.00021548861
   0.00022076119
   0.00022615495
   0.00023167247
   0.00023731637
   0.00024308933
   0.00024899411
   0.00025503347
   0.00026121027
   0.00026752739
   0.00027398779
   0.00028059448
   0.00028735051
   0.00029425901
   0.00030132317
   0.00030854622
   0.00031593146
   0.00032348227
   0.00033120205
   0.00033909432
   0.00034716262
   0.00035541058
   0.00036384188
   0.00037246029
   0.00038126963
   0.00039027381
   0.00039947678
   0.00040888259
   0.00041849537
   0.00042831929
   0.00043835863
   0.00044861773
   0.00045910103
   0.00046981301
   0.00048075826
   0.00049194146
   0.00050336736
   0.00051504078
   0.00052696665
   0.00053914999
   0.00055159588
   0.00056430951
   0.00057729618
   0.00059056124
   0.00060411017
   0.00061794853
   0.00063208198
   0.00064651627
   0.00066125727
   0.00067631094
   0.00069168333
   0.00070738062
   0.00072340908
   0.00073977508
   0.00075648512
   0.00077354579
   0.00079096382
   0.00080874602
   0.00082689934
   0.00084543082
   0.00086434766
   0.00088365714
   0.00090336669
   0.00092348384
   0.00094401627
   0.00096497176
   0.00098635824
    0.0010081838
    0.0010304565
    0.0010531848
    0.0010763771
    0.0011000420
    0.0011241883
    0.0011488247
    0.0011739603
    0.0011996043
    0.0012257660
    0.0012524549
    0.0012796805
    0.0013074526
    0.0013357811
    0.0013646762
    0.0013941479
    0.0014242068
    0.0014548634
    0.0014861283
    0.0015180125
    0.0015505270
    0.0015836831
    0.0016174921
    0.0016519656
    0.0016871154
    0.0017229534
    0.0017594917
    0.0017967425
    0.0018347185
    0.0018734321
    0.0019128963
    0.0019531242
    0.0019941289
    0.0020359240
    0.0020785230
    0.0021219398
    0.0021661884
    0.0022112831
    0.0022572383
    0.0023040687
    0.0023517891
    0.0024004148
    0.0024499609
    0.0025004430
    0.0025518769
    0.0026042785
    0.0026576640
    0.0027120499
    0.0027674528
    0.0028238897
    0.0028813776
    0.0029399339
    0.0029995763
    0.0030603226
    0.0031221909
    0.0031851995
    0.0032493671
    0.0033147125
    0.0033812548
    0.0034490134
    0.0035180080
    0.0035882583
    0.0036597846
    0.0037326074
    0.0038067472
    0.0038822251
    0.0039590623
    0.0040372803
    0.0041169010
    0.0041979465
    0.0042804390
    0.0043644013
    0.0044498564
    0.0045368274
    0.0046253379
    0.0047154118
    0.0048070732
    0.0049003466
    0.0049952566
    0.0050918284
    0.0051900872
    0.0052900589
    0.0053917694
    0.0054952450
    0.0056005123
    0.0057075983
    0.0058165303
    0.0059273358
    0.0060400429
    0.0061546798
    0.0062712751
    0.0063898577
    0.0065104570
    0.0066331025
    0.0067578242
    0.0068846524
    0.0070136178
    0.0071447514
    0.0072780846
    0.0074136490
    0.0075514769
    0.0076916005
    0.0078340527
    0.0079788666
    0.0081260758
    0.0082757143
    0.0084278161
    0.0085824160
    0.0087395490
    0.0088992505
    0.0090615562
    0.0092265023
    0.0093941253
    0.0095644622
    0.0097375501
    0.0099134268
     0.010092130
     0.010273699
     0.010458172
     0.010645589
     0.010835988
     0.011029411
     0.011225897
     0.011425488
     0.011628224
     0.011834147
     0.012043300
     0.012255725
     0.012471464
     0.012690560
     0.012913059
     0.013139003
     0.013368437
     0.013601406
     0.013837955
     0.014078131
     0.014321978
     0.014569545
     0.014820877
     0.015076022
     0.015335028
     0.015597943
     0.015864816
     0.016135696
     0.016410632
     0.016689674
     0.016972873
     0.017260279
     0.017551944
     0.017847918
     0.018148255
     0.018453006
     0.018762224
     0.019075962
     0.019394275
     0.019717215
     0.020044839
     0.020377200
     0.020714354
     0.021056357
     0.021403264
     0.021755133
     0.022112020
     0.022473983
     0.022841079
     0.023213368
     0.023590906
     0.023973754
     0.024361971
     0.024755616
     0.025154750
     0.025559433
     0.025969727
     0.026385692
     0.026807392
     0.027234886
     0.027668240
     0.028107514
     0.028552773
     0.029004080
     0.029461499
     0.029925096
     0.030394933
     0.030871078
     0.031353595
     0.031842550
     0.032338009
     0.032840040
     0.033348708
     0.033864082
     0.034386228
     0.034915215
     0.035451112
     0.035993986
     0.036543907
     0.037100944
     0.037665166
     0.038236643
     0.038815446
     0.039401646
     0.039995311
     0.040596515
     0.041205328
     0.041821821
     0.042446067
     0.043078138
     0.043718106
     0.044366043
     0.045022023
     0.045686119
     0.046358404
     0.047038951
     0.047727835
     0.048425129
     0.049130908
     0.049845246
     0.050568217
     0.051299896
     0.052040359
     0.052789680
     0.053547934
     0.054315197
     0.055091545
     0.055877052
     0.056671796
     0.057475851
     0.058289294
     0.059112200
     0.059944647
     0.060786710
     0.061638465
     0.062499989
     0.063371358
     0.064252649
     0.065143938
     0.066045302
     0.066956816
     0.067878559
     0.068810605
     0.069753032
     0.070705916
     0.071669334
     0.072643360
     0.073628073
     0.074623547
     0.075629860
     0.076647086
     0.077675302
     0.078714584
     0.079765006
     0.080826644
     0.081899574
     0.082983871
     0.084079609
     0.085186863
     0.086305707
     0.087436216
     0.088578463
     0.089732522
     0.090898467
     0.092076370
     0.093266305
     0.094468344
     0.095682559
     0.096909021
     0.098147803
     0.099398975
      0.10066261
      0.10193877
      0.10322754
      0.10452897
      0.10584315
      0.10717013
      0.10850999
      0.10986279
      0.11122861
      0.11260750
      0.11399953
      0.11540477
      0.11682329
      0.11825514
      0.11970039
      0.12115911
      0.12263135
      0.12411719
      0.12561667
      0.12712986
      0.12865682
      0.13019760
      0.13175228
      0.13332089
      0.13490351
      0.13650019
      0.13811097
      0.13973592
      0.14137509
      0.14302853
      0.14469629
      0.14637842
      0.14807498
      0.14978601
      0.15151156
      0.15325168
      0.15500641
      0.15677580
      0.15855990
      0.16035873
      0.16217236
      0.16400081
      0.16584413
      0.16770235
      0.16957552
      0.17146367
      0.17336683
      0.17528505
      0.17721834
      0.17916675
      0.18113030
      0.18310903
      0.18510296
      0.18711211
      0.18913652
      0.19117620
      0.19323118
      0.19530149
      0.19738713
      0.19948814
      0.20160451
      0.20373629
      0.20588346
      0.20804606
      0.21022408
      0.21241755
      0.21462646
      0.21685083
      0.21909066
      0.22134595
      0.22361670
      0.22590293
      0.22820461
      0.23052176
      0.23285437
      0.23520243
      0.23756593
      0.23994487
      0.24233923
      0.24474900
      0.24717417
      0.24961471
      0.25207062
      0.25454187
      0.25702843
      0.25953030
      0.26204743
      0.26457981
      0.26712740
      0.26969018
      0.27226810
      0.27486114
      0.27746926
      0.28009243
      0.28273059
      0.28538371
      0.28805174
      0.29073464
      0.29343236
      0.29614485
      0.29887205
      0.30161391
      0.30437038
      0.30714140
      0.30992690
      0.31272683
      0.31554111
      0.31836969
      0.32121249
      0.32406944
      0.32694047
      0.32982551
      0.33272447
      0.33563729
      0.33856386
      0.34150412
      0.34445798
      0.34742534
      0.35040613
      0.35340023
      0.35640757
      0.35942805
      0.36246156
      0.36550800
      0.36856728
      0.37163928
      0.37472390
      0.37782103
      0.38093055
      0.38405236
      0.38718633
      0.39033234
      0.39349028
      0.39666002
      0.39984144
      0.40303441
      0.40623879
      0.40945446
      0.41268128
      0.41591912
      0.41916783
      0.42242728
      0.42569732
      0.42897781
      0.43226859
      0.43556952
      0.43888045
      0.44220122
      0.44553168
      0.44887166
      0.45222101
      0.45557956
      0.45894715
      0.46232360
      0.46570876
      0.46910245
      0.47250449
      0.47591470
      0.47933292
      0.48275896
      0.48619263
      0.48963376
      0.49308215
      0.49653762
      0.49999998
      0.50346903
      0.50694458
      0.51042643
      0.51391438
      0.51740824
      0.52090780
      0.52441285
      0.52792319
      0.53143861
      0.53495889
      0.53848383
      0.54201322
      0.54554683
      0.54908444
      0.55262585
      0.55617081
      0.55971912
      0.56327055
      0.56682486
      0.57038184
      0.57394124
      0.57750284
      0.58106640
      0.58463169
      0.58819848
      0.59176651
      0.59533555
      0.59890536
      0.60247570
      0.60604631
      0.60961696
      0.61318740
      0.61675737
      0.62032663
      0.62389491
      0.62746198
      0.63102758
      0.63459144
      0.63815331
      0.64171293
      0.64527004
      0.64882439
      0.65237570
      0.65592372
      0.65946818
      0.66300882
      0.66654536
      0.67007754
      0.67360510
      0.67712776
      0.68064525
      0.68415730
      0.68766364
      0.69116399
      0.69465809
      0.69814566
      0.70162641
      0.70510009
      0.70856640
      0.71202508
      0.71547585
      0.71891842
      0.72235252
      0.72577787
      0.72919419
      0.73260120
      0.73599862
      0.73938617
      0.74276357
      0.74613054
      0.74948680
      0.75283206
      0.75616605
      0.75948847
      0.76279906
      0.76609753
      0.76938360
      0.77265698
      0.77591740
      0.77916457
      0.78239821
      0.78561805
      0.78882380
      0.79201518
      0.79519191
      0.79835371
      0.80150031
      0.80463142
      0.80774677
      0.81084608
      0.81392907
      0.81699547
      0.82004500
      0.82307738
      0.82609235
      0.82908963
      0.83206895
      0.83503003
      0.83797260
      0.84089641
      0.84380116
      0.84668661
      0.84955249
      0.85239852
      0.85522444
      0.85802999
      0.86081492
      0.86357895
      0.86632184
      0.86904331
      0.87174313
      0.87442102
      0.87707674
      0.87971004
      0.88232067
      0.88490837
      0.88747291
      0.89001403
      0.89253150
      0.89502506
      0.89749449
      0.89993954
      0.90235998
      0.90475557
      0.90712608
      0.90947128
      0.91179095
      0.91408485
      0.91635276
      0.91859446
      0.92080974
      0.92299836
      0.92516013
      0.92729481
      0.92940222
      0.93148213
      0.93353434
      0.93555864
      0.93755485
      0.93952275
      0.94146215
      0.94337286
      0.94525468
      0.94710744
      0.94893094
      0.95072500
      0.95248943
      0.95422408
      0.95592875
      0.95760328
      0.95924749
      0.96086123
      0.96244433
      0.96399662
      0.96551796
      0.96700818
      0.96846714
      0.96989468
      0.97129066
      0.97265495
      0.97398739
      0.97528786
      0.97655621
      0.97779233
      0.97899609
      0.98016735
      0.98130601
      0.98241194
      0.98348503
      0.98452517
      0.98553226
      0.98650618
      0.98744685
      0.98835416
      0.98922801
      0.99006833
      0.99087502
      0.99164799
      0.99238718
      0.99309249
      0.99376387
      0.99440124
      0.99500453
      0.99557368
      0.99610864
      0.99660934
      0.99707574
      0.99750778
      0.99790543
      0.99826863
      0.99859736
      0.99889158
      0.99915126
      0.99937636
      0.99956688
      0.99972278
      0.99984405
      0.99993069
      0.99998267
       1.0000000
      0.99998267
      0.99993069
      0.99984405
      0.99972278
      0.99956688
      0.99937636
      0.99915126
      0.99889158
      0.99859736
      0.99826863
      0.99790543
      0.99750778
      0.99707574
      0.99660934
      0.99610864
      0.99557368
      0.99500453
      0.99440124
      0.99376387
      0.99309249
      0.99238718
      0.99164799
      0.99087502
      0.99006833
      0.98922801
      0.98835416
      0.98744685
      0.98650618
      0.98553226
      0.98452517
      0.98348503
      0.98241194
      0.98130601
      0.98016735
      0.97899609
      0.97779233
      0.97655621
      0.97528786
      0.97398739
      0.97265495
      0.97129066
      0.96989468
      0.96846714
      0.96700818
      0.96551796
      0.96399662
      0.96244433
      0.96086123
      0.95924749
      0.95760328
      0.95592875
      0.95422408
      0.95248943
      0.95072500
      0.94893094
      0.94710744
      0.94525468
      0.94337286
      0.94146215
      0.93952275
      0.93755485
      0.93555864
      0.93353434
      0.93148213
      0.92940222
      0.92729481
      0.92516013
      0.92299836
      0.92080974
      0.91859446
      0.91635276
      0.91408485
      0.91179095
      0.90947128
      0.90712608
      0.90475557
      0.90235998
      0.89993954
      0.89749449
      0.89502506
      0.89253150
      0.89001403
      0.88747291
      0.88490837
      0.88232067
      0.87971004
      0.87707674
      0.87442102
      0.87174313
      0.86904331
      0.86632184
      0.86357895
      0.86081492
      0.85802999
      0.85522444
      0.85239852
      0.84955249
      0.84668661
      0.84380116
      0.84089641
      0.83797260
      0.83503003
      0.83206895
      0.82908963
      0.82609235
      0.82307738
      0.82004500
      0.81699547
      0.81392907
      0.81084608
      0.80774677
      0.80463142
      0.80150031
      0.79835371
      0.79519191
      0.79201518
      0.78882380
      0.78561805
      0.78239821
      0.77916457
      0.77591740
      0.77265698
      0.76938360
      0.76609753
      0.76279906
      0.75948847
      0.75616605
      0.75283206
      0.74948680
      0.74613054
      0.74276357
      0.73938617
      0.73599862
      0.73260120
      0.72919419
      0.72577787
      0.72235252
      0.71891842
      0.71547585
      0.71202508
      0.70856640
      0.70510009
      0.70162641
      0.69814566
      0.69465809
      0.69116399
      0.68766364
      0.68415730
      0.68064525
      0.67712776
      0.67360510
      0.67007754
      0.66654536
      0.66300882
      0.65946818
      0.65592372
      0.65237570
      0.64882439
      0.64527004
      0.64171293
      0.63815331
      0.63459144
      0.63102758
      0.62746198
      0.62389491
      0.62032663
      0.61675737
      0.61318740
      0.60961696
      0.60604631
      0.60247570
      0.59890536
      0.59533555
      0.59176651
      0.58819848
      0.58463169
      0.58106640
      0.57750284
      0.57394124
      0.57038184
      0.56682486
      0.56327055
      0.55971912
      0.55617081
      0.55262585
      0.54908444
      0.54554683
      0.54201322
      0.53848383
      0.53495889
      0.53143861
      0.52792319
      0.52441285
      0.52090780
      0.51740824
      0.51391438
      0.51042643
      0.50694458
      0.50346903
      0.49999998
      0.49653762
      0.49308215
      0.48963376
      0.48619263
      0.48275896
      0.47933292
      0.47591470
      0.47250449
      0.46910245
      0.46570876
      0.46232360
      0.45894715
      0.45557956
      0.45222101
      0.44887166
      0.44553168
      0.44220122
      0.43888045
      0.43556952
      0.43226859
      0.42897781
      0.42569732
      0.42242728
      0.41916783
      0.41591912
      0.41268128
      0.40945446
      0.40623879
      0.40303441
      0.39984144
      0.39666002
      0.39349028
      0.39033234
      0.38718633
      0.38405236
      0.38093055
      0.37782103
      0.37472390
      0.37163928
      0.36856728
      0.36550800
      0.36246156
      0.35942805
      0.35640757
      0.35340023
      0.35040613
      0.34742534
      0.34445798
      0.34150412
      0.33856386
      0.33563729
      0.33272447
      0.32982551
      0.32694047
      0.32406944
      0.32121249
      0.31836969
      0.31554111
      0.31272683
      0.30992690
      0.30714140
      0.30437038
      0.30161391
      0.29887205
      0.29614485
      0.29343236
      0.29073464
      0.28805174
      0.28538371
      0.28273059
      0.28009243
      0.27746926
      0.27486114
      0.27226810
      0.26969018
      0.26712740
      0.26457981
      0.26204743
      0.25953030
      0.25702843
      0.25454187
      0.25207062
      0.24961471
      0.24717417
      0.24474900
      0.24233923
      0.23994487
      0.23756593
      0.23520243
      0.23285437
      0.23052176
      0.22820461
      0.22590293
      0.22361670
      0.22134595
      0.21909066
      0.21685083
      0.21462646
      0.21241755
      0.21022408
      0.20804606
      0.20588346
      0.20373629
      0.20160451
      0.19948814
      0.19738713
      0.19530149
      0.19323118
      0.19117620
      0.18913652
      0.18711211
      0.18510296
      0.18310903
      0.18113030
      0.17916675
      0.17721834
      0.17528505
      0.17336683
      0.17146367
      0.16957552
      0.16770235
      0.16584413
      0.16400081
      0.16217236
      0.16035873
      0.15855990
      0.15677580
      0.15500641
      0.15325168
      0.15151156
      0.14978601
      0.14807498
      0.14637842
      0.14469629
      0.14302853
      0.14137509
      0.13973592
      0.13811097
      0.13650019
      0.13490351
      0.13332089
      0.13175228
      0.13019760
      0.12865682
      0.12712986
      0.12561667
      0.12411719
      0.12263135
      0.12115911
      0.11970039
      0.11825514
      0.11682329
      0.11540477
      0.11399953
      0.11260750
      0.11122861
      0.10986279
      0.10850999
      0.10717013
      0.10584315
      0.10452897
      0.10322754
      0.10193877
      0.10066261
     0.099398975
     0.098147803
     0.096909021
     0.095682559
     0.094468344
     0.093266305
     0.092076370
     0.090898467
     0.089732522
     0.088578463
     0.087436216
     0.086305707
     0.085186863
     0.084079609
     0.082983871
     0.081899574
     0.080826644
     0.079765006
     0.078714584
     0.077675302
     0.076647086
     0.075629860
     0.074623547
     0.073628073
     0.072643360
     0.071669334
     0.070705916
     0.069753032
     0.068810605
     0.067878559
     0.066956816
     0.066045302
     0.065143938
     0.064252649
     0.063371358
     0.062499989
     0.061638465
     0.060786710
     0.059944647
     0.059112200
     0.058289294
     0.057475851
     0.056671796
     0.055877052
     0.055091545
     0.054315197
     0.053547934
     0.052789680
     0.052040359
     0.051299896
     0.050568217
     0.049845246
     0.049130908
     0.048425129
     0.047727835
     0.047038951
     0.046358404
     0.045686119
     0.045022023
     0.044366043
     0.043718106
     0.043078138
     0.042446067
     0.041821821
     0.041205328
     0.040596515
     0.039995311
     0.039401646
     0.038815446
     0.038236643
     0.037665166
     0.037100944
     0.036543907
     0.035993986
     0.035451112
     0.034915215
     0.034386228
     0.033864082
     0.033348708
     0.032840040
     0.032338009
     0.031842550
     0.031353595
     0.030871078
     0.030394933
     0.029925096
     0.029461499
     0.029004080
     0.028552773
     0.028107514
     0.027668240
     0.027234886
     0.026807392
     0.026385692
     0.025969727
     0.025559433
     0.025154750
     0.024755616
     0.024361971
     0.023973754
     0.023590906
     0.023213368
     0.022841079
     0.022473983
     0.022112020
     0.021755133
     0.021403264
     0.021056357
     0.020714354
     0.020377200
     0.020044839
     0.019717215
     0.019394275
     0.019075962
     0.018762224
     0.018453006
     0.018148255
     0.017847918
     0.017551944
     0.017260279
     0.016972873
     0.016689674
     0.016410632
     0.016135696
     0.015864816
     0.015597943
     0.015335028
     0.015076022
     0.014820877
     0.014569545
     0.014321978
     0.014078131
     0.013837955
     0.013601406
     0.013368437
     0.013139003
     0.012913059
     0.012690560
     0.012471464
     0.012255725
     0.012043300
     0.011834147
     0.011628224
     0.011425488
     0.011225897
     0.011029411
     0.010835988
     0.010645589
     0.010458172
     0.010273699
     0.010092130
    0.0099134268
    0.0097375501
    0.0095644622
    0.0093941253
    0.0092265023
    0.0090615562
    0.0088992505
    0.0087395490
    0.0085824160
    0.0084278161
    0.0082757143
    0.0081260758
    0.0079788666
    0.0078340527
    0.0076916005
    0.0075514769
    0.0074136490
    0.0072780846
    0.0071447514
    0.0070136178
    0.0068846524
    0.0067578242
    0.0066331025
    0.0065104570
    0.0063898577
    0.0062712751
    0.0061546798
    0.0060400429
    0.0059273358
    0.0058165303
    0.0057075983
    0.0056005123
    0.0054952450
    0.0053917694
    0.0052900589
    0.0051900872
    0.0050918284
    0.0049952566
    0.0049003466
    0.0048070732
    0.0047154118
    0.0046253379
    0.0045368274
    0.0044498564
    0.0043644013
    0.0042804390
    0.0041979465
    0.0041169010
    0.0040372803
    0.0039590623
    0.0038822251
    0.0038067472
    0.0037326074
    0.0036597846
    0.0035882583
    0.0035180080
    0.0034490134
    0.0033812548
    0.0033147125
    0.0032493671
    0.0031851995
    0.0031221909
    0.0030603226
    0.0029995763
    0.0029399339
    0.0028813776
    0.0028238897
    0.0027674528
    0.0027120499
    0.0026576640
    0.0026042785
    0.0025518769
    0.0025004430
    0.0024499609
    0.0024004148
    0.0023517891
    0.0023040687
    0.0022572383
    0.0022112831
    0.0021661884
    0.0021219398
    0.0020785230
    0.0020359240
    0.0019941289
    0.0019531242
    0.0019128963
    0.0018734321
    0.0018347185
    0.0017967425
    0.0017594917
    0.0017229534
    0.0016871154
    0.0016519656
    0.0016174921
    0.0015836831
    0.0015505270
    0.0015180125
    0.0014861283
    0.0014548634
    0.0014242068
    0.0013941479
    0.0013646762
    0.0013357811
    0.0013074526
    0.0012796805
    0.0012524549
    0.0012257660
    0.0011996043
    0.0011739603
    0.0011488247
    0.0011241883
    0.0011000420
    0.0010763771
    0.0010531848
    0.0010304565
    0.0010081838
   0.00098635824
   0.00096497176
   0.00094401627
   0.00092348384
   0.00090336669
   0.00088365714
   0.00086434766
   0.00084543082
   0.00082689934
   0.00080874602
   0.00079096382
   0.00077354579
   0.00075648512
   0.00073977508
   0.00072340908
   0.00070738062
   0.00069168333
   0.00067631094
   0.00066125727
   0.00064651627
   0.00063208198
   0.00061794853
   0.00060411017
   0.00059056124
   0.00057729618
   0.00056430951
   0.00055159588
   0.00053914999
   0.00052696665
   0.00051504078
   0.00050336736
   0.00049194146
   0.00048075826
   0.00046981301
   0.00045910103
   0.00044861773
   0.00043835863
   0.00042831929
   0.00041849537
   0.00040888259
   0.00039947678
   0.00039027381
   0.00038126963
   0.00037246029
   0.00036384188
   0.00035541058
   0.00034716262
   0.00033909432
   0.00033120205
   0.00032348227
   0.00031593146
   0.00030854622
   0.00030132317
   0.00029425901
   0.00028735051
   0.00028059448
   0.00027398779
   0.00026752739
   0.00026121027
   0.00025503347
   0.00024899411
   0.00024308933
   0.00023731637
   0.00023167247
   0.00022615495
   0.00022076119
   0.00021548861
   0.00021033466
   0.00020529686
   0.00020037279
   0.00019556004
   0.00019085627
   0.00018625918
   0.00018176653
   0.00017737609
   0.00017308570
   0.00016889324
   0.00016479661
   0.00016079378
   0.00015688273
   0.00015306151
   0.00014932819
   0.00014568088
   0.00014211773
   0.00013863692
   0.00013523668
   0.00013191527
   0.00012867096
   0.00012550210
   0.00012240704
   0.00011938417
   0.00011643191
   0.00011354873
   0.00011073310
   0.00010798355
   0.00010529862
   0.00010267689
   0.00010011697
   9.7617486e-05
   9.5177107e-05
   9.2794519e-05
   9.0468440e-05
   8.8197612e-05
   8.5980803e-05
   8.3816808e-05
   8.1704446e-05
   7.9642559e-05
   7.7630016e-05
   7.5665706e-05
   7.3748544e-05
   7.1877467e-05
   7.0051433e-05
   6.8269424e-05
   6.6530440e-05
   6.4833505e-05
   6.3177663e-05
   6.1561977e-05
   5.9985531e-05
   5.8447429e-05
   5.6946791e-05
   5.5482760e-05
   5.4054493e-05
   5.2661169e-05
   5.1301981e-05
   4.9976142e-05
   4.8682881e-05
   4.7421442e-05
   4.6191088e-05
   4.4991097e-05
   4.3820761e-05
   4.2679389e-05
   4.1566305e-05
   4.0480848e-05
   3.9422370e-05
   3.8390238e-05
   3.7383833e-05
   3.6402550e-05
   3.5445795e-05
   3.4512991e-05
   3.3603570e-05
   3.2716978e-05
   3.1852674e-05
   3.1010128e-05
   3.0188823e-05
   2.9388251e-05
   2.8607918e-05
   2.7847339e-05
   2.7106042e-05
   2.6383564e-05
   2.5679453e-05
   2.4993267e-05
   2.4324573e-05
   2.3672950e-05
   2.3037984e-05
   2.2419273e-05
   2.1816421e-05
   2.1229045e-05
   2.0656767e-05
   2.0099219e-05
   1.9556043e-05
   1.9026886e-05
   1.8511406e-05
   1.8009267e-05
   1.7520142e-05
   1.7043710e-05
   1.6579660e-05
   1.6127686e-05
   1.5687489e-05
   1.5258778e-05
   1.4841269e-05
   1.4434683e-05
   1.4038749e-05
   1.3653203e-05
   1.3277784e-05
   1.2912241e-05
   1.2556326e-05
   1.2209799e-05
   1.1872423e-05
   1.1543970e-05
   1.1224214e-05
   1.0912937e-05
   1.0609925e-05
   1.0314968e-05
   1.0027864e-05
   9.7484137e-06
   9.4764222e-06
   9.2117003e-06
   8.9540630e-06
   8.7033298e-06
   8.4593245e-06
   8.2218751e-06
   7.9908139e-06
   7.7659771e-06
   7.5472050e-06
   7.3343416e-06
   7.1272348e-06
   6.9257363e-06
   6.7297012e-06
   6.5389883e-06
   6.3534598e-06
   6.1729814e-06
   5.9974218e-06
   5.8266531e-06
   5.6605508e-06
   5.4989929e-06
   5.3418610e-06
   5.1890392e-06
   5.0404146e-06
   4.8958773e-06
   4.7553200e-06
   4.6186378e-06
   4.4857288e-06
   4.3564935e-06
   4.2308349e-06
   4.1086584e-06
   3.9898718e-06
   3.8743852e-06
   3.7621109e-06
   3.6529636e-06
   3.5468600e-06
   3.4437189e-06
   3.3434612e-06
   3.2460098e-06
   3.1512897e-06
   3.0592274e-06
   2.9697518e-06
   2.8827932e-06
   2.7982839e-06
   2.7161579e-06
   2.6363508e-06
   2.5587999e-06
   2.4834442e-06
   2.4102242e-06
   2.3390818e-06
   2.2699607e-06
   2.2028058e-06
   2.1375636e-06
   2.0741818e-06
   2.0126096e-06
   1.9527975e-06
   1.8946972e-06
   1.8382619e-06
   1.7834457e-06
   1.7302042e-06
   1.6784939e-06
   1.6282727e-06
   1.5794993e-06
   1.5321338e-06
   1.4861372e-06
   1.4414715e-06
   1.3980998e-06
   1.3559860e-06
   1.3150952e-06
   1.2753934e-06
   1.2368472e-06
   1.1994244e-06
   1.1630937e-06
   1.1278243e-06
   1.0935865e-06
   1.0603513e-06
   1.0280905e-06
   9.9677671e-07
   9.6638319e-07
   9.3688395e-07
   9.0825371e-07
   8.8046786e-07
   8.5350248e-07
   8.2733427e-07
   8.0194058e-07
   7.7729936e-07
   7.5338919e-07
   7.3018920e-07
   7.0767911e-07
   6.8583918e-07
   6.6465023e-07
   6.4409358e-07
   6.2415109e-07
   6.0480510e-07
   5.8603844e-07
   5.6783442e-07
   5.5017680e-07
   5.3304979e-07
   5.1643805e-07
   5.0032665e-07
   4.8470108e-07
   4.6954723e-07
   4.5485140e-07
   4.4060024e-07
   4.2678080e-07
   4.1338048e-07
   4.0038704e-07
   3.8778857e-07
   3.7557350e-07
   3.6373059e-07
   3.5224891e-07
   3.4111785e-07
   3.3032708e-07
   3.1986658e-07
   3.0972659e-07
   2.9989766e-07
   2.9037057e-07
   2.8113640e-07
   2.7218645e-07
   2.6351229e-07
   2.5510572e-07
   2.4695877e-07
   2.3906372e-07
   2.3141305e-07
   2.2399945e-07
   2.1681585e-07
   2.0985535e-07
   2.0311126e-07
   1.9657709e-07
   1.9024654e-07
   1.8411347e-07
   1.7817195e-07
   1.7241618e-07
   1.6684058e-07
   1.6143968e-07
   1.5620820e-07
   1.5114101e-07
   1.4623313e-07
   1.4147971e-07
   1.3687606e-07
   1.3241763e-07
   1.2809997e-07
   1.2391881e-07
   1.1986996e-07
   1.1594938e-07
   1.1215315e-07
   1.0847745e-07
   1.0491858e-07
   1.0147295e-07
   9.8137073e-08
   9.4907575e-08
   9.1781172e-08
   8.8754682e-08
   8.5825016e-08
   8.2989178e-08
   8.0244261e-08
   7.7587445e-08
   7.5015993e-08
   7.2527253e-08
   7.0118649e-08
   6.7787685e-08
   6.5531938e-08
   6.3349059e-08
   6.1236770e-08
   5.9192861e-08
   5.7215189e-08
   5.5301675e-08
   5.3450305e-08
   5.1659124e-08
   4.9926237e-08
   4.8249807e-08
   4.6628052e-08
   4.5059246e-08
   4.3541713e-08
   4.2073830e-08
   4.0654024e-08
   3.9280768e-08
   3.7952585e-08
   3.6668040e-08
   3.5425744e-08
   3.4224350e-08
   3.3062553e-08
   3.1939088e-08
   3.0852729e-08
   2.9802289e-08
   2.8786614e-08
   2.7804591e-08
   2.6855138e-08
   2.5937207e-08
   2.5049783e-08
   2.4191884e-08
   2.3362556e-08
   2.2560876e-08
   2.1785951e-08
   2.1036914e-08
   2.0312926e-08
   1.9613175e-08
   1.8936872e-08
   1.8283257e-08
   1.7651589e-08
   1.7041154e-08
   1.6451260e-08
   1.5881235e-08
   1.5330429e-08
   1.4798214e-08
   1.4283980e-08
   1.3787138e-08
   1.3307117e-08
   1.2843363e-08
   1.2395342e-08
   1.1962534e-08
   1.1544439e-08
   1.1140570e-08
   1.0750457e-08
   1.0373646e-08
   1.0009695e-08
   9.6581784e-09
   9.3186832e-09
   8.9908101e-09
   8.6741723e-09
   8.3683959e-09
   8.0731187e-09
   7.7879903e-09
   7.5126719e-09
   7.2468352e-09
   6.9901629e-09
   6.7423479e-09
   6.5030931e-09
   6.2721109e-09
   6.0491233e-09
   5.8338612e-09
   5.6260644e-09
   5.4254810e-09
   5.2318677e-09
   5.0449887e-09
   4.8646164e-09
   4.6905303e-09
   4.5225174e-09
   4.3603714e-09
   4.2038932e-09
   4.0528900e-09
   3.9071754e-09
   3.7665692e-09
   3.6308970e-09
   3.4999905e-09
   3.3736867e-09
   3.2518281e-09
   3.1342625e-09
   3.0208426e-09
   2.9114261e-09
   2.8058755e-09
   2.7040578e-09
   2.6058445e-09
   2.5111113e-09
   2.4197382e-09
   2.3316092e-09
   2.2466120e-09
   2.1646383e-09
   2.0855833e-09
   2.0093459e-09
   1.9358283e-09
   1.8649358e-09
   1.7965772e-09
   1.7306643e-09
   1.6671119e-09
   1.6058375e-09
   1.5467617e-09
   1.4898075e-09
   1.4349007e-09
   1.3819696e-09
   1.3309450e-09
   1.2817598e-09
   1.2343495e-09
   1.1886516e-09
   1.1446059e-09
   1.1021541e-09
   1.0612400e-09
   1.0218092e-09
   9.8380950e-10
   9.4719009e-10
   9.1190212e-10
   8.7789840e-10
   8.4513334e-10
   8.1356295e-10
   7.8314474e-10
   7.5383771e-10
   7.2560227e-10
   6.9840019e-10
   6.7219460e-10
   6.4694988e-10
   6.2263166e-10
   5.9920678e-10
   5.7664321e-10
   5.5491005e-10
   5.3397749e-10
   5.1381675e-10
   4.9440006e-10
   4.7570063e-10
   4.5769259e-10
   4.4035099e-10
   4.2365177e-10
   4.0757171e-10
   3.9208839e-10
   3.7718019e-10
   3.6282627e-10
   3.4900650e-10
   3.3570148e-10
   3.2289249e-10
   3.1056148e-10
   2.9869102e-10
   2.8726433e-10
   2.7626521e-10
   2.6567802e-10
   2.5548770e-10
   2.4567973e-10
   2.3624010e-10
   2.2715528e-10
   2.1841226e-10
   2.0999847e-10
   2.0190181e-10
   1.9411059e-10
   1.8661356e-10
   1.7939987e-10
   1.7245905e-10
   1.6578102e-10
   1.5935605e-10
   1.5317478e-10
   1.4722818e-10
   1.4150753e-10
   1.3600445e-10
   1.3071084e-10
   1.2561892e-10
   1.2072118e-10
   1.1601037e-10
   1.1147953e-10
   1.0712192e-10
   1.0293109e-10
   9.8900778e-11
   9.5024983e-11
   9.1297912e-11
   8.7713984e-11
   8.4267823e-11
   8.0954252e-11
   7.7768281e-11
   7.4705106e-11
   7.1760097e-11
   6.8928797e-11
   6.6206912e-11
   6.3590305e-11
   6.1074994e-11
   5.8657144e-11
   5.6333059e-11
   5.4099183e-11
   5.1952091e-11
   4.9888483e-11
   4.7905185e-11
   4.5999137e-11
   4.4167397e-11
   4.2407128e-11
   4.0715603e-11
   3.9090195e-11
   3.7528374e-11
   3.6027706e-11
   3.4585847e-11
   3.3200541e-11
   3.1869619e-11
   3.0590989e-11
   2.9362641e-11
   2.8182640e-11
   2.7049122e-11
   2.5960294e-11
   2.4914433e-11
   2.3909877e-11
   2.2945031e-11
   2.2018356e-11
   2.1128374e-11
   2.0273662e-11
   1.9452852e-11
   1.8664627e-11
   1.7907721e-11
   1.7180913e-11
   1.6483033e-11
   1.5812952e-11
   1.5169586e-11
   1.4551891e-11
   1.3958865e-11
   1.3389543e-11
   1.2842995e-11
   1.2318330e-11
   1.1814689e-11
   1.1331247e-11
   1.0867210e-11
   1.0421816e-11
   9.9943293e-12
   9.5840454e-12
   9.1902859e-12
   8.8123985e-12
   8.4497563e-12
   8.1017565e-12
   7.7678198e-12
   7.4473890e-12
   7.1399289e-12
   6.8449249e-12
   6.5618823e-12
   6.2903256e-12
   6.0297981e-12
   5.7798606e-12
   5.5400911e-12
   5.3100840e-12
   5.0894497e-12
   4.8778138e-12
   4.6748163e-12
   4.4801116e-12
   4.2933675e-12
   4.1142648e-12
   3.9424970e-12
   3.7777694e-12
   3.6197992e-12
   3.4683143e-12
   3.3230538e-12
   3.1837667e-12
   3.0502122e-12
   2.9221589e-12
   2.7993844e-12
   2.6816754e-12
   2.5688268e-12
   2.4606417e-12
   2.3569311e-12
   2.2575135e-12
   2.1622144e-12
   2.0708666e-12
   1.9833092e-12
   1.8993879e-12
   1.8189547e-12
   1.7418671e-12
   1.6679888e-12
   1.5971885e-12
   1.5293404e-12
   1.4643238e-12
   1.4020226e-12
   1.3423255e-12
   1.2851258e-12
   1.2303208e-12
   1.1778122e-12
   1.1275056e-12
   1.0793102e-12
   1.0331391e-12
   9.8890890e-13
   9.4653944e-13
   9.0595389e-13
   8.6707850e-13
   8.2984254e-13
   7.9417811e-13
   7.6002011e-13
   7.2730606e-13
   6.9597602e-13
   6.6597249e-13
   6.3724033e-13
   6.0972664e-13
   5.8338067e-13
   5.5815374e-13
   5.3399919e-13
   5.1087225e-13
   4.8872996e-13
   4.6753117e-13
   4.4723638e-13
   4.2780773e-13
   4.0920891e-13
   3.9140510e-13
   3.7436292e-13
   3.5805036e-13
   3.4243675e-13
   3.2749265e-13
   3.1318986e-13
   2.9950135e-13
   2.8640119e-13
   2.7386454e-13
   2.6186759e-13
   2.5038749e-13
   2.3940238e-13
   2.2889128e-13
   2.1883409e-13
   2.0921155e-13
   2.0000520e-13
   1.9119734e-13
   1.8277104e-13
   1.7471003e-13
   1.6699877e-13
   1.5962233e-13
   1.5256642e-13
   1.4581736e-13
   1.3936202e-13
   1.3318785e-13
   1.2728280e-13
   1.2163534e-13
   1.1623443e-13
   1.1106948e-13
   1.0613036e-13
   1.0140736e-13
   9.6891191e-14
   9.2572937e-14
   8.8444075e-14
   8.4496436e-14
   8.0722199e-14
   7.7113876e-14
   7.3664293e-14
   7.0366584e-14
   6.7214173e-14
   6.4200764e-14
   6.1320330e-14
   5.8567100e-14
   5.5935549e-14
   5.3420388e-14
   5.1016554e-14
   4.8719200e-14
   4.6523687e-14
   4.4425574e-14
   4.2420612e-14
   4.0504731e-14
   3.8674038e-14
   3.6924808e-14
   3.5253473e-14
   3.3656622e-14
   3.2130989e-14
   3.0673449e-14
   2.9281011e-14
   2.7950816e-14
   2.6680124e-14
   2.5466318e-14
   2.4306891e-14
   2.3199446e-14
   2.2141690e-14
   2.1131429e-14
   2.0166565e-14
   1.9245089e-14
   1.8365082e-14
   1.7524707e-14
   1.6722208e-14
   1.5955904e-14
   1.5224188e-14
   1.4525525e-14
   1.3858444e-14
   1.3221541e-14
   1.2613471e-14
   1.2032949e-14
   1.1478748e-14
   1.0949692e-14
   1.0444658e-14
   9.9625729e-15
   9.5024095e-15
   9.0631865e-15
   8.6439658e-15
   8.2438506e-15
   7.8619836e-15
   7.4975454e-15
   7.1497527e-15
   6.8178570e-15
   6.5011428e-15
   6.1989262e-15
   5.9105539e-15
   5.6354012e-15
   5.3728715e-15
   5.1223943e-15
   4.8834249e-15
   4.6554425e-15
   4.4379497e-15
   4.2304710e-15
   4.0325524e-15
   3.8437601e-15
   3.6636795e-15
   3.4919146e-15
   3.3280873e-15
   3.1718362e-15
   3.0228162e-15
   2.8806977e-15
   2.7451657e-15
   2.6159197e-15
   2.4926723e-15
   2.3751494e-15
   2.2630889e-15
   2.1562407e-15
   2.0543660e-15
   1.9572367e-15
   1.8646350e-15
   1.7763529e-15
   1.6921919e-15
   1.6119625e-15
   1.5354837e-15
   1.4625827e-15
   1.3930946e-15
   1.3268619e-15
   1.2637343e-15
   1.2035684e-15
   1.1462273e-15
   1.0915802e-15
   1.0395025e-15
   9.8987493e-16
   9.4258404e-16
   8.9752134e-16
   8.5458337e-16
   8.1367138e-16
   7.7469114e-16
   7.3755275e-16
   7.0217042e-16
   6.6846231e-16
   6.3635032e-16
   6.0575996e-16
   5.7662013e-16
   5.4886304e-16
   5.2242401e-16
   4.9724132e-16
   4.7325613e-16
   4.5041229e-16
   4.2865625e-16
   4.0793695e-16
   3.8820566e-16
   3.6941595e-16
   3.5152351e-16
   3.3448608e-16
   3.1826338e-16
   3.0281699e-16
   2.8811028e-16
   2.7410832e-16
   2.6077781e-16
   2.4808700e-16
   2.3600560e-16
   2.2450477e-16
   2.1355699e-16
   2.0313602e-16
   1.9321688e-16
   1.8377571e-16
   1.7478981e-16
   1.6623753e-16
   1.5809822e-16
   1.5035221e-16
   1.4298076e-16
   1.3596601e-16
   1.2929093e-16
   1.2293929e-16
   1.1689563e-16
   1.1114523e-16
   1.0567404e-16
   1.0046869e-16
   9.5516444e-17
   9.0805150e-17
   8.6323246e-17
   8.2059714e-17
   7.8004054e-17
   7.4146269e-17
   7.0476833e-17
   6.6986673e-17
   6.3667146e-17
   6.0510021e-17
   5.7507459e-17
   5.4651992e-17
   5.1936510e-17
   4.9354241e-17
   4.6898737e-17
   4.4563856e-17
   4.2343750e-17
   4.0232853e-17
   3.8225862e-17
   3.6317730e-17
   3.4503651e-17
   3.2779050e-17
   3.1139570e-17
   2.9581066e-17
   2.8099589e-17
   2.6691382e-17
   2.5352869e-17
   2.4080644e-17
   2.2871468e-17
   2.1722257e-17
   2.0630074e-17
   1.9592126e-17
   1.8605756e-17
   1.7668432e-17
   1.6777747e-17
   1.5931410e-17
   1.5127242e-17
   1.4363168e-17
   1.3637214e-17
   1.2947503e-17
   1.2292249e-17
   1.1669752e-17
