  -0.00066721801
   -0.0013346348
   -0.0020020997
   -0.0026691915
   -0.0033354888
   -0.0040005698
   -0.0046640132
   -0.0053253980
   -0.0059843042
   -0.0066403124
   -0.0072930048
   -0.0079419649
   -0.0085867782
   -0.0092270321
   -0.0098623164
    -0.010492223
    -0.011116348
    -0.011734289
    -0.012345648
    -0.012950031
    -0.013547045
    -0.014136305
    -0.014717428
    -0.015290036
    -0.015853756
    -0.016408221
    -0.016953068
    -0.017487940
    -0.018012486
    -0.018526361
    -0.019029226
    -0.019520749
    -0.020000603
    -0.020468471
    -0.020924040
    -0.021367007
    -0.021797074
    -0.022213952
    -0.022617361
    -0.023007027
    -0.023382685
    -0.023744080
    -0.024090963
    -0.024423095
    -0.024740248
    -0.025042199
    -0.025328738
    -0.025599663
    -0.025854780
    -0.026093908
    -0.026316873
    -0.026523512
    -0.026713672
    -0.026887211
    -0.027043995
    -0.027183903
    -0.027306824
    -0.027412655
    -0.027501307
    -0.027572699
    -0.027626763
    -0.027663440
    -0.027682684
    -0.027684457
    -0.027668734
    -0.027635501
    -0.027584754
    -0.027516501
    -0.027430760
    -0.027327562
    -0.027206946
    -0.027068965
    -0.026913681
    -0.026741168
    -0.026551511
    -0.026344805
    -0.026121157
    -0.025880685
    -0.025623515
    -0.025349787
    -0.025059651
    -0.024753266
    -0.024430804
    -0.024092443
    -0.023738377
    -0.023368805
    -0.022983939
    -0.022584001
    -0.022169222
    -0.021739841
    -0.021296110
    -0.020838288
    -0.020366644
    -0.019881456
    -0.019383011
    -0.018871604
    -0.018347540
    -0.017811131
    -0.017262699
    -0.016702572
    -0.016131087
    -0.015548588
    -0.014955428
    -0.014351964
    -0.013738565
    -0.013115601
    -0.012483453
    -0.011842506
    -0.011193152
    -0.010535789
   -0.0098708194
   -0.0091986531
   -0.0085197032
   -0.0078343884
   -0.0071431321
   -0.0064463619
   -0.0057445094
   -0.0050380102
   -0.0043273034
   -0.0036128315
   -0.0028950397
   -0.0021743762
   -0.0014512916
  -0.00072623866
   3.2792440e-07
   0.00072795190
    0.0014561757
    0.0021845405
    0.0029125872
    0.0036398556
    0.0043658859
    0.0050902180
    0.0058123923
    0.0065319502
    0.0072484336
    0.0079613859
    0.0086703521
    0.0093748790
     0.010074515
     0.010768813
     0.011457325
     0.012139609
     0.012815226
     0.013483739
     0.014144715
     0.014797727
     0.015442351
     0.016078168
     0.016704763
     0.017321728
     0.017928658
     0.018525156
     0.019110830
     0.019685295
     0.020248171
     0.020799086
     0.021337675
     0.021863578
     0.022376447
     0.022875936
     0.023361713
     0.023833448
     0.024290824
     0.024733531
     0.025161267
     0.025573740
     0.025970666
     0.026351773
     0.026716796
     0.027065480
     0.027397580
     0.027712863
     0.028011104
     0.028292089
     0.028555614
     0.028801488
     0.029029528
     0.029239564
     0.029431435
     0.029604993
     0.029760101
     0.029896633
     0.030014474
     0.030113523
     0.030193687
     0.030254888
     0.030297058
     0.030320141
     0.030324094
     0.030308885
     0.030274495
     0.030220915
     0.030148150
     0.030056217
     0.029945145
     0.029814974
     0.029665756
     0.029497558
     0.029310455
     0.029104537
     0.028879905
     0.028636672
     0.028374961
     0.028094911
     0.027796670
     0.027480397
     0.027146264
     0.026794454
     0.026425162
     0.026038594
     0.025634967
     0.025214509
     0.024777460
     0.024324068
     0.023854595
     0.023369312
     0.022868501
     0.022352452
     0.021821469
     0.021275862
     0.020715954
     0.020142074
     0.019554563
     0.018953771
     0.018340055
     0.017713783
     0.017075329
     0.016425078
     0.015763421
     0.015090758
     0.014407496
     0.013714049
     0.013010838
     0.012298291
     0.011576845
     0.010846938
     0.010109019
    0.0093635411
    0.0086109615
    0.0078517441
    0.0070863574
    0.0063152744
    0.0055389725
    0.0047579332
    0.0039726415
    0.0031835862
    0.0023912590
    0.0015961545
   0.00079876985
  -3.9551211e-07
  -0.00080084031
   -0.0016020616
   -0.0024035553
   -0.0032048161
   -0.0040053382
   -0.0048046155
   -0.0056021416
   -0.0063974107
   -0.0071899175
   -0.0079791575
   -0.0087646277
   -0.0095458264
    -0.010322254
    -0.011093413
    -0.011858808
    -0.012617947
    -0.013370342
    -0.014115506
    -0.014852957
    -0.015582219
    -0.016302818
    -0.017014284
    -0.017716155
    -0.018407972
    -0.019089282
    -0.019759638
    -0.020418599
    -0.021065732
    -0.021700608
    -0.022322807
    -0.022931916
    -0.023527528
    -0.024109247
    -0.024676682
    -0.025229453
    -0.025767185
    -0.026289515
    -0.026796088
    -0.027286559
    -0.027760592
    -0.028217860
    -0.028658048
    -0.029080848
    -0.029485967
    -0.029873119
    -0.030242029
    -0.030592436
    -0.030924086
    -0.031236740
    -0.031530169
    -0.031804156
    -0.032058495
    -0.032292994
    -0.032507470
    -0.032701756
    -0.032875695
    -0.033029143
    -0.033161969
    -0.033274055
    -0.033365294
    -0.033435596
    -0.033484879
    -0.033513077
    -0.033520138
    -0.033506021
    -0.033470699
    -0.033414158
    -0.033336399
    -0.033237434
    -0.033117290
    -0.032976007
    -0.032813638
    -0.032630250
    -0.032425923
    -0.032200749
    -0.031954836
    -0.031688302
    -0.031401282
    -0.031093921
    -0.030766378
    -0.030418826
    -0.030051448
    -0.029664444
    -0.029258023
    -0.028832408
    -0.028387835
    -0.027924552
    -0.027442819
    -0.026942907
    -0.026425101
    -0.025889697
    -0.025337001
    -0.024767332
    -0.024181021
    -0.023578408
    -0.022959845
    -0.022325694
    -0.021676329
    -0.021012133
    -0.020333498
    -0.019640827
    -0.018934534
    -0.018215039
    -0.017482773
    -0.016738176
    -0.015981696
    -0.015213789
    -0.014434919
    -0.013645559
    -0.012846187
    -0.012037291
    -0.011219363
    -0.010392904
   -0.0095584203
   -0.0087164230
   -0.0078674305
   -0.0070119656
   -0.0061505565
   -0.0052837358
   -0.0044120407
   -0.0035360121
   -0.0026561950
   -0.0017731372
  -0.00088739009
   4.9271840e-07
   0.00088995507
    0.0017804389
    0.0026713845
    0.0035622308
    0.0044524159
    0.0053413773
    0.0062285522
    0.0071133780
    0.0079952925
    0.0088737344
    0.0097481435
     0.010617961
     0.011482631
     0.012341598
     0.013194310
     0.014040219
     0.014878778
     0.015709447
     0.016531686
     0.017344962
     0.018148746
     0.018942514
     0.019725747
     0.020497932
     0.021258563
     0.022007138
     0.022743164
     0.023466153
     0.024175627
     0.024871113
     0.025552146
     0.026218272
     0.026869043
     0.027504019
     0.028122773
     0.028724884
     0.029309942
     0.029877547
     0.030427308
     0.030958846
     0.031471792
     0.031965790
     0.032440491
     0.032895561
     0.033330678
     0.033745529
     0.034139815
     0.034513251
     0.034865560
     0.035196483
     0.035505771
     0.035793187
     0.036058512
     0.036301535
     0.036522062
     0.036719912
     0.036894917
     0.037046925
     0.037175797
     0.037281407
     0.037363647
     0.037422419
     0.037457642
     0.037469251
     0.037457192
     0.037421430
     0.037361942
     0.037278720
     0.037171772
     0.037041121
     0.036886804
     0.036708872
     0.036507395
     0.036282453
     0.036034144
     0.035762580
     0.035467887
     0.035150208
     0.034809699
     0.034446531
     0.034060888
     0.033652972
     0.033222997
     0.032771191
     0.032297797
     0.031803072
     0.031287287
     0.030750727
     0.030193689
     0.029616485
     0.029019441
     0.028402893
     0.027767193
     0.027112705
     0.026439804
     0.025748879
     0.025040331
     0.024314571
     0.023572024
     0.022813125
     0.022038320
     0.021248067
     0.020442834
     0.019623098
     0.018789349
     0.017942083
     0.017081810
     0.016209045
     0.015324313
     0.014428150
     0.013521097
     0.012603704
     0.011676530
     0.010740139
    0.0097951035
    0.0088420018
    0.0078814187
    0.0069139447
    0.0059401759
    0.0049607137
    0.0039761638
    0.0029871368
    0.0019942471
   0.00099811274
  -6.4498545e-07
   -0.0010014018
   -0.0020035311
   -0.0030064038
   -0.0040093896
   -0.0050118565
   -0.0060131716
   -0.0070127016
   -0.0080098129
   -0.0090038723
   -0.0099942472
    -0.010980306
    -0.011961418
    -0.012936956
    -0.013906293
    -0.014868805
    -0.015823873
    -0.016770879
    -0.017709211
    -0.018638258
    -0.019557417
    -0.020466088
    -0.021363678
    -0.022249597
    -0.023123264
    -0.023984103
    -0.024831545
    -0.025665029
    -0.026484001
    -0.027287914
    -0.028076231
    -0.028848424
    -0.029603972
    -0.030342364
    -0.031063101
    -0.031765691
    -0.032449654
    -0.033114520
    -0.033759831
    -0.034385140
    -0.034990009
    -0.035574017
    -0.036136752
    -0.036677813
    -0.037196816
    -0.037693387
    -0.038167166
    -0.038617807
    -0.039044977
    -0.039448357
    -0.039827644
    -0.040182548
    -0.040512794
    -0.040818122
    -0.041098286
    -0.041353057
    -0.041582220
    -0.041785578
    -0.041962946
    -0.042114159
    -0.042239064
    -0.042337529
    -0.042409433
    -0.042454675
    -0.042473171
    -0.042464850
    -0.042429660
    -0.042367567
    -0.042278552
    -0.042162613
    -0.042019765
    -0.041850040
    -0.041653488
    -0.041430174
    -0.041180181
    -0.040903609
    -0.040600575
    -0.040271212
    -0.039915671
    -0.039534119
    -0.039126739
    -0.038693733
    -0.038235317
    -0.037751725
    -0.037243205
    -0.036710025
    -0.036152466
    -0.035570826
    -0.034965418
    -0.034336573
    -0.033684633
    -0.033009960
    -0.032312927
    -0.031593926
    -0.030853360
    -0.030091648
    -0.029309224
    -0.028506533
    -0.027684038
    -0.026842211
    -0.025981541
    -0.025102527
    -0.024205683
    -0.023291533
    -0.022360614
    -0.021413476
    -0.020450679
    -0.019472794
    -0.018480403
    -0.017474099
    -0.016454484
    -0.015422170
    -0.014377779
    -0.013321942
    -0.012255298
    -0.011178494
    -0.010092184
   -0.0089970330
   -0.0078937092
   -0.0067828891
   -0.0056652553
   -0.0045414962
   -0.0034123055
   -0.0022783819
   -0.0011404287
   8.4663327e-07
    0.0011447331
    0.0022905163
    0.0034374790
    0.0045849017
    0.0057320630
    0.0068782398
    0.0080227080
    0.0091647432
     0.010303621
     0.011438616
     0.012569005
     0.013694066
     0.014813077
     0.015925321
     0.017030081
     0.018126644
     0.019214300
     0.020292345
     0.021360076
     0.022416798
     0.023461819
     0.024494453
     0.025514023
     0.026519854
     0.027511282
     0.028487648
     0.029448302
     0.030392602
     0.031319916
     0.032229618
     0.033121095
     0.033993742
     0.034846966
     0.035680182
     0.036492818
     0.037284315
     0.038054123
     0.038801706
     0.039526540
     0.040228114
     0.040905932
     0.041559508
     0.042188375
     0.042792075
     0.043370170
     0.043922232
     0.044447852
     0.044946635
     0.045418202
     0.045862191
     0.046278254
     0.046666062
     0.047025303
     0.047355680
     0.047656916
     0.047928750
     0.048170938
     0.048383256
     0.048565497
     0.048717473
     0.048839013
     0.048929966
     0.048990200
     0.049019601
     0.049018074
     0.048985545
     0.048921956
     0.048827272
     0.048701473
     0.048544563
     0.048356563
     0.048137513
     0.047887474
     0.047606527
     0.047294770
     0.046952323
     0.046579324
     0.046175932
     0.045742324
     0.045278696
     0.044785266
     0.044262269
     0.043709958
     0.043128608
     0.042518510
     0.041879976
     0.041213336
     0.040518937
     0.039797146
     0.039048347
     0.038272943
     0.037471353
     0.036644015
     0.035791383
     0.034913930
     0.034012143
     0.033086528
     0.032137604
     0.031165911
     0.030171999
     0.029156436
     0.028119807
     0.027062708
     0.025985751
     0.024889562
     0.023774781
     0.022642061
     0.021492067
     0.020325478
     0.019142984
     0.017945288
     0.016733103
     0.015507153
     0.014268174
     0.013016910
     0.011754117
     0.010480557
    0.0091970046
    0.0079042397
    0.0066030511
    0.0052942349
    0.0039785940
    0.0026569377
    0.0013300813
  -1.1546635e-06
   -0.0013359446
   -0.0026734585
   -0.0040128627
   -0.0053533197
   -0.0066939894
   -0.0080340294
   -0.0093725951
    -0.010708841
    -0.012041920
    -0.013370986
    -0.014695193
    -0.016013693
    -0.017325643
    -0.018630200
    -0.019926524
    -0.021213776
    -0.022491124
    -0.023757736
    -0.025012787
    -0.026255457
    -0.027484929
    -0.028700395
    -0.029901052
    -0.031086105
    -0.032254765
    -0.033406252
    -0.034539795
    -0.035654632
    -0.036750010
    -0.037825186
    -0.038879428
    -0.039912016
    -0.040922239
    -0.041909401
    -0.042872816
    -0.043811813
    -0.044725732
    -0.045613929
    -0.046475772
    -0.047310647
    -0.048117953
    -0.048897104
    -0.049647530
    -0.050368680
    -0.051060016
    -0.051721019
    -0.052351189
    -0.052950041
    -0.053517108
    -0.054051946
    -0.054554124
    -0.055023234
    -0.055458886
    -0.055860711
    -0.056228359
    -0.056561499
    -0.056859824
    -0.057123046
    -0.057350896
    -0.057543131
    -0.057699525
    -0.057819876
    -0.057904005
    -0.057951751
    -0.057962980
    -0.057937578
    -0.057875453
    -0.057776536
    -0.057640783
    -0.057468169
    -0.057258696
    -0.057012385
    -0.056729283
    -0.056409459
    -0.056053004
    -0.055660036
    -0.055230691
    -0.054765131
    -0.054263541
    -0.053726128
    -0.053153124
    -0.052544781
    -0.051901375
    -0.051223206
    -0.050510595
    -0.049763886
    -0.048983445
    -0.048169660
    -0.047322942
    -0.046443722
    -0.045532454
    -0.044589614
    -0.043615697
    -0.042611220
    -0.041576720
    -0.040512756
    -0.039419905
    -0.038298765
    -0.037149953
    -0.035974105
    -0.034771877
    -0.033543941
    -0.032290990
    -0.031013732
    -0.029712895
    -0.028389221
    -0.027043470
    -0.025676420
    -0.024288860
    -0.022881600
    -0.021455459
    -0.020011275
    -0.018549897
    -0.017072188
    -0.015579025
    -0.014071297
    -0.012549902
    -0.011015754
   -0.0094697741
   -0.0079128956
   -0.0063460608
   -0.0047702213
   -0.0031863375
   -0.0015953774
   1.6829525e-06
    0.0016038611
    0.0032101680
    0.0048196091
    0.0064311845
    0.0080438899
    0.0096567171
     0.011268655
     0.012878688
     0.014485801
     0.016088976
     0.017687195
     0.019279438
     0.020864687
     0.022441926
     0.024010137
     0.025568308
     0.027115429
     0.028650492
     0.030172496
     0.031680442
     0.033173337
     0.034650197
     0.036110040
     0.037551896
     0.038974800
     0.040377797
     0.041759939
     0.043120291
     0.044457927
     0.045771931
     0.047061400
     0.048325442
     0.049563180
     0.050773749
     0.051956297
     0.053109987
     0.054234000
     0.055327528
     0.056389782
     0.057419990
     0.058417397
     0.059381264
     0.060310872
     0.061205521
     0.062064529
     0.062887235
     0.063672998
     0.064421198
     0.065131236
     0.065802532
     0.066434533
     0.067026706
     0.067578538
     0.068089545
     0.068559263
     0.068987251
     0.069373096
     0.069716407
     0.070016819
     0.070273992
     0.070487611
     0.070657388
     0.070783061
     0.070864394
     0.070901178
     0.070893231
     0.070840397
     0.070742549
     0.070599585
     0.070411433
     0.070178049
     0.069899414
     0.069575539
     0.069206464
     0.068792254
     0.068333005
     0.067828841
     0.067279913
     0.066686400
     0.066048511
     0.065366483
     0.064640580
     0.063871093
     0.063058346
     0.062202685
     0.061304487
     0.060364157
     0.059382126
     0.058358854
     0.057294827
     0.056190558
     0.055046587
     0.053863482
     0.052641834
     0.051382265
     0.050085417
     0.048751962
     0.047382595
     0.045978037
     0.044539031
     0.043066348
     0.041560779
     0.040023140
     0.038454271
     0.036855032
     0.035226307
     0.033569000
     0.031884038
     0.030172368
     0.028434956
     0.026672788
     0.024886870
     0.023078225
     0.021247897
     0.019396944
     0.017526442
     0.015637484
     0.013731178
     0.011808647
    0.0098710281
    0.0079194734
    0.0059551469
    0.0039792254
    0.0019928976
  -2.6368861e-06
   -0.0020061679
   -0.0040164756
   -0.0060323311
   -0.0080524973
    -0.010075729
    -0.012100776
    -0.014126379
    -0.016151275
    -0.018174198
    -0.020193874
    -0.022209030
    -0.024218389
    -0.026220671
    -0.028214597
    -0.030198888
    -0.032172265
    -0.034133450
    -0.036081169
    -0.038014149
    -0.039931123
    -0.041830827
    -0.043712002
    -0.045573398
    -0.047413769
    -0.049231879
    -0.051026498
    -0.052796407
    -0.054540398
    -0.056257273
    -0.057945844
    -0.059604938
    -0.061233393
    -0.062830064
    -0.064393817
    -0.065923535
    -0.067418119
    -0.068876484
    -0.070297563
    -0.071680310
    -0.073023696
    -0.074326711
    -0.075588366
    -0.076807696
    -0.077983753
    -0.079115615
    -0.080202382
    -0.081243177
    -0.082237148
    -0.083183470
    -0.084081339
    -0.084929982
    -0.085728650
    -0.086476622
    -0.087173205
    -0.087817733
    -0.088409572
    -0.088948116
    -0.089432787
    -0.089863040
    -0.090238360
    -0.090558264
    -0.090822298
    -0.091030044
    -0.091181114
    -0.091275154
    -0.091311843
    -0.091290893
    -0.091212051
    -0.091075097
    -0.090879847
    -0.090626151
    -0.090313894
    -0.089942997
    -0.089513414
    -0.089025137
    -0.088478194
    -0.087872648
    -0.087208598
    -0.086486179
    -0.085705563
    -0.084866957
    -0.083970607
    -0.083016792
    -0.082005830
    -0.080938074
    -0.079813914
    -0.078633775
    -0.077398119
    -0.076107445
    -0.074762286
    -0.073363212
    -0.071910828
    -0.070405774
    -0.068848726
    -0.067240396
    -0.065581527
    -0.063872899
    -0.062115327
    -0.060309657
    -0.058456770
    -0.056557580
    -0.054613033
    -0.052624108
    -0.050591815
    -0.048517196
    -0.046401323
    -0.044245299
    -0.042050257
    -0.039817359
    -0.037547796
    -0.035242787
    -0.032903579
    -0.030531445
    -0.028127685
    -0.025693626
    -0.023230619
    -0.020740038
    -0.018223283
    -0.015681776
    -0.013116961
    -0.010530305
   -0.0079232933
   -0.0052974336
   -0.0026542514
   4.7089528e-06
    0.0026778855
    0.0053636997
    0.0080605571
     0.010766848
     0.013480949
     0.016201222
     0.018926019
     0.021653678
     0.024382528
     0.027110888
     0.029837069
     0.032559372
     0.035276093
     0.037985523
     0.040685946
     0.043375643
     0.046052893
     0.048715972
     0.051363156
     0.053992719
     0.056602940
     0.059192096
     0.061758470
     0.064300348
     0.066816021
     0.069303788
     0.071761951
     0.074188826
     0.076582734
     0.078942008
     0.081264991
     0.083550041
     0.085795528
     0.087999834
     0.090161361
     0.092278524
     0.094349756
     0.096373510
     0.098348257
      0.10027249
      0.10214472
      0.10396348
      0.10572734
      0.10743487
      0.10908468
      0.11067542
      0.11220573
      0.11367432
      0.11507989
      0.11642121
      0.11769704
      0.11890620
      0.12004753
      0.12111991
      0.12212226
      0.12305351
      0.12391265
      0.12469869
      0.12541070
      0.12604776
      0.12660901
      0.12709363
      0.12750081
      0.12782982
      0.12807996
      0.12825055
      0.12834098
      0.12835067
      0.12827908
      0.12812574
      0.12789020
      0.12757205
      0.12717095
      0.12668660
      0.12611873
      0.12546713
      0.12473165
      0.12391216
      0.12300861
      0.12202097
      0.12094928
      0.11979361
      0.11855411
      0.11723094
      0.11582435
      0.11433461
      0.11276206
      0.11110708
      0.10937010
      0.10755161
      0.10565214
      0.10367227
      0.10161265
     0.099473956
     0.097256931
     0.094962363
     0.092591090
     0.090144000
     0.087622033
     0.085026178
     0.082357474
     0.079617007
     0.076805916
     0.073925386
     0.070976652
     0.067960996
     0.064879747
     0.061734283
     0.058526029
     0.055256455
     0.051927076
     0.048539454
     0.045095196
     0.041595951
     0.038043414
     0.034439321
     0.030785451
     0.027083624
     0.023335703
     0.019543588
     0.015709219
     0.011834577
    0.0079216775
    0.0039725753
  -1.0639984e-05
   -0.0040258433
   -0.0080708751
    -0.012143543
    -0.016241621
    -0.020362854
    -0.024504954
    -0.028665604
    -0.032842460
    -0.037033150
    -0.041235274
    -0.045446408
    -0.049664106
    -0.053885895
    -0.058109283
    -0.062331756
    -0.066550780
    -0.070763804
    -0.074968259
    -0.079161559
    -0.083341106
    -0.087504286
    -0.091648472
    -0.095771029
    -0.099869310
     -0.10394066
     -0.10798242
     -0.11199191
     -0.11596647
     -0.11990342
     -0.12380009
     -0.12765379
     -0.13146184
     -0.13522157
     -0.13893031
     -0.14258539
     -0.14618414
     -0.14972392
     -0.15320208
     -0.15661598
     -0.15996300
     -0.16324052
     -0.16644596
     -0.16957673
     -0.17263026
     -0.17560401
     -0.17849546
     -0.18130209
     -0.18402143
     -0.18665102
     -0.18918841
     -0.19163121
     -0.19397703
     -0.19622352
     -0.19836836
     -0.20040926
     -0.20234396
     -0.20417023
     -0.20588590
     -0.20748881
     -0.20897684
     -0.21034792
     -0.21160002
     -0.21273113
     -0.21373932
     -0.21462267
     -0.21537932
     -0.21600745
     -0.21650529
     -0.21687113
     -0.21710328
     -0.21720013
     -0.21716011
     -0.21698168
     -0.21666340
     -0.21620383
     -0.21560164
     -0.21485551
     -0.21396421
     -0.21292653
     -0.21174137
     -0.21040763
     -0.20892433
     -0.20729050
     -0.20550526
     -0.20356778
     -0.20147731
     -0.19923314
     -0.19683464
     -0.19428123
     -0.19157243
     -0.18870777
     -0.18568691
     -0.18250951
     -0.17917536
     -0.17568428
     -0.17203616
     -0.16823097
     -0.16426874
     -0.16014958
     -0.15587366
     -0.15144122
     -0.14685257
     -0.14210809
     -0.13720823
     -0.13215352
     -0.12694454
     -0.12158195
     -0.11606649
     -0.11039895
     -0.10458020
    -0.098611186
    -0.092492916
    -0.086226467
    -0.079812988
    -0.073253695
    -0.066549875
    -0.059702880
    -0.052714132
    -0.045585122
    -0.038317406
    -0.030912606
    -0.023372414
    -0.015698584
   -0.0078929361
   4.2643248e-05
    0.0081062052
     0.016295737
     0.024609163
     0.033044347
     0.041599088
     0.050271129
     0.059058150
     0.067957774
     0.076967564
     0.086085027
     0.095307615
      0.10463272
      0.11405769
      0.12357981
      0.13319631
      0.14290438
      0.15270115
      0.16258370
      0.17254908
      0.18259428
      0.19271623
      0.20291184
      0.21317797
      0.22351143
      0.23390899
      0.24436740
      0.25488334
      0.26545347
      0.27607443
      0.28674280
      0.29745514
      0.30820798
      0.31899781
      0.32982110
      0.34067430
      0.35155382
      0.36245606
      0.37337738
      0.38431414
      0.39526265
      0.40621925
      0.41718022
      0.42814184
      0.43910038
      0.45005210
      0.46099324
      0.47192005
      0.48282875
      0.49371557
      0.50457673
      0.51540846
      0.52620698
      0.53696850
      0.54768925
      0.55836547
      0.56899338
      0.57956923
      0.59008928
      0.60054978
      0.61094702
      0.62127729
      0.63153689
      0.64172215
      0.65182942
      0.66185505
      0.67179544
      0.68164699
      0.69140614
      0.70106937
      0.71063315
      0.72009402
      0.72944852
      0.73869325
      0.74782482
      0.75683990
      0.76573518
      0.77450740
      0.78315334
      0.79166981
      0.80005367
      0.80830184
      0.81641126
      0.82437894
      0.83220192
      0.83987730
      0.84740225
      0.85477395
      0.86198968
      0.86904674
      0.87594250
      0.88267439
      0.88923990
      0.89563657
      0.90186201
      0.90791390
      0.91378996
      0.91948799
      0.92500586
      0.93034149
      0.93549287
      0.94045808
      0.94523524
      0.94982255
      0.95421829
      0.95842080
      0.96242850
      0.96623987
      0.96985348
      0.97326796
      0.97648202
      0.97949445
      0.98230411
      0.98490993
      0.98731093
      0.98950621
      0.99149493
      0.99327633
      0.99484975
      0.99621459
      0.99737033
      0.99831653
      0.99905284
      0.99957897
      0.99989473
       1.0000000
      0.99989473
      0.99957897
      0.99905284
      0.99831653
      0.99737033
      0.99621459
      0.99484975
      0.99327633
      0.99149493
      0.98950621
      0.98731093
      0.98490993
      0.98230410
      0.97949445
      0.97648202
      0.97326796
      0.96985348
      0.96623987
      0.96242850
      0.95842080
      0.95421829
      0.94982255
      0.94523524
      0.94045808
      0.93549287
      0.93034149
      0.92500586
      0.91948799
      0.91378996
      0.90791390
      0.90186201
      0.89563657
      0.88923990
      0.88267439
      0.87594250
      0.86904673
      0.86198968
      0.85477395
      0.84740225
      0.83987730
      0.83220192
      0.82437894
      0.81641126
      0.80830184
      0.80005367
      0.79166981
      0.78315334
      0.77450740
      0.76573518
      0.75683990
      0.74782482
      0.73869324
      0.72944852
      0.72009402
      0.71063315
      0.70106937
      0.69140614
      0.68164699
      0.67179544
      0.66185505
      0.65182942
      0.64172215
      0.63153689
      0.62127729
      0.61094702
      0.60054978
      0.59008928
      0.57956923
      0.56899338
      0.55836547
      0.54768925
      0.53696850
      0.52620698
      0.51540846
      0.50457673
      0.49371557
      0.48282875
      0.47192005
      0.46099324
      0.45005210
      0.43910038
      0.42814183
      0.41718022
      0.40621925
      0.39526265
      0.38431414
      0.37337738
      0.36245606
      0.35155382
      0.34067430
      0.32982110
      0.31899781
      0.30820798
      0.29745514
      0.28674280
      0.27607443
      0.26545347
      0.25488334
      0.24436740
      0.23390899
      0.22351143
      0.21317797
      0.20291184
      0.19271623
      0.18259428
      0.17254908
      0.16258370
      0.15270115
      0.14290438
      0.13319631
      0.12357981
      0.11405769
      0.10463272
     0.095307615
     0.086085027
     0.076967564
     0.067957774
     0.059058150
     0.050271129
     0.041599088
     0.033044346
     0.024609163
     0.016295737
    0.0081062049
   4.2642981e-05
   -0.0078929364
    -0.015698584
    -0.023372414
    -0.030912607
    -0.038317406
    -0.045585122
    -0.052714133
    -0.059702880
    -0.066549875
    -0.073253695
    -0.079812988
    -0.086226467
    -0.092492916
    -0.098611186
     -0.10458020
     -0.11039895
     -0.11606649
     -0.12158195
     -0.12694454
     -0.13215352
     -0.13720823
     -0.14210809
     -0.14685257
     -0.15144122
     -0.15587366
     -0.16014958
     -0.16426874
     -0.16823097
     -0.17203616
     -0.17568428
     -0.17917536
     -0.18250951
     -0.18568691
     -0.18870777
     -0.19157243
     -0.19428123
     -0.19683464
     -0.19923314
     -0.20147731
     -0.20356778
     -0.20550526
     -0.20729050
     -0.20892433
     -0.21040763
     -0.21174137
     -0.21292653
     -0.21396421
     -0.21485551
     -0.21560164
     -0.21620384
     -0.21666340
     -0.21698168
     -0.21716011
     -0.21720013
     -0.21710328
     -0.21687113
     -0.21650529
     -0.21600745
     -0.21537932
     -0.21462267
     -0.21373932
     -0.21273113
     -0.21160002
     -0.21034792
     -0.20897684
     -0.20748881
     -0.20588590
     -0.20417023
     -0.20234396
     -0.20040926
     -0.19836836
     -0.19622352
     -0.19397703
     -0.19163121
     -0.18918841
     -0.18665102
     -0.18402143
     -0.18130209
     -0.17849546
     -0.17560401
     -0.17263026
     -0.16957673
     -0.16644596
     -0.16324052
     -0.15996300
     -0.15661598
     -0.15320208
     -0.14972392
     -0.14618414
     -0.14258539
     -0.13893031
     -0.13522157
     -0.13146184
     -0.12765379
     -0.12380009
     -0.11990342
     -0.11596647
     -0.11199191
     -0.10798242
     -0.10394066
    -0.099869310
    -0.095771029
    -0.091648472
    -0.087504286
    -0.083341106
    -0.079161559
    -0.074968259
    -0.070763804
    -0.066550780
    -0.062331756
    -0.058109283
    -0.053885895
    -0.049664106
    -0.045446408
    -0.041235274
    -0.037033150
    -0.032842460
    -0.028665604
    -0.024504954
    -0.020362854
    -0.016241621
    -0.012143543
   -0.0080708751
   -0.0040258432
  -1.0639963e-05
    0.0039725753
    0.0079216775
     0.011834577
     0.015709219
     0.019543588
     0.023335703
     0.027083624
     0.030785451
     0.034439321
     0.038043414
     0.041595951
     0.045095196
     0.048539454
     0.051927076
     0.055256455
     0.058526029
     0.061734283
     0.064879747
     0.067960996
     0.070976652
     0.073925386
     0.076805916
     0.079617007
     0.082357474
     0.085026178
     0.087622033
     0.090144000
     0.092591090
     0.094962363
     0.097256931
     0.099473956
      0.10161265
      0.10367227
      0.10565214
      0.10755161
      0.10937010
      0.11110708
      0.11276206
      0.11433461
      0.11582435
      0.11723094
      0.11855411
      0.11979361
      0.12094928
      0.12202097
      0.12300861
      0.12391216
      0.12473165
      0.12546713
      0.12611873
      0.12668660
      0.12717095
      0.12757205
      0.12789020
      0.12812574
      0.12827908
      0.12835067
      0.12834098
      0.12825055
      0.12807996
      0.12782982
      0.12750081
      0.12709363
      0.12660901
      0.12604776
      0.12541070
      0.12469869
      0.12391265
      0.12305351
      0.12212226
      0.12111991
      0.12004753
      0.11890620
      0.11769704
      0.11642121
      0.11507989
      0.11367432
      0.11220573
      0.11067542
      0.10908468
      0.10743487
      0.10572734
      0.10396348
      0.10214472
      0.10027249
     0.098348257
     0.096373510
     0.094349756
     0.092278524
     0.090161361
     0.087999834
     0.085795528
     0.083550041
     0.081264991
     0.078942008
     0.076582734
     0.074188826
     0.071761951
     0.069303788
     0.066816021
     0.064300348
     0.061758470
     0.059192096
     0.056602940
     0.053992719
     0.051363156
     0.048715972
     0.046052893
     0.043375643
     0.040685946
     0.037985523
     0.035276093
     0.032559372
     0.029837069
     0.027110888
     0.024382528
     0.021653678
     0.018926019
     0.016201222
     0.013480949
     0.010766848
    0.0080605570
    0.0053636997
    0.0026778855
   4.7089582e-06
   -0.0026542514
   -0.0052974335
   -0.0079232933
    -0.010530305
    -0.013116961
    -0.015681776
    -0.018223283
    -0.020740038
    -0.023230619
    -0.025693626
    -0.028127685
    -0.030531445
    -0.032903579
    -0.035242787
    -0.037547796
    -0.039817359
    -0.042050257
    -0.044245299
    -0.046401323
    -0.048517196
    -0.050591815
    -0.052624108
    -0.054613033
    -0.056557580
    -0.058456770
    -0.060309657
    -0.062115327
    -0.063872899
    -0.065581527
    -0.067240396
    -0.068848726
    -0.070405774
    -0.071910828
    -0.073363212
    -0.074762286
    -0.076107445
    -0.077398119
    -0.078633775
    -0.079813914
    -0.080938074
    -0.082005830
    -0.083016792
    -0.083970607
    -0.084866957
    -0.085705563
    -0.086486179
    -0.087208598
    -0.087872648
    -0.088478194
    -0.089025137
    -0.089513414
    -0.089942996
    -0.090313894
    -0.090626151
    -0.090879847
    -0.091075097
    -0.091212050
    -0.091290893
    -0.091311843
    -0.091275154
    -0.091181114
    -0.091030044
    -0.090822298
    -0.090558264
    -0.090238360
    -0.089863040
    -0.089432787
    -0.088948116
    -0.088409572
    -0.087817733
    -0.087173204
    -0.086476622
    -0.085728650
    -0.084929982
    -0.084081339
    -0.083183470
    -0.082237148
    -0.081243177
    -0.080202382
    -0.079115615
    -0.077983753
    -0.076807696
    -0.075588366
    -0.074326711
    -0.073023696
    -0.071680310
    -0.070297563
    -0.068876484
    -0.067418119
    -0.065923535
    -0.064393817
    -0.062830064
    -0.061233393
    -0.059604938
    -0.057945844
    -0.056257273
    -0.054540398
    -0.052796407
    -0.051026498
    -0.049231879
    -0.047413769
    -0.045573398
    -0.043712002
    -0.041830827
    -0.039931123
    -0.038014149
    -0.036081169
    -0.034133450
    -0.032172265
    -0.030198888
    -0.028214597
    -0.026220671
    -0.024218389
    -0.022209030
    -0.020193874
    -0.018174198
    -0.016151275
    -0.014126379
    -0.012100776
    -0.010075729
   -0.0080524973
   -0.0060323311
   -0.0040164756
   -0.0020061679
  -2.6368787e-06
    0.0019928976
    0.0039792254
    0.0059551469
    0.0079194734
    0.0098710281
     0.011808647
     0.013731178
     0.015637484
     0.017526442
     0.019396944
     0.021247897
     0.023078225
     0.024886870
     0.026672788
     0.028434956
     0.030172368
     0.031884038
     0.033569000
     0.035226307
     0.036855032
     0.038454271
     0.040023140
     0.041560779
     0.043066348
     0.044539031
     0.045978037
     0.047382595
     0.048751962
     0.050085417
     0.051382265
     0.052641834
     0.053863482
     0.055046587
     0.056190558
     0.057294827
     0.058358854
     0.059382126
     0.060364157
     0.061304487
     0.062202685
     0.063058346
     0.063871093
     0.064640580
     0.065366483
     0.066048511
     0.066686400
     0.067279913
     0.067828841
     0.068333005
     0.068792254
     0.069206464
     0.069575539
     0.069899414
     0.070178049
     0.070411433
     0.070599585
     0.070742549
     0.070840397
     0.070893231
     0.070901178
     0.070864394
     0.070783061
     0.070657388
     0.070487611
     0.070273992
     0.070016819
     0.069716407
     0.069373096
     0.068987251
     0.068559263
     0.068089545
     0.067578539
     0.067026706
     0.066434533
     0.065802532
     0.065131236
     0.064421198
     0.063672999
     0.062887235
     0.062064529
     0.061205521
     0.060310872
     0.059381264
     0.058417397
     0.057419991
     0.056389782
     0.055327528
     0.054234000
     0.053109987
     0.051956297
     0.050773749
     0.049563180
     0.048325442
     0.047061400
     0.045771931
     0.044457927
     0.043120291
     0.041759939
     0.040377797
     0.038974800
     0.037551897
     0.036110041
     0.034650197
     0.033173337
     0.031680442
     0.030172496
     0.028650492
     0.027115429
     0.025568308
     0.024010137
     0.022441926
     0.020864688
     0.019279438
     0.017687195
     0.016088977
     0.014485801
     0.012878688
     0.011268655
    0.0096567173
    0.0080438901
    0.0064311847
    0.0048196093
    0.0032101682
    0.0016038613
   1.6831364e-06
   -0.0015953773
   -0.0031863373
   -0.0047702211
   -0.0063460606
   -0.0079128954
   -0.0094697739
    -0.011015754
    -0.012549902
    -0.014071296
    -0.015579025
    -0.017072188
    -0.018549897
    -0.020011275
    -0.021455459
    -0.022881599
    -0.024288860
    -0.025676419
    -0.027043470
    -0.028389220
    -0.029712894
    -0.031013732
    -0.032290990
    -0.033543941
    -0.034771877
    -0.035974105
    -0.037149953
    -0.038298764
    -0.039419904
    -0.040512755
    -0.041576720
    -0.042611219
    -0.043615697
    -0.044589614
    -0.045532454
    -0.046443722
    -0.047322941
    -0.048169660
    -0.048983444
    -0.049763886
    -0.050510595
    -0.051223206
    -0.051901375
    -0.052544780
    -0.053153124
    -0.053726128
    -0.054263541
    -0.054765131
    -0.055230690
    -0.055660035
    -0.056053004
    -0.056409458
    -0.056729283
    -0.057012385
    -0.057258696
    -0.057468169
    -0.057640783
    -0.057776536
    -0.057875453
    -0.057937578
    -0.057962980
    -0.057951751
    -0.057904005
    -0.057819876
    -0.057699525
    -0.057543131
    -0.057350896
    -0.057123045
    -0.056859824
    -0.056561499
    -0.056228359
    -0.055860711
    -0.055458886
    -0.055023234
    -0.054554124
    -0.054051946
    -0.053517108
    -0.052950040
    -0.052351189
    -0.051721019
    -0.051060016
    -0.050368680
    -0.049647530
    -0.048897104
    -0.048117953
    -0.047310647
    -0.046475772
    -0.045613929
    -0.044725732
    -0.043811813
    -0.042872816
    -0.041909401
    -0.040922240
    -0.039912016
    -0.038879428
    -0.037825186
    -0.036750010
    -0.035654632
    -0.034539795
    -0.033406252
    -0.032254765
    -0.031086105
    -0.029901052
    -0.028700395
    -0.027484929
    -0.026255457
    -0.025012787
    -0.023757736
    -0.022491124
    -0.021213776
    -0.019926524
    -0.018630200
    -0.017325643
    -0.016013693
    -0.014695193
    -0.013370987
    -0.012041920
    -0.010708841
   -0.0093725953
   -0.0080340295
   -0.0066939896
   -0.0053533198
   -0.0040128628
   -0.0026734587
   -0.0013359448
  -1.1548498e-06
    0.0013300811
    0.0026569375
    0.0039785938
    0.0052942347
    0.0066030509
    0.0079042395
    0.0091970044
     0.010480557
     0.011754116
     0.013016910
     0.014268173
     0.015507153
     0.016733102
     0.017945288
     0.019142984
     0.020325478
     0.021492067
     0.022642060
     0.023774781
     0.024889562
     0.025985750
     0.027062707
     0.028119807
     0.029156436
     0.030171998
     0.031165910
     0.032137604
     0.033086527
     0.034012143
     0.034913930
     0.035791383
     0.036644015
     0.037471353
     0.038272942
     0.039048347
     0.039797146
     0.040518937
     0.041213335
     0.041879976
     0.042518510
     0.043128607
     0.043709958
     0.044262268
     0.044785266
     0.045278696
     0.045742323
     0.046175932
     0.046579324
     0.046952322
     0.047294770
     0.047606526
     0.047887474
     0.048137513
     0.048356563
     0.048544563
     0.048701473
     0.048827271
     0.048921956
     0.048985545
     0.049018074
     0.049019601
     0.048990200
     0.048929966
     0.048839012
     0.048717472
     0.048565497
     0.048383256
     0.048170938
     0.047928749
     0.047656916
     0.047355680
     0.047025303
     0.046666062
     0.046278254
     0.045862190
     0.045418202
     0.044946635
     0.044447852
     0.043922232
     0.043370170
     0.042792075
     0.042188375
     0.041559508
     0.040905932
     0.040228114
     0.039526540
     0.038801706
     0.038054123
     0.037284315
     0.036492818
     0.035680182
     0.034846965
     0.033993742
     0.033121095
     0.032229618
     0.031319915
     0.030392602
     0.029448302
     0.028487648
     0.027511282
     0.026519854
     0.025514023
     0.024494453
     0.023461819
     0.022416798
     0.021360076
     0.020292345
     0.019214300
     0.018126644
     0.017030081
     0.015925321
     0.014813077
     0.013694065
     0.012569005
     0.011438616
     0.010303621
    0.0091647432
    0.0080227080
    0.0068782398
    0.0057320630
    0.0045849018
    0.0034374790
    0.0022905163
    0.0011447331
   8.4666332e-07
   -0.0011404287
   -0.0022783819
   -0.0034123055
   -0.0045414962
   -0.0056652553
   -0.0067828890
   -0.0078937091
   -0.0089970330
    -0.010092184
    -0.011178493
    -0.012255298
    -0.013321942
    -0.014377779
    -0.015422170
    -0.016454484
    -0.017474099
    -0.018480403
    -0.019472794
    -0.020450679
    -0.021413476
    -0.022360614
    -0.023291532
    -0.024205682
    -0.025102527
    -0.025981541
    -0.026842211
    -0.027684038
    -0.028506533
    -0.029309224
    -0.030091648
    -0.030853360
    -0.031593926
    -0.032312927
    -0.033009959
    -0.033684633
    -0.034336572
    -0.034965418
    -0.035570826
    -0.036152466
    -0.036710025
    -0.037243205
    -0.037751724
    -0.038235317
    -0.038693733
    -0.039126739
    -0.039534118
    -0.039915670
    -0.040271212
    -0.040600574
    -0.040903609
    -0.041180180
    -0.041430173
    -0.041653488
    -0.041850040
    -0.042019765
    -0.042162613
    -0.042278552
    -0.042367567
    -0.042429660
    -0.042464849
    -0.042473170
    -0.042454675
    -0.042409433
    -0.042337528
    -0.042239064
    -0.042114158
    -0.041962946
    -0.041785577
    -0.041582220
    -0.041353056
    -0.041098285
    -0.040818121
    -0.040512794
    -0.040182548
    -0.039827644
    -0.039448357
    -0.039044976
    -0.038617806
    -0.038167166
    -0.037693387
    -0.037196816
    -0.036677813
    -0.036136751
    -0.035574017
    -0.034990009
    -0.034385139
    -0.033759831
    -0.033114520
    -0.032449654
    -0.031765691
    -0.031063101
    -0.030342364
    -0.029603972
    -0.028848424
    -0.028076231
    -0.027287914
    -0.026484000
    -0.025665029
    -0.024831545
    -0.023984103
    -0.023123264
    -0.022249597
    -0.021363677
    -0.020466088
    -0.019557417
    -0.018638258
    -0.017709210
    -0.016770879
    -0.015823873
    -0.014868805
    -0.013906292
    -0.012936955
    -0.011961418
    -0.010980306
   -0.0099942470
   -0.0090038721
   -0.0080098127
   -0.0070127014
   -0.0060131714
   -0.0050118563
   -0.0040093894
   -0.0030064036
   -0.0020035309
   -0.0010014016
  -6.4479876e-07
   0.00099811293
    0.0019942473
    0.0029871370
    0.0039761640
    0.0049607138
    0.0059401761
    0.0069139448
    0.0078814188
    0.0088420020
    0.0097951037
     0.010740139
     0.011676530
     0.012603704
     0.013521097
     0.014428150
     0.015324313
     0.016209045
     0.017081810
     0.017942083
     0.018789349
     0.019623098
     0.020442834
     0.021248067
     0.022038320
     0.022813125
     0.023572024
     0.024314571
     0.025040331
     0.025748879
     0.026439804
     0.027112705
     0.027767194
     0.028402893
     0.029019441
     0.029616486
     0.030193689
     0.030750727
     0.031287287
     0.031803072
     0.032297797
     0.032771191
     0.033222997
     0.033652972
     0.034060888
     0.034446531
     0.034809699
     0.035150209
     0.035467887
     0.035762580
     0.036034144
     0.036282453
     0.036507395
     0.036708872
     0.036886804
     0.037041121
     0.037171772
     0.037278720
     0.037361942
     0.037421430
     0.037457193
     0.037469251
     0.037457642
     0.037422419
     0.037363647
     0.037281407
     0.037175797
     0.037046925
     0.036894917
     0.036719912
     0.036522062
     0.036301535
     0.036058512
     0.035793187
     0.035505771
     0.035196483
     0.034865560
     0.034513251
     0.034139815
     0.033745529
     0.033330678
     0.032895562
     0.032440491
     0.031965790
     0.031471793
     0.030958846
     0.030427308
     0.029877547
     0.029309942
     0.028724884
     0.028122773
     0.027504020
     0.026869043
     0.026218272
     0.025552146
     0.024871113
     0.024175627
     0.023466153
     0.022743164
     0.022007138
     0.021258563
     0.020497932
     0.019725747
     0.018942514
     0.018148746
     0.017344962
     0.016531686
     0.015709447
     0.014878778
     0.014040219
     0.013194310
     0.012341598
     0.011482631
     0.010617961
    0.0097481435
    0.0088737344
    0.0079952925
    0.0071133780
    0.0062285522
    0.0053413773
    0.0044524159
    0.0035622308
    0.0026713845
    0.0017804389
   0.00088995509
   4.9273463e-07
  -0.00088739007
   -0.0017731372
   -0.0026561949
   -0.0035360121
   -0.0044120407
   -0.0052837358
   -0.0061505564
   -0.0070119656
   -0.0078674305
   -0.0087164230
   -0.0095584203
    -0.010392904
    -0.011219363
    -0.012037291
    -0.012846187
    -0.013645559
    -0.014434919
    -0.015213789
    -0.015981696
    -0.016738176
    -0.017482773
    -0.018215039
    -0.018934534
    -0.019640828
    -0.020333498
    -0.021012133
    -0.021676329
    -0.022325695
    -0.022959845
    -0.023578408
    -0.024181021
    -0.024767332
    -0.025337001
    -0.025889697
    -0.026425101
    -0.026942907
    -0.027442819
    -0.027924552
    -0.028387836
    -0.028832408
    -0.029258023
    -0.029664444
    -0.030051448
    -0.030418826
    -0.030766378
    -0.031093921
    -0.031401282
    -0.031688302
    -0.031954836
    -0.032200749
    -0.032425923
    -0.032630250
    -0.032813639
    -0.032976007
    -0.033117290
    -0.033237434
    -0.033336399
    -0.033414158
    -0.033470699
    -0.033506021
    -0.033520138
    -0.033513078
    -0.033484879
    -0.033435596
    -0.033365295
    -0.033274055
    -0.033161969
    -0.033029143
    -0.032875695
    -0.032701756
    -0.032507470
    -0.032292994
    -0.032058496
    -0.031804156
    -0.031530170
    -0.031236741
    -0.030924086
    -0.030592436
    -0.030242029
    -0.029873119
    -0.029485967
    -0.029080849
    -0.028658048
    -0.028217861
    -0.027760592
    -0.027286560
    -0.026796089
    -0.026289515
    -0.025767185
    -0.025229453
    -0.024676683
    -0.024109248
    -0.023527529
    -0.022931916
    -0.022322807
    -0.021700608
    -0.021065732
    -0.020418599
    -0.019759638
    -0.019089282
    -0.018407972
    -0.017716155
    -0.017014285
    -0.016302818
    -0.015582220
    -0.014852958
    -0.014115506
    -0.013370342
    -0.012617948
    -0.011858808
    -0.011093413
    -0.010322254
   -0.0095458268
   -0.0087646281
   -0.0079791580
   -0.0071899179
   -0.0063974112
   -0.0056021421
   -0.0048046159
   -0.0040053387
   -0.0032048166
   -0.0024035558
   -0.0016020621
  -0.00080084078
  -3.9598289e-07
   0.00079876938
    0.0015961540
    0.0023912585
    0.0031835857
    0.0039726410
    0.0047579327
    0.0055389721
    0.0063152740
    0.0070863569
    0.0078517437
    0.0086109610
    0.0093635406
     0.010109019
     0.010846938
     0.011576844
     0.012298291
     0.013010837
     0.013714048
     0.014407495
     0.015090758
     0.015763421
     0.016425078
     0.017075329
     0.017713782
     0.018340054
     0.018953770
     0.019554563
     0.020142073
     0.020715953
     0.021275862
     0.021821468
     0.022352452
     0.022868500
     0.023369312
     0.023854595
     0.024324067
     0.024777459
     0.025214509
     0.025634967
     0.026038594
     0.026425162
     0.026794454
     0.027146263
     0.027480396
     0.027796669
     0.028094911
     0.028374961
     0.028636671
     0.028879905
     0.029104537
     0.029310455
     0.029497557
     0.029665756
     0.029814973
     0.029945145
     0.030056217
     0.030148150
     0.030220914
     0.030274494
     0.030308885
     0.030324094
     0.030320141
     0.030297058
     0.030254888
     0.030193687
     0.030113523
     0.030014474
     0.029896633
     0.029760101
     0.029604993
     0.029431434
     0.029239563
     0.029029528
     0.028801488
     0.028555614
     0.028292089
     0.028011104
     0.027712863
     0.027397580
     0.027065480
     0.026716796
     0.026351773
     0.025970666
     0.025573740
     0.025161267
     0.024733531
     0.024290824
     0.023833448
     0.023361712
     0.022875936
     0.022376447
     0.021863578
     0.021337675
     0.020799086
     0.020248171
     0.019685295
     0.019110830
     0.018525156
     0.017928658
     0.017321728
     0.016704763
     0.016078168
     0.015442352
     0.014797728
     0.014144715
     0.013483739
     0.012815226
     0.012139610
     0.011457325
     0.010768813
     0.010074516
    0.0093748791
    0.0086703523
    0.0079613861
    0.0072484338
    0.0065319504
    0.0058123926
    0.0050902182
    0.0043658861
    0.0036398558
    0.0029125874
    0.0021845408
    0.0014561759
   0.00072795217
   3.2820028e-07
  -0.00072623838
   -0.0014512913
   -0.0021743759
   -0.0028950394
   -0.0036128311
   -0.0043273031
   -0.0050380099
   -0.0057445091
   -0.0064463615
   -0.0071431318
   -0.0078343881
   -0.0085197028
   -0.0091986527
   -0.0098708191
    -0.010535788
    -0.011193151
    -0.011842505
    -0.012483452
    -0.013115600
    -0.013738564
    -0.014351964
    -0.014955427
    -0.015548588
    -0.016131086
    -0.016702571
    -0.017262698
    -0.017811131
    -0.018347539
    -0.018871603
    -0.019383010
    -0.019881455
    -0.020366644
    -0.020838288
    -0.021296110
    -0.021739841
    -0.022169221
    -0.022584001
    -0.022983939
    -0.023368804
    -0.023738376
    -0.024092443
    -0.024430803
    -0.024753266
    -0.025059651
    -0.025349787
    -0.025623514
    -0.025880684
    -0.026121157
    -0.026344805
    -0.026551511
    -0.026741168
    -0.026913681
    -0.027068965
    -0.027206946
    -0.027327561
    -0.027430760
    -0.027516500
    -0.027584753
    -0.027635500
    -0.027668733
    -0.027684456
    -0.027682683
    -0.027663440
    -0.027626763
    -0.027572699
    -0.027501306
    -0.027412655
    -0.027306823
    -0.027183903
    -0.027043995
    -0.026887210
    -0.026713672
    -0.026523511
    -0.026316872
    -0.026093908
    -0.025854780
    -0.025599662
    -0.025328738
    -0.025042199
    -0.024740247
    -0.024423095
    -0.024090962
    -0.023744079
    -0.023382685
    -0.023007027
    -0.022617361
    -0.022213952
    -0.021797074
    -0.021367007
    -0.020924040
    -0.020468471
    -0.020000603
    -0.019520748
    -0.019029226
    -0.018526361
    -0.018012486
    -0.017487940
    -0.016953068
    -0.016408221
    -0.015853756
    -0.015290035
    -0.014717427
    -0.014136304
    -0.013547045
    -0.012950030
    -0.012345648
    -0.011734289
    -0.011116348
    -0.010492223
   -0.0098623162
   -0.0092270320
   -0.0085867781
   -0.0079419648
   -0.0072930047
   -0.0066403123
   -0.0059843041
   -0.0053253979
   -0.0046640131
   -0.0040005697
   -0.0033354887
   -0.0026691915
   -0.0020020997
   -0.0013346348
  -0.00066721800
  -0.00022233633
  -0.00022233634
