  -0.00031744421
  -0.00078059011
  -0.00082094347
  -0.00041605081
   0.00021505945
   0.00073036022
   0.00085018458
   0.00050900716
  -0.00010872654
  -0.00066831272
  -0.00086613915
  -0.00059441365
   1.0383349e-07
   0.00059536526
   0.00086848573
   0.00067088332
   0.00010910849
  -0.00051260775
  -0.00085711007
  -0.00073715631
  -0.00021718501
   0.00042129760
   0.00083212066
   0.00079213363
   0.00032241589
  -0.00032282644
  -0.00079383290
  -0.00083487896
  -0.00042311599
   0.00021871863
   0.00074278685
   0.00086465727
   0.00051767550
  -0.00011058384
  -0.00067971663
  -0.00088092624
  -0.00060456740
   1.0674893e-07
   0.00060555025
   0.00088335158
   0.00068237324
   0.00011097632
  -0.00052140225
  -0.00087182249
  -0.00074981715
  -0.00022091684
   0.00042854405
   0.00084644095
   0.00080577272
   0.00032796711
  -0.00032839994
  -0.00080753765
  -0.00084929940
  -0.00043042746
   0.00022250376
   0.00075564412
   0.00087963241
   0.00052664558
  -0.00011250450
  -0.00069151564
  -0.00089622643
  -0.00061507356
   1.1048711e-07
   0.00061609072
   0.00089873632
   0.00069426458
   0.00011290984
  -0.00053050363
  -0.00088704893
  -0.00076292039
  -0.00022477814
   0.00043604667
   0.00086126704
   0.00081989552
   0.00033371944
  -0.00033416286
  -0.00082171865
  -0.00086422324
  -0.00043799434
   0.00022642269
   0.00076895445
   0.00089513606
   0.00053593378
  -0.00011449015
  -0.00070372798
  -0.00091206412
  -0.00062594894
   1.1536017e-07
   0.00062700413
   0.00091466498
   0.00070657600
   0.00011491060
  -0.00053992905
  -0.00090281684
  -0.00077648995
  -0.00022877778
   0.00044381447
   0.00087661828
   0.00083451783
   0.00033967262
  -0.00034013557
  -0.00083640946
  -0.00087968273
  -0.00044583327
   0.00023048066
   0.00078273968
   0.00091119229
   0.00054555066
  -0.00011655233
  -0.00071638403
  -0.00092847488
  -0.00063721733
   1.2056875e-07
   0.00063831212
   0.00093116952
   0.00071933253
   0.00011698348
  -0.00054969582
  -0.00091915549
  -0.00079055001
  -0.00023292016
   0.00045186720
   0.00089253009
   0.00084967388
   0.00034584340
  -0.00034632588
  -0.00085163633
  -0.00089570658
  -0.00045395793
   0.00023468869
   0.00079703224
   0.00092784059
   0.00055552482
  -0.00011868532
  -0.00072950068
  -0.00094548611
  -0.00064889943
   1.2514548e-07
   0.00065003530
   0.00094828196
   0.00073256099
   0.00011913624
  -0.00055981889
  -0.00093609399
  -0.00080512782
  -0.00023721592
   0.00046021626
   0.00090902920
   0.00086539065
   0.00035224379
  -0.00035274361
  -0.00086742589
  -0.00091232410
  -0.00046238501
   0.00023905062
   0.00081185257
   0.00094510430
   0.00056586680
  -0.00012090032
  -0.00074310780
  -0.00096313263
  -0.00066101796
   1.2944332e-07
   0.00066219584
   0.00096603310
   0.00074628272
   0.00012136748
  -0.00057032352
  -0.00095366964
  -0.00082025412
  -0.00024167378
   0.00046887884
   0.00092614884
   0.00088169898
   0.00035888524
  -0.00035940310
  -0.00088381043
  -0.00092956750
  -0.00047112823
   0.00024358015
   0.00082723619
   0.00096302355
   0.00057660156
  -0.00012319918
  -0.00075723136
  -0.00098144889
  -0.00067359569
   1.3618826e-07
   0.00067482179
   0.00098446231
   0.00076052800
   0.00012368262
  -0.00058123170
  -0.00097191963
  -0.00083596086
  -0.00024630293
   0.00047787370
   0.00094392562
   0.00089863325
   0.00036578063
  -0.00036632106
  -0.00090082868
  -0.00094747839
  -0.00048021146
   0.00024828208
   0.00084321206
   0.00098163391
   0.00058775029
  -0.00012558814
  -0.00077190302
   -0.0010004760
  -0.00068666180
   1.4310879e-07
   0.00068793847
    0.0010036083
   0.00077532762
   0.00012608770
  -0.00059256524
  -0.00099088133
  -0.00085227991
  -0.00025111125
   0.00048722269
   0.00096240083
   0.00091623346
   0.00037294868
  -0.00037350835
  -0.00091851313
  -0.00096609083
  -0.00048964909
   0.00025317249
   0.00085982103
    0.0010009817
   0.00059934202
  -0.00012806944
  -0.00078715389
   -0.0010202564
  -0.00070024691
   1.4811047e-07
   0.00070157328
    0.0010235129
   0.00079071489
   0.00012858915
  -0.00060434855
   -0.0010105973
  -0.00086924968
  -0.00025611329
   0.00049694144
   0.00098160983
   0.00093453306
   0.00038039995
  -0.00038098611
  -0.00093690826
  -0.00098545164
  -0.00049946793
   0.00025825622
   0.00087709410
    0.0010211045
   0.00061139811
  -0.00013065147
  -0.00080301883
   -0.0010408328
  -0.00071437801
   1.5565421e-07
   0.00071576104
    0.0010442236
   0.00080672511
   0.00013119134
  -0.00061661029
   -0.0010311134
  -0.00088690776
  -0.00026131676
   0.00050705803
    0.0010016033
   0.00095358015
   0.00038815608
  -0.00038876872
  -0.00095605459
   -0.0010056033
  -0.00050968714
   0.00026355011
   0.00089507715
    0.0010420541
   0.00062394926
  -0.00013334099
  -0.00081953885
   -0.0010622595
  -0.00072909436
   1.6109926e-07
   0.00073053283
    0.0010657891
   0.00082339712
   0.00013390131
  -0.00062937981
   -0.0010524802
  -0.00090529892
  -0.00026673698
   0.00051759442
    0.0010224282
   0.00097342059
   0.00039623654
  -0.00039687413
  -0.00097599812
   -0.0010265952
  -0.00052033266
   0.00026906574
   0.00091381314
    0.0010638817
   0.00063702768
  -0.00013614155
  -0.00083675008
   -0.0010845837
  -0.00074442666
   1.6954202e-07
   0.00074592913
    0.0010882654
   0.00084077321
   0.00013672553
  -0.00064268979
   -0.0010747517
  -0.00092446960
  -0.00027238760
   0.00052857699
    0.0010441362
   0.00099410262
   0.00040465881
  -0.00040532654
  -0.00099679309
   -0.0010484835
  -0.00053143339
   0.00027481638
   0.00093334950
    0.0010866423
   0.00065066441
  -0.00013906482
  -0.00085470312
   -0.0011078703
  -0.00076042175
   1.7494835e-07
   0.00076198578
    0.0011117088
   0.00085889870
   0.00013967283
  -0.00065657284
   -0.0010979841
  -0.00094446793
  -0.00027828145
   0.00054003677
    0.0010667869
    0.0010156840
   0.00041344891
  -0.00041414433
   -0.0010184909
   -0.0010713234
  -0.00054301674
   0.00028081866
   0.00095373940
    0.0011103983
   0.00066489896
  -0.00014211347
  -0.00087343873
   -0.0011321729
  -0.00077711304
   1.8593782e-07
   0.00077875213
    0.0011361852
   0.00087782142
   0.00014274716
  -0.00067107193
   -0.0011222452
  -0.00096535133
  -0.00028443545
   0.00055200555
    0.0010904430
    0.0010382228
   0.00042262753
  -0.00042335717
   -0.0010411575
   -0.0010951830
  -0.00055511754
   0.00028708887
   0.00097504036
    0.0011352158
   0.00067976842
  -0.00014530260
  -0.00089301957
   -0.0011575715
  -0.00079455862
   1.9481579e-07
   0.00079627280
    0.0011617662
   0.00089760088
   0.00014596433
  -0.00068622238
   -0.0011476009
  -0.00098717914
  -0.00029086887
   0.00056451572
    0.0011151715
    0.0010617853
   0.00043222460
  -0.00043298726
   -0.0010648544
   -0.0011201289
  -0.00056777022
   0.00029364492
   0.00099731455
    0.0011611694
   0.00069532102
  -0.00014863408
  -0.00091349413
   -0.0011841324
  -0.00081280394
   2.0348008e-07
   0.00081459704
    0.0011885214
   0.00091828783
   0.00014932625
  -0.00070207497
   -0.0011741298
   -0.0010100170
  -0.00029760011
   0.00057760549
    0.0011410464
    0.0010864404
   0.00044226597
  -0.00044306667
   -0.0010896550
   -0.0011462367
  -0.00058101155
   0.00030050877
    0.0010206306
    0.0011883365
   0.00071159984
  -0.00015212467
  -0.00093493211
   -0.0012119423
  -0.00083190675
   2.1449034e-07
   0.00083378736
    0.0012165411
   0.00093995339
   0.00015284810
  -0.00071867720
   -0.0012019152
   -0.0010339378
  -0.00030465109
   0.00059131673
    0.0011681514
    0.0011122690
   0.00045278621
  -0.00045362610
   -0.0011156391
   -0.0011735923
  -0.00059488737
   0.00030769944
    0.0010450624
    0.0012168063
   0.00072866158
  -0.00015577999
  -0.00095739759
   -0.0012410882
  -0.00085192927
   2.2429166e-07
   0.00085390032
    0.0012459102
   0.00096266301
   0.00015653858
  -0.00073608345
   -0.0012310458
   -0.0010590168
  -0.00031204202
   0.00060569645
    0.0011965764
    0.0011393563
   0.00046381979
  -0.00046469994
   -0.0011428908
   -0.0012022829
  -0.00060943967
   0.00031524447
    0.0010706932
    0.0012466728
   0.00074655943
  -0.00015961799
  -0.00098097165
   -0.0012716718
  -0.00087293913
   2.3652634e-07
   0.00087501030
    0.0012767353
   0.00098649946
   0.00016041280
  -0.00075435409
   -0.0012616252
   -0.0010853452
  -0.00031980326
   0.00062079039
    0.0012264172
    0.0011677942
   0.00047540346
  -0.00047632886
   -0.0011715082
   -0.0012324128
  -0.00062472338
   0.00032316703
    0.0010976110
    0.0012780409
   0.00076535774
  -0.00016365020
   -0.0010057358
   -0.0013038004
  -0.00089501121
   2.4952191e-07
   0.00089718968
    0.0013091230
    0.0010115448
   0.00016448253
  -0.00077355513
   -0.0012937617
   -0.0011130141
  -0.00032795784
   0.00063665850
    0.0012577865
    0.0011976891
   0.00048758033
  -0.00048855586
   -0.0012015969
   -0.0012640928
  -0.00064079359
   0.00033149891
    0.0011259188
    0.0013110302
   0.00078512883
  -0.00016789048
   -0.0010317825
   -0.0013375948
  -0.00091822869
   2.6392320e-07
   0.00092052402
    0.0013431990
    0.0010378978
   0.00016876671
  -0.00079375735
   -0.0013275775
   -0.0011421311
  -0.00033654036
   0.00065335770
    0.0012908015
    0.0012291543
   0.00050039745
  -0.00050142676
   -0.0012332716
   -0.0012974444
  -0.00065771275
   0.00034027125
    0.0011557250
    0.0013457677
   0.00080594884
  -0.00017235582
   -0.0010592139
   -0.0013731882
  -0.00094268418
   2.7728983e-07
   0.00094510180
    0.0013790936
    0.0010656586
   0.00017327913
  -0.00081504294
   -0.0013632077
   -0.0011728115
  -0.00034558355
   0.00067095640
    0.0013255957
    0.0012623162
   0.00051390561
  -0.00051499460
   -0.0012666612
   -0.0013326028
  -0.00067554865
   0.00034952109
    0.0011871522
    0.0013823954
   0.00082790229
  -0.00017706556
   -0.0010881430
   -0.0014107255
  -0.00096847453
   2.9585657e-07
   0.00097103187
    0.0014169621
    0.0010949459
   0.00017803818
  -0.00083750441
   -0.0014008065
   -0.0012051887
  -0.00035512777
   0.00068952955
    0.0013623193
    0.0012973198
   0.00052816603
  -0.00052931512
   -0.0013019083
   -0.0013697200
  -0.00069437995
   0.00035928661
    0.0012203354
    0.0014210724
   0.00085108524
  -0.00018203994
   -0.0011186974
   -0.0014503743
  -0.00099571838
   3.1277347e-07
   0.00099842156
    0.0014569662
    0.0011258873
   0.00018306632
  -0.00086123730
   -0.0014405357
   -0.0012394018
  -0.00036521269
   0.00070916032
    0.0014011343
    0.0013343174
   0.00054323744
  -0.00054445758
   -0.0013391749
   -0.0014089647
  -0.00071429057
   0.00036961495
    0.0012554286
    0.0014619771
   0.00087560447
  -0.00018730220
   -0.0011510181
   -0.0014923173
   -0.0010245402
   3.3099619e-07
    0.0010274017
    0.0014992956
    0.0011586289
   0.00018838682
  -0.00088635520
   -0.0014825857
   -0.0012756160
  -0.00037588857
   0.00072994108
    0.0014422267
    0.0013734893
   0.00055919713
  -0.00056048895
   -0.0013786356
   -0.0014505236
  -0.00073537724
   0.00038055294
    0.0012925976
    0.0015053043
   0.00090157698
  -0.00019287800
   -0.0011852611
   -0.0015367570
   -0.0010550786
   3.5217207e-07
    0.0010581153
    0.0015441586
    0.0011933324
   0.00019402675
  -0.00091298076
   -0.0015271626
   -0.0013140083
  -0.00038720612
   0.00075197664
    0.0014858010
    0.0014150283
   0.00057612002
  -0.00057749568
   -0.0014204940
   -0.0014946086
  -0.00075774508
   0.00039216100
    0.0013320382
    0.0015512812
   0.00092913967
  -0.00019879488
   -0.0012216041
   -0.0015839253
   -0.0010874943
   3.7484176e-07
    0.0010907217
    0.0015917898
    0.0012301796
   0.00020001551
  -0.00094125489
   -0.0015745027
   -0.0013547828
  -0.00039922567
   0.00077538504
    0.0015320917
    0.0014591598
   0.00059410057
  -0.00059556574
   -0.0014649734
   -0.0015414575
  -0.00078151705
   0.00040449849
    0.0013739604
    0.0016001544
   0.00095844054
  -0.00020508603
   -0.0012602457
   -0.0016340800
   -0.0011219643
   4.0000200e-07
    0.0011254013
    0.0016424518
    0.0012693728
   0.00020638303
  -0.00097133933
   -0.0016248747
   -0.0013981714
  -0.00041201680
   0.00080029735
    0.0015813604
    0.0015061341
   0.00061324120
  -0.00061480211
   -0.0015123283
   -0.0015913397
  -0.00080683126
   0.00041763437
    0.0014186038
    0.0016522043
   0.00098964733
  -0.00021178987
   -0.0013014126
   -0.0016875150
   -0.0011586907
   4.2830632e-07
    0.0011623595
    0.0016964460
    0.0013111475
   0.00021317146
   -0.0010034082
   -0.0016785745
   -0.0014444302
  -0.00042565510
   0.00082686203
    0.0016339007
    0.0015562307
   0.00063365395
  -0.00063532374
   -0.0015628466
   -0.0016445562
  -0.00083383706
   0.00043165586
    0.0014662494
    0.0017077572
    0.0010229564
  -0.00021894628
   -0.0013453602
   -0.0017445640
   -0.0011979043
   4.5831200e-07
    0.0012018266
    0.0017541102
    0.0013557647
   0.00022042132
   -0.0010376670
   -0.0017359444
   -0.0014938533
  -0.00044022490
   0.00085525399
    0.0016900559
    0.0016097783
   0.00065547541
  -0.00065726097
   -0.0016168564
   -0.0017014565
  -0.00086271558
   0.00044664900
    0.0015172046
    0.0017671746
    0.0010585857
  -0.00022660253
   -0.0013923786
   -0.0018056042
   -0.0012398646
   4.9142025e-07
    0.0012440672
    0.0018158313
    0.0014035242
   0.00022818037
   -0.0010743491
   -0.0017973764
   -0.0015467806
  -0.00045583036
   0.00088566155
    0.0017502047
    0.0016671385
   0.00067885056
  -0.00068076905
   -0.0016747333
   -0.0017624346
  -0.00089366489
   0.00046272256
    0.0015718300
    0.0018308759
    0.0010967861
  -0.00023481426
   -0.0014428031
   -0.0018710709
   -0.0012848707
   5.2924882e-07
    0.0012893869
    0.0018820562
    0.0014547734
   0.00023650755
   -0.0011137178
   -0.0018633139
   -0.0016035942
  -0.00047258092
   0.00091831285
    0.0018147942
    0.0017287384
   0.00070395468
  -0.00070602165
   -0.0017369085
   -0.0018279470
  -0.00092691807
   0.00047999605
    0.0016305361
    0.0018993424
    0.0011378478
  -0.00024364269
   -0.0014970165
   -0.0019414635
   -0.0013332675
   5.7133088e-07
    0.0013381332
    0.0019532946
    0.0015099071
   0.00024546524
   -0.0011560825
   -0.0019342750
   -0.0016647425
  -0.00049061162
   0.00095346210
    0.0018843329
    0.0017950654
   0.00073098802
  -0.00073321807
   -0.0018038764
   -0.0018985163
  -0.00096274086
   0.00049860923
    0.0016937972
    0.0019731279
    0.0011821032
  -0.00025316114
   -0.0015554633
   -0.0020173600
   -0.0013854537
   6.1685281e-07
    0.0013907078
    0.0020301354
    0.0015693819
   0.00025512632
   -0.0012017983
   -0.0020108546
   -0.0017307377
  -0.00051007076
   0.00099141120
    0.0019594145
    0.0018666857
   0.00076018041
  -0.00076259449
   -0.0018762165
   -0.0019747543
   -0.0010014446
   0.00051872379
    0.0017621651
    0.0020528778
    0.0012299401
  -0.00026345405
   -0.0016186599
   -0.0020994322
   -0.0014418914
   6.6932883e-07
    0.0014475848
    0.0021132723
    0.0016337372
   0.00026558154
   -0.0012512771
   -0.0020937477
   -0.0018021823
  -0.00053113915
    0.0010325043
    0.0020407261
    0.0019442576
   0.00079180120
  -0.00079442285
   -0.0019546009
   -0.0020573716
   -0.0010433916
   0.00054052784
    0.0018362823
    0.0021393443
    0.0012818112
  -0.00027461932
   -0.0016872084
   -0.0021884646
   -0.0015031219
   7.2817704e-07
    0.0015093108
    0.0022035067
    0.0017035935
   0.00027692819
   -0.0013050060
   -0.0021837683
   -0.0018797778
  -0.00055402064
    0.0010771535
    0.0021290799
    0.0020285569
   0.00082616671
  -0.00082902416
   -0.0020398204
   -0.0021472031
   -0.0010890049
   0.00056424732
    0.0019169102
    0.0022334164
    0.0013382507
  -0.00028677330
   -0.0017618207
   -0.0022853839
   -0.0015697840
   7.9542108e-07
    0.0015765367
    0.0023017924
    0.0017796924
   0.00028928876
   -0.0013635559
   -0.0022818784
   -0.0019643570
  -0.00057896337
    0.0011258385
    0.0022254313
    0.0021204993
   0.00086365270
  -0.00086677484
   -0.0021328081
   -0.0022452367
   -0.0011387883
   0.00059014408
    0.0020049439
    0.0023361429
    0.0013998904
  -0.00030005145
   -0.0018433359
   -0.0023912841
   -0.0016426322
   8.7319597e-07
    0.0016500312
    0.0024092564
    0.0018629089
   0.00030280527
   -0.0014276058
   -0.0023892189
   -0.0020569071
  -0.00060625975
    0.0011791305
    0.0023309143
    0.0022211694
   0.00090470019
  -0.00090812924
   -0.0022346804
   -0.0023526518
   -0.0011933432
   0.00061853069
    0.0021014514
    0.0024487744
    0.0014674828
  -0.00031461798
   -0.0019327590
   -0.0025074752
   -0.0017225714
   9.6090081e-07
    0.0017307104
    0.0025272434
    0.0019542871
   0.00031764577
   -0.0014979689
   -0.0025071548
   -0.0021586070
  -0.00063625511
    0.0012377199
    0.0024468954
    0.0023318750
   0.00094984450
  -0.00095362667
   -0.0023467711
   -0.0024708594
   -0.0012533865
   0.00064978693
    0.0022077191
    0.0025728151
    0.0015419315
  -0.00033067301
   -0.0020313017
   -0.0026355340
   -0.0018106876
   1.0648278e-06
    0.0018196872
    0.0026573831
    0.0020550924
   0.00033401485
   -0.0015756295
   -0.0026373403
   -0.0022708881
  -0.00066937375
    0.0013024362
    0.0025750229
    0.0024541948
   0.00099973041
   -0.0010039240
   -0.0024707010
   -0.0026015736
   -0.0013197908
   0.00068437261
    0.0023253098
    0.0027100950
    0.0016243392
  -0.00034845492
   -0.0021404345
   -0.0027773795
   -0.0019083073
   1.1843389e-06
    0.0019183078
    0.0028016538
    0.0021668638
   0.00035216395
   -0.0016617817
   -0.0027817855
   -0.0023954904
  -0.00070612904
    0.0013742942
    0.0027173111
    0.0025900583
    0.0010551466
   -0.0010598240
   -0.0026084525
   -0.0027468942
   -0.0013936286
   0.00072284405
    0.0024561303
    0.0028628509
    0.0017160541
  -0.00036825592
   -0.0022619577
   -0.0029353608
   -0.0020170527
   1.3247424e-06
    0.0020282306
    0.0029624894
    0.0022914934
   0.00037239985
   -0.0017578994
   -0.0029429700
   -0.0025345618
  -0.00074715787
    0.0014545413
    0.0028762415
    0.0027418450
    0.0011170674
   -0.0011223142
   -0.0027624689
   -0.0029094079
   -0.0014762168
   0.00076589820
    0.0026025468
    0.0030338538
    0.0018187440
  -0.00039044407
   -0.0023981110
   -0.0031123987
   -0.0021389410
   1.4908888e-06
    0.0021515156
    0.0031429145
    0.0024313331
   0.00039510252
   -0.0018658182
   -0.0031239809
   -0.0026907738
  -0.00079324588
    0.0015447438
    0.0030549200
    0.0029125312
    0.0011867096
   -0.0011926353
   -0.0029358147
   -0.0030923609
   -0.0015692107
   0.00081440543
    0.0027675259
    0.0032265828
    0.0019345062
  -0.00041547704
   -0.0025517042
   -0.0033121610
   -0.0022765061
   1.6921607e-06
    0.0022907599
    0.0033467429
    0.0025893498
   0.00042075226
   -0.0019878555
   -0.0033287196
   -0.0028675083
  -0.00084539557
    0.0016468719
    0.0032572678
    0.0031058790
    0.0012656132
   -0.0012723563
   -0.0031323697
   -0.0032998640
   -0.0016747049
   0.00086947610
    0.0029548405
    0.0034454618
    0.0020660076
  -0.00044394011
   -0.0027263198
   -0.0035393270
   -0.0024329853
   1.9336586e-06
    0.0024492722
    0.0035788404
    0.0027693323
   0.00044996236
   -0.0021269746
   -0.0035621765
   -0.0030690903
  -0.00090488296
    0.0017634622
    0.0034883247
    0.0033267242
    0.0013557566
   -0.0013635002
   -0.0033571358
   -0.0035372228
   -0.0017954110
   0.00093253000
    0.0031693488
    0.0036961965
    0.0022166918
  -0.00047658740
   -0.0029265861
   -0.0037999448
   -0.0026125609
   2.2336148e-06
    0.0026313549
    0.0038455316
    0.0029762072
   0.00048353320
   -0.0022870296
   -0.0038308492
   -0.0033011583
  -0.00097337845
    0.0018978142
    0.0037546604
    0.0035813759
    0.0014597225
   -0.0014687112
   -0.0036166516
   -0.0038113724
   -0.0019348656
    0.0010054472
    0.0034174420
    0.0039862897
    0.0023910854
  -0.00051441889
   -0.0031586088
   -0.0041019970
   -0.0028207598
   2.6068040e-06
    0.0028426832
    0.0041551694
    0.0032164848
   0.00052251663
   -0.0024731332
   -0.0041433567
   -0.0035711916
   -0.0010530908
    0.0020543291
    0.0040650316
    0.0038782496
    0.0015809625
   -0.0015915123
   -0.0039196485
   -0.0041315865
   -0.0020978084
    0.0010907337
    0.0037076730
    0.0043257946
    0.0025952605
  -0.00055877536
   -0.0034305901
   -0.0044562150
   -0.0030650146
   3.0829172e-06
    0.0030909213
    0.0045190387
    0.0034989675
   0.00056833794
   -0.0026922070
   -0.0045113790
   -0.0038893376
   -0.0011470231
    0.0022389807
    0.0044313393
    0.0042287896
    0.0017241651
   -0.0017367245
   -0.0042780602
   -0.0045105453
   -0.0022907225
    0.0011918273
    0.0040517747
    0.0047285139
    0.0028375617
  -0.00061150047
   -0.0037538219
   -0.0048773891
   -0.0033555806
   3.7006934e-06
    0.0033866609
    0.0049527507
    0.0038358431
   0.00062296695
   -0.0029538650
   -0.0049511518
   -0.0042697129
   -0.0012593540
    0.0024601031
    0.0048702000
    0.0046489914
    0.0018958915
   -0.0019110971
   -0.0047086142
   -0.0049660401
   -0.0025227067
    0.0013135787
    0.0044662849
    0.0052139167
    0.0031297660
  -0.00067521403
   -0.0041443031
   -0.0053864900
   -0.0037070099
   4.5241229e-06
    0.0037449830
    0.0054785542
    0.0042444995
   0.00068921458
   -0.0032718621
   -0.0054859284
   -0.0047325598
   -0.0013960798
    0.0027296854
    0.0054055419
    0.0051619180
    0.0021056136
   -0.0021243892
   -0.0052355288
   -0.0055238653
   -0.0028069750
    0.0014630315
    0.0049752690
    0.0058103764
    0.0034890602
  -0.00075374579
   -0.0046254508
   -0.0060142552
   -0.0041406601
   5.6540963e-06
    0.0041880982
    0.0061292586
    0.0047506109
   0.00077122885
   -0.0036665833
   -0.0061502110
   -0.0053079476
   -0.0015661018
    0.0030656272
    0.0060731138
    0.0058020652
    0.0023675040
   -0.0023912742
   -0.0058952335
   -0.0062228690
   -0.0031634437
    0.0016508592
    0.0056151852
    0.0065609331
    0.0039415465
  -0.00085294910
   -0.0052329962
   -0.0068076507
   -0.0046892101
   7.2668293e-06
    0.0047501491
    0.0069553717
    0.0053937614
   0.00087539663
   -0.0041696125
   -0.0069975362
   -0.0060426180
   -0.0017832826
    0.0034958596
    0.0069288055
    0.0066234655
    0.0027037960
   -0.0027348490
   -0.0067451595
   -0.0071244097
   -0.0036236211
    0.0018940182
    0.0064440126
    0.0075341631
    0.0045288864
  -0.00098222017
   -0.0060242763
   -0.0078421880
   -0.0054052999
   9.6801542e-06
    0.0054864415
    0.0080388688
    0.0062383255
    0.0010120963
   -0.0048326133
   -0.0081156456
   -0.0070133334
   -0.0020703980
    0.0040665635
    0.0080651778
    0.0077157960
    0.0031514428
   -0.0031937185
   -0.0078814460
   -0.0083314369
   -0.0042404769
    0.0022211752
    0.0075598875
    0.0088464193
    0.0053219243
   -0.0011576651
   -0.0070974841
   -0.0092475045
   -0.0063795209
   1.3523152e-05
    0.0064928578
    0.0095222253
    0.0073964775
    0.0011993815
   -0.0057463249
   -0.0096590274
   -0.0083556226
   -0.0024677043
    0.0048599603
    0.0096474274
    0.0092395742
    0.0037767246
   -0.0038376175
   -0.0094781330
    -0.010030888
   -0.0051104343
    0.0026849513
    0.0091431678
     0.010712217
    0.0064516511
   -0.0014094099
   -0.0086359689
    -0.011266463
   -0.0077821362
   2.0208008e-05
    0.0079514602
     0.011676899
    0.0090827044
    0.0014717043
   -0.0070861173
    -0.011927303
    -0.010333350
   -0.0030537059
    0.0060379882
     0.012002037
     0.011513341
    0.0047115564
   -0.0048067148
    -0.011886137
    -0.012601334
   -0.0064294883
    0.0033934935
     0.011565331
     0.013575436
    0.0081902826
   -0.0018010243
    -0.011026038
    -0.014413256
   -0.0099753573
   3.3411407e-05
     0.010255298
     0.015091901
     0.011764845
    0.0019039712
   -0.0092406382
    -0.015587920
    -0.013537664
   -0.0040046705
    0.0079698448
     0.015877156
     0.015271563
    0.0062614054
   -0.0064306091
    -0.015934488
    -0.016943122
   -0.0086663835
    0.0046100248
     0.015733407
     0.018527697
     0.011211722
   -0.0024938599
    -0.015245379
    -0.019999288
    -0.013890007
   6.5502280e-05
     0.014438849
     0.021330236
     0.016695015
    0.0026955153
    -0.013277805
    -0.022490754
    -0.019622719
   -0.0058156871
     0.011719576
     0.023448114
     0.022672683
    0.0093307154
   -0.0097115379
    -0.024165349
    -0.025850099
    -0.013290343
    0.0071859798
     0.024599148
     0.029168850
     0.017765877
   -0.0040519746
    -0.024696397
    -0.032656343
    -0.022862373
   0.00018199533
     0.024388368
     0.036361529
     0.028739267
    0.0046110883
    -0.023580534
    -0.040368957
    -0.035647195
    -0.010615719
     0.022133820
     0.044825138
     0.043998195
     0.018302547
    -0.019827736
    -0.049992205
    -0.054511088
    -0.028495486
     0.016281209
     0.056369085
     0.068546701
     0.042776980
    -0.010761524
    -0.065006222
    -0.089003586
    -0.064613065
    0.0016403932
     0.078506591
      0.12329443
      0.10332347
     0.015600632
     -0.10545805
     -0.19765520
     -0.19552719
    -0.059938825
      0.20032336
      0.52543322
      0.82275726
       1.0000000
       1.0000000
      0.82275726
      0.52543321
      0.20032336
    -0.059938825
     -0.19552719
     -0.19765520
     -0.10545805
     0.015600633
      0.10332347
      0.12329443
     0.078506590
    0.0016403922
    -0.064613066
    -0.089003587
    -0.065006223
    -0.010761524
     0.042776980
     0.068546701
     0.056369086
     0.016281210
    -0.028495486
    -0.054511088
    -0.049992205
    -0.019827735
     0.018302547
     0.043998195
     0.044825138
     0.022133819
    -0.010615719
    -0.035647195
    -0.040368957
    -0.023580533
    0.0046110892
     0.028739268
     0.036361529
     0.024388368
   0.00018199447
    -0.022862374
    -0.032656344
    -0.024696397
   -0.0040519743
     0.017765877
     0.029168850
     0.024599148
    0.0071859795
    -0.013290343
    -0.025850100
    -0.024165349
   -0.0097115378
    0.0093307159
     0.022672684
     0.023448114
     0.011719576
   -0.0058156875
    -0.019622720
    -0.022490754
    -0.013277805
    0.0026955160
     0.016695016
     0.021330236
     0.014438850
   6.5501998e-05
    -0.013890008
    -0.019999288
    -0.015245379
   -0.0024938597
     0.011211722
     0.018527698
     0.015733408
    0.0046100252
   -0.0086663839
    -0.016943123
    -0.015934489
   -0.0064306102
    0.0062614050
     0.015271564
     0.015877157
    0.0079698457
   -0.0040046699
    -0.013537664
    -0.015587920
   -0.0092406388
    0.0019039708
     0.011764845
     0.015091902
     0.010255298
   3.3411748e-05
   -0.0099753575
    -0.014413257
    -0.011026039
   -0.0018010255
    0.0081902819
     0.013575436
     0.011565332
    0.0033934950
   -0.0064294868
    -0.012601333
    -0.011886137
   -0.0048067153
    0.0047115554
     0.011513340
     0.012002037
    0.0060379883
   -0.0030537053
    -0.010333349
    -0.011927302
   -0.0070861170
    0.0014717040
    0.0090827037
     0.011676898
    0.0079514595
   2.0207698e-05
   -0.0077821360
    -0.011266462
   -0.0086359680
   -0.0014094091
    0.0064516516
     0.010712217
    0.0091431675
    0.0026849509
   -0.0051104347
    -0.010030888
   -0.0094781327
   -0.0038376170
    0.0037767252
    0.0092395747
    0.0096474274
    0.0048599599
   -0.0024677051
   -0.0083556237
   -0.0096590283
   -0.0057463254
    0.0011993816
    0.0073964781
    0.0095222262
    0.0064928586
   1.3523483e-05
   -0.0063795211
   -0.0092475052
   -0.0070974851
   -0.0011576659
    0.0053219239
    0.0088464195
    0.0075598882
    0.0022211761
   -0.0042404761
   -0.0083314365
   -0.0078814462
   -0.0031937191
    0.0031514421
    0.0077157954
    0.0080651775
    0.0040665635
   -0.0020703978
   -0.0070133332
   -0.0081156456
   -0.0048326135
    0.0010120960
    0.0062383253
    0.0080388687
    0.0054864419
   9.6808279e-06
   -0.0054052991
   -0.0078421872
   -0.0060242758
  -0.00098221998
    0.0045288863
    0.0075341628
    0.0064440123
    0.0018940179
   -0.0036236213
   -0.0071244099
   -0.0067451598
   -0.0027348495
    0.0027037954
    0.0066234649
    0.0069288050
    0.0034958593
   -0.0017832827
   -0.0060426178
   -0.0069975358
   -0.0041696122
   0.00087539677
    0.0053937614
    0.0069553716
    0.0047501490
   7.2669494e-06
   -0.0046892097
   -0.0068076501
   -0.0052329956
  -0.00085294855
    0.0039415468
    0.0065609332
    0.0056151850
    0.0016508589
   -0.0031634439
   -0.0062228690
   -0.0058952333
   -0.0023912740
    0.0023675041
    0.0058020650
    0.0060731134
    0.0030656265
   -0.0015661026
   -0.0053079482
   -0.0061502111
   -0.0036665830
   0.00077122958
    0.0047506117
    0.0061292592
    0.0041880984
   5.6536845e-06
   -0.0041406610
   -0.0060142563
   -0.0046254518
  -0.00075374633
    0.0034890604
    0.0058103771
    0.0049752701
    0.0014630326
   -0.0028069741
   -0.0055238649
   -0.0052355289
   -0.0021243896
    0.0021056131
    0.0051619176
    0.0054055419
    0.0027296857
   -0.0013960794
   -0.0047325595
   -0.0054859282
   -0.0032718622
   0.00068921424
    0.0042444990
    0.0054785537
    0.0037449826
   4.5239026e-06
   -0.0037070099
   -0.0053864900
   -0.0041443030
  -0.00067521384
    0.0031297662
    0.0052139169
    0.0044662851
    0.0013135789
   -0.0025227065
   -0.0049660401
   -0.0047086143
   -0.0019110974
    0.0018958911
    0.0046489909
    0.0048701995
    0.0024601027
   -0.0012593542
   -0.0042697128
   -0.0049511514
   -0.0029538643
   0.00062296777
    0.0038358439
    0.0049527513
    0.0033866612
   3.7006181e-06
   -0.0033555810
   -0.0048773897
   -0.0037538225
  -0.00061150091
    0.0028375616
    0.0047285140
    0.0040517750
    0.0011918276
   -0.0022907222
   -0.0045105453
   -0.0042780604
   -0.0017367249
    0.0017241645
    0.0042287891
    0.0044313391
    0.0022389807
   -0.0011470227
   -0.0038893370
   -0.0045113784
   -0.0026922065
   0.00056833828
    0.0034989676
    0.0045190386
    0.0030909211
   3.0827592e-06
   -0.0030650147
   -0.0044562149
   -0.0034305898
  -0.00055877505
    0.0025952607
    0.0043257946
    0.0037076727
    0.0010907331
   -0.0020978091
   -0.0041315871
   -0.0039196490
   -0.0015915124
    0.0015809626
    0.0038782500
    0.0040650321
    0.0020543295
   -0.0010530906
   -0.0035711916
   -0.0041433567
   -0.0024731332
   0.00052251684
    0.0032164851
    0.0041551698
    0.0028426835
   2.6069055e-06
   -0.0028207600
   -0.0041019975
   -0.0031586095
  -0.00051441954
    0.0023910849
    0.0039862895
    0.0034174421
    0.0010054475
   -0.0019348653
   -0.0038113721
   -0.0036166513
   -0.0014687110
    0.0014597226
    0.0035813760
    0.0037546605
    0.0018978143
  -0.00097337839
   -0.0033011582
   -0.0038308491
   -0.0022870294
   0.00048353345
    0.0029762074
    0.0038455317
    0.0026313546
   2.2330229e-06
   -0.0026125618
   -0.0037999458
   -0.0029265869
  -0.00047658780
    0.0022166920
    0.0036961972
    0.0031693498
   0.00093253103
   -0.0017954103
   -0.0035372228
   -0.0033571364
   -0.0013635013
    0.0013557555
    0.0033267233
    0.0034883243
    0.0017634623
  -0.00090488247
   -0.0030690897
   -0.0035621759
   -0.0021269743
   0.00044996257
    0.0027693324
    0.0035788407
    0.0024492726
   1.9340928e-06
   -0.0024329850
   -0.0035393269
   -0.0027263201
  -0.00044394072
    0.0020660068
    0.0034454609
    0.0029548398
   0.00086947577
   -0.0016747048
   -0.0032998637
   -0.0031323692
   -0.0012723559
    0.0012656135
    0.0031058790
    0.0032572676
    0.0016468717
  -0.00084539565
   -0.0028675081
   -0.0033287192
   -0.0019878549
   0.00042075285
    0.0025893503
    0.0033467430
    0.0022907596
   1.6915050e-06
   -0.0022765069
   -0.0033121617
   -0.0025517046
  -0.00041547681
    0.0019345071
    0.0032265841
    0.0027675273
   0.00081440649
   -0.0015692104
   -0.0030923615
   -0.0029358160
   -0.0011926370
    0.0011867081
    0.0029125303
    0.0030549200
    0.0015447444
  -0.00079324484
   -0.0026907729
   -0.0031239804
   -0.0018658183
   0.00039510189
    0.0024313322
    0.0031429139
    0.0021515155
   1.4913010e-06
   -0.0021389402
   -0.0031123978
   -0.0023981103
  -0.00039044366
    0.0018187441
    0.0030338536
    0.0026025464
   0.00076589791
   -0.0014762170
   -0.0029094080
   -0.0027624690
   -0.0011223144
    0.0011170673
    0.0027418449
    0.0028762415
    0.0014545414
  -0.00074715777
   -0.0025345618
   -0.0029429702
   -0.0017578999
   0.00037239927
    0.0022914929
    0.0029624892
    0.0020282310
   1.3255405e-06
   -0.0020170517
   -0.0029353600
   -0.0022619573
  -0.00036825615
    0.0017160533
    0.0028628498
    0.0024561293
   0.00072284349
   -0.0013936285
   -0.0027468937
   -0.0026084518
   -0.0010598235
    0.0010551467
    0.0025900578
    0.0027173104
    0.0013742936
  -0.00070612922
   -0.0023954900
   -0.0027817846
   -0.0016617807
   0.00035216485
    0.0021668642
    0.0028016537
    0.0019183072
   1.1836309e-06
   -0.0019083079
   -0.0027773797
   -0.0021404343
  -0.00034845457
    0.0016243394
    0.0027100949
    0.0023253092
   0.00068437183
   -0.0013197914
   -0.0026015739
   -0.0024707007
   -0.0010039233
   0.00099973132
    0.0024541955
    0.0025750232
    0.0013024359
  -0.00066937440
   -0.0022708888
   -0.0026373407
   -0.0015756295
   0.00033401522
    0.0020550929
    0.0026573835
    0.0018196873
   1.0645233e-06
   -0.0018106881
   -0.0026355345
   -0.0020313018
  -0.00033067258
    0.0015419323
    0.0025728159
    0.0022077196
   0.00064978680
   -0.0012533873
   -0.0024708605
   -0.0023467722
  -0.00095362729
   0.00094984455
    0.0023318756
    0.0024468963
    0.0012377207
  -0.00063625472
   -0.0021586071
   -0.0025071554
   -0.0014979695
   0.00031764535
    0.0019542871
    0.0025272438
    0.0017307110
   9.6134438e-07
   -0.0017225713
   -0.0025074755
   -0.0019327595
  -0.00031461847
    0.0014674826
    0.0024487747
    0.0021014520
   0.00061853134
   -0.0011933428
   -0.0023526518
   -0.0022346808
  -0.00090812987
   0.00090469960
    0.0022211691
    0.0023309144
    0.0011791307
  -0.00060625948
   -0.0020569071
   -0.0023892191
   -0.0014276062
   0.00030280486
    0.0018629088
    0.0024092568
    0.0016500321
   8.7427582e-07
   -0.0016426312
   -0.0023912835
   -0.0018433358
  -0.00030005193
    0.0013998896
    0.0023361421
    0.0020049433
   0.00059014378
   -0.0011387884
   -0.0022452366
   -0.0021328081
  -0.00086677488
   0.00086365263
    0.0021204992
    0.0022254314
    0.0011258388
  -0.00057896310
   -0.0019643568
   -0.0022818783
   -0.0013635559
   0.00028928874
    0.0017796925
    0.0023017928
    0.0015765373
   7.9611589e-07
   -0.0015697834
   -0.0022853838
   -0.0017618211
  -0.00028677416
    0.0013382496
    0.0022334154
    0.0019169095
   0.00056424710
   -0.0010890046
   -0.0021472025
   -0.0020398196
  -0.00082902351
   0.00082616707
    0.0020285569
    0.0021290797
    0.0010771531
  -0.00055402103
   -0.0018797781
   -0.0021837685
   -0.0013050061
   0.00027692829
    0.0017035938
    0.0022035070
    0.0015093112
   7.2845936e-07
   -0.0015031218
   -0.0021884647
   -0.0016872087
  -0.00027461962
    0.0012818110
    0.0021393443
    0.0018362827
   0.00054052835
   -0.0010433911
   -0.0020573713
   -0.0019546008
  -0.00079442314
   0.00079180072
    0.0019442571
    0.0020407258
    0.0010325043
  -0.00053113888
   -0.0018021821
   -0.0020937476
   -0.0012512774
   0.00026558094
    0.0016337364
    0.0021132717
    0.0014475845
   6.6951710e-07
   -0.0014418908
   -0.0020994315
   -0.0016186593
  -0.00026345376
    0.0012299401
    0.0020528774
    0.0017621647
   0.00051872366
   -0.0010014445
   -0.0019747539
   -0.0018762160
  -0.00076259417
   0.00076018042
    0.0018666854
    0.0019594140
   0.00099141073
  -0.00051007099
   -0.0017307376
   -0.0020108542
   -0.0012017978
   0.00025512680
    0.0015693821
    0.0020301352
    0.0013907073
   6.1618365e-07
   -0.0013854544
   -0.0020173606
   -0.0015554637
  -0.00025316129
    0.0011821033
    0.0019731281
    0.0016937975
   0.00049860963
  -0.00096274035
   -0.0018985157
   -0.0018038758
  -0.00073321752
   0.00073098839
    0.0017950654
    0.0018843326
   0.00095346151
  -0.00049061245
   -0.0016647435
   -0.0019342759
   -0.0011560832
   0.00024546481
    0.0015099070
    0.0019532948
    0.0013381337
   5.7189409e-07
   -0.0013332669
   -0.0019414631
   -0.0014970163
  -0.00024364267
    0.0011378478
    0.0018993424
    0.0016305363
   0.00047999645
  -0.00092691747
   -0.0018279463
   -0.0017369079
  -0.00070602136
   0.00070395453
    0.0017287378
    0.0018147933
   0.00091831179
  -0.00047258185
   -0.0016035948
   -0.0018633141
   -0.0011137176
   0.00023650795
    0.0014547738
    0.0018820565
    0.0012893870
   5.2919003e-07
   -0.0012848708
   -0.0018710708
   -0.0014428027
  -0.00023481365
    0.0010967868
    0.0018308765
    0.0015718302
   0.00046272232
  -0.00089366559
   -0.0017624356
   -0.0016747343
  -0.00068076972
   0.00067885037
    0.0016671388
    0.0017502053
   0.00088566226
  -0.00045582986
   -0.0015467805
   -0.0017973766
   -0.0010743495
   0.00022818003
    0.0014035241
    0.0018158316
    0.0012440678
   4.9203684e-07
   -0.0012398642
   -0.0018056043
   -0.0013923791
  -0.00022660337
    0.0010585848
    0.0017671740
    0.0015172045
   0.00044664929
  -0.00086271507
   -0.0017014560
   -0.0016168563
  -0.00065726121
   0.00065547488
    0.0016097777
    0.0016900556
   0.00085525409
  -0.00044022437
   -0.0014938525
   -0.0017359437
   -0.0010376666
   0.00022042123
    0.0013557642
    0.0017541095
    0.0012018260
   4.5816494e-07
   -0.0011979040
   -0.0017445633
   -0.0013453593
  -0.00021894549
    0.0010229569
    0.0017077572
    0.0014662490
   0.00043165523
  -0.00083383770
   -0.0016445567
   -0.0015628469
  -0.00063532376
   0.00063365408
    0.0015562309
    0.0016339008
   0.00082686217
  -0.00042565503
   -0.0014444302
   -0.0016785745
   -0.0010034084
   0.00021317130
    0.0013111474
    0.0016964460
    0.0011623597
   4.2866239e-07
   -0.0011586903
   -0.0016875145
   -0.0013014122
  -0.00021178981
   0.00098964711
    0.0016522039
    0.0014186033
   0.00041763407
  -0.00080683131
   -0.0015913394
   -0.0015123280
  -0.00061480175
   0.00061324138
    0.0015061340
    0.0015813601
   0.00080029696
  -0.00041201711
   -0.0013981714
   -0.0016248744
  -0.00097133886
   0.00020638356
    0.0012693733
    0.0016424519
    0.0011254011
   3.9958654e-07
   -0.0011219648
   -0.0016340805
   -0.0012602461
  -0.00020508619
   0.00095844053
    0.0016001545
    0.0013739605
   0.00040449865
  -0.00078151683
   -0.0015414572
   -0.0014649730
  -0.00059556529
   0.00059410096
    0.0014591600
    0.0015320917
   0.00077538468
  -0.00039922626
   -0.0013547835
   -0.0015745033
  -0.00094125530
   0.00020001536
    0.0012301797
    0.0015917900
    0.0010907219
   3.7490495e-07
   -0.0010874944
   -0.0015839255
   -0.0012216044
  -0.00019879508
   0.00092913961
    0.0015512812
    0.0013320384
   0.00039216126
  -0.00075774483
   -0.0014946084
   -0.0014204939
  -0.00057749554
   0.00057612019
    0.0014150286
    0.0014858012
   0.00075197688
  -0.00038720595
   -0.0013140083
   -0.0015271627
  -0.00091298097
   0.00019402650
    0.0011933322
    0.0015441586
    0.0010581154
   3.5248876e-07
   -0.0010550782
   -0.0015367566
   -0.0011852608
  -0.00019287782
   0.00090157703
    0.0015053042
    0.0012925976
   0.00038055288
  -0.00073537729
   -0.0014505237
   -0.0013786358
  -0.00056048932
   0.00055919659
    0.0013734887
    0.0014422261
   0.00072994073
  -0.00037588858
   -0.0012756157
   -0.0014825851
  -0.00088635439
   0.00018838758
    0.0011586295
    0.0014992958
    0.0010274017
   3.3077699e-07
   -0.0010245405
   -0.0014923177
   -0.0011510185
  -0.00018730265
   0.00087560389
    0.0014619764
    0.0012554279
   0.00036961439
  -0.00071429081
   -0.0014089645
   -0.0013391743
  -0.00054445675
   0.00054323825
    0.0013343179
    0.0014011343
   0.00070915991
  -0.00036521341
   -0.0012394026
   -0.0014405363
  -0.00086123752
   0.00018306641
    0.0011258876
    0.0014569664
   0.00099842156
   3.1253529e-07
  -0.00099571874
   -0.0014503746
   -0.0011186974
  -0.00018203959
   0.00085108589
    0.0014210731
    0.0012203360
   0.00035928688
  -0.00069438009
   -0.0013697205
   -0.0013019089
  -0.00052931575
   0.00052816558
    0.0012973196
    0.0013623194
   0.00068952972
  -0.00035512752
   -0.0012051884
   -0.0014008062
  -0.00083750416
   0.00017803837
    0.0010949460
    0.0014169620
   0.00097103171
   2.9562620e-07
  -0.00096847472
   -0.0014107256
   -0.0010881428
  -0.00017706515
   0.00082790276
    0.0013823958
    0.0011871522
   0.00034952080
  -0.00067554917
   -0.0013326033
   -0.0012666615
  -0.00051499444
   0.00051390619
    0.0012623170
    0.0013255964
   0.00067095661
  -0.00034558395
   -0.0011728124
   -0.0013632088
  -0.00081504388
   0.00017327876
    0.0010656589
    0.0013790947
   0.00094510311
   2.7845500e-07
  -0.00094268352
   -0.0013731882
   -0.0010592145
  -0.00017235666
   0.00080594806
    0.0013457673
    0.0011557250
   0.00034027161
  -0.00065771224
   -0.0012974440
   -0.0012332714
  -0.00050142679
   0.00050039727
    0.0012291541
    0.0012908015
   0.00065335777
  -0.00033654023
   -0.0011421311
   -0.0013275777
  -0.00079375773
   0.00016876616
    0.0010378972
    0.0013431985
   0.00092052393
   2.6422597e-07
  -0.00091822804
   -0.0013375940
   -0.0010317817
  -0.00016789001
   0.00078512882
    0.0013110297
    0.0011259178
   0.00033149775
  -0.00064079460
   -0.0012640933
   -0.0012015968
  -0.00048855525
   0.00048758132
    0.0011976901
    0.0012577873
   0.00063665879
  -0.00032795803
   -0.0011130146
   -0.0012937622
  -0.00077355531
   0.00016448276
    0.0010115454
    0.0013091237
   0.00089719013
   2.4954610e-07
  -0.00089501162
   -0.0013038010
   -0.0010057364
  -0.00016365049
   0.00076535788
    0.0012780414
    0.0010976115
   0.00032316722
  -0.00062472369
   -0.0012324136
   -0.0011715092
  -0.00047632971
   0.00047540314
    0.0011677946
    0.0012264182
   0.00062079163
  -0.00031980217
   -0.0010853445
   -0.0012616252
  -0.00075435447
   0.00016041228
   0.00098649908
    0.0012767352
   0.00087501054
   2.3685788e-07
  -0.00087293896
   -0.0012716720
  -0.00098097220
  -0.00015961876
   0.00074655867
    0.0012466723
    0.0010706930
   0.00031524461
  -0.00060943932
   -0.0012022825
   -0.0011428905
  -0.00046469971
   0.00046381991
    0.0011393563
    0.0011965764
   0.00060569636
  -0.00031204220
   -0.0010590171
   -0.0012310460
  -0.00073608343
   0.00015653889
   0.00096266361
    0.0012459109
   0.00085390095
   2.2453237e-07
  -0.00085192959
   -0.0012410891
  -0.00095739871
  -0.00015578101
   0.00072866101
    0.0012168064
    0.0010450630
   0.00030770027
  -0.00059488665
   -0.0011735919
   -0.0011156393
  -0.00045362647
   0.00045278595
    0.0011122692
    0.0011681520
   0.00059131780
  -0.00030465000
   -0.0010339371
   -0.0012019152
  -0.00071867793
   0.00015284690
   0.00093995215
    0.0012165403
   0.00083378713
   2.1484232e-07
  -0.00083190609
   -0.0012119417
  -0.00093493183
  -0.00015212483
   0.00071159935
    0.0011883359
    0.0010206302
   0.00030050860
  -0.00058101146
   -0.0011462365
   -0.0010896548
  -0.00044306659
   0.00044226597
    0.0010864404
    0.0011410465
   0.00057760572
  -0.00029759983
   -0.0010100169
   -0.0011741299
  -0.00070207531
   0.00014932572
   0.00091828730
    0.0011885211
   0.00081459705
   2.0380942e-07
  -0.00081280345
   -0.0011841320
  -0.00091349393
  -0.00014863415
   0.00069532079
    0.0011611692
   0.00099731454
   0.00029364521
  -0.00056776972
   -0.0011201284
   -0.0010648540
  -0.00043298721
   0.00043222434
    0.0010617848
    0.0011151711
   0.00056451545
  -0.00029086892
  -0.00098717907
   -0.0011476009
  -0.00068622253
   0.00014596397
   0.00089760041
    0.0011617658
   0.00079627269
   1.9509349e-07
  -0.00079455799
   -0.0011575707
  -0.00089301889
  -0.00014530225
   0.00067976836
    0.0011352154
   0.00097503987
   0.00028708851
  -0.00055511759
   -0.0010951827
   -0.0010411570
  -0.00042335664
   0.00042262786
    0.0010382228
    0.0010904427
   0.00055200514
  -0.00028443583
  -0.00096535152
   -0.0011222451
  -0.00067107173
   0.00014274736
   0.00087782144
    0.0011361849
   0.00077875162
   1.8531252e-07
  -0.00077711357
   -0.0011321731
  -0.00087343853
  -0.00014211288
   0.00066489976
    0.0011103990
   0.00095373989
   0.00028081876
  -0.00054301702
   -0.0010713239
   -0.0010184914
  -0.00041414458
   0.00041344897
    0.0010156843
    0.0010667874
   0.00054003707
  -0.00027828141
  -0.00094446820
   -0.0010979845
  -0.00065657326
   0.00013967264
   0.00085889884
    0.0011117092
   0.00076198634
   1.7542073e-07
  -0.00076042153
   -0.0011078704
  -0.00085470333
  -0.00013906497
   0.00065066451
    0.0010866428
   0.00093335018
   0.00027481706
  -0.00053143297
   -0.0010484836
  -0.00099679364
  -0.00040532741
   0.00040465790
   0.00099410196
    0.0010441360
   0.00052857728
  -0.00027238699
  -0.00092446893
   -0.0010747513
  -0.00064268968
   0.00013672526
   0.00084077266
    0.0010882647
   0.00074592846
   1.6898561e-07
  -0.00074442706
   -0.0010845839
  -0.00083675014
  -0.00013614141
   0.00063702802
    0.0010638822
   0.00091381373
   0.00026906626
  -0.00052033234
   -0.0010265952
  -0.00097599837
  -0.00039687455
   0.00039623613
   0.00097342034
    0.0010224282
   0.00051759454
  -0.00026673686
  -0.00090529894
   -0.0010524804
  -0.00062938025
   0.00013390085
   0.00082339683
    0.0010657891
   0.00073053313
   1.6155109e-07
  -0.00072909398
   -0.0010622594
  -0.00081953910
  -0.00013334153
   0.00062394866
    0.0010420537
   0.00089507711
   0.00026355045
  -0.00050968655
   -0.0010056027
  -0.00095605417
  -0.00038876857
   0.00038815601
   0.00095358001
    0.0010016033
   0.00050705818
  -0.00026131646
  -0.00088690747
   -0.0010311133
  -0.00061661051
   0.00013119083
   0.00080672446
    0.0010442230
   0.00071576072
   1.5567102e-07
  -0.00071437771
   -0.0010408324
  -0.00080301844
  -0.00013065120
   0.00061139827
    0.0010211046
   0.00087709444
   0.00025825678
  -0.00049946720
  -0.00098545095
  -0.00093690783
  -0.00038098615
   0.00038039936
   0.00093453203
   0.00098160857
   0.00049694024
  -0.00025611419
  -0.00086925015
   -0.0010105973
  -0.00060434829
   0.00012858952
   0.00079071522
    0.0010235131
   0.00070157334
   1.4808844e-07
  -0.00070024694
   -0.0010202563
  -0.00078715373
  -0.00012806916
   0.00059934237
    0.0010009820
   0.00085982132
   0.00025317263
  -0.00048964915
  -0.00096609110
  -0.00091851356
  -0.00037350884
   0.00037294825
   0.00091623321
   0.00096240083
   0.00048722293
  -0.00025111083
  -0.00085227945
  -0.00099088095
  -0.00059256505
   0.00012608767
   0.00077532740
    0.0010036080
   0.00068793814
   1.4287690e-07
  -0.00068666185
   -0.0010004758
  -0.00077190260
  -0.00012558755
   0.00058775092
   0.00098163441
   0.00084321227
   0.00024828188
  -0.00048021209
  -0.00094747933
  -0.00090082968
  -0.00036632180
   0.00036578039
   0.00089863363
   0.00094392651
   0.00047787481
  -0.00024630201
  -0.00083596046
  -0.00097191993
  -0.00058123264
   0.00012368133
   0.00076052677
   0.00098446151
   0.00067482162
   1.3663502e-07
  -0.00067359483
  -0.00098144793
  -0.00075723057
  -0.00012319872
   0.00057660166
   0.00096302337
   0.00082723584
   0.00024357974
  -0.00047112862
  -0.00092956784
  -0.00088381067
  -0.00035940320
   0.00035888532
   0.00088169924
   0.00092614919
   0.00046887913
  -0.00024167372
  -0.00082025441
  -0.00095367023
  -0.00057032420
   0.00012136704
   0.00074628280
   0.00096603384
   0.00066219712
   1.3089710e-07
  -0.00066101681
  -0.00096313217
  -0.00074310818
  -0.00012090136
   0.00056586552
   0.00094510331
   0.00081185224
   0.00023905104
  -0.00046238407
  -0.00091232308
  -0.00086742524
  -0.00035274357
   0.00035224321
   0.00086538973
   0.00090902831
   0.00046021568
  -0.00023721608
  -0.00080512767
  -0.00093609375
  -0.00055981876
   0.00011913619
   0.00073256087
   0.00094828197
   0.00065003558
   1.2567363e-07
  -0.00064889885
  -0.00094548579
  -0.00072950085
  -0.00011868602
   0.00055552381
   0.00092783966
   0.00079703180
   0.00023468898
  -0.00045395698
  -0.00089570532
  -0.00085163521
  -0.00034632531
   0.00034584328
   0.00084967326
   0.00089252937
   0.00045186683
  -0.00023291991
  -0.00079054916
  -0.00091915432
  -0.00054969476
   0.00011698405
   0.00071933247
   0.00093116895
   0.00063831137
   1.2000970e-07
  -0.00063721745
  -0.00092847456
  -0.00071638348
  -0.00011655186
   0.00054555076
   0.00091119187
   0.00078273880
   0.00023047954
  -0.00044583436
  -0.00087968356
  -0.00083640988
  -0.00034013558
   0.00033967298
   0.00083451843
   0.00087661902
   0.00044381522
  -0.00022877715
  -0.00077648954
  -0.00090281675
  -0.00053992930
   0.00011491009
   0.00070657540
   0.00091466447
   0.00062700387
   1.1537918e-07
  -0.00062594874
  -0.00091206392
  -0.00070372796
  -0.00011449041
   0.00053593330
   0.00089513554
   0.00076895411
   0.00022642265
  -0.00043799408
  -0.00086422285
  -0.00082171834
  -0.00033416280
   0.00033371924
   0.00081989521
   0.00086126689
   0.00043604689
  -0.00022477749
  -0.00076291946
  -0.00088704805
  -0.00053050313
   0.00011290977
   0.00069426401
   0.00089873554
   0.00061609012
   1.1036923e-07
  -0.00061507313
  -0.00089622566
  -0.00069151493
  -0.00011250424
   0.00052664520
   0.00087963149
   0.00075564305
   0.00022250304
  -0.00043042748
  -0.00084929863
  -0.00080753635
  -0.00032839860
   0.00032796798
   0.00080577282
   0.00084644030
   0.00042854298
  -0.00022091785
  -0.00074981769
  -0.00087182238
  -0.00052140161
   0.00011097714
   0.00068237383
   0.00088335167
   0.00060554980
   1.0597714e-07
  -0.00060456815
  -0.00088092666
  -0.00067971656
  -0.00011058334
   0.00051767619
   0.00086465785
   0.00074278710
   0.00021871846
  -0.00042311649
  -0.00083487961
  -0.00079383350
  -0.00032282684
   0.00032241573
   0.00079213367
   0.00083212081
   0.00042129779
  -0.00021718483
  -0.00073715615
  -0.00085710994
  -0.00051260765
   0.00010910850
   0.00067088319
   0.00086848543
   0.00059536482
   1.0332497e-07
  -0.00059441410
  -0.00086613944
  -0.00066831274
  -0.00010872629
   0.00050900762
   0.00085018514
   0.00073036073
   0.00021505982
  -0.00041605062
  -0.00082094344
  -0.00078059016
  -0.00031744426
   1.3296435e-08
