  -0.00021388543
  -2.6639638e-05
   0.00021082373
   5.3168317e-05
  -0.00020442422
  -7.8928169e-05
   0.00019477915
   0.00010350961
  -0.00018203431
  -0.00012652506
   0.00016637770
   0.00014760124
  -0.00014805473
  -0.00016640607
   0.00012734225
   0.00018263240
  -0.00010456360
  -0.00019601844
   8.0072658e-05
   0.00020634560
  -5.4251204e-05
  -0.00021344312
   2.7501730e-05
   0.00021718792
  -2.4651281e-07
  -0.00021751417
  -2.7087869e-05
   0.00021440500
   5.4067849e-05
  -0.00020790145
  -8.0266218e-05
   0.00019809879
   0.00010526966
  -0.00018514099
  -0.00012867974
   0.00016922346
   0.00015012228
  -0.00015058792
  -0.00016924952
   0.00012952675
   0.00018575921
  -0.00010636059
  -0.00019937983
   8.1451459e-05
   0.00020988885
  -5.5188925e-05
  -0.00021711434
   2.7980519e-05
   0.00022093003
  -2.5497078e-07
  -0.00022126614
  -2.7549693e-05
   0.00021811003
   5.4996403e-05
  -0.00021150153
  -8.1651979e-05
   0.00020153329
   0.00010709102
  -0.00018835530
  -0.00013090985
   0.00017216574
   0.00015272672
  -0.00015321384
  -0.00017219493
   0.00013178637
   0.00018899466
  -0.00010822095
  -0.00020285879
   8.2879717e-05
   0.00021355846
  -5.6157168e-05
  -0.00022091296
   2.8476107e-05
   0.00022480262
  -2.6512573e-07
  -0.00022515176
  -2.8029322e-05
   0.00022194525
   5.5959225e-05
  -0.00021522647
  -8.3086116e-05
   0.00020508767
   0.00010897539
  -0.00019168282
  -0.00013321699
   0.00017521433
   0.00015542602
  -0.00015592891
  -0.00017524004
   0.00013412983
   0.00019234642
  -0.00011014749
  -0.00020646206
   8.4357325e-05
   0.00021735575
  -5.7163458e-05
  -0.00022484906
   2.8989740e-05
   0.00022881519
  -2.7387514e-07
  -0.00022917466
  -2.8524371e-05
   0.00022591925
   5.6957476e-05
  -0.00021908391
  -8.4569713e-05
   0.00020877205
   0.00011092859
  -0.00019513088
  -0.00013560910
   0.00017837098
   0.00015822093
  -0.00015874467
  -0.00017839915
   0.00013655410
   0.00019581778
  -0.00011214260
  -0.00021019335
   8.5890719e-05
   0.00022129241
  -5.8205134e-05
  -0.00022892831
   2.9519686e-05
   0.00023296997
  -2.8612775e-07
  -0.00023334587
  -2.9038780e-05
   0.00023003632
   5.7989779e-05
  -0.00022308455
  -8.6109668e-05
   0.00021258937
   0.00011295233
  -0.00019870513
  -0.00013808851
   0.00018164334
   0.00016111856
  -0.00016166254
  -0.00018167251
   0.00013906814
   0.00019941546
  -0.00011421341
  -0.00021406367
   8.7479936e-05
   0.00022537392
  -5.9285112e-05
  -0.00023315676
   3.0071924e-05
   0.00023728110
  -2.9710034e-07
  -0.00023767045
  -2.9571165e-05
   0.00023430694
   5.9060727e-05
  -0.00022723356
  -8.7706216e-05
   0.00021654933
   0.00011505137
  -0.00020241291
  -0.00014066018
   0.00018503857
   0.00016412499
  -0.00016468913
  -0.00018506728
   0.00014167859
   0.00020315086
  -0.00011635973
  -0.00021807887
   8.9127538e-05
   0.00022960698
  -6.0406926e-05
  -0.00023754472
   3.0644801e-05
   0.00024175425
  -3.0896183e-07
  -0.00024215825
  -3.0123165e-05
   0.00023873971
   6.0173261e-05
  -0.00023153806
  -8.9361858e-05
   0.00022065970
   0.00011722947
  -0.00020626155
  -0.00014332858
   0.00018856389
   0.00016724567
  -0.00016783187
  -0.00018859214
   0.00014438790
   0.00020702742
  -0.00011858960
  -0.00022224778
   9.0839598e-05
   0.00023400378
  -6.1570969e-05
  -0.00024210079
   3.1239917e-05
   0.00024639939
  -3.2171422e-07
  -0.00024681969
  -3.0697752e-05
   0.00024334156
   6.1326642e-05
  -0.00023601040
  -9.1082227e-05
   0.00022492878
   0.00011949146
  -0.00021026014
  -0.00014610157
   0.00019222496
   0.00017048691
  -0.00017109729
  -0.00019225548
   0.00014720011
   0.00021105251
  -0.00012090713
  -0.00022657842
   9.2619242e-05
   0.00023857182
  -6.2781521e-05
  -0.00024683540
   3.1858598e-05
   0.00025122661
  -3.3477345e-07
  -0.00025166282
  -3.1292679e-05
   0.00024812640
   6.2526988e-05
  -0.00024065729
  -9.2869025e-05
   0.00022936672
   0.00012184269
  -0.00021441585
  -0.00014898231
   0.00019603224
   0.00017385671
  -0.00017449118
  -0.00019606072
   0.00015012848
   0.00021524029
  -0.00012331654
  -0.00023108192
   9.4469769e-05
   0.00024332196
  -6.4041057e-05
  -0.00025175999
   3.2501557e-05
   0.00025624684
  -3.4842808e-07
  -0.00025670022
  -3.1912258e-05
   0.00025310112
   6.3771926e-05
  -0.00024549483
  -9.4730163e-05
   0.00023398274
   0.00012428898
  -0.00021873916
  -0.00015198007
   0.00019999219
   0.00017736167
  -0.00017802349
  -0.00020002147
   0.00015317407
   0.00021959736
  -0.00012582298
  -0.00023576692
   9.6396729e-05
   0.00024826639
  -6.5350415e-05
  -0.00025688339
   3.3172091e-05
   0.00026147219
  -3.6324484e-07
  -0.00026194411
  -3.2556702e-05
   0.00025828209
   6.5072682e-05
  -0.00025052541
  -9.6664505e-05
   0.00023878828
   0.00012683399
  -0.00022324190
  -0.00015510233
   0.00020411397
   0.00018100977
  -0.00018170204
  -0.00020414538
   0.00015634571
   0.00022413401
  -0.00012843399
  -0.00024064666
   9.8402452e-05
   0.00025341396
  -6.6716202e-05
  -0.00026222102
   3.3869491e-05
   0.00026691367
  -3.7978352e-07
  -0.00026740673
  -3.3228450e-05
   0.00026367632
   6.6422137e-05
  -0.00025577144
  -9.8681505e-05
   0.00024379624
   0.00012948743
  -0.00022793190
  -0.00015835326
   0.00020841201
   0.00018481333
  -0.00018553534
  -0.00020844388
   0.00015965063
   0.00022886235
  -0.00013115474
  -0.00024573198
   0.00010049390
   0.00025878060
  -6.8138378e-05
  -0.00026778318
   3.4598008e-05
   0.00027258657
  -3.9794873e-07
  -0.00027310260
  -3.3928141e-05
   0.00026930286
   6.7832536e-05
  -0.00026123821
  -0.00010078280
   0.00024901841
   0.00013225358
  -0.00023282308
  -0.00016174326
   0.00021289393
   0.00018877853
  -0.00018953445
  -0.00021292650
   0.00016309878
   0.00023379328
  -0.00013399539
  -0.00025103820
   0.00010267585
   0.00026437870
  -6.9624415e-05
  -0.00027358829
   3.5358328e-05
   0.00027850741
  -4.1510841e-07
  -0.00027904439
  -3.4656629e-05
   0.00027517485
   6.9302775e-05
  -0.00026694574
  -0.00010297677
   0.00025446887
   0.00013513986
  -0.00023793029
  -0.00016528261
   0.00021757386
   0.00019292008
  -0.00019370798
  -0.00021760604
   0.00016669887
   0.00023894180
  -0.00013696134
  -0.00025657932
   0.00010495353
   0.00027022479
  -7.1174166e-05
  -0.00027964767
   3.6154514e-05
   0.00028469159
  -4.3333760e-07
  -0.00028525035
  -3.5416864e-05
   0.00028130951
   7.0840262e-05
  -0.00027290569
  -0.00010526687
   0.00026016356
   0.00013815537
  -0.00024326544
  -0.00016898001
   0.00022246219
   0.00019724424
  -0.00019807125
  -0.00022249551
   0.00017046232
   0.00024432233
  -0.00014006096
  -0.00026236823
   0.00010733701
   0.00027633468
  -7.2798819e-05
  -0.00028598699
   3.6983475e-05
   0.00029115418
  -4.5544353e-07
  -0.00029174191
  -3.6214367e-05
   0.00028772118
   7.2444948e-05
  -0.00027913977
  -0.00010766158
   0.00026611956
   0.00014130845
  -0.00024884653
  -0.00017284716
   0.00022757663
   0.00020176844
  -0.00020263619
  -0.00022761261
   0.00017439724
   0.00024995031
  -0.00014330438
  -0.00026842644
   0.00010982869
   0.00028272719
  -7.4496356e-05
  -0.00029261682
   3.7853202e-05
   0.00029791780
  -4.7742590e-07
  -0.00029853276
  -3.7045752e-05
   0.00029443317
   7.4123488e-05
  -0.00028566688
  -0.00011016941
   0.00027235381
   0.00014460904
  -0.00025468920
  -0.00017689558
   0.00023293129
   0.00020650586
  -0.00020741332
  -0.00023296605
   0.00017852199
   0.00025584587
  -0.00014670026
  -0.00027476947
   0.00011244050
   0.00028942346
  -7.6274773e-05
  -0.00029956110
   3.8765867e-05
   0.00030500450
  -5.0073927e-07
  -0.00030564879
  -3.7918476e-05
   0.00030146463
   7.5882482e-05
  -0.00029250472
  -0.00011279581
   0.00027888687
   0.00014806703
  -0.00026081206
  -0.00018113634
   0.00023854544
   0.00021147095
  -0.00021242268
  -0.00023857946
   0.00018284438
   0.00026202390
  -0.00015026330
  -0.00028142116
   0.00011517881
   0.00029644400
  -7.8141535e-05
  -0.00030684516
   3.9721399e-05
   0.00031243504
  -5.2617025e-07
  -0.00031311128
  -3.8830791e-05
   0.00030884313
   7.7728943e-05
  -0.00029967742
  -0.00011555017
   0.00028574245
   0.00015169607
  -0.00026723705
  -0.00018558894
   0.00024443216
   0.00021667713
  -0.00021768181
  -0.00024447096
   0.00018738127
   0.00026850955
  -0.00015400011
  -0.00028839941
   0.00011805583
   0.00030381521
  -8.0099043e-05
  -0.00031448851
   4.0727465e-05
   0.00032023634
  -5.5487275e-07
  -0.00032094787
  -3.9788439e-05
   0.00031659035
   7.9665186e-05
  -0.00030721213
  -0.00011844260
   0.00029294296
   0.00015550597
  -0.00027398672
  -0.00019026236
   0.00025062314
   0.00022215199
  -0.00022320434
  -0.00025065865
   0.00019215039
   0.00027532389
  -0.00015793065
  -0.00029573668
   0.00012107724
   0.00031156027
  -8.2160000e-05
  -0.00032252592
   4.1783924e-05
   0.00032843806
  -5.8445453e-07
  -0.00032918733
  -4.0796292e-05
   0.00032473574
   8.1701490e-05
  -0.00031513500
  -0.00012148488
   0.00030051449
   0.00015951292
  -0.00028108471
  -0.00019517817
   0.00025713165
   0.00022790542
  -0.00022901839
  -0.00025717028
   0.00019716677
   0.00028249232
  -0.00016206623
  -0.00030345518
   0.00012425882
   0.00031971129
  -8.4328804e-05
  -0.00033098314
   4.2898406e-05
   0.00033707176
  -6.1629346e-07
  -0.00033786074
  -4.1856068e-05
   0.00033331148
   8.3844642e-05
  -0.00032347650
  -0.00012468567
   0.00030848946
   0.00016373198
  -0.00028856109
  -0.00020035462
   0.00026398930
   0.00023396772
  -0.00023514163
  -0.00026402944
   0.00020245059
   0.00029004210
  -0.00016642609
  -0.00031158877
   0.00012761184
   0.00032830118
  -8.6614074e-05
  -0.00033989560
   4.4073378e-05
   0.00034617138
  -6.4997989e-07
  -0.00034700230
  -4.2971536e-05
   0.00034235271
   8.6103401e-05
  -0.00033227148
  -0.00012805998
   0.00031689849
   0.00016817952
  -0.00029644662
  -0.00020581383
   0.00027122187
   0.00024036110
  -0.00024159983
  -0.00027126112
   0.00020802989
   0.00029801097
  -0.00017102339
  -0.00032016843
   0.00013115062
   0.00033736349
  -8.9028799e-05
  -0.00034930253
   4.5314164e-05
   0.00035577574
  -6.8679095e-07
  -0.00035665229
  -4.4147759e-05
   0.00035189790
   8.8485865e-05
  -0.00034156018
  -0.00013162386
   0.00032577774
   0.00017287522
  -0.00030477443
  -0.00021157711
   0.00027886366
   0.00024711390
  -0.00024842483
  -0.00027890349
   0.00021392207
   0.00030642759
  -0.00017588327
  -0.00032923365
   0.00013489337
   0.00034694304
  -9.1580709e-05
  -0.00035924600
   4.6624451e-05
   0.00036592597
  -7.2858351e-07
  -0.00036685588
  -4.5391194e-05
   0.00036199073
   9.1005207e-05
  -0.00035138136
  -0.00013539011
   0.00033517011
   0.00017784059
  -0.00031358612
  -0.00021767709
   0.00028694404
   0.00025425517
  -0.00025564580
  -0.00028698730
   0.00022015863
   0.00031533339
  -0.00018102820
  -0.00033882934
   0.00013885221
   0.00035707880
  -9.4284012e-05
  -0.00036976910
   4.8017544e-05
   0.00037667585
  -7.7301343e-07
  -0.00037766045
  -4.6706473e-05
   0.00037267994
   9.3672041e-05
  -0.00036178472
  -0.00013937876
   0.00034512022
   0.00018310059
  -0.00032292027
  -0.00022413562
   0.00029551073
   0.00026182431
  -0.00026329817
  -0.00029555367
   0.00022677016
   0.00032477337
  -0.00018648213
  -0.00034899997
   0.00014305220
   0.00036782636
  -9.7151735e-05
  -0.00038092960
   4.9493553e-05
   0.00038807527
  -8.2101247e-07
  -0.00038912025
  -4.8100710e-05
   0.00038401907
   9.6500128e-05
  -0.00037282253
  -0.00014361029
   0.00035567752
   0.00018867979
  -0.00033282796
  -0.00023099007
   0.00030460315
   0.00026985654
  -0.00027142333
  -0.00030464695
   0.00023379151
   0.00033479643
  -0.00019227434
  -0.00035979945
   0.00014751495
   0.00037924215
  -0.00010019785
  -0.00039278383
   5.1062730e-05
   0.00040018504
  -8.7408718e-07
  -0.00040129693
  -4.9580907e-05
   0.00039606811
   9.9502049e-05
  -0.00038455576
  -0.00014810534
   0.00036690342
   0.00019461131
  -0.00034336228
  -0.00023827694
   0.00031427286
   0.00027839727
  -0.00028006592
  -0.00031431789
   0.00024126064
   0.00034545661
  -0.00019843916
  -0.00037129013
   0.00015226283
   0.00039138641
  -0.00010344311
  -0.00040539962
   5.2735619e-05
   0.00041307515
  -9.3325950e-07
  -0.00041426053
  -5.1153085e-05
   0.00040890132
   0.00010269977
  -0.00039705027
  -0.00015289117
   0.00037886007
   0.00020092694
  -0.00035458574
  -0.00024603858
   0.00032457639
   0.00028749499
  -0.00028927938
  -0.00032462558
   0.00024922053
   0.00035681609
  -0.00020501351
  -0.00038353816
   0.00015732946
   0.00040433728
  -0.00010690493
  -0.00041885450
   5.4520053e-05
   0.00042682329
  -9.9779695e-07
  -0.00042808999
  -5.2829333e-05
   0.00042259365
   0.00010611074
  -0.00041038290
  -0.00015799606
   0.00039162310
   0.00020766791
  -0.00036656594
  -0.00025432191
   0.00033557910
   0.00029720894
  -0.00029911690
  -0.00033562894
   0.00025772690
   0.00036895107
  -0.00021203656
  -0.00039662223
   0.00016274290
   0.00041817353
  -0.00011060470
  -0.00043322936
   5.6433087e-05
   0.00044152062
  -1.0671787e-06
  -0.00044287299
  -5.4618756e-05
   0.00043723300
   0.00010975305
  -0.00042464462
  -0.00016345517
   0.00040527476
   0.00021487539
  -0.00037938535
  -0.00026318317
   0.00034735361
   0.00030760190
  -0.00030964776
  -0.00034740534
   0.00026683336
   0.00038193944
  -0.00021955830
  -0.00041063000
   0.00016854299
   0.00043299007
  -0.00011457179
  -0.00044862948
   5.8481248e-05
   0.00045726258
  -1.1469981e-06
  -0.00045871517
  -5.6533777e-05
   0.00045292379
   0.00011365509
  -0.00043993289
  -0.00016930481
   0.00041991269
   0.00022260077
  -0.00039313505
  -0.00027268579
   0.00035998304
   0.00031874696
  -0.00032094804
  -0.00036003862
   0.00027660718
   0.00039587631
  -0.00022763298
  -0.00042566359
   0.00017477175
   0.00044889568
  -0.00011883300
  -0.00046516346
   6.0685567e-05
   0.00047417078
  -1.2347472e-06
  -0.00047573356
  -5.8589831e-05
   0.00046978131
   0.00011784450
  -0.00045636340
  -0.00017558975
   0.00043564666
   0.00023090288
  -0.00040791672
  -0.00028289762
   0.00037356812
   0.00033073261
  -0.00033310195
  -0.00037362422
   0.00028712365
   0.00041086738
  -0.00023632506
  -0.00044183969
   0.00018147875
   0.00046601411
  -0.00012342396
  -0.00048296315
   6.3062141e-05
   0.00049237687
  -1.3331504e-06
  -0.00049406269
  -6.0799508e-05
   0.00048794352
   0.00012235532
  -0.00047406771
  -0.00018235716
   0.00045260775
   0.00023984848
  -0.00042385553
  -0.00029390711
   0.00038821619
   0.00034365267
  -0.00034621489
  -0.00038827684
   0.00029847196
   0.00042704066
  -0.00024570618
  -0.00045929539
   0.00018871807
   0.00048448809
  -0.00012838376
  -0.00050217841
   6.5633090e-05
   0.00051203773
  -1.4424818e-06
  -0.00051385999
  -6.3182383e-05
   0.00050756608
   0.00012722489
  -0.00049320166
  -0.00018966854
   0.00047094137
   0.00024951485
  -0.00044108877
  -0.00030580531
   0.00040406250
   0.00035762497
  -0.00036040174
  -0.00040412594
   0.00031075311
   0.00044453866
  -0.00025586177
  -0.00047818410
   0.00019656237
   0.00050448958
  -0.00013375807
  -0.00052298627
   6.8421948e-05
   0.00053333364
  -1.5658433e-06
  -0.00053530964
  -6.5758583e-05
   0.00052883417
   0.00013249929
  -0.00051394347
  -0.00019758819
   0.00049082577
   0.00025999467
  -0.00045978373
  -0.00031871081
   0.00042125377
   0.00037277951
  -0.00037580087
  -0.00042132294
   0.00032408867
   0.00046353074
  -0.00026689559
  -0.00049869598
   0.00020508488
   0.00052621284
  -0.00013960178
  -0.00054559281
   7.1457871e-05
   0.00055647692
  -1.7070776e-06
  -0.00055862984
  -6.8555735e-05
   0.00055196059
   0.00013822808
  -0.00053650863
  -0.00020620099
   0.00051246034
   0.00027139247
  -0.00048013090
  -0.00033274821
   0.00043997816
   0.00038927816
  -0.00039257414
  -0.00044004892
   0.00033862019
   0.00048421881
  -0.00027892273
  -0.00052104513
   0.00021438079
   0.00054989069
  -0.00014598141
  -0.00057024472
   7.4773848e-05
   0.00058171959
  -1.8679141e-06
  -0.00058407459
  -7.1601242e-05
   0.00057720320
   0.00014447641
  -0.00056114443
  -0.00021559732
   0.00053609106
   0.00028383506
  -0.00050236502
  -0.00034808358
   0.00046044055
   0.00040730320
  -0.00041091428
  -0.00046051588
   0.00035451715
   0.00050684119
  -0.00029208407
  -0.00054549186
   0.00022455846
   0.00057580056
  -0.00015296882
  -0.00059722619
   7.8414355e-05
   0.00060936193
  -2.0512353e-06
  -0.00061194634
  -7.4929517e-05
   0.00060486307
   0.00015131285
  -0.00058815460
  -0.00022589332
   0.00056200386
   0.00029747103
  -0.00052675926
  -0.00036490014
   0.00048289989
   0.00042707856
  -0.00043105249
  -0.00048298042
   0.00037197845
   0.00053167818
  -0.00030655145
  -0.00057234639
   0.00023575092
   0.00060427249
  -0.00016066028
  -0.00062688939
   8.2426860e-05
   0.00063976267
  -2.2629646e-06
  -0.00064261157
  -7.8580478e-05
   0.00063531078
   0.00015883210
  -0.00061789332
  -0.00023721866
   0.00059055332
   0.00031248777
  -0.00055364084
  -0.00038342399
   0.00050766102
   0.00044887016
  -0.00045326825
  -0.00050775033
   0.00039124948
   0.00055907786
  -0.00032252234
  -0.00060197846
   0.00024811921
   0.00063570718
  -0.00016916569
  -0.00065965300
   8.6871614e-05
   0.00067335530
  -2.5100695e-06
  -0.00067651303
  -8.2605343e-05
   0.00066898630
   0.00016713710
  -0.00065080086
  -0.00024974133
   0.00062215681
   0.00032909997
  -0.00058341395
  -0.00040392825
   0.00053510080
   0.00047300795
  -0.00047789587
  -0.00053519697
   0.00041262613
   0.00058945319
  -0.00034025219
  -0.00063485029
   0.00026185430
   0.00067059102
  -0.00017862204
  -0.00069603089
   9.1822504e-05
   0.00071067332
  -2.7962874e-06
  -0.00071418938
  -8.7066584e-05
   0.00070642801
   0.00017635662
  -0.00068740990
  -0.00026365851
   0.00065733399
   0.00034757669
  -0.00061657172
  -0.00042674947
   0.00056567601
   0.00049988862
  -0.00050535406
  -0.00056578130
   0.00043647248
   0.00062331826
  -0.00036004361
  -0.00067151726
   0.00027720114
   0.00070952700
  -0.00018919670
  -0.00073665405
   9.7371155e-05
   0.00075236809
  -3.1378716e-06
  -0.00075631139
  -9.2034856e-05
   0.00074831280
   0.00018665483
  -0.00072838285
  -0.00027921923
   0.00069672618
   0.00036825024
  -0.00065372681
  -0.00045230503
   0.00059995604
   0.00053000823
  -0.00053615916
  -0.00060007111
   0.00046324655
   0.00066131346
  -0.00038227944
  -0.00071268042
   0.00029445794
   0.00075326309
  -0.00020110199
  -0.00078231381
   0.00010363175
   0.00079925963
  -3.5460138e-06
  -0.00080371391
  -9.7604344e-05
   0.00079547613
   0.00019822767
  -0.00077455259
  -0.00029673328
   0.00074114139
   0.00039154045
  -0.00069564562
  -0.00048111556
   0.00063865994
   0.00056399162
  -0.00057096351
  -0.00063878781
   0.00049351678
   0.00070423981
  -0.00040744270
  -0.00075922049
   0.00031400367
   0.00080274321
  -0.00021460696
  -0.00083400821
   0.00011075264
   0.00085238772
  -4.0345761e-06
  -0.00085745261
  -0.00010388890
   0.00084898530
   0.00021133207
  -0.00082696847
  -0.00031658899
   0.00079160563
   0.00041797518
  -0.00074330921
  -0.00051384727
   0.00068269983
   0.00060262983
  -0.00061060036
  -0.00068284394
   0.00052802180
   0.00075312929
  -0.00043614821
  -0.00081226114
   0.00033632986
   0.00085918259
  -0.00023005362
  -0.00089301720
   0.00011892096
   0.00091307856
  -4.6341425e-06
  -0.00091889447
  -0.00011103924
   0.00091020958
   0.00022628904
  -0.00088699407
  -0.00033929264
   0.00084944269
   0.00044823634
  -0.00079798411
  -0.00055135566
   0.00073326476
   0.00064695237
  -0.00065614986
  -0.00073342676
   0.00056771233
   0.00080930917
  -0.00046920798
  -0.00087327015
   0.00036207409
   0.00092415826
  -0.00024789666
  -0.00096101242
   0.00012838978
   0.00098307631
  -5.3774351e-06
  -0.00098982205
  -0.00011924332
   0.00098095296
   0.00024352487
  -0.00095641607
  -0.00036550439
   0.00091639762
   0.00048322158
  -0.00086134119
  -0.00059477220
   0.00079191762
   0.00069831081
  -0.00070904453
  -0.00079210520
   0.00061385326
   0.00087454612
  -0.00050769082
  -0.00094419082
   0.00039208261
   0.00099976526
  -0.00026873690
   -0.0010402139
   0.00013949395
    0.0010646973
  -6.3135577e-06
   -0.0010726140
  -0.00012875295
    0.0010636193
   0.00026360180
   -0.0010376256
  -0.00039610165
   0.00099481287
   0.00052413162
  -0.00093562453
  -0.00064560840
   0.00086077140
   0.00075852899
  -0.00077121166
  -0.00086098660
   0.00066815937
   0.00095122445
  -0.00055304627
   -0.0010276455
   0.00042751618
    0.0010888461
  -0.00029340257
   -0.0011336461
   0.00015269324
    0.0011610974
  -7.5170438e-06
   -0.0011705202
  -0.00013990515
    0.0011615013
   0.00028728379
   -0.0011339077
  -0.00043229095
    0.0010879012
   0.00057260651
   -0.0010239317
  -0.00070594979
   0.00094273321
   0.00083010774
  -0.00084533099
  -0.00094299094
   0.00073300506
    0.0010426413
  -0.00060729886
   -0.0011272841
   0.00046998714
    0.0011953543
  -0.00032304846
   -0.0012455162
   0.00016864675
    0.0012766938
  -9.0991116e-06
   -0.0012880963
  -0.00015316677
    0.0012792227
   0.00031563659
   -0.0012498844
  -0.00047575417
    0.0012002098
   0.00063096094
   -0.0011306435
  -0.00077872961
    0.0010419498
   0.00091660693
  -0.00093520729
   -0.0010422583
   0.00081178880
    0.0011534958
  -0.00067335327
   -0.0012483210
   0.00052182227
    0.0013249582
  -0.00035935228
   -0.0013818822
   0.00018831100
    0.0014178525
  -1.1236606e-05
   -0.0014319289
  -0.00016919010
    0.0014234997
   0.00035019208
   -0.0013922900
  -0.00052893222
    0.0013383742
   0.00070255578
   -0.0012621846
  -0.00086823883
    0.0011645052
    0.0010232287
   -0.0010464667
   -0.0011648831
   0.00090954480
    0.0012907274
  -0.00075552474
   -0.0013984739
   0.00058650330
    0.0014860829
  -0.00040484132
   -0.0015517825
   0.00021314377
    0.0015941053
  -1.4225366e-05
   -0.0016119215
  -0.00018893489
    0.0016044578
   0.00039323330
   -0.0015713156
  -0.00059548484
    0.0015124876
   0.00079247270
   -0.0014283630
  -0.00098099558
    0.0013197299
    0.0011579162
   -0.0011877721
   -0.0013202098
    0.0010340620
    0.0014650197
  -0.00086053306
   -0.0015896888
   0.00066947597
    0.0016918218
  -0.00046349460
   -0.0017693134
   0.00024548581
    0.0018203998
  -1.8584260e-05
   -0.0018436694
  -0.00021385120
    0.0018381239
   0.00044831511
   -0.0018031745
  -0.00068118292
    0.0017386760
   0.00090877461
   -0.0016449304
   -0.0011274031
    0.0015226968
    0.0013334312
   -0.0013731897
   -0.0015233296
    0.0011980689
    0.0016937278
  -0.00099942882
   -0.0018414734
   0.00077977254
    0.0019636787
  -0.00054199165
   -0.0020577805
   0.00028931736
    0.0021215674
  -2.5302957e-05
   -0.0021532442
  -0.00024624254
    0.0021514520
   0.00052129492
   -0.0021153015
  -0.00079566254
    0.0020444106
    0.0010650630
   -0.0019389021
   -0.0013251622
    0.0017994327
    0.0015716503
   -0.0016271914
   -0.0018003057
    0.0014238899
    0.0020070498
   -0.0011917633
   -0.0021880241
   0.00093353564
    0.0023396335
  -0.00065241523
   -0.0024586293
   0.00035203886
    0.0025421470
  -3.6443016e-05
   -0.0025877623
  -0.00028997898
    0.0025935485
   0.00062254279
   -0.0025581069
  -0.00095632546
    0.0024806011
    0.0012862198
   -0.0023607993
   -0.0016070183
    0.0021990804
    0.0019134725
   -0.0019964526
   -0.0022003647
    0.0017545651
    0.0024625954
   -0.0014756869
   -0.0026952371
    0.0011627154
    0.0028936270
  -0.00081914128
   -0.0030534294
   0.00044902415
    0.0031707078
  -5.6954084e-05
   -0.0032419885
  -0.00035198819
    0.0032643294
   0.00077229102
   -0.0032353734
   -0.0011980736
    0.0031533889
    0.0016231353
   -0.0030173338
   -0.0020410475
    0.0028268729
    0.0024452150
   -0.0025824156
   -0.0028289606
    0.0022851313
    0.0031856024
   -0.0019369679
   -0.0035085477
    0.0015406398
    0.0037913625
   -0.0010996338
   -0.0040278632
   0.00061819117
    0.0042122036
  -0.00010127298
   -0.0043389436
  -0.00044546434
    0.0044031312
    0.0010157154
   -0.0044003681
   -0.0016025690
    0.0043268822
    0.0021985719
   -0.0041795776
   -0.0027957831
    0.0039560898
    0.0033858427
   -0.0036548271
   -0.0039600429
    0.0032749984
    0.0045093930
   -0.0028166425
   -0.0050246967
    0.0022806330
    0.0054966150
   -0.0016686843
   -0.0059157359
   0.00098333672
    0.0062726298
  -0.00022793498
   -0.0065578997
  -0.00059341173
    0.0067622123
    0.0014758756
   -0.0068763172
   -0.0024139772
    0.0068910387
    0.0034016656
   -0.0067972379
   -0.0044324242
    0.0065857193
    0.0054993767
   -0.0062471082
   -0.0065954538
    0.0057716167
    0.0077135655
   -0.0051487233
   -0.0088468383
    0.0043666927
    0.0099889239
   -0.0034118737
    -0.011134429
    0.0022676465
     0.012279510
  -0.00091287851
    -0.013422793
  -0.00068046101
     0.014566853
    0.0025510776
    -0.015720642
   -0.0047544522
     0.016903914
    0.0073732996
    -0.018155642
    -0.010536350
     0.019551387
     0.014454429
    -0.021242683
    -0.019495837
     0.023557537
     0.026362181
    -0.027301787
    -0.036565493
     0.034904027
     0.054050219
    -0.056903304
    -0.093302874
      0.20926383
      0.73306068
       1.0000000
      0.73306068
      0.20926382
    -0.093302875
    -0.056903304
     0.054050220
     0.034904027
    -0.036565493
    -0.027301788
     0.026362181
     0.023557537
    -0.019495836
    -0.021242682
     0.014454429
     0.019551387
    -0.010536351
    -0.018155642
    0.0073733000
     0.016903915
   -0.0047544514
    -0.015720642
    0.0025510767
     0.014566852
  -0.00068046227
    -0.013422794
  -0.00091287880
     0.012279510
    0.0022676470
    -0.011134429
   -0.0034118730
    0.0099889249
    0.0043666938
   -0.0088468376
   -0.0051487235
    0.0077135643
    0.0057716152
   -0.0065954546
   -0.0062471083
    0.0054993771
    0.0065857197
   -0.0044324238
   -0.0067972373
    0.0034016664
    0.0068910394
   -0.0024139767
   -0.0068763172
    0.0014758751
    0.0067622113
  -0.00059341280
   -0.0065579002
  -0.00022793456
    0.0062726307
   0.00098333735
   -0.0059157359
   -0.0016686845
    0.0054966151
    0.0022806335
   -0.0050246963
   -0.0028166426
    0.0045093927
    0.0032749981
   -0.0039600433
   -0.0036548277
    0.0033858419
    0.0039560892
   -0.0027957830
   -0.0041795770
    0.0021985726
    0.0043268827
   -0.0016025687
   -0.0044003680
    0.0010157153
    0.0044031306
  -0.00044546530
   -0.0043389445
  -0.00010127339
    0.0042122037
   0.00061819152
   -0.0040278629
   -0.0010996339
    0.0037913623
    0.0015406401
   -0.0035085467
   -0.0019369663
    0.0031856038
    0.0022851319
   -0.0028289608
   -0.0025824163
    0.0024452142
    0.0028268722
   -0.0020410484
   -0.0030173347
    0.0016231351
    0.0031533897
   -0.0011980723
   -0.0032353722
   0.00077229155
    0.0032643294
  -0.00035198837
   -0.0032419889
  -5.6955210e-05
    0.0031707061
   0.00044902259
   -0.0030534300
  -0.00081914077
    0.0028936280
    0.0011627161
   -0.0026952367
   -0.0014756865
    0.0024625956
    0.0017545647
   -0.0022003655
   -0.0019964534
    0.0019134725
    0.0021990812
   -0.0016070172
   -0.0023607985
    0.0012862201
    0.0024806012
  -0.00095632526
   -0.0025581067
   0.00062254274
    0.0025935479
  -0.00028997998
   -0.0025877634
  -3.6443730e-05
    0.0025421470
   0.00035203939
   -0.0024586288
  -0.00065241495
    0.0023396337
   0.00093353610
   -0.0021880234
   -0.0011917627
    0.0020070499
    0.0014238894
   -0.0018003063
   -0.0016271918
    0.0015716504
    0.0017994329
   -0.0013251623
   -0.0019389024
    0.0010650625
    0.0020444101
  -0.00079566300
   -0.0021153018
   0.00052129494
    0.0021514524
  -0.00024624203
   -0.0021532439
  -2.5302949e-05
    0.0021215673
   0.00028931727
   -0.0020577805
  -0.00054199146
    0.0019636792
   0.00077977332
   -0.0018414729
  -0.00099942914
    0.0016937268
    0.0011980680
   -0.0015233299
   -0.0013731893
    0.0013334318
    0.0015226969
   -0.0011274035
   -0.0016449310
   0.00090877422
    0.0017386761
  -0.00068118232
   -0.0018031738
   0.00044831559
    0.0018381240
  -0.00021385141
   -0.0018436698
  -1.8584971e-05
    0.0018203989
   0.00024548488
   -0.0017693141
  -0.00046349463
    0.0016918225
   0.00066947713
   -0.0015896879
  -0.00086053294
    0.0014650192
    0.0010340615
   -0.0013202097
   -0.0011877717
    0.0011579163
    0.0013197293
  -0.00098099623
   -0.0014283630
   0.00079247338
    0.0015124884
  -0.00059548451
   -0.0015713158
   0.00039323322
    0.0016044581
  -0.00018893429
   -0.0016119212
  -1.4225423e-05
    0.0015941052
   0.00021314427
   -0.0015517814
  -0.00040484054
    0.0014860825
   0.00058650170
   -0.0013984759
  -0.00075552627
    0.0012907268
   0.00090954476
   -0.0011648827
   -0.0010464661
    0.0010232293
    0.0011645057
  -0.00086823843
   -0.0012621841
   0.00070255640
    0.0013383748
  -0.00052893212
   -0.0013922905
   0.00035019112
    0.0014234989
  -0.00016919023
   -0.0014319284
  -1.1235998e-05
    0.0014178528
   0.00018831109
   -0.0013818821
  -0.00035935208
    0.0013249584
   0.00052182220
   -0.0012483212
  -0.00067335351
    0.0011534956
   0.00081178835
   -0.0010422588
  -0.00093520756
   0.00091660729
    0.0010419506
  -0.00077872891
   -0.0011306435
   0.00063096021
    0.0012002088
  -0.00047575483
   -0.0012498843
   0.00031563752
    0.0012792240
  -0.00015316574
   -0.0012880960
  -9.0993390e-06
    0.0012766934
   0.00016864632
   -0.0012455164
  -0.00032304859
    0.0011953542
   0.00046998691
   -0.0011272844
  -0.00060729924
    0.0010426411
   0.00073300510
  -0.00094299064
  -0.00084533051
   0.00083010832
   0.00094273371
  -0.00070594960
   -0.0010239320
   0.00057260587
    0.0010879004
  -0.00043229142
   -0.0011339077
   0.00028728397
    0.0011615014
  -0.00013990551
   -0.0011705208
  -7.5173950e-06
    0.0011610979
   0.00015269445
   -0.0011336449
  -0.00029340213
    0.0010888457
   0.00042751539
   -0.0010276458
  -0.00055304574
   0.00095122545
   0.00066816006
  -0.00086098689
  -0.00077121297
   0.00075852727
   0.00086077012
  -0.00064560876
  -0.00093562412
   0.00052413219
   0.00099481307
  -0.00039610189
   -0.0010376259
   0.00026360190
    0.0010636199
  -0.00012875215
   -0.0010726133
  -6.3131142e-06
    0.0010646976
   0.00013949423
   -0.0010402137
  -0.00026873665
   0.00099976561
   0.00039208306
  -0.00094419042
  -0.00050769067
   0.00087454593
   0.00061385280
  -0.00079210584
  -0.00070904515
   0.00069831055
   0.00079191797
  -0.00059477146
  -0.00086134067
   0.00048322145
   0.00091639708
  -0.00036550477
  -0.00095641606
   0.00024352494
   0.00098095267
  -0.00011924398
  -0.00098982273
  -5.3778404e-06
   0.00098307629
   0.00012839011
  -0.00096101185
  -0.00024789609
   0.00092415852
   0.00036207390
  -0.00087327061
  -0.00046920838
   0.00080930901
   0.00056771228
  -0.00073342689
  -0.00065615005
   0.00064695242
   0.00073326531
  -0.00055135479
  -0.00079798349
   0.00044823628
   0.00084944211
  -0.00033929309
  -0.00088699390
   0.00022628973
   0.00091021016
  -0.00011103923
  -0.00091889492
  -4.6345676e-06
   0.00091307841
   0.00011892086
  -0.00089301757
  -0.00023005419
   0.00085918222
   0.00033632985
  -0.00081226112
  -0.00043614854
   0.00075312878
   0.00052802165
  -0.00068284359
  -0.00061060001
   0.00060262975
   0.00068269957
  -0.00051384714
  -0.00074330868
   0.00041797547
   0.00079160522
  -0.00031658979
  -0.00082696902
   0.00021133201
   0.00084898546
  -0.00010388876
  -0.00085745242
  -4.0342357e-06
   0.00085238808
   0.00011075288
  -0.00083400800
  -0.00021460653
   0.00080274394
   0.00031400443
  -0.00075922008
  -0.00040744277
   0.00070423945
   0.00049351647
  -0.00063878792
  -0.00057096361
   0.00056399127
   0.00063865932
  -0.00048111618
  -0.00069564599
   0.00039154034
   0.00074114146
  -0.00029673309
  -0.00077455233
   0.00019822786
   0.00079547619
  -9.7604169e-05
  -0.00080371332
  -3.5450838e-06
   0.00079926042
   0.00010363197
  -0.00078231416
  -0.00020110262
   0.00075326254
   0.00029445784
  -0.00071267984
  -0.00038227849
   0.00066131386
   0.00046324569
  -0.00060007292
  -0.00053616073
   0.00053000773
   0.00059995638
  -0.00045230458
  -0.00065372655
   0.00036825053
   0.00069672662
  -0.00027921884
  -0.00072838262
   0.00018665508
   0.00074831312
  -9.2034809e-05
  -0.00075631204
  -3.1391347e-06
   0.00075236686
   9.7370581e-05
  -0.00073665380
  -0.00018919581
   0.00070952817
   0.00027720216
  -0.00067151681
  -0.00036004386
   0.00062331769
   0.00043647218
  -0.00056578111
  -0.00050535380
   0.00049988838
   0.00056567522
  -0.00042675018
  -0.00061657167
   0.00034757745
   0.00065733469
  -0.00026365849
  -0.00068741031
   0.00017635656
   0.00070642862
  -8.7065945e-05
  -0.00071418956
  -2.7972848e-06
   0.00071067242
   9.1822593e-05
  -0.00069602982
  -0.00017862073
   0.00067059181
   0.00026185426
  -0.00063485110
  -0.00034025351
   0.00058945183
   0.00041262531
  -0.00053519686
  -0.00047789495
   0.00047300919
   0.00053510188
  -0.00040392761
  -0.00058341388
   0.00032909948
   0.00062215591
  -0.00024974232
  -0.00065080166
   0.00016713662
   0.00066898625
  -8.2604757e-05
  -0.00067651182
  -2.5087238e-06
   0.00067335601
   8.6871331e-05
  -0.00065965383
  -0.00016916631
   0.00063570702
   0.00024811909
  -0.00060197897
  -0.00032252309
   0.00055907747
   0.00039124983
  -0.00050774948
  -0.00045326746
   0.00044887043
   0.00050766074
  -0.00038342451
  -0.00055364112
   0.00031248807
   0.00059055413
  -0.00023721780
  -0.00061789290
   0.00015883193
   0.00063531025
  -7.8581028e-05
  -0.00064261197
  -2.2632294e-06
   0.00063976245
   8.2426656e-05
  -0.00062688948
  -0.00016066014
   0.00060427290
   0.00023575146
  -0.00057234592
  -0.00030655113
   0.00053167841
   0.00037197862
  -0.00048298047
  -0.00043105294
   0.00042707782
   0.00048289929
  -0.00036490012
  -0.00052675860
   0.00029747183
   0.00056200427
  -0.00022589332
  -0.00058815460
   0.00015131315
   0.00060486338
  -7.4929640e-05
  -0.00061194682
  -2.0514423e-06
   0.00060936237
   7.8414937e-05
  -0.00059722630
  -0.00015296979
   0.00057579942
   0.00022455785
  -0.00054549206
  -0.00029208445
   0.00050684039
   0.00035451628
  -0.00046051644
  -0.00041091453
   0.00040730307
   0.00046044059
  -0.00034808322
  -0.00050236435
   0.00028383576
   0.00053609152
  -0.00021559721
  -0.00056114461
   0.00014447616
   0.00057720325
  -7.1600637e-05
  -0.00058407359
  -1.8670525e-06
   0.00058171996
   7.4773942e-05
  -0.00057024445
  -0.00014598092
   0.00054989093
   0.00021438040
  -0.00052104586
  -0.00027892302
   0.00048421943
   0.00033862144
  -0.00044004779
  -0.00039257371
   0.00038927778
   0.00043997708
  -0.00033274979
  -0.00048013270
   0.00027139100
   0.00051245971
  -0.00020620073
  -0.00053650804
   0.00013822830
   0.00055196024
  -6.8556214e-05
  -0.00055862988
  -1.7065193e-06
   0.00055647770
   7.1458392e-05
  -0.00054559272
  -0.00013960188
   0.00052621288
   0.00020508519
  -0.00049869552
  -0.00026689513
   0.00046353118
   0.00032408913
  -0.00042132253
  -0.00037580052
   0.00037278005
   0.00042125477
  -0.00031870964
  -0.00045978332
   0.00025999348
   0.00049082315
  -0.00019759101
  -0.00051394519
   0.00013249901
   0.00052883469
  -6.5758157e-05
  -0.00053530966
  -1.5659982e-06
   0.00053333387
   6.8422679e-05
  -0.00052298551
  -0.00013375792
   0.00050448888
   0.00019656122
  -0.00047818504
  -0.00025586210
   0.00044453902
   0.00031075401
  -0.00040412468
  -0.00036040049
   0.00035762577
   0.00040406265
  -0.00030580559
  -0.00044108904
   0.00024951490
   0.00047094177
  -0.00018966800
  -0.00049320133
   0.00012722474
   0.00050756553
  -6.3182901e-05
  -0.00051386007
  -1.4422063e-06
   0.00051203795
   6.5633036e-05
  -0.00050217852
  -0.00012838370
   0.00048448822
   0.00018871803
  -0.00045929558
  -0.00024570630
   0.00042704059
   0.00029847169
  -0.00038827739
  -0.00034621548
   0.00034365238
   0.00038821620
  -0.00029390697
  -0.00042385532
   0.00023984883
   0.00045260821
  -0.00018235681
  -0.00047406754
   0.00012235552
   0.00048794400
  -6.0798843e-05
  -0.00049406227
  -1.3332676e-06
   0.00049237646
   6.3061901e-05
  -0.00048296316
  -0.00012342426
   0.00046601305
   0.00018147731
  -0.00044184045
  -0.00023632454
   0.00041086855
   0.00028712421
  -0.00037362474
  -0.00033310283
   0.00033073237
   0.00037356870
  -0.00028289680
  -0.00040791614
   0.00023090329
   0.00043564707
  -0.00017558945
  -0.00045636342
   0.00011784421
   0.00046978092
  -5.8590307e-05
  -0.00047573419
  -1.2353425e-06
   0.00047417064
   6.0686053e-05
  -0.00046516273
  -0.00011883260
   0.00044889553
   0.00017477129
  -0.00042566390
  -0.00022763292
   0.00039587665
   0.00027660750
  -0.00036003856
  -0.00032094817
   0.00031874691
   0.00035998325
  -0.00027268551
  -0.00039313508
   0.00022260024
   0.00041991184
  -0.00016930563
  -0.00043993342
   0.00011365493
   0.00045292395
  -5.6533452e-05
  -0.00045871481
  -1.1466032e-06
   0.00045726311
   5.8481855e-05
  -0.00044862915
  -0.00011457209
   0.00043298922
   0.00016854225
  -0.00041062999
  -0.00021955747
   0.00038194054
   0.00026683406
  -0.00034740532
  -0.00030964834
   0.00030760098
   0.00034735273
  -0.00026318364
  -0.00037938522
   0.00021487594
   0.00040527526
  -0.00016345503
  -0.00042464478
   0.00010975291
   0.00043723300
  -5.4618737e-05
  -0.00044287311
  -1.0674502e-06
   0.00044152029
   5.6432844e-05
  -0.00043322936
  -0.00011060433
   0.00041817419
   0.00016274361
  -0.00039662161
  -0.00021203594
   0.00036895177
   0.00025772740
  -0.00033562901
  -0.00029911745
   0.00029720845
   0.00033557901
  -0.00025432194
  -0.00036656657
   0.00020766649
   0.00039162135
  -0.00015799757
  -0.00041038397
   0.00010611018
   0.00042259383
  -5.2828192e-05
  -0.00042808807
  -9.9574473e-07
   0.00042682486
   5.4520892e-05
  -0.00041885437
  -0.00010690545
   0.00040433624
   0.00015732830
  -0.00038353879
  -0.00020501311
   0.00035681740
   0.00024922199
  -0.00032462483
  -0.00028927975
   0.00028749383
   0.00032457526
  -0.00024603902
  -0.00035458541
   0.00020092752
   0.00037886032
  -0.00015289132
  -0.00039705030
   0.00010270026
   0.00040890207
  -5.1152760e-05
  -0.00041426095
  -9.3394625e-07
   0.00041307487
   5.2735870e-05
  -0.00040539927
  -0.00010344297
   0.00039138640
   0.00015226281
  -0.00037129034
  -0.00019843977
   0.00034545574
   0.00024125987
  -0.00031431845
  -0.00028006644
   0.00027839678
   0.00031427269
  -0.00023827648
  -0.00034336130
   0.00019461232
   0.00036690403
  -0.00014810511
  -0.00038455551
   9.9502746e-05
   0.00039606917
  -4.9580218e-05
  -0.00040129734
  -8.7546289e-07
   0.00040018371
   5.1062367e-05
  -0.00039278337
  -0.00010019748
   0.00037924187
   0.00014751432
  -0.00035979992
  -0.00019227454
   0.00033479629
   0.00023379131
  -0.00030464715
  -0.00027142357
   0.00026985618
   0.00030460283
  -0.00023098995
  -0.00033282717
   0.00018868101
   0.00035567871
  -0.00014360955
  -0.00037282245
   9.6499544e-05
   0.00038401800
  -4.8101942e-05
  -0.00038912138
  -8.2189824e-07
   0.00038807475
   4.9493524e-05
  -0.00038092911
  -9.7150952e-05
   0.00036782721
   0.00014305309
  -0.00034899896
  -0.00018648107
   0.00032477420
   0.00022677052
  -0.00029555380
  -0.00026329863
   0.00026182375
   0.00029551027
  -0.00022413592
  -0.00032292057
   0.00018310007
   0.00034511955
  -0.00013937925
  -0.00036178482
   9.3672107e-05
   0.00037267988
  -4.6706557e-05
  -0.00037766022
  -7.7243845e-07
   0.00037667633
   4.8017512e-05
  -0.00036976954
  -9.4284452e-05
   0.00035707861
   0.00013885223
  -0.00033882919
  -0.00018102800
   0.00031533351
   0.00022015851
  -0.00028698760
  -0.00025564595
   0.00025425542
   0.00028694454
  -0.00021767670
  -0.00031358600
   0.00017784050
   0.00033516990
  -0.00013539041
  -0.00035138159
   9.1005330e-05
   0.00036199124
  -4.5390690e-05
  -0.00036685581
  -7.2886817e-07
   0.00036592581
   4.6624614e-05
  -0.00035924597
  -9.1581391e-05
   0.00034694174
   0.00013489227
  -0.00032923388
  -0.00017588273
   0.00030642826
   0.00021392242
  -0.00027890344
  -0.00024842497
   0.00024711349
   0.00027886291
  -0.00021157785
  -0.00030477457
   0.00017287591
   0.00032577884
  -0.00013162306
  -0.00034156003
   8.8485564e-05
   0.00035189752
  -4.4148063e-05
  -0.00035665252
  -6.8690674e-07
   0.00035577580
   4.5314375e-05
  -0.00034930225
  -8.9028437e-05
   0.00033736397
   0.00013115103
  -0.00032016847
  -0.00017102409
   0.00029801002
   0.00020802946
  -0.00027126056
  -0.00024159856
   0.00024036232
   0.00027122244
  -0.00020581397
  -0.00029644708
   0.00016817911
   0.00031689820
  -0.00012806037
  -0.00033227207
   8.6102933e-05
   0.00034235283
  -4.2970838e-05
  -0.00034700172
  -6.5023019e-07
   0.00034617035
   4.4072320e-05
  -0.00033989601
  -8.6613799e-05
   0.00032830188
   0.00012761293
  -0.00031158724
  -0.00016642445
   0.00029004315
   0.00020245069
  -0.00026402997
  -0.00023514210
   0.00023396760
   0.00026398923
  -0.00020035502
  -0.00028856182
   0.00016373123
   0.00030848891
  -0.00012468608
  -0.00032347684
   8.3844623e-05
   0.00033331218
  -4.1854682e-05
  -0.00033785935
  -6.1570931e-07
   0.00033707144
   4.2897851e-05
  -0.00033098328
  -8.4328616e-05
   0.00031971119
   0.00012425809
  -0.00030345632
  -0.00016206731
   0.00028249156
   0.00019716644
  -0.00025717000
  -0.00022901731
   0.00022790706
   0.00025713310
  -0.00019517768
  -0.00028108534
   0.00015951183
   0.00030051386
  -0.00012148465
  -0.00031513436
   8.1701728e-05
   0.00032473522
  -4.0797207e-05
  -0.00032918800
  -5.8457984e-07
   0.00032843830
   4.1784209e-05
  -0.00032252576
  -8.2159983e-05
   0.00031156020
   0.00012107718
  -0.00029573669
  -0.00015793070
   0.00027532362
   0.00019214981
  -0.00025065941
  -0.00022320500
   0.00022215179
   0.00025062370
  -0.00019026111
  -0.00027398546
   0.00015550636
   0.00029294226
  -0.00011844363
  -0.00030721255
   7.9665468e-05
   0.00031659060
  -3.9788703e-05
  -0.00032094822
  -5.5458318e-07
   0.00032023728
   4.0728298e-05
  -0.00031448844
  -8.0099701e-05
   0.00030381424
   0.00011805482
  -0.00028840034
  -0.00015400070
   0.00026850961
   0.00018738196
  -0.00024446999
  -0.00021768081
   0.00021667825
   0.00024443349
  -0.00018558770
  -0.00026723647
   0.00015169570
   0.00028574133
  -0.00011555164
  -0.00029967898
   7.7727582e-05
   0.00030884242
  -3.8830510e-05
  -0.00031311024
  -5.2505323e-07
   0.00031243580
   3.9722004e-05
  -0.00030684433
  -7.8140687e-05
   0.00029644421
   0.00011517811
  -0.00028142214
  -0.00015026369
   0.00026202425
   0.00018284469
  -0.00023858001
  -0.00021242411
   0.00021146947
   0.00023854487
  -0.00018113558
  -0.00026081038
   0.00014806865
   0.00027888746
  -0.00011279652
  -0.00029250606
   7.5881595e-05
   0.00030146482
  -3.7917590e-05
  -0.00030564815
  -5.0090959e-07
   0.00030500379
   3.8765311e-05
  -0.00029956107
  -7.6274250e-05
   0.00028942413
   0.00011244105
  -0.00027476922
  -0.00014670042
   0.00025584533
   0.00017852132
  -0.00023296656
  -0.00020741355
   0.00020650596
   0.00023293182
  -0.00017689457
  -0.00025468808
   0.00014460956
   0.00027235331
  -0.00011017059
  -0.00028566791
   7.4123132e-05
   0.00029443333
  -3.7045565e-05
  -0.00029853278
  -4.7752165e-07
   0.00029791789
   3.7853614e-05
  -0.00029261620
  -7.4495827e-05
   0.00028272731
   0.00010982841
  -0.00026842668
  -0.00014330407
   0.00024995128
   0.00017439840
  -0.00022761196
  -0.00020263640
   0.00020176758
   0.00022757564
  -0.00017284786
  -0.00024884694
   0.00014130805
   0.00026611888
  -0.00010766248
  -0.00027914059
   7.2444543e-05
   0.00028772138
  -3.6213619e-05
  -0.00029174093
  -4.5464906e-07
   0.00029115465
   3.6983941e-05
  -0.00028598619
  -7.2797970e-05
   0.00027633473
   0.00010733582
  -0.00026236997
  -0.00014006203
   0.00024432246
   0.00017046309
  -0.00022249491
  -0.00019807103
   0.00019724437
   0.00022246235
  -0.00016897999
  -0.00024326567
   0.00013815504
   0.00026016320
  -0.00010526748
  -0.00027290676
   7.0838920e-05
   0.00028130839
  -3.5417398e-05
  -0.00028525034
  -4.3310070e-07
   0.00028469175
   3.6154470e-05
  -0.00027964786
  -7.1174263e-05
   0.00027022507
   0.00010495431
  -0.00025657821
  -0.00013696025
   0.00023894259
   0.00016669928
  -0.00021760591
  -0.00019370800
   0.00019291996
   0.00021757362
  -0.00016528292
  -0.00023793049
   0.00013513998
   0.00025446942
  -0.00010297591
  -0.00026694491
   6.9303205e-05
   0.00027517473
  -3.4657095e-05
  -0.00027904478
  -4.1508684e-07
   0.00027850784
   3.5358852e-05
  -0.00027358808
  -6.9624809e-05
   0.00026437773
   0.00010267472
  -0.00025103888
  -0.00013399526
   0.00023379397
   0.00016309945
  -0.00021292621
  -0.00018953440
   0.00018877870
   0.00021289439
  -0.00016174270
  -0.00023282276
   0.00013225337
   0.00024901758
  -0.00010078397
  -0.00026123907
   6.7832591e-05
   0.00026930386
  -3.3926760e-05
  -0.00027310150
  -3.9748318e-07
   0.00027258636
   3.4597190e-05
  -0.00026778438
  -6.8139479e-05
   0.00025878000
   0.00010049370
  -0.00024573231
  -0.00013115546
   0.00022886160
   0.00015965041
  -0.00020844349
  -0.00018553477
   0.00018481373
   0.00020841229
  -0.00015835289
  -0.00022793140
   0.00012948798
   0.00024379685
  -9.8680798e-05
  -0.00025577081
   6.6422371e-05
   0.00026367602
  -3.3229085e-05
  -0.00026740738
  -3.8026110e-07
   0.00026691349
   3.3869803e-05
  -0.00026222020
  -6.6715326e-05
   0.00025341427
   9.8402051e-05
  -0.00024064723
  -0.00012843424
   0.00022413383
   0.00015634490
  -0.00020414685
  -0.00018170313
   0.00018101013
   0.00020411565
  -0.00015510058
  -0.00022324114
   0.00012683374
   0.00023878763
  -9.6665160e-05
  -0.00025052609
   6.5071978e-05
   0.00025828159
  -3.2556816e-05
  -0.00026194397
  -3.6305321e-07
   0.00026147242
   3.3172417e-05
  -0.00025688311
  -6.5350465e-05
   0.00024826601
   9.6396436e-05
  -0.00023576680
  -0.00012582266
   0.00021959728
   0.00015317334
  -0.00020002240
  -0.00017802386
   0.00017736219
   0.00019999326
  -0.00015197906
  -0.00021873856
   0.00012428922
   0.00023398290
  -9.4729843e-05
  -0.00024549431
   6.3772404e-05
   0.00025310115
  -3.1912916e-05
  -0.00025670130
  -3.4927293e-07
   0.00025624678
   3.2502290e-05
  -0.00025175899
  -6.4040470e-05
   0.00024332184
   9.4469214e-05
  -0.00023108229
  -0.00012331640
   0.00021524053
   0.00015012798
  -0.00019606232
  -0.00017449325
   0.00017385532
   0.00019603220
  -0.00014898132
  -0.00021441476
   0.00012184310
   0.00022936614
  -9.2870373e-05
  -0.00024065877
   6.2526124e-05
   0.00024812651
  -3.1291843e-05
  -0.00025166181
  -3.3389400e-07
   0.00025122745
   3.1859510e-05
  -0.00024683460
  -6.2781139e-05
   0.00023857167
   9.2618768e-05
  -0.00022657877
  -0.00012090692
   0.00021105339
   0.00014720124
  -0.00019225487
  -0.00017109770
   0.00017048578
   0.00019222395
  -0.00014610191
  -0.00021025999
   0.00011949156
   0.00022492858
  -9.1082520e-05
  -0.00023601040
   6.1327053e-05
   0.00024334222
  -3.0697043e-05
  -0.00024681902
  -3.2116150e-07
   0.00024639959
   3.1239534e-05
  -0.00024210165
  -6.1571725e-05
   0.00023400373
   9.0840190e-05
  -0.00022224733
  -0.00011859003
   0.00020702616
   0.00014438663
  -0.00018859268
  -0.00016783162
   0.00016724621
   0.00018856423
  -0.00014332852
  -0.00020626153
   0.00011722968
   0.00022066006
  -8.9361640e-05
  -0.00023153827
   6.0172672e-05
   0.00023873915
  -3.0123299e-05
  -0.00024215792
  -3.0858018e-07
   0.00024175423
   3.0644258e-05
  -0.00023754537
  -6.0406981e-05
   0.00022960790
   8.9129053e-05
  -0.00021807771
  -0.00011635968
   0.00020314988
   0.00014167740
  -0.00018506786
  -0.00016468886
   0.00016412579
   0.00018503933
  -0.00014065995
  -0.00020241330
   0.00011505071
   0.00021654896
  -8.7706037e-05
  -0.00022723311
   5.9060992e-05
   0.00023430686
  -2.9571417e-05
  -0.00023767069
  -2.9726502e-07
   0.00023728110
   3.0072222e-05
  -0.00023315629
  -5.9284832e-05
   0.00022537380
   8.7479662e-05
  -0.00021406373
  -0.00011421324
   0.00019941562
   0.00013906825
  -0.00018167216
  -0.00016166181
   0.00016111931
   0.00018164351
  -0.00013808912
  -0.00019870619
   0.00011295131
   0.00021258853
  -8.6110469e-05
  -0.00022308531
   5.7989463e-05
   0.00023003685
  -2.9037538e-05
  -0.00023334465
  -2.8557061e-07
   0.00023296992
   2.9519602e-05
  -0.00022892808
  -5.8204817e-05
   0.00022129247
   8.5890563e-05
  -0.00021019343
  -0.00011214258
   0.00019581778
   0.00013655417
  -0.00017839879
  -0.00015874426
   0.00015822058
   0.00017836939
  -0.00013561126
  -0.00019513219
   0.00011092902
   0.00020877372
  -8.4568156e-05
  -0.00021908346
   5.6956884e-05
   0.00022591846
  -2.8524722e-05
  -0.00022917476
  -2.7439294e-07
   0.00022881413
   2.8988953e-05
  -0.00022484863
  -5.7161898e-05
   0.00021735733
   8.4357999e-05
  -0.00020646225
  -0.00011014803
   0.00019234564
   0.00013412864
  -0.00017524132
  -0.00015592949
   0.00015542647
   0.00017521520
  -0.00013321647
  -0.00019168264
   0.00010897579
   0.00020508843
  -8.3085576e-05
  -0.00021522663
   5.5958687e-05
   0.00022194508
  -2.8028787e-05
  -0.00022515092
  -2.6457331e-07
   0.00022480265
   2.8475793e-05
  -0.00022091331
  -5.6157320e-05
   0.00021355857
   8.2880002e-05
  -0.00020285855
  -0.00010822092
   0.00018899452
   0.00013178630
  -0.00017219478
  -0.00015321366
   0.00015272664
   0.00017216537
  -0.00013091011
  -0.00018835507
   0.00010709170
   0.00020153398
  -8.1651630e-05
  -0.00021150152
   5.4996246e-05
   0.00021810973
  -2.7550229e-05
  -0.00022126694
  -2.5588583e-07
   0.00022092928
   2.7980318e-05
  -0.00021711371
  -5.5187705e-05
   0.00020988981
   8.1451358e-05
  -0.00019938085
  -0.00010636144
   0.00018575943
   0.00012952776
  -0.00016924881
  -0.00015058819
   0.00015012140
   0.00016922287
  -0.00012867955
  -0.00018514021
   0.00010527045
   0.00019809903
  -8.0266745e-05
  -0.00020790244
   5.4067188e-05
   0.00021440530
  -2.7086794e-05
  -0.00021751326
  -2.4652363e-07
   0.00021718718
   2.7501156e-05
  -0.00021344292
  -5.4250499e-05
   0.00020634605
   8.0072459e-05
  -0.00019601904
  -0.00010456410
   0.00018263220
   0.00012734222
  -0.00016640603
  -0.00014805446
   0.00014760188
   0.00016637854
  -0.00012652443
  -0.00018203400
   0.00010350987
   0.00019477959
  -7.8927849e-05
  -0.00020442462
   5.3167028e-05
   0.00021082216
  -2.6640704e-05
  -0.00021388578
  -0.00018998022
  -0.00018998020
