    -0.026269020
    -0.025680524
    -0.025088260
    -0.024492293
    -0.023892684
    -0.023289499
    -0.022682802
    -0.022072659
    -0.021459135
    -0.020842295
    -0.020222208
    -0.019598939
    -0.018972557
    -0.018343129
    -0.017710724
    -0.017075411
    -0.016437258
    -0.015796336
    -0.015152714
    -0.014506463
    -0.013857655
    -0.013206359
    -0.012552649
    -0.011896595
    -0.011238271
    -0.010577749
   -0.0099151014
   -0.0092504028
   -0.0085837265
   -0.0079151466
   -0.0072447376
   -0.0065725741
   -0.0058987312
   -0.0052232842
   -0.0045463086
   -0.0038678804
   -0.0031880757
   -0.0025069710
   -0.0018246427
   -0.0011411680
  -0.00045662386
   0.00022891231
   0.00091536293
    0.0016026502
    0.0022906962
    0.0029794226
    0.0036687511
    0.0043586032
    0.0050489001
    0.0057395630
    0.0064305128
    0.0071216705
    0.0078129566
    0.0085042918
    0.0091955965
    0.0098867912
     0.010577796
     0.011268531
     0.011958917
     0.012648873
     0.013338319
     0.014027176
     0.014715363
     0.015402800
     0.016089407
     0.016775104
     0.017459810
     0.018143445
     0.018825930
     0.019507183
     0.020187125
     0.020865675
     0.021542755
     0.022218282
     0.022892179
     0.023564364
     0.024234757
     0.024903281
     0.025569854
     0.026234397
     0.026896831
     0.027557076
     0.028215054
     0.028870686
     0.029523893
     0.030174595
     0.030822716
     0.031468176
     0.032110897
     0.032750803
     0.033387814
     0.034021853
     0.034652844
     0.035280710
     0.035905373
     0.036526757
     0.037144786
     0.037759385
     0.038370477
     0.038977987
     0.039581840
     0.040181962
     0.040778277
     0.041370713
     0.041959195
     0.042543650
     0.043124004
     0.043700186
     0.044272122
     0.044839742
     0.045402972
     0.045961743
     0.046515984
     0.047065624
     0.047610593
     0.048150822
     0.048686242
     0.049216784
     0.049742380
     0.050262963
     0.050778466
     0.051288821
     0.051793963
     0.052293825
     0.052788344
     0.053277453
     0.053761089
     0.054239188
     0.054711688
     0.055178525
     0.055639638
     0.056094965
     0.056544446
     0.056988020
     0.057425627
     0.057857209
     0.058282706
     0.058702062
     0.059115218
     0.059522119
     0.059922708
     0.060316929
     0.060704729
     0.061086053
     0.061460847
     0.061829059
     0.062190637
     0.062545529
     0.062893684
     0.063235054
     0.063569588
     0.063897237
     0.064217954
     0.064531692
     0.064838404
     0.065138045
     0.065430569
     0.065715932
     0.065994091
     0.066265003
     0.066528626
     0.066784919
     0.067033841
     0.067275353
     0.067509416
     0.067735991
     0.067955042
     0.068166533
     0.068370426
     0.068566688
     0.068755285
     0.068936182
     0.069109349
     0.069274753
     0.069432363
     0.069582150
     0.069724085
     0.069858139
     0.069984285
     0.070102496
     0.070212748
     0.070315015
     0.070409273
     0.070495500
     0.070573673
     0.070643771
     0.070705773
     0.070759661
     0.070805415
     0.070843018
     0.070872454
     0.070893705
     0.070906759
     0.070911599
     0.070908213
     0.070896590
     0.070876717
     0.070848584
     0.070812182
     0.070767502
     0.070714537
     0.070653280
     0.070583725
     0.070505868
     0.070419704
     0.070325231
     0.070222446
     0.070111349
     0.069991940
     0.069864218
     0.069728187
     0.069583849
     0.069431207
     0.069270266
     0.069101032
     0.068923511
     0.068737711
     0.068543640
     0.068341308
     0.068130724
     0.067911901
     0.067684850
     0.067449585
     0.067206120
     0.066954469
     0.066694650
     0.066426678
     0.066150573
     0.065866352
     0.065574036
     0.065273646
     0.064965203
     0.064648730
     0.064324251
     0.063991790
     0.063651374
     0.063303027
     0.062946779
     0.062582657
     0.062210690
     0.061830909
     0.061443346
     0.061048031
     0.060644999
     0.060234283
     0.059815918
     0.059389940
     0.058956386
     0.058515294
     0.058066701
     0.057610648
     0.057147175
     0.056676323
     0.056198135
     0.055712654
     0.055219923
     0.054719987
     0.054212893
     0.053698687
     0.053177417
     0.052649131
     0.052113878
     0.051571709
     0.051022675
     0.050466827
     0.049904218
     0.049334902
     0.048758934
     0.048176369
     0.047587262
     0.046991672
     0.046389655
     0.045781270
     0.045166577
     0.044545637
     0.043918509
     0.043285256
     0.042645941
     0.042000627
     0.041349378
     0.040692260
     0.040029338
     0.039360678
     0.038686349
     0.038006417
     0.037320952
     0.036630024
     0.035933702
     0.035232058
     0.034525163
     0.033813090
     0.033095912
     0.032373703
     0.031646537
     0.030914489
     0.030177636
     0.029436054
     0.028689820
     0.027939012
     0.027183708
     0.026423988
     0.025659932
     0.024891619
     0.024119132
     0.023342551
     0.022561959
     0.021777438
     0.020989073
     0.020196946
     0.019401143
     0.018601749
     0.017798849
     0.016992529
     0.016182877
     0.015369978
     0.014553923
     0.013734797
     0.012912691
     0.012087693
     0.011259893
     0.010429382
    0.0095962493
    0.0087605868
    0.0079224859
    0.0070820386
    0.0062393371
    0.0053944743
    0.0045475433
    0.0036986378
    0.0028478517
    0.0019952794
    0.0011410154
   0.00028515498
  -0.00057220661
   -0.0014309736
   -0.0022910500
   -0.0031523395
   -0.0040147453
   -0.0048781706
   -0.0057425181
   -0.0066076904
   -0.0074735896
   -0.0083401178
   -0.0092071768
    -0.010074668
    -0.010942493
    -0.011810553
    -0.012678748
    -0.013546979
    -0.014415148
    -0.015283154
    -0.016150897
    -0.017018278
    -0.017885197
    -0.018751553
    -0.019617246
    -0.020482176
    -0.021346243
    -0.022209345
    -0.023071383
    -0.023932256
    -0.024791862
    -0.025650102
    -0.026506874
    -0.027362078
    -0.028215612
    -0.029067378
    -0.029917272
    -0.030765196
    -0.031611048
    -0.032454728
    -0.033296135
    -0.034135169
    -0.034971729
    -0.035805716
    -0.036637029
    -0.037465568
    -0.038291233
    -0.039113925
    -0.039933545
    -0.040749992
    -0.041563167
    -0.042372973
    -0.043179309
    -0.043982078
    -0.044781180
    -0.045576518
    -0.046367995
    -0.047155512
    -0.047938972
    -0.048718278
    -0.049493334
    -0.050264042
    -0.051030308
    -0.051792035
    -0.052549127
    -0.053301490
    -0.054049030
    -0.054791650
    -0.055529259
    -0.056261761
    -0.056989065
    -0.057711076
    -0.058427704
    -0.059138856
    -0.059844440
    -0.060544367
    -0.061238544
    -0.061926883
    -0.062609294
    -0.063285687
    -0.063955975
    -0.064620070
    -0.065277883
    -0.065929329
    -0.066574321
    -0.067212772
    -0.067844599
    -0.068469717
    -0.069088041
    -0.069699488
    -0.070303976
    -0.070901423
    -0.071491746
    -0.072074866
    -0.072650702
    -0.073219175
    -0.073780206
    -0.074333716
    -0.074879629
    -0.075417868
    -0.075948357
    -0.076471021
    -0.076985785
    -0.077492576
    -0.077991321
    -0.078481947
    -0.078964383
    -0.079438558
    -0.079904404
    -0.080361850
    -0.080810829
    -0.081251273
    -0.081683115
    -0.082106291
    -0.082520735
    -0.082926383
    -0.083323172
    -0.083711041
    -0.084089926
    -0.084459769
    -0.084820510
    -0.085172090
    -0.085514451
    -0.085847537
    -0.086171291
    -0.086485660
    -0.086790588
    -0.087086023
    -0.087371914
    -0.087648208
    -0.087914856
    -0.088171809
    -0.088419018
    -0.088656437
    -0.088884020
    -0.089101722
    -0.089309497
    -0.089507305
    -0.089695102
    -0.089872848
    -0.090040503
    -0.090198027
    -0.090345384
    -0.090482537
    -0.090609450
    -0.090726089
    -0.090832419
    -0.090928410
    -0.091014029
    -0.091089246
    -0.091154033
    -0.091208362
    -0.091252205
    -0.091285538
    -0.091308335
    -0.091320573
    -0.091322231
    -0.091313286
    -0.091293719
    -0.091263511
    -0.091222645
    -0.091171103
    -0.091108871
    -0.091035935
    -0.090952281
    -0.090857897
    -0.090752774
    -0.090636901
    -0.090510270
    -0.090372875
    -0.090224709
    -0.090065768
    -0.089896047
    -0.089715546
    -0.089524263
    -0.089322197
    -0.089109351
    -0.088885726
    -0.088651327
    -0.088406159
    -0.088150227
    -0.087883539
    -0.087606104
    -0.087317932
    -0.087019033
    -0.086709420
    -0.086389106
    -0.086058107
    -0.085716437
    -0.085364115
    -0.085001159
    -0.084627587
    -0.084243422
    -0.083848686
    -0.083443400
    -0.083027591
    -0.082601284
    -0.082164506
    -0.081717284
    -0.081259650
    -0.080791632
    -0.080313264
    -0.079824578
    -0.079325608
    -0.078816391
    -0.078296962
    -0.077767360
    -0.077227625
    -0.076677795
    -0.076117914
    -0.075548024
    -0.074968169
    -0.074378394
    -0.073778746
    -0.073169271
    -0.072550021
    -0.071921043
    -0.071282389
    -0.070634113
    -0.069976266
    -0.069308905
    -0.068632085
    -0.067945863
    -0.067250298
    -0.066545448
    -0.065831375
    -0.065108140
    -0.064375806
    -0.063634438
    -0.062884100
    -0.062124858
    -0.061356781
    -0.060579936
    -0.059794394
    -0.059000225
    -0.058197502
    -0.057386296
    -0.056566683
    -0.055738738
    -0.054902537
    -0.054058156
    -0.053205676
    -0.052345175
    -0.051476734
    -0.050600435
    -0.049716360
    -0.048824593
    -0.047925219
    -0.047018323
    -0.046103993
    -0.045182316
    -0.044253381
    -0.043317279
    -0.042374099
    -0.041423934
    -0.040466876
    -0.039503019
    -0.038532459
    -0.037555290
    -0.036571609
    -0.035581513
    -0.034585102
    -0.033582474
    -0.032573731
    -0.031558972
    -0.030538300
    -0.029511818
    -0.028479630
    -0.027441840
    -0.026398554
    -0.025349879
    -0.024295921
    -0.023236789
    -0.022172591
    -0.021103436
    -0.020029437
    -0.018950703
    -0.017867346
    -0.016779480
    -0.015687217
    -0.014590672
    -0.013489960
    -0.012385197
    -0.011276498
    -0.010163981
   -0.0090477639
   -0.0079279647
   -0.0068047026
   -0.0056780972
   -0.0045482690
   -0.0034153388
   -0.0022794283
   -0.0011406596
   8.4450486e-07
    0.0011449606
    0.0022915649
    0.0034405328
    0.0045917394
    0.0057450591
    0.0069003659
    0.0080575332
    0.0092164340
     0.010376941
     0.011538925
     0.012702260
     0.013866815
     0.015032461
     0.016199069
     0.017366508
     0.018534648
     0.019703358
     0.020872508
     0.022041964
     0.023211596
     0.024381271
     0.025550856
     0.026720220
     0.027889227
     0.029057746
     0.030225643
     0.031392783
     0.032559032
     0.033724257
     0.034888323
     0.036051094
     0.037212437
     0.038372216
     0.039530296
     0.040686541
     0.041840817
     0.042992987
     0.044142917
     0.045290471
     0.046435512
     0.047577905
     0.048717515
     0.049854205
     0.050987840
     0.052118284
     0.053245402
     0.054369057
     0.055489114
     0.056605438
     0.057717893
     0.058826343
     0.059930654
     0.061030691
     0.062126318
     0.063217401
     0.064303805
     0.065385395
     0.066462039
     0.067533601
     0.068599948
     0.069660946
     0.070716462
     0.071766364
     0.072810519
     0.073848794
     0.074881058
     0.075907179
     0.076927025
     0.077940466
     0.078947371
     0.079947610
     0.080941053
     0.081927572
     0.082907037
     0.083879320
     0.084844293
     0.085801829
     0.086751801
     0.087694082
     0.088628547
     0.089555071
     0.090473528
     0.091383794
     0.092285747
     0.093179263
     0.094064220
     0.094940496
     0.095807970
     0.096666522
     0.097516032
     0.098356381
     0.099187451
      0.10000912
      0.10082128
      0.10162381
      0.10241660
      0.10319953
      0.10397248
      0.10473535
      0.10548801
      0.10623037
      0.10696231
      0.10768372
      0.10839450
      0.10909452
      0.10978370
      0.11046191
      0.11112906
      0.11178505
      0.11242976
      0.11306310
      0.11368496
      0.11429526
      0.11489387
      0.11548072
      0.11605569
      0.11661870
      0.11716966
      0.11770845
      0.11823500
      0.11874921
      0.11925099
      0.11974026
      0.12021691
      0.12068087
      0.12113205
      0.12157036
      0.12199573
      0.12240806
      0.12280727
      0.12319330
      0.12356605
      0.12392545
      0.12427142
      0.12460390
      0.12492279
      0.12522804
      0.12551957
      0.12579730
      0.12606118
      0.12631114
      0.12654710
      0.12676900
      0.12697678
      0.12717038
      0.12734974
      0.12751479
      0.12766549
      0.12780177
      0.12792357
      0.12803085
      0.12812356
      0.12820163
      0.12826503
      0.12831370
      0.12834760
      0.12836668
      0.12837091
      0.12836023
      0.12833460
      0.12829400
      0.12823838
      0.12816770
      0.12808193
      0.12798104
      0.12786500
      0.12773377
      0.12758733
      0.12742566
      0.12724872
      0.12705649
      0.12684895
      0.12662609
      0.12638788
      0.12613430
      0.12586535
      0.12558100
      0.12528124
      0.12496606
      0.12463546
      0.12428943
      0.12392796
      0.12355104
      0.12315868
      0.12275087
      0.12232762
      0.12188892
      0.12143478
      0.12096521
      0.12048022
      0.11997981
      0.11946399
      0.11893278
      0.11838619
      0.11782424
      0.11724694
      0.11665432
      0.11604640
      0.11542319
      0.11478472
      0.11413103
      0.11346212
      0.11277805
      0.11207883
      0.11136451
      0.11063510
      0.10989066
      0.10913122
      0.10835682
      0.10756750
      0.10676330
      0.10594427
      0.10511046
      0.10426191
      0.10339868
      0.10252081
      0.10162836
      0.10072138
     0.099799940
     0.098864087
     0.097913885
     0.096949395
     0.095970682
     0.094977810
     0.093970848
     0.092949863
     0.091914927
     0.090866111
     0.089803489
     0.088727138
     0.087637134
     0.086533557
     0.085416486
     0.084286005
     0.083142197
     0.081985149
     0.080814946
     0.079631678
     0.078435437
     0.077226313
     0.076004402
     0.074769798
     0.073522598
     0.072262902
     0.070990810
     0.069706424
     0.068409848
     0.067101186
     0.065780546
     0.064448036
     0.063103765
     0.061747847
     0.060380393
     0.059001519
     0.057611340
     0.056209975
     0.054797543
     0.053374165
     0.051939963
     0.050495061
     0.049039585
     0.047573661
     0.046097418
     0.044610987
     0.043114497
     0.041608083
     0.040091878
     0.038566018
     0.037030641
     0.035485884
     0.033931889
     0.032368797
     0.030796749
     0.029215892
     0.027626369
     0.026028329
     0.024421920
     0.022807290
     0.021184592
     0.019553978
     0.017915600
     0.016269615
     0.014616179
     0.012955448
     0.011287582
    0.0096127415
    0.0079310866
    0.0062427803
    0.0045479863
    0.0028468696
    0.0011395962
  -0.00057366648
   -0.0022927500
   -0.0040174848
   -0.0057477001
   -0.0074832240
   -0.0092238836
    -0.010969505
    -0.012719912
    -0.014474930
    -0.016234380
    -0.017998085
    -0.019765865
    -0.021537539
    -0.023312927
    -0.025091846
    -0.026874112
    -0.028659542
    -0.030447950
    -0.032239150
    -0.034032955
    -0.035829176
    -0.037627626
    -0.039428114
    -0.041230450
    -0.043034442
    -0.044839899
    -0.046646627
    -0.048454432
    -0.050263121
    -0.052072497
    -0.053882365
    -0.055692527
    -0.057502787
    -0.059312947
    -0.061122807
    -0.062932168
    -0.064740830
    -0.066548592
    -0.068355254
    -0.070160612
    -0.071964466
    -0.073766611
    -0.075566844
    -0.077364962
    -0.079160760
    -0.080954032
    -0.082744574
    -0.084532179
    -0.086316641
    -0.088097753
    -0.089875309
    -0.091649101
    -0.093418921
    -0.095184560
    -0.096945812
    -0.098702466
     -0.10045431
     -0.10220115
     -0.10394275
     -0.10567892
     -0.10740945
     -0.10913412
     -0.11085273
     -0.11256506
     -0.11427091
     -0.11597006
     -0.11766230
     -0.11934742
     -0.12102522
     -0.12269547
     -0.12435798
     -0.12601252
     -0.12765889
     -0.12929687
     -0.13092627
     -0.13254685
     -0.13415843
     -0.13576077
     -0.13735368
     -0.13893695
     -0.14051036
     -0.14207370
     -0.14362677
     -0.14516935
     -0.14670124
     -0.14822223
     -0.14973211
     -0.15123067
     -0.15271770
     -0.15419301
     -0.15565637
     -0.15710758
     -0.15854644
     -0.15997274
     -0.16138628
     -0.16278685
     -0.16417424
     -0.16554826
     -0.16690870
     -0.16825536
     -0.16958803
     -0.17090651
     -0.17221061
     -0.17350012
     -0.17477485
     -0.17603459
     -0.17727914
     -0.17850831
     -0.17972191
     -0.18091973
     -0.18210158
     -0.18326726
     -0.18441659
     -0.18554937
     -0.18666541
     -0.18776451
     -0.18884649
     -0.18991116
     -0.19095833
     -0.19198780
     -0.19299940
     -0.19399295
     -0.19496824
     -0.19592511
     -0.19686337
     -0.19778283
     -0.19868332
     -0.19956466
     -0.20042667
     -0.20126918
     -0.20209200
     -0.20289496
     -0.20367790
     -0.20444063
     -0.20518298
     -0.20590479
     -0.20660589
     -0.20728611
     -0.20794529
     -0.20858325
     -0.20919984
     -0.20979489
     -0.21036825
     -0.21091975
     -0.21144924
     -0.21195656
     -0.21244155
     -0.21290406
     -0.21334395
     -0.21376105
     -0.21415522
     -0.21452631
     -0.21487418
     -0.21519868
     -0.21549966
     -0.21577699
     -0.21603053
     -0.21626014
     -0.21646568
     -0.21664701
     -0.21680401
     -0.21693654
     -0.21704447
     -0.21712767
     -0.21718602
     -0.21721939
     -0.21722766
     -0.21721071
     -0.21716841
     -0.21710065
     -0.21700732
     -0.21688829
     -0.21674346
     -0.21657272
     -0.21637595
     -0.21615306
     -0.21590393
     -0.21562846
     -0.21532656
     -0.21499811
     -0.21464303
     -0.21426122
     -0.21385259
     -0.21341703
     -0.21295448
     -0.21246483
     -0.21194800
     -0.21140391
     -0.21083247
     -0.21023362
     -0.20960726
     -0.20895332
     -0.20827174
     -0.20756244
     -0.20682534
     -0.20606039
     -0.20526752
     -0.20444666
     -0.20359776
     -0.20272075
     -0.20181559
     -0.20088220
     -0.19992055
     -0.19893059
     -0.19791226
     -0.19686552
     -0.19579033
     -0.19468664
     -0.19355441
     -0.19239362
     -0.19120422
     -0.18998619
     -0.18873948
     -0.18746408
     -0.18615996
     -0.18482710
     -0.18346547
     -0.18207505
     -0.18065584
     -0.17920781
     -0.17773095
     -0.17622526
     -0.17469072
     -0.17312734
     -0.17153510
     -0.16991401
     -0.16826407
     -0.16658528
     -0.16487766
     -0.16314120
     -0.16137593
     -0.15958185
     -0.15775897
     -0.15590733
     -0.15402694
     -0.15211781
     -0.15017999
     -0.14821349
     -0.14621834
     -0.14419458
     -0.14214224
     -0.14006136
     -0.13795198
     -0.13581413
     -0.13364787
     -0.13145325
     -0.12923030
     -0.12697908
     -0.12469964
     -0.12239204
     -0.12005634
     -0.11769260
     -0.11530089
     -0.11288125
     -0.11043378
     -0.10795853
     -0.10545557
     -0.10292499
     -0.10036685
    -0.097781247
    -0.095168252
    -0.092527950
    -0.089860430
    -0.087165779
    -0.084444088
    -0.081695452
    -0.078919966
    -0.076117728
    -0.073288839
    -0.070433401
    -0.067551519
    -0.064643301
    -0.061708856
    -0.058748297
    -0.055761737
    -0.052749292
    -0.049711083
    -0.046647229
    -0.043557854
    -0.040443084
    -0.037303046
    -0.034137871
    -0.030947690
    -0.027732639
    -0.024492853
    -0.021228472
    -0.017939638
    -0.014626492
    -0.011289181
   -0.0079278528
   -0.0045426568
   -0.0011337451
    0.0022987280
    0.0057546064
    0.0092337314
     0.012735943
     0.016261077
     0.019808971
     0.023379456
     0.026972364
     0.030587524
     0.034224763
     0.037883905
     0.041564774
     0.045267190
     0.048990972
     0.052735937
     0.056501899
     0.060288672
     0.064096066
     0.067923890
     0.071771952
     0.075640055
     0.079528003
     0.083435598
     0.087362639
     0.091308923
     0.095274245
     0.099258400
      0.10326118
      0.10728237
      0.11132177
      0.11537916
      0.11945432
      0.12354703
      0.12765709
      0.13178426
      0.13592832
      0.14008906
      0.14426625
      0.14845965
      0.15266904
      0.15689419
      0.16113487
      0.16539084
      0.16966187
      0.17394772
      0.17824815
      0.18256292
      0.18689179
      0.19123452
      0.19559087
      0.19996058
      0.20434341
      0.20873911
      0.21314743
      0.21756812
      0.22200092
      0.22644559
      0.23090186
      0.23536948
      0.23984819
      0.24433773
      0.24883784
      0.25334826
      0.25786872
      0.26239896
      0.26693872
      0.27148772
      0.27604570
      0.28061239
      0.28518752
      0.28977082
      0.29436202
      0.29896084
      0.30356700
      0.30818024
      0.31280028
      0.31742683
      0.32205963
      0.32669838
      0.33134282
      0.33599266
      0.34064761
      0.34530740
      0.34997175
      0.35464036
      0.35931296
      0.36398925
      0.36866895
      0.37335178
      0.37803744
      0.38272565
      0.38741612
      0.39210856
      0.39680268
      0.40149818
      0.40619478
      0.41089218
      0.41559009
      0.42028823
      0.42498628
      0.42968397
      0.43438100
      0.43907707
      0.44377188
      0.44846515
      0.45315658
      0.45784587
      0.46253272
      0.46721684
      0.47189793
      0.47657569
      0.48124984
      0.48592006
      0.49058607
      0.49524757
      0.49990425
      0.50455583
      0.50920200
      0.51384246
      0.51847693
      0.52310509
      0.52772666
      0.53234134
      0.53694882
      0.54154882
      0.54614103
      0.55072516
      0.55530091
      0.55986799
      0.56442610
      0.56897494
      0.57351422
      0.57804364
      0.58256291
      0.58707173
      0.59156982
      0.59605687
      0.60053259
      0.60499669
      0.60944888
      0.61388886
      0.61831635
      0.62273105
      0.62713268
      0.63152094
      0.63589554
      0.64025620
      0.64460263
      0.64893455
      0.65325166
      0.65755368
      0.66184032
      0.66611131
      0.67036636
      0.67460518
      0.67882750
      0.68303304
      0.68722151
      0.69139263
      0.69554614
      0.69968175
      0.70379918
      0.70789817
      0.71197843
      0.71603970
      0.72008170
      0.72410417
      0.72810682
      0.73208941
      0.73605165
      0.73999328
      0.74391405
      0.74781367
      0.75169190
      0.75554847
      0.75938312
      0.76319559
      0.76698563
      0.77075299
      0.77449739
      0.77821860
      0.78191636
      0.78559043
      0.78924055
      0.79286647
      0.79646796
      0.80004476
      0.80359664
      0.80712335
      0.81062465
      0.81410031
      0.81755009
      0.82097376
      0.82437108
      0.82774182
      0.83108575
      0.83440265
      0.83769229
      0.84095444
      0.84418888
      0.84739540
      0.85057376
      0.85372377
      0.85684519
      0.85993782
      0.86300144
      0.86603585
      0.86904084
      0.87201620
      0.87496172
      0.87787722
      0.88076248
      0.88361731
      0.88644151
      0.88923489
      0.89199726
      0.89472843
      0.89742820
      0.90009640
      0.90273285
      0.90533735
      0.90790973
      0.91044981
      0.91295743
      0.91543240
      0.91787455
      0.92028372
      0.92265974
      0.92500245
      0.92731169
      0.92958729
      0.93182910
      0.93403696
      0.93621073
      0.93835025
      0.94045537
      0.94252595
      0.94456184
      0.94656291
      0.94852902
      0.95046002
      0.95235580
      0.95421620
      0.95604112
      0.95783041
      0.95958396
      0.96130165
      0.96298335
      0.96462895
      0.96623833
      0.96781139
      0.96934801
      0.97084809
      0.97231152
      0.97373821
      0.97512805
      0.97648094
      0.97779680
      0.97907553
      0.98031705
      0.98152125
      0.98268808
      0.98381743
      0.98490924
      0.98596342
      0.98697991
      0.98795863
      0.98889952
      0.98980251
      0.99066753
      0.99149454
      0.99228346
      0.99303425
      0.99374685
      0.99442121
      0.99505729
      0.99565504
      0.99621442
      0.99673539
      0.99721792
      0.99766197
      0.99806750
      0.99843451
      0.99876294
      0.99905280
      0.99930404
      0.99951667
      0.99969065
      0.99982598
      0.99992266
      0.99998066
       1.0000000
      0.99998066
      0.99992266
      0.99982598
      0.99969065
      0.99951667
      0.99930404
      0.99905280
      0.99876294
      0.99843451
      0.99806750
      0.99766197
      0.99721792
      0.99673539
      0.99621442
      0.99565504
      0.99505729
      0.99442121
      0.99374685
      0.99303425
      0.99228346
      0.99149454
      0.99066753
      0.98980251
      0.98889952
      0.98795863
      0.98697991
      0.98596342
      0.98490924
      0.98381743
      0.98268808
      0.98152125
      0.98031705
      0.97907553
      0.97779680
      0.97648094
      0.97512805
      0.97373821
      0.97231152
      0.97084809
      0.96934801
      0.96781139
      0.96623833
      0.96462895
      0.96298335
      0.96130165
      0.95958396
      0.95783041
      0.95604112
      0.95421620
      0.95235580
      0.95046002
      0.94852902
      0.94656291
      0.94456184
      0.94252595
      0.94045537
      0.93835025
      0.93621073
      0.93403696
      0.93182910
      0.92958729
      0.92731169
      0.92500245
      0.92265974
      0.92028372
      0.91787455
      0.91543240
      0.91295743
      0.91044981
      0.90790973
      0.90533735
      0.90273285
      0.90009640
      0.89742820
      0.89472843
      0.89199726
      0.88923489
      0.88644151
      0.88361731
      0.88076248
      0.87787722
      0.87496172
      0.87201620
      0.86904084
      0.86603585
      0.86300144
      0.85993782
      0.85684519
      0.85372377
      0.85057376
      0.84739540
      0.84418888
      0.84095444
      0.83769229
      0.83440265
      0.83108575
      0.82774182
      0.82437108
      0.82097376
      0.81755009
      0.81410031
      0.81062465
      0.80712335
      0.80359664
      0.80004476
      0.79646796
      0.79286647
      0.78924055
      0.78559043
      0.78191636
      0.77821860
      0.77449739
      0.77075298
      0.76698563
      0.76319559
      0.75938312
      0.75554847
      0.75169190
      0.74781367
      0.74391405
      0.73999328
      0.73605165
      0.73208941
      0.72810682
      0.72410416
      0.72008170
      0.71603970
      0.71197843
      0.70789817
      0.70379918
      0.69968175
      0.69554614
      0.69139263
      0.68722151
      0.68303304
      0.67882750
      0.67460518
      0.67036636
      0.66611131
      0.66184032
      0.65755368
      0.65325166
      0.64893455
      0.64460263
      0.64025620
      0.63589554
      0.63152094
      0.62713268
      0.62273105
      0.61831635
      0.61388886
      0.60944888
      0.60499669
      0.60053259
      0.59605687
      0.59156982
      0.58707173
      0.58256291
      0.57804364
      0.57351422
      0.56897494
      0.56442610
      0.55986799
      0.55530091
      0.55072516
      0.54614103
      0.54154882
      0.53694882
      0.53234134
      0.52772666
      0.52310509
      0.51847693
      0.51384246
      0.50920200
      0.50455583
      0.49990425
      0.49524757
      0.49058607
      0.48592006
      0.48124984
      0.47657569
      0.47189793
      0.46721684
      0.46253272
      0.45784586
      0.45315658
      0.44846515
      0.44377188
      0.43907707
      0.43438100
      0.42968397
      0.42498628
      0.42028823
      0.41559009
      0.41089218
      0.40619478
      0.40149818
      0.39680268
      0.39210856
      0.38741612
      0.38272565
      0.37803744
      0.37335178
      0.36866895
      0.36398925
      0.35931296
      0.35464036
      0.34997175
      0.34530740
      0.34064761
      0.33599266
      0.33134282
      0.32669838
      0.32205963
      0.31742683
      0.31280028
      0.30818024
      0.30356700
      0.29896084
      0.29436202
      0.28977082
      0.28518752
      0.28061239
      0.27604570
      0.27148772
      0.26693872
      0.26239896
      0.25786872
      0.25334826
      0.24883784
      0.24433773
      0.23984819
      0.23536948
      0.23090186
      0.22644559
      0.22200092
      0.21756812
      0.21314743
      0.20873911
      0.20434341
      0.19996058
      0.19559087
      0.19123452
      0.18689179
      0.18256292
      0.17824815
      0.17394772
      0.16966187
      0.16539084
      0.16113487
      0.15689419
      0.15266904
      0.14845965
      0.14426625
      0.14008906
      0.13592832
      0.13178426
      0.12765709
      0.12354703
      0.11945431
      0.11537916
      0.11132177
      0.10728237
      0.10326118
     0.099258400
     0.095274245
     0.091308923
     0.087362639
     0.083435598
     0.079528003
     0.075640055
     0.071771951
     0.067923890
     0.064096066
     0.060288672
     0.056501899
     0.052735937
     0.048990972
     0.045267190
     0.041564774
     0.037883905
     0.034224763
     0.030587524
     0.026972364
     0.023379456
     0.019808971
     0.016261077
     0.012735942
    0.0092337313
    0.0057546062
    0.0022987279
   -0.0011337453
   -0.0045426570
   -0.0079278530
    -0.011289181
    -0.014626492
    -0.017939638
    -0.021228473
    -0.024492853
    -0.027732639
    -0.030947691
    -0.034137871
    -0.037303047
    -0.040443084
    -0.043557854
    -0.046647229
    -0.049711083
    -0.052749292
    -0.055761737
    -0.058748297
    -0.061708856
    -0.064643301
    -0.067551519
    -0.070433401
    -0.073288839
    -0.076117728
    -0.078919966
    -0.081695452
    -0.084444088
    -0.087165779
    -0.089860430
    -0.092527950
    -0.095168252
    -0.097781247
     -0.10036685
     -0.10292499
     -0.10545557
     -0.10795853
     -0.11043378
     -0.11288126
     -0.11530089
     -0.11769260
     -0.12005634
     -0.12239204
     -0.12469964
     -0.12697908
     -0.12923030
     -0.13145325
     -0.13364787
     -0.13581413
     -0.13795198
     -0.14006136
     -0.14214224
     -0.14419458
     -0.14621834
     -0.14821349
     -0.15017999
     -0.15211781
     -0.15402694
     -0.15590733
     -0.15775897
     -0.15958185
     -0.16137593
     -0.16314120
     -0.16487766
     -0.16658528
     -0.16826407
     -0.16991401
     -0.17153510
     -0.17312734
     -0.17469072
     -0.17622526
     -0.17773095
     -0.17920781
     -0.18065584
     -0.18207506
     -0.18346547
     -0.18482710
     -0.18615996
     -0.18746408
     -0.18873948
     -0.18998619
     -0.19120422
     -0.19239362
     -0.19355441
     -0.19468664
     -0.19579033
     -0.19686552
     -0.19791226
     -0.19893059
     -0.19992055
     -0.20088220
     -0.20181559
     -0.20272075
     -0.20359776
     -0.20444666
     -0.20526752
     -0.20606039
     -0.20682534
     -0.20756244
     -0.20827174
     -0.20895332
     -0.20960726
     -0.21023362
     -0.21083247
     -0.21140391
     -0.21194800
     -0.21246483
     -0.21295448
     -0.21341703
     -0.21385259
     -0.21426122
     -0.21464303
     -0.21499811
     -0.21532656
     -0.21562846
     -0.21590393
     -0.21615306
     -0.21637595
     -0.21657272
     -0.21674346
     -0.21688829
     -0.21700732
     -0.21710065
     -0.21716841
     -0.21721071
     -0.21722766
     -0.21721939
     -0.21718602
     -0.21712767
     -0.21704447
     -0.21693654
     -0.21680401
     -0.21664701
     -0.21646568
     -0.21626014
     -0.21603053
     -0.21577699
     -0.21549966
     -0.21519868
     -0.21487418
     -0.21452631
     -0.21415522
     -0.21376105
     -0.21334395
     -0.21290406
     -0.21244155
     -0.21195656
     -0.21144924
     -0.21091975
     -0.21036825
     -0.20979489
     -0.20919984
     -0.20858325
     -0.20794529
     -0.20728611
     -0.20660589
     -0.20590479
     -0.20518298
     -0.20444063
     -0.20367790
     -0.20289496
     -0.20209200
     -0.20126918
     -0.20042667
     -0.19956466
     -0.19868332
     -0.19778283
     -0.19686337
     -0.19592511
     -0.19496824
     -0.19399295
     -0.19299940
     -0.19198780
     -0.19095833
     -0.18991116
     -0.18884649
     -0.18776451
     -0.18666541
     -0.18554937
     -0.18441659
     -0.18326726
     -0.18210158
     -0.18091973
     -0.17972191
     -0.17850831
     -0.17727914
     -0.17603459
     -0.17477485
     -0.17350012
     -0.17221061
     -0.17090651
     -0.16958803
     -0.16825536
     -0.16690870
     -0.16554826
     -0.16417424
     -0.16278685
     -0.16138628
     -0.15997274
     -0.15854644
     -0.15710758
     -0.15565637
     -0.15419301
     -0.15271770
     -0.15123067
     -0.14973211
     -0.14822223
     -0.14670124
     -0.14516935
     -0.14362677
     -0.14207370
     -0.14051036
     -0.13893695
     -0.13735368
     -0.13576077
     -0.13415843
     -0.13254685
     -0.13092627
     -0.12929687
     -0.12765889
     -0.12601252
     -0.12435798
     -0.12269547
     -0.12102522
     -0.11934742
     -0.11766230
     -0.11597006
     -0.11427091
     -0.11256506
     -0.11085273
     -0.10913412
     -0.10740945
     -0.10567892
     -0.10394275
     -0.10220115
     -0.10045431
    -0.098702465
    -0.096945812
    -0.095184560
    -0.093418921
    -0.091649101
    -0.089875309
    -0.088097753
    -0.086316641
    -0.084532178
    -0.082744573
    -0.080954032
    -0.079160760
    -0.077364962
    -0.075566844
    -0.073766611
    -0.071964466
    -0.070160612
    -0.068355253
    -0.066548592
    -0.064740830
    -0.062932167
    -0.061122806
    -0.059312946
    -0.057502787
    -0.055692527
    -0.053882364
    -0.052072497
    -0.050263121
    -0.048454432
    -0.046646627
    -0.044839899
    -0.043034442
    -0.041230450
    -0.039428114
    -0.037627626
    -0.035829176
    -0.034032955
    -0.032239150
    -0.030447950
    -0.028659542
    -0.026874112
    -0.025091846
    -0.023312927
    -0.021537539
    -0.019765864
    -0.017998085
    -0.016234380
    -0.014474929
    -0.012719912
    -0.010969504
   -0.0092238834
   -0.0074832239
   -0.0057477000
   -0.0040174847
   -0.0022927499
  -0.00057366635
    0.0011395963
    0.0028468697
    0.0045479864
    0.0062427804
    0.0079310867
    0.0096127416
     0.011287583
     0.012955448
     0.014616179
     0.016269616
     0.017915600
     0.019553978
     0.021184592
     0.022807290
     0.024421920
     0.026028329
     0.027626369
     0.029215892
     0.030796749
     0.032368797
     0.033931889
     0.035485884
     0.037030641
     0.038566018
     0.040091878
     0.041608083
     0.043114497
     0.044610987
     0.046097418
     0.047573661
     0.049039585
     0.050495061
     0.051939963
     0.053374165
     0.054797543
     0.056209975
     0.057611340
     0.059001519
     0.060380393
     0.061747847
     0.063103765
     0.064448036
     0.065780546
     0.067101186
     0.068409848
     0.069706424
     0.070990811
     0.072262903
     0.073522598
     0.074769798
     0.076004402
     0.077226313
     0.078435437
     0.079631679
     0.080814946
     0.081985149
     0.083142198
     0.084286005
     0.085416487
     0.086533557
     0.087637134
     0.088727138
     0.089803490
     0.090866111
     0.091914927
     0.092949863
     0.093970848
     0.094977811
     0.095970682
     0.096949395
     0.097913885
     0.098864087
     0.099799940
      0.10072138
      0.10162836
      0.10252081
      0.10339868
      0.10426191
      0.10511046
      0.10594427
      0.10676330
      0.10756750
      0.10835682
      0.10913122
      0.10989066
      0.11063510
      0.11136451
      0.11207883
      0.11277805
      0.11346212
      0.11413103
      0.11478472
      0.11542319
      0.11604640
      0.11665432
      0.11724694
      0.11782424
      0.11838619
      0.11893278
      0.11946399
      0.11997981
      0.12048022
      0.12096521
      0.12143478
      0.12188892
      0.12232762
      0.12275087
      0.12315868
      0.12355104
      0.12392796
      0.12428943
      0.12463546
      0.12496606
      0.12528124
      0.12558100
      0.12586535
      0.12613430
      0.12638788
      0.12662609
      0.12684895
      0.12705649
      0.12724872
      0.12742566
      0.12758733
      0.12773377
      0.12786500
      0.12798104
      0.12808193
      0.12816770
      0.12823838
      0.12829400
      0.12833460
      0.12836023
      0.12837091
      0.12836668
      0.12834760
      0.12831370
      0.12826503
      0.12820163
      0.12812356
      0.12803085
      0.12792357
      0.12780177
      0.12766549
      0.12751479
      0.12734974
      0.12717038
      0.12697678
      0.12676900
      0.12654710
      0.12631114
      0.12606118
      0.12579730
      0.12551957
      0.12522804
      0.12492279
      0.12460390
      0.12427142
      0.12392545
      0.12356605
      0.12319330
      0.12280727
      0.12240806
      0.12199573
      0.12157036
      0.12113205
      0.12068087
      0.12021691
      0.11974026
      0.11925099
      0.11874921
      0.11823500
      0.11770845
      0.11716966
      0.11661870
      0.11605569
      0.11548072
      0.11489387
      0.11429526
      0.11368496
      0.11306310
      0.11242976
      0.11178505
      0.11112906
      0.11046191
      0.10978370
      0.10909452
      0.10839450
      0.10768372
      0.10696231
      0.10623037
      0.10548801
      0.10473535
      0.10397248
      0.10319953
      0.10241660
      0.10162381
      0.10082128
      0.10000912
     0.099187451
     0.098356381
     0.097516032
     0.096666522
     0.095807970
     0.094940496
     0.094064220
     0.093179263
     0.092285747
     0.091383794
     0.090473528
     0.089555071
     0.088628547
     0.087694082
     0.086751801
     0.085801829
     0.084844293
     0.083879320
     0.082907037
     0.081927572
     0.080941053
     0.079947610
     0.078947371
     0.077940466
     0.076927025
     0.075907179
     0.074881058
     0.073848794
     0.072810519
     0.071766365
     0.070716463
     0.069660946
     0.068599948
     0.067533601
     0.066462039
     0.065385395
     0.064303805
     0.063217401
     0.062126318
     0.061030691
     0.059930654
     0.058826343
     0.057717893
     0.056605438
     0.055489114
     0.054369057
     0.053245402
     0.052118284
     0.050987840
     0.049854205
     0.048717515
     0.047577905
     0.046435512
     0.045290471
     0.044142917
     0.042992987
     0.041840817
     0.040686541
     0.039530296
     0.038372216
     0.037212437
     0.036051094
     0.034888323
     0.033724257
     0.032559032
     0.031392783
     0.030225643
     0.029057746
     0.027889227
     0.026720220
     0.025550856
     0.024381271
     0.023211596
     0.022041964
     0.020872508
     0.019703359
     0.018534648
     0.017366508
     0.016199069
     0.015032461
     0.013866815
     0.012702260
     0.011538925
     0.010376941
    0.0092164340
    0.0080575333
    0.0069003660
    0.0057450592
    0.0045917395
    0.0034405329
    0.0022915649
    0.0011449607
   8.4456001e-07
   -0.0011406595
   -0.0022794282
   -0.0034153387
   -0.0045482689
   -0.0056780972
   -0.0068047025
   -0.0079279646
   -0.0090477638
    -0.010163981
    -0.011276498
    -0.012385196
    -0.013489960
    -0.014590672
    -0.015687217
    -0.016779479
    -0.017867346
    -0.018950703
    -0.020029437
    -0.021103436
    -0.022172591
    -0.023236789
    -0.024295921
    -0.025349879
    -0.026398554
    -0.027441840
    -0.028479630
    -0.029511818
    -0.030538300
    -0.031558972
    -0.032573730
    -0.033582474
    -0.034585102
    -0.035581513
    -0.036571608
    -0.037555289
    -0.038532459
    -0.039503019
    -0.040466876
    -0.041423934
    -0.042374099
    -0.043317279
    -0.044253381
    -0.045182316
    -0.046103993
    -0.047018323
    -0.047925218
    -0.048824593
    -0.049716360
    -0.050600435
    -0.051476734
    -0.052345175
    -0.053205676
    -0.054058156
    -0.054902536
    -0.055738738
    -0.056566683
    -0.057386296
    -0.058197502
    -0.059000225
    -0.059794394
    -0.060579936
    -0.061356781
    -0.062124858
    -0.062884099
    -0.063634438
    -0.064375806
    -0.065108140
    -0.065831375
    -0.066545448
    -0.067250298
    -0.067945863
    -0.068632085
    -0.069308905
    -0.069976266
    -0.070634113
    -0.071282389
    -0.071921043
    -0.072550020
    -0.073169271
    -0.073778745
    -0.074378394
    -0.074968169
    -0.075548024
    -0.076117914
    -0.076677795
    -0.077227625
    -0.077767360
    -0.078296962
    -0.078816391
    -0.079325608
    -0.079824578
    -0.080313264
    -0.080791632
    -0.081259650
    -0.081717284
    -0.082164506
    -0.082601284
    -0.083027591
    -0.083443400
    -0.083848685
    -0.084243422
    -0.084627587
    -0.085001158
    -0.085364115
    -0.085716437
    -0.086058106
    -0.086389106
    -0.086709420
    -0.087019033
    -0.087317931
    -0.087606104
    -0.087883539
    -0.088150227
    -0.088406159
    -0.088651327
    -0.088885726
    -0.089109351
    -0.089322197
    -0.089524263
    -0.089715546
    -0.089896047
    -0.090065767
    -0.090224709
    -0.090372875
    -0.090510270
    -0.090636901
    -0.090752774
    -0.090857897
    -0.090952280
    -0.091035934
    -0.091108871
    -0.091171103
    -0.091222644
    -0.091263511
    -0.091293719
    -0.091313286
    -0.091322231
    -0.091320573
    -0.091308335
    -0.091285538
    -0.091252205
    -0.091208362
    -0.091154033
    -0.091089246
    -0.091014029
    -0.090928410
    -0.090832419
    -0.090726089
    -0.090609450
    -0.090482537
    -0.090345384
    -0.090198027
    -0.090040503
    -0.089872848
    -0.089695102
    -0.089507305
    -0.089309497
    -0.089101721
    -0.088884020
    -0.088656437
    -0.088419018
    -0.088171809
    -0.087914856
    -0.087648208
    -0.087371914
    -0.087086023
    -0.086790588
    -0.086485660
    -0.086171291
    -0.085847537
    -0.085514451
    -0.085172090
    -0.084820510
    -0.084459769
    -0.084089926
    -0.083711040
    -0.083323172
    -0.082926383
    -0.082520735
    -0.082106291
    -0.081683115
    -0.081251273
    -0.080810829
    -0.080361850
    -0.079904404
    -0.079438558
    -0.078964383
    -0.078481947
    -0.077991321
    -0.077492576
    -0.076985785
    -0.076471021
    -0.075948357
    -0.075417868
    -0.074879629
    -0.074333716
    -0.073780206
    -0.073219175
    -0.072650702
    -0.072074866
    -0.071491746
    -0.070901423
    -0.070303976
    -0.069699488
    -0.069088041
    -0.068469717
    -0.067844599
    -0.067212772
    -0.066574321
    -0.065929329
    -0.065277883
    -0.064620070
    -0.063955975
    -0.063285687
    -0.062609294
    -0.061926883
    -0.061238544
    -0.060544367
    -0.059844440
    -0.059138856
    -0.058427704
    -0.057711076
    -0.056989065
    -0.056261761
    -0.055529259
    -0.054791650
    -0.054049030
    -0.053301490
    -0.052549127
    -0.051792035
    -0.051030308
    -0.050264042
    -0.049493334
    -0.048718278
    -0.047938972
    -0.047155512
    -0.046367995
    -0.045576518
    -0.044781180
    -0.043982078
    -0.043179309
    -0.042372973
    -0.041563167
    -0.040749992
    -0.039933545
    -0.039113925
    -0.038291233
    -0.037465568
    -0.036637029
    -0.035805716
    -0.034971729
    -0.034135169
    -0.033296135
    -0.032454728
    -0.031611048
    -0.030765196
    -0.029917273
    -0.029067378
    -0.028215613
    -0.027362078
    -0.026506874
    -0.025650102
    -0.024791862
    -0.023932256
    -0.023071383
    -0.022209345
    -0.021346243
    -0.020482176
    -0.019617246
    -0.018751553
    -0.017885197
    -0.017018278
    -0.016150897
    -0.015283154
    -0.014415148
    -0.013546979
    -0.012678748
    -0.011810553
    -0.010942493
    -0.010074668
   -0.0092071769
   -0.0083401179
   -0.0074735897
   -0.0066076905
   -0.0057425182
   -0.0048781707
   -0.0040147454
   -0.0031523396
   -0.0022910501
   -0.0014309737
  -0.00057220671
   0.00028515488
    0.0011410153
    0.0019952793
    0.0028478516
    0.0036986377
    0.0045475432
    0.0053944741
    0.0062393370
    0.0070820384
    0.0079224858
    0.0087605867
    0.0095962492
     0.010429382
     0.011259893
     0.012087693
     0.012912691
     0.013734797
     0.014553922
     0.015369978
     0.016182876
     0.016992529
     0.017798849
     0.018601749
     0.019401143
     0.020196946
     0.020989073
     0.021777438
     0.022561959
     0.023342551
     0.024119132
     0.024891619
     0.025659932
     0.026423988
     0.027183708
     0.027939011
     0.028689819
     0.029436054
     0.030177636
     0.030914489
     0.031646536
     0.032373703
     0.033095912
     0.033813090
     0.034525163
     0.035232058
     0.035933702
     0.036630024
     0.037320952
     0.038006417
     0.038686349
     0.039360678
     0.040029338
     0.040692260
     0.041349378
     0.042000627
     0.042645941
     0.043285256
     0.043918509
     0.044545636
     0.045166577
     0.045781270
     0.046389655
     0.046991671
     0.047587262
     0.048176369
     0.048758934
     0.049334902
     0.049904218
     0.050466826
     0.051022674
     0.051571709
     0.052113878
     0.052649131
     0.053177417
     0.053698687
     0.054212893
     0.054719987
     0.055219923
     0.055712653
     0.056198135
     0.056676323
     0.057147175
     0.057610648
     0.058066701
     0.058515294
     0.058956386
     0.059389940
     0.059815918
     0.060234283
     0.060644999
     0.061048031
     0.061443345
     0.061830909
     0.062210690
     0.062582656
     0.062946779
     0.063303027
     0.063651373
     0.063991790
     0.064324251
     0.064648730
     0.064965203
     0.065273646
     0.065574036
     0.065866352
     0.066150573
     0.066426678
     0.066694650
     0.066954469
     0.067206120
     0.067449585
     0.067684850
     0.067911901
     0.068130724
     0.068341308
     0.068543640
     0.068737711
     0.068923511
     0.069101032
     0.069270266
     0.069431206
     0.069583848
     0.069728187
     0.069864218
     0.069991939
     0.070111349
     0.070222446
     0.070325231
     0.070419704
     0.070505868
     0.070583725
     0.070653280
     0.070714537
     0.070767502
     0.070812182
     0.070848584
     0.070876717
     0.070896590
     0.070908213
     0.070911599
     0.070906758
     0.070893705
     0.070872454
     0.070843018
     0.070805415
     0.070759661
     0.070705773
     0.070643770
     0.070573672
     0.070495500
     0.070409273
     0.070315015
     0.070212748
     0.070102496
     0.069984284
     0.069858138
     0.069724084
     0.069582150
     0.069432363
     0.069274752
     0.069109349
     0.068936182
     0.068755284
     0.068566688
     0.068370426
     0.068166532
     0.067955042
     0.067735991
     0.067509415
     0.067275353
     0.067033841
     0.066784918
     0.066528626
     0.066265003
     0.065994091
     0.065715932
     0.065430569
     0.065138045
     0.064838404
     0.064531692
     0.064217954
     0.063897237
     0.063569587
     0.063235054
     0.062893684
     0.062545528
     0.062190636
     0.061829058
     0.061460846
     0.061086052
     0.060704729
     0.060316929
     0.059922707
     0.059522119
     0.059115218
     0.058702062
     0.058282706
     0.057857208
     0.057425627
     0.056988019
     0.056544446
     0.056094965
     0.055639638
     0.055178525
     0.054711688
     0.054239188
     0.053761089
     0.053277453
     0.052788343
     0.052293825
     0.051793962
     0.051288821
     0.050778466
     0.050262963
     0.049742380
     0.049216784
     0.048686242
     0.048150822
     0.047610593
     0.047065624
     0.046515984
     0.045961743
     0.045402972
     0.044839741
     0.044272122
     0.043700186
     0.043124004
     0.042543649
     0.041959195
     0.041370713
     0.040778277
     0.040181961
     0.039581840
     0.038977987
     0.038370476
     0.037759384
     0.037144786
     0.036526757
     0.035905372
     0.035280709
     0.034652844
     0.034021853
     0.033387813
     0.032750802
     0.032110897
     0.031468176
     0.030822716
     0.030174595
     0.029523892
     0.028870686
     0.028215054
     0.027557076
     0.026896830
     0.026234396
     0.025569853
     0.024903280
     0.024234757
     0.023564363
     0.022892178
     0.022218282
     0.021542754
     0.020865675
     0.020187125
     0.019507183
     0.018825930
     0.018143445
     0.017459810
     0.016775104
     0.016089407
     0.015402800
     0.014715363
     0.014027176
     0.013338319
     0.012648873
     0.011958917
     0.011268531
     0.010577796
    0.0098867911
    0.0091955964
    0.0085042917
    0.0078129565
    0.0071216704
    0.0064305127
    0.0057395629
    0.0050489000
    0.0043586031
    0.0036687510
    0.0029794225
    0.0022906960
    0.0016026501
   0.00091536283
   0.00022891221
  -0.00045662396
   -0.0011411681
   -0.0018246428
   -0.0025069710
   -0.0031880758
   -0.0038678805
   -0.0045463087
   -0.0052232842
   -0.0058987313
   -0.0065725742
   -0.0072447377
   -0.0079151467
   -0.0085837265
   -0.0092504028
   -0.0099151014
    -0.010577749
    -0.011238271
    -0.011896595
    -0.012552649
    -0.013206359
    -0.013857655
    -0.014506463
    -0.015152714
    -0.015796336
    -0.016437258
    -0.017075411
    -0.017710724
    -0.018343129
    -0.018972557
    -0.019598939
    -0.020222208
    -0.020842295
    -0.021459135
    -0.022072659
    -0.022682802
    -0.023289499
    -0.023892684
    -0.024492293
    -0.025088260
    -0.025680524
    -0.026269020
    -0.026660087
    -0.026660087
