    -0.084350746
    -0.084606143
    -0.084857068
    -0.085103502
    -0.085345424
    -0.085582814
    -0.085815655
    -0.086043925
    -0.086267607
    -0.086486682
    -0.086701131
    -0.086910937
    -0.087116080
    -0.087316544
    -0.087512310
    -0.087703362
    -0.087889683
    -0.088071255
    -0.088248062
    -0.088420088
    -0.088587316
    -0.088749732
    -0.088907318
    -0.089060061
    -0.089207944
    -0.089350953
    -0.089489074
    -0.089622291
    -0.089750591
    -0.089873959
    -0.089992384
    -0.090105849
    -0.090214344
    -0.090317855
    -0.090416369
    -0.090509874
    -0.090598358
    -0.090681809
    -0.090760216
    -0.090833567
    -0.090901851
    -0.090965058
    -0.091023177
    -0.091076197
    -0.091124109
    -0.091166904
    -0.091204571
    -0.091237101
    -0.091264486
    -0.091286717
    -0.091303785
    -0.091315683
    -0.091322402
    -0.091323936
    -0.091320277
    -0.091311417
    -0.091297351
    -0.091278071
    -0.091253572
    -0.091223848
    -0.091188893
    -0.091148701
    -0.091103269
    -0.091052590
    -0.090996661
    -0.090935478
    -0.090869035
    -0.090797331
    -0.090720361
    -0.090638122
    -0.090550613
    -0.090457829
    -0.090359769
    -0.090256431
    -0.090147814
    -0.090033916
    -0.089914735
    -0.089790272
    -0.089660526
    -0.089525496
    -0.089385183
    -0.089239587
    -0.089088709
    -0.088932550
    -0.088771110
    -0.088604393
    -0.088432398
    -0.088255129
    -0.088072588
    -0.087884778
    -0.087691702
    -0.087493362
    -0.087289764
    -0.087080909
    -0.086866804
    -0.086647452
    -0.086422858
    -0.086193026
    -0.085957964
    -0.085717675
    -0.085472167
    -0.085221444
    -0.084965515
    -0.084704385
    -0.084438063
    -0.084166554
    -0.083889867
    -0.083608011
    -0.083320993
    -0.083028821
    -0.082731506
    -0.082429055
    -0.082121479
    -0.081808788
    -0.081490990
    -0.081168098
    -0.080840121
    -0.080507070
    -0.080168957
    -0.079825793
    -0.079477590
    -0.079124360
    -0.078766116
    -0.078402870
    -0.078034636
    -0.077661426
    -0.077283254
    -0.076900134
    -0.076512081
    -0.076119108
    -0.075721231
    -0.075318464
    -0.074910823
    -0.074498323
    -0.074080981
    -0.073658813
    -0.073231834
    -0.072800063
    -0.072363515
    -0.071922208
    -0.071476160
    -0.071025389
    -0.070569913
    -0.070109751
    -0.069644920
    -0.069175441
    -0.068701333
    -0.068222614
    -0.067739306
    -0.067251428
    -0.066759001
    -0.066262045
    -0.065760581
    -0.065254631
    -0.064744217
    -0.064229359
    -0.063710081
    -0.063186404
    -0.062658352
    -0.062125947
    -0.061589212
    -0.061048170
    -0.060502847
    -0.059953265
    -0.059399449
    -0.058841423
    -0.058279212
    -0.057712842
    -0.057142337
    -0.056567724
    -0.055989027
    -0.055406274
    -0.054819490
    -0.054228702
    -0.053633938
    -0.053035223
    -0.052432587
    -0.051826055
    -0.051215657
    -0.050601421
    -0.049983374
    -0.049361545
    -0.048735964
    -0.048106660
    -0.047473662
    -0.046836999
    -0.046196702
    -0.045552800
    -0.044905325
    -0.044254306
    -0.043599775
    -0.042941763
    -0.042280301
    -0.041615420
    -0.040947153
    -0.040275531
    -0.039600587
    -0.038922354
    -0.038240863
    -0.037556148
    -0.036868242
    -0.036177179
    -0.035482992
    -0.034785715
    -0.034085382
    -0.033382027
    -0.032675686
    -0.031966392
    -0.031254180
    -0.030539086
    -0.029821145
    -0.029100393
    -0.028376865
    -0.027650597
    -0.026921626
    -0.026189987
    -0.025455718
    -0.024718856
    -0.023979436
    -0.023237497
    -0.022493076
    -0.021746210
    -0.020996937
    -0.020245295
    -0.019491322
    -0.018735057
    -0.017976538
    -0.017215803
    -0.016452892
    -0.015687843
    -0.014920696
    -0.014151490
    -0.013380264
    -0.012607059
    -0.011831915
    -0.011054870
    -0.010275966
   -0.0094952436
   -0.0087127423
   -0.0079285033
   -0.0071425673
   -0.0063549755
   -0.0055657690
   -0.0047749891
   -0.0039826773
   -0.0031888753
   -0.0023936248
   -0.0015969678
  -0.00079894629
   3.9752503e-07
   0.00080102129
    0.0016028825
    0.0024059387
    0.0032101469
    0.0040154644
    0.0048218482
    0.0056292551
    0.0064376419
    0.0072469653
    0.0080571817
    0.0088682476
    0.0096801192
     0.010492753
     0.011306104
     0.012120129
     0.012934785
     0.013750025
     0.014565807
     0.015382085
     0.016198816
     0.017015954
     0.017833455
     0.018651273
     0.019469365
     0.020287684
     0.021106187
     0.021924827
     0.022743559
     0.023562339
     0.024381120
     0.025199858
     0.026018506
     0.026837019
     0.027655351
     0.028473457
     0.029291291
     0.030108807
     0.030925959
     0.031742700
     0.032558986
     0.033374770
     0.034190005
     0.035004646
     0.035818646
     0.036631959
     0.037444540
     0.038256340
     0.039067315
     0.039877417
     0.040686601
     0.041494820
     0.042302027
     0.043108176
     0.043913220
     0.044717113
     0.045519809
     0.046321260
     0.047121421
     0.047920244
     0.048717683
     0.049513691
     0.050308223
     0.051101231
     0.051892669
     0.052682490
     0.053470647
     0.054257095
     0.055041787
     0.055824675
     0.056605715
     0.057384858
     0.058162060
     0.058937272
     0.059710450
     0.060481547
     0.061250516
     0.062017311
     0.062781886
     0.063544194
     0.064304191
     0.065061828
     0.065817062
     0.066569845
     0.067320131
     0.068067875
     0.068813031
     0.069555553
     0.070295396
     0.071032513
     0.071766860
     0.072498390
     0.073227059
     0.073952821
     0.074675631
     0.075395444
     0.076112214
     0.076825897
     0.077536448
     0.078243822
     0.078947974
     0.079648860
     0.080346435
     0.081040655
     0.081731475
     0.082418852
     0.083102740
     0.083783097
     0.084459879
     0.085133041
     0.085802540
     0.086468332
     0.087130375
     0.087788625
     0.088443038
     0.089093573
     0.089740185
     0.090382833
     0.091021473
     0.091656064
     0.092286563
     0.092912928
     0.093535116
     0.094153087
     0.094766798
     0.095376208
     0.095981276
     0.096581959
     0.097178218
     0.097770012
     0.098357299
     0.098940040
     0.099518193
      0.10009172
      0.10066058
      0.10122473
      0.10178413
      0.10233875
      0.10288854
      0.10343347
      0.10397350
      0.10450858
      0.10503868
      0.10556376
      0.10608379
      0.10659872
      0.10710852
      0.10761315
      0.10811257
      0.10860674
      0.10909564
      0.10957921
      0.11005744
      0.11053027
      0.11099768
      0.11145962
      0.11191607
      0.11236698
      0.11281232
      0.11325207
      0.11368617
      0.11411461
      0.11453733
      0.11495432
      0.11536554
      0.11577095
      0.11617052
      0.11656421
      0.11695201
      0.11733386
      0.11770975
      0.11807963
      0.11844348
      0.11880127
      0.11915296
      0.11949853
      0.11983794
      0.12017117
      0.12049818
      0.12081894
      0.12113343
      0.12144161
      0.12174346
      0.12203895
      0.12232805
      0.12261073
      0.12288696
      0.12315672
      0.12341999
      0.12367672
      0.12392690
      0.12417051
      0.12440751
      0.12463787
      0.12486159
      0.12507862
      0.12528894
      0.12549254
      0.12568938
      0.12587944
      0.12606271
      0.12623915
      0.12640874
      0.12657146
      0.12672730
      0.12687622
      0.12701820
      0.12715323
      0.12728128
      0.12740234
      0.12751638
      0.12762339
      0.12772333
      0.12781621
      0.12790198
      0.12798065
      0.12805219
      0.12811657
      0.12817379
      0.12822383
      0.12826667
      0.12830230
      0.12833069
      0.12835184
      0.12836572
      0.12837233
      0.12837164
      0.12836365
      0.12834833
      0.12832569
      0.12829569
      0.12825834
      0.12821362
      0.12816151
      0.12810201
      0.12803509
      0.12796077
      0.12787901
      0.12778981
      0.12769317
      0.12758907
      0.12747750
      0.12735846
      0.12723193
      0.12709791
      0.12695639
      0.12680737
      0.12665083
      0.12648677
      0.12631519
      0.12613607
      0.12594942
      0.12575523
      0.12555349
      0.12534420
      0.12512736
      0.12490297
      0.12467101
      0.12443149
      0.12418440
      0.12392975
      0.12366754
      0.12339775
      0.12312040
      0.12283547
      0.12254298
      0.12224292
      0.12193529
      0.12162010
      0.12129734
      0.12096703
      0.12062915
      0.12028372
      0.11993073
      0.11957020
      0.11920213
      0.11882651
      0.11844336
      0.11805268
      0.11765448
      0.11724877
      0.11683554
      0.11641481
      0.11598658
      0.11555087
      0.11510768
      0.11465702
      0.11419890
      0.11373333
      0.11326031
      0.11277987
      0.11229200
      0.11179673
      0.11129406
      0.11078400
      0.11026658
      0.10974179
      0.10920965
      0.10867018
      0.10812340
      0.10756931
      0.10700793
      0.10643927
      0.10586336
      0.10528020
      0.10468982
      0.10409223
      0.10348745
      0.10287550
      0.10225639
      0.10163015
      0.10099678
      0.10035632
     0.099708783
     0.099054185
     0.098392551
     0.097723900
     0.097048254
     0.096365635
     0.095676066
     0.094979569
     0.094276167
     0.093565884
     0.092848744
     0.092124771
     0.091393989
     0.090656425
     0.089912103
     0.089161049
     0.088403291
     0.087638854
     0.086867765
     0.086090053
     0.085305746
     0.084514871
     0.083717458
     0.082913535
     0.082103133
     0.081286281
     0.080463009
     0.079633349
     0.078797331
     0.077954988
     0.077106350
     0.076251451
     0.075390323
     0.074522999
     0.073649513
     0.072769899
     0.071884190
     0.070992423
     0.070094631
     0.069190850
     0.068281116
     0.067365466
     0.066443936
     0.065516562
     0.064583383
     0.063644436
     0.062699759
     0.061749391
     0.060793371
     0.059831737
     0.058864530
     0.057891789
     0.056913556
     0.055929870
     0.054940772
     0.053946306
     0.052946511
     0.051941430
     0.050931107
     0.049915583
     0.048894903
     0.047869110
     0.046838247
     0.045802360
     0.044761493
     0.043715691
     0.042664999
     0.041609464
     0.040549131
     0.039484048
     0.038414260
     0.037339815
     0.036260761
     0.035177145
     0.034089016
     0.032996422
     0.031899412
     0.030798036
     0.029692342
     0.028582381
     0.027468202
     0.026349858
     0.025227397
     0.024100872
     0.022970334
     0.021835834
     0.020697426
     0.019555161
     0.018409092
     0.017259272
     0.016105755
     0.014948594
     0.013787843
     0.012623558
     0.011455791
     0.010284599
    0.0091100357
    0.0079321576
    0.0067510203
    0.0055666797
    0.0043791924
    0.0031886148
    0.0019950042
   0.00079841754
  -0.00040108749
   -0.0016034531
   -0.0028086213
   -0.0040165336
   -0.0052271315
   -0.0064403560
   -0.0076561480
   -0.0088744480
    -0.010095196
    -0.011318333
    -0.012543798
    -0.013771531
    -0.015001470
    -0.016233556
    -0.017467727
    -0.018703920
    -0.019942076
    -0.021182131
    -0.022424023
    -0.023667690
    -0.024913070
    -0.026160099
    -0.027408715
    -0.028658853
    -0.029910451
    -0.031163444
    -0.032417769
    -0.033673361
    -0.034930156
    -0.036188089
    -0.037447095
    -0.038707110
    -0.039968067
    -0.041229902
    -0.042492549
    -0.043755941
    -0.045020014
    -0.046284699
    -0.047549932
    -0.048815646
    -0.050081773
    -0.051348246
    -0.052614999
    -0.053881964
    -0.055149074
    -0.056416260
    -0.057683456
    -0.058950593
    -0.060217602
    -0.061484416
    -0.062750966
    -0.064017183
    -0.065282999
    -0.066548345
    -0.067813151
    -0.069077349
    -0.070340869
    -0.071603641
    -0.072865596
    -0.074126665
    -0.075386776
    -0.076645862
    -0.077903850
    -0.079160671
    -0.080416255
    -0.081670532
    -0.082923430
    -0.084174879
    -0.085424808
    -0.086673147
    -0.087919824
    -0.089164769
    -0.090407909
    -0.091649176
    -0.092888495
    -0.094125798
    -0.095361011
    -0.096594064
    -0.097824884
    -0.099053401
     -0.10027954
     -0.10150324
     -0.10272441
     -0.10394299
     -0.10515891
     -0.10637210
     -0.10758248
     -0.10878998
     -0.10999453
     -0.11119605
     -0.11239448
     -0.11358974
     -0.11478176
     -0.11597047
     -0.11715580
     -0.11833766
     -0.11951600
     -0.12069074
     -0.12186180
     -0.12302912
     -0.12419261
     -0.12535222
     -0.12650787
     -0.12765947
     -0.12880697
     -0.12995029
     -0.13108936
     -0.13222411
     -0.13335445
     -0.13448033
     -0.13560167
     -0.13671839
     -0.13783043
     -0.13893771
     -0.14004016
     -0.14113771
     -0.14223029
     -0.14331782
     -0.14440023
     -0.14547746
     -0.14654943
     -0.14761606
     -0.14867729
     -0.14973305
     -0.15078326
     -0.15182785
     -0.15286676
     -0.15389990
     -0.15492722
     -0.15594863
     -0.15696407
     -0.15797347
     -0.15897676
     -0.15997386
     -0.16096470
     -0.16194923
     -0.16292735
     -0.16389902
     -0.16486414
     -0.16582267
     -0.16677452
     -0.16771962
     -0.16865791
     -0.16958932
     -0.17051378
     -0.17143122
     -0.17234157
     -0.17324476
     -0.17414073
     -0.17502940
     -0.17591071
     -0.17678459
     -0.17765097
     -0.17850978
     -0.17936096
     -0.18020445
     -0.18104016
     -0.18186804
     -0.18268801
     -0.18350002
     -0.18430400
     -0.18509987
     -0.18588758
     -0.18666706
     -0.18743824
     -0.18820105
     -0.18895544
     -0.18970134
     -0.19043868
     -0.19116739
     -0.19188743
     -0.19259871
     -0.19330118
     -0.19399477
     -0.19467942
     -0.19535507
     -0.19602165
     -0.19667910
     -0.19732737
     -0.19796638
     -0.19859608
     -0.19921640
     -0.19982728
     -0.20042867
     -0.20102050
     -0.20160271
     -0.20217524
     -0.20273803
     -0.20329102
     -0.20383416
     -0.20436738
     -0.20489062
     -0.20540383
     -0.20590695
     -0.20639993
     -0.20688269
     -0.20735519
     -0.20781737
     -0.20826917
     -0.20871054
     -0.20914142
     -0.20956176
     -0.20997149
     -0.21037058
     -0.21075895
     -0.21113656
     -0.21150335
     -0.21185927
     -0.21220426
     -0.21253828
     -0.21286127
     -0.21317317
     -0.21347395
     -0.21376353
     -0.21404189
     -0.21430895
     -0.21456468
     -0.21480902
     -0.21504192
     -0.21526334
     -0.21547322
     -0.21567152
     -0.21585819
     -0.21603317
     -0.21619643
     -0.21634792
     -0.21648759
     -0.21661539
     -0.21673128
     -0.21683521
     -0.21692713
     -0.21700702
     -0.21707481
     -0.21713046
     -0.21717394
     -0.21720519
     -0.21722418
     -0.21723087
     -0.21722520
     -0.21720715
     -0.21717667
     -0.21713372
     -0.21707826
     -0.21701025
     -0.21692965
     -0.21683642
     -0.21673053
     -0.21661193
     -0.21648060
     -0.21633648
     -0.21617956
     -0.21600978
     -0.21582711
     -0.21563153
     -0.21542299
     -0.21520146
     -0.21496691
     -0.21471930
     -0.21445861
     -0.21418479
     -0.21389782
     -0.21359766
     -0.21328429
     -0.21295767
     -0.21261778
     -0.21226458
     -0.21189805
     -0.21151816
     -0.21112487
     -0.21071817
     -0.21029802
     -0.20986440
     -0.20941728
     -0.20895664
     -0.20848245
     -0.20799469
     -0.20749333
     -0.20697835
     -0.20644973
     -0.20590744
     -0.20535146
     -0.20478177
     -0.20419836
     -0.20360119
     -0.20299025
     -0.20236552
     -0.20172698
     -0.20107461
     -0.20040840
     -0.19972832
     -0.19903436
     -0.19832651
     -0.19760474
     -0.19686905
     -0.19611942
     -0.19535582
     -0.19457826
     -0.19378671
     -0.19298117
     -0.19216162
     -0.19132805
     -0.19048045
     -0.18961880
     -0.18874311
     -0.18785335
     -0.18694953
     -0.18603162
     -0.18509963
     -0.18415355
     -0.18319337
     -0.18221908
     -0.18123068
     -0.18022816
     -0.17921152
     -0.17818076
     -0.17713586
     -0.17607684
     -0.17500368
     -0.17391639
     -0.17281496
     -0.17169939
     -0.17056968
     -0.16942584
     -0.16826786
     -0.16709574
     -0.16590949
     -0.16470912
     -0.16349461
     -0.16226599
     -0.16102324
     -0.15976638
     -0.15849542
     -0.15721035
     -0.15591118
     -0.15459793
     -0.15327060
     -0.15192919
     -0.15057372
     -0.14920420
     -0.14782063
     -0.14642303
     -0.14501141
     -0.14358578
     -0.14214615
     -0.14069253
     -0.13922494
     -0.13774339
     -0.13624790
     -0.13473848
     -0.13321515
     -0.13167792
     -0.13012681
     -0.12856184
     -0.12698303
     -0.12539038
     -0.12378393
     -0.12216370
     -0.12052969
     -0.11888194
     -0.11722047
     -0.11554529
     -0.11385643
     -0.11215391
     -0.11043776
     -0.10870800
     -0.10696465
     -0.10520775
     -0.10343731
     -0.10165336
    -0.099855927
    -0.098045043
    -0.096220735
    -0.094383030
    -0.092531958
    -0.090667548
    -0.088789831
    -0.086898837
    -0.084994599
    -0.083077148
    -0.081146516
    -0.079202738
    -0.077245846
    -0.075275874
    -0.073292859
    -0.071296834
    -0.069287837
    -0.067265902
    -0.065231068
    -0.063183372
    -0.061122852
    -0.059049547
    -0.056963495
    -0.054864738
    -0.052753314
    -0.050629265
    -0.048492633
    -0.046343458
    -0.044181785
    -0.042007655
    -0.039821112
    -0.037622200
    -0.035410965
    -0.033187451
    -0.030951703
    -0.028703769
    -0.026443695
    -0.024171528
    -0.021887316
    -0.019591108
    -0.017282952
    -0.014962897
    -0.012630994
    -0.010287294
   -0.0079318468
   -0.0055647042
   -0.0031859183
  -0.00079554170
    0.0016063726
    0.0040197709
    0.0064445992
    0.0088808030
     0.011328327
     0.013787116
     0.016257113
     0.018738262
     0.021230506
     0.023733787
     0.026248047
     0.028773227
     0.031309269
     0.033856112
     0.036413697
     0.038981963
     0.041560849
     0.044150293
     0.046750233
     0.049360607
     0.051981352
     0.054612403
     0.057253698
     0.059905172
     0.062566760
     0.065238396
     0.067920015
     0.070611550
     0.073312934
     0.076024101
     0.078744982
     0.081475510
     0.084215616
     0.086965230
     0.089724284
     0.092492707
     0.095270429
     0.098057378
      0.10085349
      0.10365868
      0.10647288
      0.10929603
      0.11212804
      0.11496884
      0.11781837
      0.12067654
      0.12354328
      0.12641852
      0.12930218
      0.13219418
      0.13509445
      0.13800291
      0.14091949
      0.14384410
      0.14677667
      0.14971712
      0.15266537
      0.15562134
      0.15858496
      0.16155614
      0.16453479
      0.16752086
      0.17051424
      0.17351486
      0.17652264
      0.17953749
      0.18255933
      0.18558809
      0.18862367
      0.19166599
      0.19471497
      0.19777052
      0.20083257
      0.20390102
      0.20697578
      0.21005678
      0.21314393
      0.21623714
      0.21933632
      0.22244139
      0.22555226
      0.22866884
      0.23179105
      0.23491879
      0.23805198
      0.24119052
      0.24433434
      0.24748333
      0.25063741
      0.25379649
      0.25696048
      0.26012929
      0.26330283
      0.26648100
      0.26966372
      0.27285089
      0.27604241
      0.27923821
      0.28243818
      0.28564224
      0.28885028
      0.29206222
      0.29527796
      0.29849741
      0.30172048
      0.30494706
      0.30817707
      0.31141041
      0.31464698
      0.31788670
      0.32112946
      0.32437516
      0.32762372
      0.33087504
      0.33412901
      0.33738555
      0.34064456
      0.34390594
      0.34716958
      0.35043541
      0.35370331
      0.35697319
      0.36024495
      0.36351850
      0.36679373
      0.37007055
      0.37334885
      0.37662855
      0.37990954
      0.38319171
      0.38647499
      0.38975925
      0.39304441
      0.39633036
      0.39961700
      0.40290424
      0.40619198
      0.40948011
      0.41276853
      0.41605714
      0.41934585
      0.42263455
      0.42592314
      0.42921152
      0.43249959
      0.43578725
      0.43907440
      0.44236094
      0.44564676
      0.44893176
      0.45221584
      0.45549891
      0.45878086
      0.46206158
      0.46534098
      0.46861895
      0.47189540
      0.47517022
      0.47844330
      0.48171455
      0.48498387
      0.48825115
      0.49151630
      0.49477920
      0.49803976
      0.50129787
      0.50455344
      0.50780635
      0.51105652
      0.51430383
      0.51754819
      0.52078949
      0.52402764
      0.52726252
      0.53049403
      0.53372209
      0.53694657
      0.54016739
      0.54338443
      0.54659760
      0.54980680
      0.55301192
      0.55621287
      0.55940953
      0.56260181
      0.56578961
      0.56897283
      0.57215136
      0.57532511
      0.57849396
      0.58165783
      0.58481661
      0.58797020
      0.59111849
      0.59426139
      0.59739880
      0.60053062
      0.60365674
      0.60677707
      0.60989150
      0.61299994
      0.61610229
      0.61919844
      0.62228830
      0.62537176
      0.62844873
      0.63151911
      0.63458280
      0.63763970
      0.64068971
      0.64373273
      0.64676867
      0.64979742
      0.65281889
      0.65583298
      0.65883960
      0.66183864
      0.66483000
      0.66781360
      0.67078933
      0.67375710
      0.67671681
      0.67966836
      0.68261166
      0.68554661
      0.68847312
      0.69139109
      0.69430042
      0.69720103
      0.70009281
      0.70297567
      0.70584952
      0.70871426
      0.71156980
      0.71441605
      0.71725291
      0.72008029
      0.72289810
      0.72570624
      0.72850462
      0.73129315
      0.73407175
      0.73684031
      0.73959874
      0.74234696
      0.74508488
      0.74781240
      0.75052943
      0.75323589
      0.75593169
      0.75861673
      0.76129094
      0.76395421
      0.76660646
      0.76924761
      0.77187757
      0.77449625
      0.77710356
      0.77969942
      0.78228374
      0.78485643
      0.78741742
      0.78996661
      0.79250392
      0.79502927
      0.79754257
      0.80004374
      0.80253270
      0.80500936
      0.80747364
      0.80992546
      0.81236474
      0.81479140
      0.81720535
      0.81960652
      0.82199482
      0.82437018
      0.82673251
      0.82908175
      0.83141780
      0.83374059
      0.83605005
      0.83834610
      0.84062865
      0.84289764
      0.84515298
      0.84739461
      0.84962245
      0.85183642
      0.85403645
      0.85622246
      0.85839439
      0.86055215
      0.86269568
      0.86482491
      0.86693976
      0.86904016
      0.87112605
      0.87319735
      0.87525399
      0.87729590
      0.87932302
      0.88133527
      0.88333260
      0.88531493
      0.88728219
      0.88923432
      0.89117126
      0.89309293
      0.89499928
      0.89689024
      0.89876574
      0.90062573
      0.90247013
      0.90429890
      0.90611196
      0.90790925
      0.90969072
      0.91145631
      0.91320595
      0.91493958
      0.91665715
      0.91835861
      0.92004388
      0.92171292
      0.92336567
      0.92500207
      0.92662206
      0.92822560
      0.92981263
      0.93138309
      0.93293694
      0.93447411
      0.93599456
      0.93749823
      0.93898509
      0.94045506
      0.94190811
      0.94334418
      0.94476323
      0.94616521
      0.94755007
      0.94891777
      0.95026825
      0.95160147
      0.95291739
      0.95421597
      0.95549715
      0.95676089
      0.95800716
      0.95923590
      0.96044709
      0.96164067
      0.96281661
      0.96397486
      0.96511539
      0.96623815
      0.96734312
      0.96843025
      0.96949950
      0.97055085
      0.97158425
      0.97259966
      0.97359706
      0.97457641
      0.97553767
      0.97648082
      0.97740582
      0.97831264
      0.97920125
      0.98007162
      0.98092372
      0.98175752
      0.98257299
      0.98337010
      0.98414884
      0.98490916
      0.98565105
      0.98637447
      0.98707942
      0.98776585
      0.98843375
      0.98908310
      0.98971386
      0.99032603
      0.99091958
      0.99149449
      0.99205074
      0.99258831
      0.99310719
      0.99360735
      0.99408878
      0.99455146
      0.99499538
      0.99542051
      0.99582686
      0.99621440
      0.99658312
      0.99693300
      0.99726404
      0.99757622
      0.99786954
      0.99814398
      0.99839953
      0.99863619
      0.99885395
      0.99905279
      0.99923272
      0.99939372
      0.99953580
      0.99965894
      0.99976315
      0.99984841
      0.99991473
      0.99996210
      0.99999053
       1.0000000
      0.99999053
      0.99996210
      0.99991473
      0.99984841
      0.99976315
      0.99965894
      0.99953580
      0.99939372
      0.99923272
      0.99905279
      0.99885395
      0.99863619
      0.99839953
      0.99814398
      0.99786954
      0.99757622
      0.99726404
      0.99693300
      0.99658312
      0.99621440
      0.99582686
      0.99542051
      0.99499538
      0.99455146
      0.99408878
      0.99360735
      0.99310719
      0.99258831
      0.99205074
      0.99149449
      0.99091958
      0.99032603
      0.98971386
      0.98908310
      0.98843375
      0.98776585
      0.98707942
      0.98637447
      0.98565105
      0.98490916
      0.98414884
      0.98337010
      0.98257299
      0.98175752
      0.98092372
      0.98007162
      0.97920125
      0.97831264
      0.97740582
      0.97648082
      0.97553767
      0.97457641
      0.97359706
      0.97259966
      0.97158425
      0.97055085
      0.96949950
      0.96843025
      0.96734312
      0.96623815
      0.96511539
      0.96397486
      0.96281661
      0.96164067
      0.96044709
      0.95923590
      0.95800716
      0.95676089
      0.95549715
      0.95421597
      0.95291739
      0.95160147
      0.95026825
      0.94891777
      0.94755007
      0.94616521
      0.94476323
      0.94334418
      0.94190811
      0.94045506
      0.93898508
      0.93749823
      0.93599456
      0.93447411
      0.93293694
      0.93138309
      0.92981263
      0.92822560
      0.92662206
      0.92500206
      0.92336567
      0.92171292
      0.92004388
      0.91835861
      0.91665715
      0.91493958
      0.91320595
      0.91145631
      0.90969072
      0.90790925
      0.90611196
      0.90429890
      0.90247013
      0.90062573
      0.89876574
      0.89689024
      0.89499928
      0.89309293
      0.89117126
      0.88923432
      0.88728219
      0.88531493
      0.88333260
      0.88133527
      0.87932302
      0.87729590
      0.87525399
      0.87319734
      0.87112605
      0.86904016
      0.86693976
      0.86482491
      0.86269568
      0.86055215
      0.85839439
      0.85622246
      0.85403645
      0.85183642
      0.84962245
      0.84739461
      0.84515298
      0.84289764
      0.84062865
      0.83834610
      0.83605005
      0.83374059
      0.83141780
      0.82908175
      0.82673251
      0.82437018
      0.82199482
      0.81960652
      0.81720535
      0.81479140
      0.81236474
      0.80992546
      0.80747364
      0.80500936
      0.80253270
      0.80004374
      0.79754257
      0.79502927
      0.79250392
      0.78996661
      0.78741742
      0.78485643
      0.78228374
      0.77969942
      0.77710356
      0.77449625
      0.77187757
      0.76924761
      0.76660646
      0.76395421
      0.76129094
      0.75861673
      0.75593169
      0.75323589
      0.75052943
      0.74781240
      0.74508488
      0.74234696
      0.73959874
      0.73684031
      0.73407175
      0.73129315
      0.72850462
      0.72570624
      0.72289810
      0.72008029
      0.71725291
      0.71441605
      0.71156980
      0.70871426
      0.70584952
      0.70297567
      0.70009281
      0.69720103
      0.69430042
      0.69139109
      0.68847312
      0.68554661
      0.68261166
      0.67966836
      0.67671681
      0.67375710
      0.67078933
      0.66781360
      0.66483000
      0.66183864
      0.65883960
      0.65583298
      0.65281889
      0.64979742
      0.64676867
      0.64373273
      0.64068971
      0.63763970
      0.63458280
      0.63151911
      0.62844873
      0.62537176
      0.62228830
      0.61919844
      0.61610229
      0.61299994
      0.60989150
      0.60677707
      0.60365674
      0.60053062
      0.59739880
      0.59426139
      0.59111849
      0.58797020
      0.58481661
      0.58165783
      0.57849396
      0.57532511
      0.57215136
      0.56897283
      0.56578961
      0.56260181
      0.55940953
      0.55621287
      0.55301192
      0.54980680
      0.54659760
      0.54338443
      0.54016739
      0.53694657
      0.53372208
      0.53049403
      0.52726252
      0.52402764
      0.52078949
      0.51754819
      0.51430383
      0.51105652
      0.50780635
      0.50455344
      0.50129787
      0.49803976
      0.49477920
      0.49151630
      0.48825115
      0.48498387
      0.48171455
      0.47844330
      0.47517021
      0.47189540
      0.46861895
      0.46534098
      0.46206158
      0.45878086
      0.45549891
      0.45221584
      0.44893176
      0.44564675
      0.44236094
      0.43907440
      0.43578725
      0.43249959
      0.42921152
      0.42592314
      0.42263455
      0.41934585
      0.41605714
      0.41276853
      0.40948011
      0.40619198
      0.40290424
      0.39961700
      0.39633036
      0.39304441
      0.38975925
      0.38647499
      0.38319171
      0.37990954
      0.37662855
      0.37334885
      0.37007055
      0.36679373
      0.36351850
      0.36024495
      0.35697319
      0.35370331
      0.35043541
      0.34716958
      0.34390594
      0.34064456
      0.33738555
      0.33412901
      0.33087504
      0.32762372
      0.32437516
      0.32112946
      0.31788670
      0.31464698
      0.31141041
      0.30817707
      0.30494706
      0.30172048
      0.29849741
      0.29527796
      0.29206222
      0.28885028
      0.28564224
      0.28243818
      0.27923821
      0.27604241
      0.27285089
      0.26966372
      0.26648100
      0.26330283
      0.26012929
      0.25696048
      0.25379649
      0.25063741
      0.24748333
      0.24433434
      0.24119052
      0.23805198
      0.23491879
      0.23179105
      0.22866884
      0.22555226
      0.22244139
      0.21933632
      0.21623714
      0.21314393
      0.21005678
      0.20697578
      0.20390102
      0.20083257
      0.19777052
      0.19471497
      0.19166599
      0.18862367
      0.18558809
      0.18255933
      0.17953749
      0.17652264
      0.17351486
      0.17051424
      0.16752086
      0.16453479
      0.16155613
      0.15858496
      0.15562134
      0.15266537
      0.14971712
      0.14677667
      0.14384410
      0.14091949
      0.13800291
      0.13509445
      0.13219418
      0.12930218
      0.12641852
      0.12354328
      0.12067654
      0.11781837
      0.11496884
      0.11212804
      0.10929603
      0.10647288
      0.10365868
      0.10085348
     0.098057378
     0.095270428
     0.092492707
     0.089724284
     0.086965230
     0.084215616
     0.081475510
     0.078744982
     0.076024101
     0.073312934
     0.070611549
     0.067920014
     0.065238396
     0.062566760
     0.059905172
     0.057253698
     0.054612403
     0.051981351
     0.049360607
     0.046750233
     0.044150293
     0.041560849
     0.038981963
     0.036413697
     0.033856112
     0.031309269
     0.028773227
     0.026248047
     0.023733787
     0.021230506
     0.018738262
     0.016257113
     0.013787116
     0.011328327
    0.0088808028
    0.0064445991
    0.0040197708
    0.0016063725
  -0.00079554180
   -0.0031859184
   -0.0055647043
   -0.0079318469
    -0.010287294
    -0.012630995
    -0.014962897
    -0.017282952
    -0.019591108
    -0.021887316
    -0.024171528
    -0.026443695
    -0.028703769
    -0.030951704
    -0.033187451
    -0.035410965
    -0.037622200
    -0.039821112
    -0.042007655
    -0.044181785
    -0.046343458
    -0.048492633
    -0.050629265
    -0.052753314
    -0.054864738
    -0.056963496
    -0.059049547
    -0.061122852
    -0.063183372
    -0.065231068
    -0.067265902
    -0.069287837
    -0.071296834
    -0.073292859
    -0.075275874
    -0.077245846
    -0.079202738
    -0.081146516
    -0.083077148
    -0.084994599
    -0.086898837
    -0.088789831
    -0.090667548
    -0.092531958
    -0.094383030
    -0.096220735
    -0.098045043
    -0.099855927
     -0.10165336
     -0.10343731
     -0.10520775
     -0.10696465
     -0.10870800
     -0.11043776
     -0.11215391
     -0.11385643
     -0.11554529
     -0.11722047
     -0.11888194
     -0.12052969
     -0.12216370
     -0.12378393
     -0.12539038
     -0.12698303
     -0.12856184
     -0.13012681
     -0.13167792
     -0.13321515
     -0.13473848
     -0.13624790
     -0.13774339
     -0.13922494
     -0.14069253
     -0.14214615
     -0.14358578
     -0.14501141
     -0.14642303
     -0.14782063
     -0.14920420
     -0.15057372
     -0.15192919
     -0.15327060
     -0.15459793
     -0.15591118
     -0.15721035
     -0.15849542
     -0.15976638
     -0.16102324
     -0.16226599
     -0.16349461
     -0.16470912
     -0.16590949
     -0.16709574
     -0.16826786
     -0.16942584
     -0.17056968
     -0.17169939
     -0.17281496
     -0.17391639
     -0.17500368
     -0.17607684
     -0.17713586
     -0.17818076
     -0.17921152
     -0.18022816
     -0.18123068
     -0.18221908
     -0.18319337
     -0.18415355
     -0.18509963
     -0.18603162
     -0.18694953
     -0.18785335
     -0.18874311
     -0.18961880
     -0.19048045
     -0.19132805
     -0.19216162
     -0.19298117
     -0.19378671
     -0.19457826
     -0.19535582
     -0.19611942
     -0.19686905
     -0.19760474
     -0.19832651
     -0.19903436
     -0.19972832
     -0.20040840
     -0.20107461
     -0.20172698
     -0.20236552
     -0.20299025
     -0.20360119
     -0.20419836
     -0.20478177
     -0.20535146
     -0.20590744
     -0.20644973
     -0.20697835
     -0.20749333
     -0.20799469
     -0.20848245
     -0.20895664
     -0.20941728
     -0.20986440
     -0.21029802
     -0.21071817
     -0.21112487
     -0.21151816
     -0.21189805
     -0.21226458
     -0.21261778
     -0.21295767
     -0.21328429
     -0.21359766
     -0.21389782
     -0.21418479
     -0.21445861
     -0.21471930
     -0.21496691
     -0.21520146
     -0.21542299
     -0.21563153
     -0.21582711
     -0.21600978
     -0.21617956
     -0.21633648
     -0.21648060
     -0.21661193
     -0.21673053
     -0.21683642
     -0.21692965
     -0.21701025
     -0.21707826
     -0.21713372
     -0.21717667
     -0.21720715
     -0.21722520
     -0.21723087
     -0.21722418
     -0.21720519
     -0.21717394
     -0.21713046
     -0.21707481
     -0.21700702
     -0.21692713
     -0.21683521
     -0.21673128
     -0.21661539
     -0.21648759
     -0.21634792
     -0.21619643
     -0.21603317
     -0.21585819
     -0.21567152
     -0.21547322
     -0.21526334
     -0.21504192
     -0.21480902
     -0.21456468
     -0.21430895
     -0.21404189
     -0.21376353
     -0.21347395
     -0.21317317
     -0.21286127
     -0.21253828
     -0.21220426
     -0.21185927
     -0.21150335
     -0.21113656
     -0.21075895
     -0.21037058
     -0.20997149
     -0.20956176
     -0.20914142
     -0.20871054
     -0.20826917
     -0.20781737
     -0.20735519
     -0.20688269
     -0.20639993
     -0.20590695
     -0.20540383
     -0.20489062
     -0.20436738
     -0.20383416
     -0.20329102
     -0.20273803
     -0.20217524
     -0.20160271
     -0.20102050
     -0.20042867
     -0.19982728
     -0.19921640
     -0.19859608
     -0.19796638
     -0.19732737
     -0.19667910
     -0.19602165
     -0.19535507
     -0.19467942
     -0.19399477
     -0.19330118
     -0.19259871
     -0.19188743
     -0.19116739
     -0.19043868
     -0.18970134
     -0.18895544
     -0.18820105
     -0.18743824
     -0.18666706
     -0.18588758
     -0.18509987
     -0.18430400
     -0.18350002
     -0.18268801
     -0.18186804
     -0.18104016
     -0.18020444
     -0.17936096
     -0.17850978
     -0.17765097
     -0.17678459
     -0.17591071
     -0.17502940
     -0.17414073
     -0.17324476
     -0.17234157
     -0.17143122
     -0.17051378
     -0.16958932
     -0.16865791
     -0.16771962
     -0.16677451
     -0.16582267
     -0.16486414
     -0.16389902
     -0.16292735
     -0.16194923
     -0.16096470
     -0.15997386
     -0.15897676
     -0.15797347
     -0.15696407
     -0.15594863
     -0.15492722
     -0.15389990
     -0.15286676
     -0.15182785
     -0.15078326
     -0.14973305
     -0.14867729
     -0.14761606
     -0.14654943
     -0.14547746
     -0.14440023
     -0.14331782
     -0.14223029
     -0.14113771
     -0.14004016
     -0.13893771
     -0.13783043
     -0.13671839
     -0.13560167
     -0.13448033
     -0.13335445
     -0.13222411
     -0.13108936
     -0.12995029
     -0.12880697
     -0.12765947
     -0.12650787
     -0.12535222
     -0.12419261
     -0.12302912
     -0.12186180
     -0.12069074
     -0.11951600
     -0.11833766
     -0.11715580
     -0.11597047
     -0.11478176
     -0.11358974
     -0.11239448
     -0.11119605
     -0.10999453
     -0.10878998
     -0.10758248
     -0.10637210
     -0.10515891
     -0.10394299
     -0.10272441
     -0.10150324
     -0.10027954
    -0.099053401
    -0.097824884
    -0.096594063
    -0.095361011
    -0.094125797
    -0.092888495
    -0.091649175
    -0.090407909
    -0.089164768
    -0.087919824
    -0.086673146
    -0.085424808
    -0.084174878
    -0.082923429
    -0.081670531
    -0.080416255
    -0.079160671
    -0.077903850
    -0.076645861
    -0.075386776
    -0.074126664
    -0.072865596
    -0.071603641
    -0.070340869
    -0.069077349
    -0.067813151
    -0.066548345
    -0.065282999
    -0.064017183
    -0.062750966
    -0.061484416
    -0.060217602
    -0.058950592
    -0.057683456
    -0.056416260
    -0.055149074
    -0.053881964
    -0.052614999
    -0.051348246
    -0.050081772
    -0.048815645
    -0.047549932
    -0.046284699
    -0.045020013
    -0.043755941
    -0.042492549
    -0.041229902
    -0.039968067
    -0.038707110
    -0.037447095
    -0.036188089
    -0.034930156
    -0.033673361
    -0.032417769
    -0.031163444
    -0.029910451
    -0.028658853
    -0.027408714
    -0.026160099
    -0.024913070
    -0.023667690
    -0.022424023
    -0.021182130
    -0.019942075
    -0.018703920
    -0.017467726
    -0.016233556
    -0.015001470
    -0.013771531
    -0.012543798
    -0.011318333
    -0.010095196
   -0.0088744478
   -0.0076561478
   -0.0064403558
   -0.0052271313
   -0.0040165334
   -0.0028086211
   -0.0016034529
  -0.00040108730
   0.00079841773
    0.0019950043
    0.0031886150
    0.0043791925
    0.0055666799
    0.0067510205
    0.0079321578
    0.0091100359
     0.010284599
     0.011455791
     0.012623558
     0.013787844
     0.014948594
     0.016105755
     0.017259272
     0.018409092
     0.019555161
     0.020697426
     0.021835834
     0.022970334
     0.024100872
     0.025227397
     0.026349858
     0.027468203
     0.028582381
     0.029692342
     0.030798036
     0.031899413
     0.032996422
     0.034089016
     0.035177146
     0.036260761
     0.037339815
     0.038414260
     0.039484048
     0.040549132
     0.041609464
     0.042664999
     0.043715691
     0.044761493
     0.045802360
     0.046838247
     0.047869110
     0.048894903
     0.049915584
     0.050931107
     0.051941431
     0.052946511
     0.053946306
     0.054940773
     0.055929870
     0.056913556
     0.057891790
     0.058864530
     0.059831737
     0.060793371
     0.061749391
     0.062699760
     0.063644436
     0.064583383
     0.065516562
     0.066443936
     0.067365466
     0.068281117
     0.069190850
     0.070094631
     0.070992423
     0.071884190
     0.072769899
     0.073649513
     0.074522999
     0.075390323
     0.076251451
     0.077106350
     0.077954988
     0.078797331
     0.079633349
     0.080463009
     0.081286281
     0.082103133
     0.082913535
     0.083717458
     0.084514871
     0.085305746
     0.086090054
     0.086867765
     0.087638854
     0.088403291
     0.089161049
     0.089912103
     0.090656425
     0.091393989
     0.092124771
     0.092848744
     0.093565884
     0.094276167
     0.094979569
     0.095676066
     0.096365635
     0.097048254
     0.097723900
     0.098392551
     0.099054185
     0.099708783
      0.10035632
      0.10099678
      0.10163015
      0.10225639
      0.10287550
      0.10348745
      0.10409223
      0.10468982
      0.10528020
      0.10586336
      0.10643927
      0.10700793
      0.10756931
      0.10812340
      0.10867018
      0.10920965
      0.10974179
      0.11026658
      0.11078400
      0.11129406
      0.11179673
      0.11229200
      0.11277987
      0.11326031
      0.11373333
      0.11419890
      0.11465702
      0.11510768
      0.11555087
      0.11598658
      0.11641481
      0.11683554
      0.11724877
      0.11765448
      0.11805268
      0.11844336
      0.11882651
      0.11920213
      0.11957020
      0.11993073
      0.12028372
      0.12062915
      0.12096703
      0.12129734
      0.12162010
      0.12193529
      0.12224292
      0.12254298
      0.12283547
      0.12312040
      0.12339775
      0.12366754
      0.12392975
      0.12418440
      0.12443149
      0.12467101
      0.12490297
      0.12512736
      0.12534420
      0.12555349
      0.12575523
      0.12594942
      0.12613607
      0.12631519
      0.12648677
      0.12665083
      0.12680737
      0.12695639
      0.12709791
      0.12723193
      0.12735846
      0.12747750
      0.12758907
      0.12769317
      0.12778981
      0.12787901
      0.12796077
      0.12803509
      0.12810201
      0.12816151
      0.12821362
      0.12825834
      0.12829569
      0.12832569
      0.12834833
      0.12836365
      0.12837164
      0.12837233
      0.12836572
      0.12835184
      0.12833069
      0.12830230
      0.12826667
      0.12822383
      0.12817379
      0.12811657
      0.12805219
      0.12798065
      0.12790198
      0.12781621
      0.12772333
      0.12762339
      0.12751638
      0.12740234
      0.12728128
      0.12715323
      0.12701820
      0.12687622
      0.12672730
      0.12657146
      0.12640874
      0.12623915
      0.12606271
      0.12587944
      0.12568938
      0.12549254
      0.12528894
      0.12507862
      0.12486159
      0.12463787
      0.12440751
      0.12417051
      0.12392690
      0.12367672
      0.12341999
      0.12315672
      0.12288696
      0.12261073
      0.12232805
      0.12203895
      0.12174346
      0.12144161
      0.12113343
      0.12081894
      0.12049818
      0.12017117
      0.11983794
      0.11949853
      0.11915296
      0.11880127
      0.11844348
      0.11807963
      0.11770975
      0.11733386
      0.11695201
      0.11656421
      0.11617052
      0.11577095
      0.11536554
      0.11495432
      0.11453733
      0.11411461
      0.11368617
      0.11325207
      0.11281232
      0.11236698
      0.11191607
      0.11145962
      0.11099768
      0.11053027
      0.11005744
      0.10957921
      0.10909564
      0.10860674
      0.10811257
      0.10761315
      0.10710852
      0.10659872
      0.10608379
      0.10556376
      0.10503868
      0.10450858
      0.10397350
      0.10343347
      0.10288854
      0.10233875
      0.10178413
      0.10122473
      0.10066058
      0.10009172
     0.099518193
     0.098940039
     0.098357299
     0.097770012
     0.097178218
     0.096581959
     0.095981275
     0.095376208
     0.094766798
     0.094153087
     0.093535116
     0.092912927
     0.092286563
     0.091656064
     0.091021473
     0.090382833
     0.089740185
     0.089093573
     0.088443038
     0.087788625
     0.087130375
     0.086468332
     0.085802540
     0.085133041
     0.084459878
     0.083783097
     0.083102740
     0.082418851
     0.081731475
     0.081040655
     0.080346435
     0.079648860
     0.078947974
     0.078243822
     0.077536448
     0.076825897
     0.076112214
     0.075395444
     0.074675631
     0.073952821
     0.073227059
     0.072498390
     0.071766859
     0.071032513
     0.070295395
     0.069555553
     0.068813031
     0.068067875
     0.067320131
     0.066569844
     0.065817062
     0.065061828
     0.064304190
     0.063544194
     0.062781885
     0.062017311
     0.061250515
     0.060481547
     0.059710450
     0.058937272
     0.058162059
     0.057384858
     0.056605715
     0.055824675
     0.055041787
     0.054257095
     0.053470647
     0.052682490
     0.051892669
     0.051101231
     0.050308223
     0.049513691
     0.048717683
     0.047920243
     0.047121420
     0.046321260
     0.045519809
     0.044717113
     0.043913220
     0.043108176
     0.042302027
     0.041494820
     0.040686601
     0.039877417
     0.039067315
     0.038256340
     0.037444539
     0.036631959
     0.035818646
     0.035004646
     0.034190005
     0.033374769
     0.032558986
     0.031742700
     0.030925958
     0.030108807
     0.029291291
     0.028473457
     0.027655351
     0.026837019
     0.026018506
     0.025199858
     0.024381120
     0.023562339
     0.022743559
     0.021924827
     0.021106187
     0.020287684
     0.019469365
     0.018651273
     0.017833454
     0.017015954
     0.016198816
     0.015382085
     0.014565807
     0.013750025
     0.012934784
     0.012120129
     0.011306104
     0.010492752
    0.0096801189
    0.0088682473
    0.0080571815
    0.0072469651
    0.0064376417
    0.0056292549
    0.0048218479
    0.0040154642
    0.0032101467
    0.0024059384
    0.0016028823
   0.00080102104
   3.9727673e-07
  -0.00079894654
   -0.0015969681
   -0.0023936251
   -0.0031888756
   -0.0039826776
   -0.0047749893
   -0.0055657692
   -0.0063549757
   -0.0071425676
   -0.0079285035
   -0.0087127426
   -0.0094952439
    -0.010275967
    -0.011054870
    -0.011831915
    -0.012607060
    -0.013380264
    -0.014151490
    -0.014920696
    -0.015687843
    -0.016452892
    -0.017215803
    -0.017976538
    -0.018735057
    -0.019491323
    -0.020245295
    -0.020996937
    -0.021746210
    -0.022493076
    -0.023237497
    -0.023979436
    -0.024718856
    -0.025455719
    -0.026189987
    -0.026921626
    -0.027650597
    -0.028376865
    -0.029100393
    -0.029821145
    -0.030539086
    -0.031254180
    -0.031966392
    -0.032675686
    -0.033382028
    -0.034085382
    -0.034785715
    -0.035482992
    -0.036177179
    -0.036868243
    -0.037556148
    -0.038240863
    -0.038922354
    -0.039600588
    -0.040275532
    -0.040947153
    -0.041615421
    -0.042280301
    -0.042941763
    -0.043599776
    -0.044254307
    -0.044905325
    -0.045552801
    -0.046196702
    -0.046836999
    -0.047473662
    -0.048106660
    -0.048735965
    -0.049361546
    -0.049983374
    -0.050601421
    -0.051215658
    -0.051826056
    -0.052432587
    -0.053035224
    -0.053633938
    -0.054228702
    -0.054819490
    -0.055406274
    -0.055989027
    -0.056567724
    -0.057142337
    -0.057712842
    -0.058279213
    -0.058841423
    -0.059399449
    -0.059953265
    -0.060502847
    -0.061048171
    -0.061589212
    -0.062125947
    -0.062658352
    -0.063186405
    -0.063710081
    -0.064229360
    -0.064744217
    -0.065254632
    -0.065760581
    -0.066262045
    -0.066759001
    -0.067251428
    -0.067739306
    -0.068222615
    -0.068701333
    -0.069175441
    -0.069644921
    -0.070109751
    -0.070569914
    -0.071025390
    -0.071476161
    -0.071922208
    -0.072363515
    -0.072800063
    -0.073231834
    -0.073658813
    -0.074080981
    -0.074498324
    -0.074910823
    -0.075318464
    -0.075721231
    -0.076119108
    -0.076512081
    -0.076900134
    -0.077283254
    -0.077661426
    -0.078034636
    -0.078402870
    -0.078766116
    -0.079124361
    -0.079477590
    -0.079825793
    -0.080168957
    -0.080507070
    -0.080840121
    -0.081168098
    -0.081490991
    -0.081808788
    -0.082121479
    -0.082429055
    -0.082731506
    -0.083028821
    -0.083320993
    -0.083608011
    -0.083889868
    -0.084166554
    -0.084438063
    -0.084704385
    -0.084965515
    -0.085221444
    -0.085472167
    -0.085717675
    -0.085957964
    -0.086193027
    -0.086422858
    -0.086647452
    -0.086866804
    -0.087080910
    -0.087289764
    -0.087493363
    -0.087691702
    -0.087884778
    -0.088072589
    -0.088255129
    -0.088432398
    -0.088604393
    -0.088771111
    -0.088932550
    -0.089088709
    -0.089239587
    -0.089385183
    -0.089525496
    -0.089660526
    -0.089790272
    -0.089914735
    -0.090033916
    -0.090147814
    -0.090256431
    -0.090359769
    -0.090457829
    -0.090550613
    -0.090638123
    -0.090720361
    -0.090797331
    -0.090869035
    -0.090935478
    -0.090996661
    -0.091052590
    -0.091103269
    -0.091148701
    -0.091188893
    -0.091223848
    -0.091253572
    -0.091278071
    -0.091297351
    -0.091311417
    -0.091320277
    -0.091323936
    -0.091322402
    -0.091315683
    -0.091303785
    -0.091286717
    -0.091264486
    -0.091237101
    -0.091204571
    -0.091166904
    -0.091124110
    -0.091076197
    -0.091023177
    -0.090965058
    -0.090901851
    -0.090833567
    -0.090760216
    -0.090681809
    -0.090598358
    -0.090509874
    -0.090416369
    -0.090317855
    -0.090214344
    -0.090105850
    -0.089992384
    -0.089873959
    -0.089750591
    -0.089622291
    -0.089489074
    -0.089350953
    -0.089207944
    -0.089060061
    -0.088907319
    -0.088749732
    -0.088587316
    -0.088420088
    -0.088248062
    -0.088071255
    -0.087889683
    -0.087703362
    -0.087512310
    -0.087316544
    -0.087116080
    -0.086910937
    -0.086701131
    -0.086486682
    -0.086267607
    -0.086043925
    -0.085815655
    -0.085582814
    -0.085345424
    -0.085103502
    -0.084857068
    -0.084606143
    -0.084350746
    -0.084178992
    -0.084178992
