   0.00012323447
  -7.6313476e-05
   1.6084062e-07
   7.6152933e-05
  -0.00012346388
   0.00012364578
  -7.6569978e-05
   1.6315698e-07
   7.6409920e-05
  -0.00012387697
   0.00012406187
  -7.6826869e-05
   1.6396263e-07
   7.6665216e-05
  -0.00012429424
   0.00012447992
  -7.7085716e-05
   1.6442747e-07
   7.6923029e-05
  -0.00012471336
   0.00012490019
  -7.7347276e-05
   1.6678322e-07
   7.7184765e-05
  -0.00012513541
   0.00012532498
  -7.7609765e-05
   1.6673206e-07
   7.7445665e-05
  -0.00012556197
   0.00012575026
  -7.7874538e-05
   1.6768787e-07
   7.7708945e-05
  -0.00012599108
   0.00012617957
  -7.8140716e-05
   1.6864584e-07
   7.7975361e-05
  -0.00012642192
   0.00012661176
  -7.8409240e-05
   1.6947952e-07
   7.8242839e-05
  -0.00012685550
   0.00012704705
  -7.8679562e-05
   1.6925641e-07
   7.8511435e-05
  -0.00012729264
   0.00012748486
  -7.8951442e-05
   1.7046333e-07
   7.8782281e-05
  -0.00012773338
   0.00012792796
  -7.9224256e-05
   1.7185387e-07
   7.9055223e-05
  -0.00012817748
   0.00012837122
  -7.9500792e-05
   1.7276456e-07
   7.9330294e-05
  -0.00012862180
   0.00012882042
  -7.9778699e-05
   1.7346143e-07
   7.9607084e-05
  -0.00012907232
   0.00012927074
  -8.0057215e-05
   1.7518757e-07
   7.9886196e-05
  -0.00012952471
   0.00012972429
  -8.0338458e-05
   1.7735133e-07
   8.0167259e-05
  -0.00012998105
   0.00013018133
  -8.0622165e-05
   1.7793339e-07
   8.0450160e-05
  -0.00013043894
   0.00013064176
  -8.0908653e-05
   1.7861943e-07
   8.0734389e-05
  -0.00013090285
   0.00013110431
  -8.1195656e-05
   1.7960298e-07
   8.1020542e-05
  -0.00013136811
   0.00013157049
  -8.1486167e-05
   1.8028860e-07
   8.1308884e-05
  -0.00013183601
   0.00013204198
  -8.1777088e-05
   1.8164369e-07
   8.1600110e-05
  -0.00013230817
   0.00013251540
  -8.2071688e-05
   1.8218405e-07
   8.1892350e-05
  -0.00013278435
   0.00013299227
  -8.2366989e-05
   1.8415986e-07
   8.2187762e-05
  -0.00013326285
   0.00013347284
  -8.2665699e-05
   1.8405534e-07
   8.2483753e-05
  -0.00013374614
   0.00013395739
  -8.2965029e-05
   1.8654290e-07
   8.2783971e-05
  -0.00013423298
   0.00013444430
  -8.3268131e-05
   1.8696392e-07
   8.3086019e-05
  -0.00013472113
   0.00013493643
  -8.3570930e-05
   1.8855812e-07
   8.3388622e-05
  -0.00013521391
   0.00013543041
  -8.3879350e-05
   1.8968427e-07
   8.3695183e-05
  -0.00013571056
   0.00013592893
  -8.4188359e-05
   1.9120982e-07
   8.4004221e-05
  -0.00013621155
   0.00013642987
  -8.4499494e-05
   1.9245112e-07
   8.4313890e-05
  -0.00013671604
   0.00013693543
  -8.4813596e-05
   1.9319383e-07
   8.4625614e-05
  -0.00013722410
   0.00013744550
  -8.5129111e-05
   1.9457063e-07
   8.4941491e-05
  -0.00013773501
   0.00013795755
  -8.5448296e-05
   1.9533318e-07
   8.5258420e-05
  -0.00013824960
   0.00013847556
  -8.5768375e-05
   1.9753282e-07
   8.5579113e-05
  -0.00013876910
   0.00013899650
  -8.6092056e-05
   1.9803915e-07
   8.5900331e-05
  -0.00013929377
   0.00013952206
  -8.6415969e-05
   1.9994980e-07
   8.6224691e-05
  -0.00013982133
   0.00014004995
  -8.6744641e-05
   2.0180130e-07
   8.6551761e-05
  -0.00014035229
   0.00014058298
  -8.7075904e-05
   2.0245779e-07
   8.6881065e-05
  -0.00014088644
   0.00014112071
  -8.7408760e-05
   2.0381493e-07
   8.7213480e-05
  -0.00014142673
   0.00014166060
  -8.7745479e-05
   2.0491010e-07
   8.7548567e-05
  -0.00014197041
   0.00014220576
  -8.8083666e-05
   2.0578922e-07
   8.7885193e-05
  -0.00014251815
   0.00014275524
  -8.8424948e-05
   2.0645258e-07
   8.8224513e-05
  -0.00014307018
   0.00014331006
  -8.8766835e-05
   2.0939717e-07
   8.8567622e-05
  -0.00014362598
   0.00014386821
  -8.9114236e-05
   2.1042742e-07
   8.8912694e-05
  -0.00014418717
   0.00014443029
  -8.9462802e-05
   2.1239657e-07
   8.9260725e-05
  -0.00014475113
   0.00014499798
  -8.9814572e-05
   2.1303384e-07
   8.9610976e-05
  -0.00014532126
   0.00014556787
  -9.0168835e-05
   2.1505617e-07
   8.9964479e-05
  -0.00014589510
   0.00014614319
  -9.0527442e-05
   2.1566784e-07
   9.0321230e-05
  -0.00014647278
   0.00014672508
  -9.0887314e-05
   2.1592141e-07
   9.0678644e-05
  -0.00014705690
   0.00014731035
  -9.1250239e-05
   2.1845727e-07
   9.1041052e-05
  -0.00014764537
   0.00014789846
  -9.1616057e-05
   2.2064356e-07
   9.1405517e-05
  -0.00014823762
   0.00014849266
  -9.1985414e-05
   2.2175589e-07
   9.1773872e-05
  -0.00014883417
   0.00014909312
  -9.2355675e-05
   2.2402111e-07
   9.2143612e-05
  -0.00014943667
   0.00014969697
  -9.2731539e-05
   2.2502513e-07
   9.2517120e-05
  -0.00015004370
   0.00015030524
  -9.3109393e-05
   2.2709527e-07
   9.2893464e-05
  -0.00015065596
   0.00015091928
  -9.3491071e-05
   2.2770194e-07
   9.3273219e-05
  -0.00015127310
   0.00015153813
  -9.3874805e-05
   2.2979384e-07
   9.3656896e-05
  -0.00015189455
   0.00015216186
  -9.4262965e-05
   2.3108188e-07
   9.4043043e-05
  -0.00015252148
   0.00015279205
  -9.4653390e-05
   2.3192870e-07
   9.4432103e-05
  -0.00015315411
   0.00015342613
  -9.5046863e-05
   2.3516918e-07
   9.4824631e-05
  -0.00015379184
   0.00015406596
  -9.5444166e-05
   2.3652619e-07
   9.5219197e-05
  -0.00015443493
   0.00015471197
  -9.5843929e-05
   2.3851602e-07
   9.5618595e-05
  -0.00015508310
   0.00015536283
  -9.6247750e-05
   2.4066821e-07
   9.6020548e-05
  -0.00015573715
   0.00015601843
  -9.6655369e-05
   2.4196732e-07
   9.6425035e-05
  -0.00015639803
   0.00015667945
  -9.7065828e-05
   2.4487306e-07
   9.6835049e-05
  -0.00015706284
   0.00015734623
  -9.7481042e-05
   2.4621583e-07
   9.7247902e-05
  -0.00015773240
   0.00015802014
  -9.7898466e-05
   2.4766280e-07
   9.7663856e-05
  -0.00015840868
   0.00015869802
  -9.8320766e-05
   2.4890675e-07
   9.8083798e-05
  -0.00015909077
   0.00015938252
  -9.8744249e-05
   2.5193857e-07
   9.8507528e-05
  -0.00015977914
   0.00016007292
  -9.9173519e-05
   2.5384732e-07
   9.8934700e-05
  -0.00016047331
   0.00016076968
  -9.9605029e-05
   2.5646844e-07
   9.9365547e-05
  -0.00016117376
   0.00016147184
  -0.00010004118
   2.5771419e-07
   9.9800544e-05
  -0.00016187841
   0.00016218110
  -0.00010048123
   2.5975806e-07
   0.00010023842
  -0.00016259183
   0.00016289614
  -0.00010092625
   2.6043817e-07
   0.00010067954
  -0.00016331120
   0.00016361856
  -0.00010137304
   2.6370353e-07
   0.00010112674
  -0.00016403703
   0.00016434496
  -0.00010182568
   2.6605876e-07
   0.00010157703
  -0.00016476816
   0.00016507987
  -0.00010228182
   2.6713283e-07
   0.00010203038
  -0.00016550640
   0.00016582035
  -0.00010274196
   2.7042306e-07
   0.00010248987
  -0.00016625049
   0.00016656966
  -0.00010320523
   2.7253059e-07
   0.00010295125
  -0.00016700349
   0.00016732336
  -0.00010367352
   2.7460737e-07
   0.00010341825
  -0.00016776071
   0.00016808387
  -0.00010414762
   2.7619206e-07
   0.00010388875
  -0.00016852619
   0.00016885252
  -0.00010462384
   2.7865701e-07
   0.00010436370
  -0.00016929930
   0.00016962752
  -0.00010510538
   2.8134233e-07
   0.00010484428
  -0.00017007867
   0.00017040927
  -0.00010559171
   2.8381953e-07
   0.00010532804
  -0.00017086504
   0.00017119974
  -0.00010608181
   2.8521073e-07
   0.00010581545
  -0.00017165880
   0.00017199602
  -0.00010657698
   2.8878580e-07
   0.00010630871
  -0.00017245996
   0.00017280140
  -0.00010707696
   2.9056876e-07
   0.00010680549
  -0.00017326999
   0.00017361279
  -0.00010758060
   2.9413050e-07
   0.00010730840
  -0.00017408576
   0.00017443239
  -0.00010808910
   2.9698562e-07
   0.00010781484
  -0.00017491104
   0.00017525938
  -0.00010860408
   2.9781324e-07
   0.00010832746
  -0.00017574243
   0.00017609503
  -0.00010912241
   3.0036104e-07
   0.00010884298
  -0.00017658201
   0.00017693887
  -0.00010964641
   3.0443147e-07
   0.00010936560
  -0.00017743066
   0.00017779000
  -0.00011017470
   3.0581396e-07
   0.00010989080
  -0.00017828731
   0.00017864967
  -0.00011070922
   3.0920014e-07
   0.00011042329
  -0.00017915205
   0.00017951791
  -0.00011124719
   3.1161765e-07
   0.00011095994
  -0.00018002434
   0.00018039447
  -0.00011179158
   3.1471309e-07
   0.00011150312
  -0.00018090588
   0.00018127898
  -0.00011234233
   3.1722343e-07
   0.00011205099
  -0.00018179635
   0.00018217296
  -0.00011289809
   3.1924472e-07
   0.00011260277
  -0.00018269621
   0.00018307593
  -0.00011345867
   3.2360125e-07
   0.00011316073
  -0.00018360554
   0.00018398722
  -0.00011402528
   3.2586621e-07
   0.00011372477
  -0.00018452108
   0.00018490956
  -0.00011459563
   3.2927456e-07
   0.00011429429
  -0.00018544795
   0.00018583855
  -0.00011517439
   3.3194966e-07
   0.00011486914
  -0.00018638368
   0.00018677851
  -0.00011575891
   3.3475880e-07
   0.00011545020
  -0.00018732892
   0.00018772737
  -0.00011634874
   3.3718227e-07
   0.00011603730
  -0.00018828353
   0.00018868523
  -0.00011694358
   3.4234620e-07
   0.00011663076
  -0.00018924806
   0.00018965465
  -0.00011754545
   3.4554270e-07
   0.00011723043
  -0.00019022252
   0.00019063219
  -0.00011815365
   3.4818901e-07
   0.00011783469
  -0.00019120707
   0.00019162184
  -0.00011876861
   3.5061378e-07
   0.00011844704
  -0.00019220132
   0.00019262080
  -0.00011938877
   3.5469801e-07
   0.00011906430
  -0.00019320788
   0.00019362936
  -0.00012001566
   3.5914537e-07
   0.00011968881
  -0.00019422297
   0.00019464998
  -0.00012065025
   3.6239456e-07
   0.00012032001
  -0.00019524978
   0.00019568099
  -0.00012129092
   3.6552964e-07
   0.00012095773
  -0.00019628746
   0.00019672238
  -0.00012193904
   3.6800212e-07
   0.00012160169
  -0.00019733576
   0.00019777610
  -0.00012259287
   3.7314700e-07
   0.00012225379
  -0.00019839545
   0.00019884083
  -0.00012325424
   3.7575387e-07
   0.00012291112
  -0.00019946674
   0.00019991628
  -0.00012392332
   3.7986837e-07
   0.00012357777
  -0.00020054953
   0.00020100408
  -0.00012459913
   3.8371545e-07
   0.00012424966
  -0.00020164419
   0.00020210378
  -0.00012528224
   3.8852101e-07
   0.00012493014
  -0.00020275134
   0.00020321601
  -0.00012597334
   3.9100002e-07
   0.00012561724
  -0.00020387015
   0.00020433900
  -0.00012667276
   3.9555177e-07
   0.00012631399
  -0.00020500176
   0.00020547535
  -0.00012737793
   4.0001254e-07
   0.00012701637
  -0.00020614630
   0.00020662382
  -0.00012809404
   4.0452562e-07
   0.00012772785
  -0.00020730297
   0.00020778646
  -0.00012881516
   4.0836127e-07
   0.00012844547
  -0.00020847273
   0.00020896223
  -0.00012954613
   4.1248086e-07
   0.00012917190
  -0.00020965621
   0.00021015103
  -0.00013028546
   4.1732800e-07
   0.00012990732
  -0.00021085293
   0.00021135226
  -0.00013103313
   4.2164128e-07
   0.00013065165
  -0.00021206329
   0.00021256838
  -0.00013178867
   4.2629685e-07
   0.00013140340
  -0.00021328788
   0.00021379936
  -0.00013255383
   4.2976497e-07
   0.00013216359
  -0.00021452544
   0.00021504377
  -0.00013332844
   4.3480219e-07
   0.00013293352
  -0.00021577971
   0.00021630230
  -0.00013411046
   4.3979120e-07
   0.00013371268
  -0.00021704681
   0.00021757711
  -0.00013490196
   4.4420024e-07
   0.00013450051
  -0.00021833038
   0.00021886419
  -0.00013570422
   4.4971327e-07
   0.00013529742
  -0.00021962809
   0.00022016903
  -0.00013651488
   4.5521998e-07
   0.00013610469
  -0.00022094182
   0.00022148874
  -0.00013733570
   4.6021335e-07
   0.00013692133
  -0.00022227134
   0.00022282446
  -0.00013816712
   4.6519132e-07
   0.00013774751
  -0.00022361746
   0.00022417677
  -0.00013900742
   4.7028616e-07
   0.00013858481
  -0.00022497777
   0.00022554488
  -0.00013985907
   4.7621385e-07
   0.00013943085
  -0.00022635637
   0.00022693011
  -0.00014072104
   4.8101170e-07
   0.00014028846
  -0.00022775175
   0.00022833251
  -0.00014159218
   4.8804489e-07
   0.00014115552
  -0.00022916518
   0.00022975359
  -0.00014247591
   4.9252418e-07
   0.00014203263
  -0.00023059647
   0.00023119038
  -0.00014337041
   4.9869195e-07
   0.00014292392
  -0.00023204399
   0.00023264681
  -0.00014427527
   5.0483105e-07
   0.00014382358
  -0.00023351127
   0.00023412135
  -0.00014519268
   5.1061719e-07
   0.00014473473
  -0.00023499726
   0.00023561417
  -0.00014612221
   5.1722358e-07
   0.00014565934
  -0.00023650195
   0.00023712603
  -0.00014706292
   5.2374436e-07
   0.00014659443
  -0.00023802532
   0.00023865810
  -0.00014801650
   5.2971478e-07
   0.00014754165
  -0.00023957003
   0.00024020989
  -0.00014898191
   5.3598525e-07
   0.00014850207
  -0.00024113310
   0.00024178222
  -0.00014995924
   5.4292207e-07
   0.00014947489
  -0.00024271699
   0.00024337464
  -0.00015095084
   5.4995591e-07
   0.00015046021
  -0.00024432299
   0.00024498802
  -0.00015195617
   5.5608437e-07
   0.00015145836
  -0.00024594901
   0.00024662297
  -0.00015297350
   5.6312924e-07
   0.00015246996
  -0.00024759651
   0.00024828101
  -0.00015400388
   5.7081914e-07
   0.00015349433
  -0.00024926960
   0.00024996105
  -0.00015504929
   5.7877362e-07
   0.00015453524
  -0.00025096240
   0.00025166387
  -0.00015611016
   5.8584394e-07
   0.00015558852
  -0.00025267776
   0.00025339079
  -0.00015718381
   5.9290797e-07
   0.00015665544
  -0.00025441760
   0.00025514012
  -0.00015827396
   6.0114974e-07
   0.00015773921
  -0.00025618405
   0.00025691240
  -0.00015937788
   6.0966155e-07
   0.00015883627
  -0.00025797257
   0.00025871244
  -0.00016049802
   6.1714748e-07
   0.00015994923
  -0.00025978656
   0.00026053712
  -0.00016163394
   6.2518816e-07
   0.00016107710
  -0.00026162680
   0.00026238909
  -0.00016278586
   6.3342063e-07
   0.00016222283
  -0.00026349356
   0.00026426422
  -0.00016395387
   6.4355749e-07
   0.00016338392
  -0.00026538640
   0.00026616797
  -0.00016514042
   6.5205574e-07
   0.00016456137
  -0.00026730633
   0.00026809989
  -0.00016634270
   6.6137423e-07
   0.00016575657
  -0.00026925399
   0.00027005938
  -0.00016756348
   6.7122492e-07
   0.00016696927
  -0.00027123161
   0.00027204874
  -0.00016880087
   6.7967248e-07
   0.00016819885
  -0.00027323825
   0.00027406523
  -0.00017005893
   6.8986767e-07
   0.00016944880
  -0.00027527409
   0.00027611361
  -0.00017133407
   7.0017539e-07
   0.00017071474
  -0.00027734045
   0.00027819366
  -0.00017262909
   7.1069576e-07
   0.00017200198
  -0.00027943770
   0.00028030390
  -0.00017394413
   7.2036631e-07
   0.00017330826
  -0.00028156755
   0.00028244691
  -0.00017527996
   7.2972839e-07
   0.00017463304
  -0.00028373148
   0.00028462282
  -0.00017663451
   7.4210902e-07
   0.00017598081
  -0.00028592712
   0.00028683164
  -0.00017801223
   7.5371321e-07
   0.00017734803
  -0.00028815720
   0.00028907754
  -0.00017941054
   7.6330993e-07
   0.00017873542
  -0.00029042337
   0.00029135720
  -0.00018083010
   7.7532364e-07
   0.00018014627
  -0.00029272413
   0.00029367373
  -0.00018227434
   7.8664642e-07
   0.00018157857
  -0.00029506204
   0.00029602697
  -0.00018374022
   7.9927901e-07
   0.00018303435
  -0.00029743783
   0.00029841772
  -0.00018523043
   8.1327571e-07
   0.00018451539
  -0.00029985313
   0.00030084704
  -0.00018674592
   8.2472227e-07
   0.00018601865
  -0.00030230553
   0.00030331751
  -0.00018828461
   8.3906751e-07
   0.00018754656
  -0.00030480113
   0.00030582772
  -0.00018985121
   8.5170933e-07
   0.00018910053
  -0.00030733706
   0.00030838081
  -0.00019144213
   8.6500437e-07
   0.00019067925
  -0.00030991487
   0.00031097681
  -0.00019306015
   8.7951557e-07
   0.00019228595
  -0.00031253684
   0.00031361620
  -0.00019470651
   8.9439813e-07
   0.00019391991
  -0.00031520429
   0.00031630069
  -0.00019637998
   9.0968658e-07
   0.00019558149
  -0.00031791576
   0.00031903185
  -0.00019808382
   9.2520962e-07
   0.00019727199
  -0.00032067707
   0.00032180988
  -0.00019981712
   9.4050552e-07
   0.00019899196
  -0.00032348460
   0.00032463869
  -0.00020158126
   9.5589378e-07
   0.00020074225
  -0.00032634240
   0.00032751603
  -0.00020337578
   9.7228452e-07
   0.00020252231
  -0.00032925098
   0.00033044672
  -0.00020520242
   9.8976056e-07
   0.00020433533
  -0.00033221208
   0.00033342925
  -0.00020706284
   1.0084860e-06
   0.00020618121
  -0.00033522671
   0.00033646587
  -0.00020895820
   1.0252223e-06
   0.00020806018
  -0.00033829610
   0.00033955851
  -0.00021088757
   1.0429180e-06
   0.00020997401
  -0.00034142327
   0.00034270735
  -0.00021285340
   1.0630733e-06
   0.00021192355
  -0.00034460730
   0.00034591713
  -0.00021485656
   1.0827082e-06
   0.00021390960
  -0.00034785253
   0.00034918525
  -0.00021689735
   1.1029209e-06
   0.00021593267
  -0.00035115895
   0.00035251806
  -0.00021897666
   1.1229237e-06
   0.00021799393
  -0.00035453020
   0.00035591399
  -0.00022109593
   1.1452413e-06
   0.00022009602
  -0.00035796522
   0.00035937643
  -0.00022325809
   1.1665815e-06
   0.00022223904
  -0.00036146818
   0.00036290582
  -0.00022546138
   1.1892164e-06
   0.00022442450
  -0.00036503892
   0.00036650617
  -0.00022771024
   1.2119682e-06
   0.00022665229
  -0.00036868221
   0.00037017942
  -0.00023000326
   1.2356787e-06
   0.00022892464
  -0.00037239948
   0.00037392491
  -0.00023234416
   1.2598460e-06
   0.00023124504
  -0.00037619125
   0.00037774831
  -0.00023473035
   1.2861181e-06
   0.00023361111
  -0.00038006277
   0.00038165044
  -0.00023716889
   1.3120227e-06
   0.00023602617
  -0.00038401325
   0.00038563421
  -0.00023965764
   1.3399950e-06
   0.00023849191
  -0.00038804719
   0.00038970260
  -0.00024219910
   1.3673798e-06
   0.00024101054
  -0.00039216607
   0.00039385730
  -0.00024479581
   1.3953465e-06
   0.00024358063
  -0.00039637500
   0.00039810128
  -0.00024744777
   1.4263526e-06
   0.00024620871
  -0.00040067382
   0.00040243685
  -0.00025015911
   1.4558439e-06
   0.00024889273
  -0.00040506647
   0.00040687011
  -0.00025292867
   1.4882975e-06
   0.00025163677
  -0.00040955801
   0.00041139925
  -0.00025576332
   1.5211429e-06
   0.00025444243
  -0.00041414915
   0.00041603259
  -0.00025865949
   1.5549158e-06
   0.00025730921
  -0.00041884521
   0.00042077152
  -0.00026162222
   1.5904143e-06
   0.00026024315
  -0.00042364909
   0.00042561870
  -0.00026465489
   1.6257516e-06
   0.00026324448
  -0.00042856295
   0.00043057936
  -0.00026775862
   1.6630252e-06
   0.00026631432
  -0.00043359344
   0.00043565667
  -0.00027093476
   1.7025258e-06
   0.00026945825
  -0.00043874312
   0.00044085444
  -0.00027418830
   1.7433106e-06
   0.00027267740
  -0.00044401634
   0.00044617970
  -0.00027752034
   1.7838234e-06
   0.00027597317
  -0.00044941809
   0.00045163416
  -0.00028093357
   1.8288863e-06
   0.00027935082
  -0.00045495344
   0.00045722335
  -0.00028443268
   1.8739410e-06
   0.00028281114
  -0.00046062634
   0.00046295225
  -0.00028802100
   1.9200313e-06
   0.00028635810
  -0.00046644333
   0.00046882715
  -0.00029170030
   1.9680822e-06
   0.00028999644
  -0.00047240657
   0.00047485402
  -0.00029547368
   2.0188125e-06
   0.00029372728
  -0.00047852620
   0.00048103677
  -0.00029934627
   2.0719202e-06
   0.00029755561
  -0.00048480676
   0.00048738198
  -0.00030332305
   2.1266374e-06
   0.00030148558
  -0.00049125284
   0.00049389804
  -0.00030740582
   2.1831436e-06
   0.00030552015
  -0.00049787366
   0.00050059096
  -0.00031160064
   2.2409492e-06
   0.00030966424
  -0.00050467618
   0.00050746560
  -0.00031591234
   2.3030638e-06
   0.00031392201
  -0.00051166625
   0.00051453374
  -0.00032034391
   2.3664418e-06
   0.00031829884
  -0.00051885228
   0.00052180218
  -0.00032489885
   2.4343812e-06
   0.00032279999
  -0.00052624303
   0.00052927751
  -0.00032959010
   2.5031795e-06
   0.00032743039
  -0.00053384872
   0.00053696903
  -0.00033441664
   2.5759080e-06
   0.00033219472
  -0.00054167558
   0.00054489008
  -0.00033938622
   2.6519872e-06
   0.00033709893
  -0.00054973797
   0.00055304569
  -0.00034450624
   2.7318711e-06
   0.00034215145
  -0.00055804221
   0.00056145132
  -0.00034978283
   2.8142371e-06
   0.00034735650
  -0.00056660094
   0.00057011565
  -0.00035522442
   2.9020741e-06
   0.00035272345
  -0.00057542607
   0.00057905105
  -0.00036083739
   2.9946887e-06
   0.00035825988
  -0.00058453106
   0.00058827174
  -0.00036663071
   3.0887867e-06
   0.00036396938
  -0.00059392990
   0.00059779069
  -0.00037261340
   3.1891776e-06
   0.00036986703
  -0.00060363328
   0.00060762238
  -0.00037879426
   3.2944864e-06
   0.00037595800
  -0.00061366004
   0.00061778424
  -0.00038518240
   3.4052821e-06
   0.00038225274
  -0.00062402729
   0.00062828976
  -0.00039179130
   3.5224779e-06
   0.00038876254
  -0.00063474998
   0.00063915995
  -0.00039863101
   3.6433141e-06
   0.00039549601
  -0.00064584616
   0.00065041242
  -0.00040571283
   3.7738098e-06
   0.00040246722
  -0.00065733841
   0.00066206945
  -0.00041305120
   3.9103834e-06
   0.00040969134
  -0.00066924715
   0.00067415044
  -0.00042065998
   4.0529341e-06
   0.00041717597
  -0.00068159632
   0.00068667974
  -0.00042855507
   4.2061613e-06
   0.00042494196
  -0.00069440679
   0.00069968685
  -0.00043675240
   4.3651760e-06
   0.00043300057
  -0.00070771030
   0.00071319274
  -0.00044526825
   4.5361180e-06
   0.00044137193
  -0.00072153176
   0.00072723275
  -0.00045412222
   4.7161534e-06
   0.00045007196
  -0.00073590598
   0.00074183503
  -0.00046333674
   4.9072615e-06
   0.00045912201
  -0.00075086376
   0.00075703678
  -0.00047293184
   5.1108327e-06
   0.00046854499
  -0.00076644082
   0.00077287275
  -0.00048293451
   5.3272048e-06
   0.00047836188
  -0.00078267993
   0.00078938743
  -0.00049336723
   5.5569270e-06
   0.00048859769
  -0.00079962246
   0.00080662230
  -0.00050426310
   5.8028357e-06
   0.00049928379
  -0.00081731245
   0.00082462759
  -0.00051564902
   6.0665202e-06
   0.00051044579
  -0.00083580522
   0.00084345443
  -0.00052756180
   6.3468817e-06
   0.00052212009
  -0.00085515171
   0.00086316114
  -0.00054003717
   6.6466919e-06
   0.00053433822
  -0.00087541641
   0.00088381013
  -0.00055311762
   6.9707470e-06
   0.00054714281
  -0.00089666445
   0.00090547351
  -0.00056684771
   7.3167185e-06
   0.00056057576
  -0.00091896912
   0.00092822323
  -0.00058127662
   7.6906074e-06
   0.00057468501
  -0.00094241310
   0.00095214592
  -0.00059645928
   8.0934635e-06
   0.00058952354
  -0.00096708309
   0.00097733574
  -0.00061245533
   8.5298341e-06
   0.00060514703
  -0.00099308096
    0.0010038932
  -0.00062933299
   9.0026334e-06
   0.00062162141
   -0.0010205136
    0.0010319351
  -0.00064716788
   9.5146076e-06
   0.00063901818
   -0.0010495054
    0.0010615885
  -0.00066604292
   1.0072926e-05
   0.00065741728
   -0.0010801933
    0.0010929950
  -0.00068605288
   1.0681483e-05
   0.00067690582
   -0.0011127302
    0.0011263179
  -0.00070730017
   1.1347760e-05
   0.00069758607
   -0.0011472865
    0.0011617373
  -0.00072990577
   1.2077722e-05
   0.00071956774
   -0.0011840603
    0.0011994542
  -0.00075400485
   1.2881029e-05
   0.00074298085
   -0.0012232667
    0.0012397051
  -0.00077974941
   1.3766022e-05
   0.00076796681
   -0.0012651607
    0.0012827501
  -0.00080731368
   1.4747494e-05
   0.00079469436
   -0.0013100237
    0.0013288927
  -0.00083689821
   1.5836994e-05
   0.00082334663
   -0.0013581870
    0.0013784763
  -0.00086873383
   1.7053177e-05
   0.00085414325
   -0.0014100261
    0.0014319060
  -0.00090308323
   1.8413924e-05
   0.00088732997
   -0.0014659804
    0.0014896428
  -0.00094026376
   1.9945662e-05
   0.00092320151
   -0.0015265591
    0.0015522325
  -0.00098063410
   2.1676632e-05
   0.00096209207
   -0.0015923595
    0.0016203131
   -0.0010246264
   2.3644014e-05
    0.0010044037
   -0.0016640870
    0.0016946385
   -0.0010727515
   2.5890687e-05
    0.0010506053
   -0.0017425824
    0.0017761110
   -0.0011256159
   2.8476584e-05
    0.0011012629
   -0.0018288478
    0.0018658133
   -0.0011839599
   3.1468235e-05
    0.0011570466
   -0.0019241022
    0.0019650580
   -0.0012486781
   3.4960860e-05
    0.0012187827
   -0.0020298224
    0.0020754535
   -0.0013208799
   3.9065973e-05
    0.0012874719
   -0.0021478361
    0.0021989929
   -0.0014019371
   4.3942274e-05
    0.0013643612
   -0.0022804182
    0.0023381691
   -0.0014935890
   4.9791603e-05
    0.0014510093
   -0.0024304467
    0.0024961520
   -0.0015980518
   5.6891414e-05
    0.0015493972
   -0.0026016055
    0.0026770322
   -0.0017182140
   6.5628040e-05
    0.0016620850
   -0.0027986972
    0.0028861745
   -0.0018578979
   7.6545392e-05
    0.0017924252
   -0.0030281001
    0.0031307654
   -0.0020222765
   9.0432109e-05
    0.0019449149
   -0.0032984669
    0.0034206505
   -0.0022185243
   0.00010847277
    0.0021257085
   -0.0036218471
    0.0037696954
   -0.0024568897
   0.00013250834
    0.0023434752
   -0.0040155261
    0.0041980694
   -0.0027525342
   0.00016551812
    0.0026108025
   -0.0045052268
    0.0047362815
   -0.0031288706
   0.00021259991
    0.0029467056
   -0.0051309537
    0.0054327922
   -0.0036240458
   0.00028305404
    0.0033812709
   -0.0059585285
    0.0063694792
   -0.0043046446
   0.00039536569
    0.0039649961
   -0.0071044006
    0.0076964513
   -0.0052981263
   0.00059069093
    0.0047892490
   -0.0087959259
    0.0097218329
   -0.0068823419
   0.00097674370
    0.0060361692
    -0.011544656
     0.013193912
   -0.0097964713
    0.0019158915
    0.0081139501
    -0.016792232
     0.020523857
    -0.016835495
    0.0053370745
     0.011910569
    -0.030785764
     0.046178669
    -0.053446219
     0.049812456
    -0.035277380
       1.0000000
       1.0000000
    -0.035277380
     0.049812456
    -0.053446218
     0.046178668
    -0.030785764
     0.011910570
    0.0053370742
    -0.016835495
     0.020523858
    -0.016792231
    0.0081139491
    0.0019158901
   -0.0097964719
     0.013193912
    -0.011544656
    0.0060361694
   0.00097674383
   -0.0068823418
    0.0097218333
   -0.0087959257
    0.0047892492
   0.00059069031
   -0.0052981260
    0.0076964527
   -0.0071044010
    0.0039649958
   0.00039536535
   -0.0043046453
    0.0063694792
   -0.0059585285
    0.0033812708
   0.00028305435
   -0.0036240444
    0.0054327925
   -0.0051309541
    0.0029467053
   0.00021259889
   -0.0031288708
    0.0047362814
   -0.0045052267
    0.0026108031
   0.00016551851
   -0.0027525344
    0.0041980684
   -0.0040155261
    0.0023434754
   0.00013250854
   -0.0024568895
    0.0037696951
   -0.0036218473
    0.0021257086
   0.00010847307
   -0.0022185245
    0.0034206506
   -0.0032984669
    0.0019449144
   9.0432356e-05
   -0.0020222763
    0.0031307653
   -0.0030280992
    0.0017924258
   7.6544647e-05
   -0.0018578983
    0.0028861746
   -0.0027986980
    0.0016620846
   6.5629691e-05
   -0.0017182132
    0.0026770318
   -0.0026016061
    0.0015493969
   5.6892017e-05
   -0.0015980519
    0.0024961509
   -0.0024304472
    0.0014510096
   4.9791731e-05
   -0.0014935883
    0.0023381696
   -0.0022804189
    0.0013643613
   4.3942427e-05
   -0.0014019373
    0.0021989928
   -0.0021478358
    0.0012874719
   3.9065447e-05
   -0.0013208796
    0.0020754542
   -0.0020298228
    0.0012187813
   3.4960288e-05
   -0.0012486781
    0.0019650585
   -0.0019241012
    0.0011570470
   3.1469144e-05
   -0.0011839596
    0.0018658127
   -0.0018288487
    0.0011012622
   2.8476813e-05
   -0.0011256154
    0.0017761112
   -0.0017425826
    0.0010506060
   2.5891366e-05
   -0.0010727520
    0.0016946378
   -0.0016640872
    0.0010044036
   2.3643783e-05
   -0.0010246261
    0.0016203133
   -0.0015923592
   0.00096209266
   2.1676462e-05
  -0.00098063471
    0.0015522328
   -0.0015265582
   0.00092320077
   1.9944921e-05
  -0.00094026298
    0.0014896434
   -0.0014659811
   0.00088733014
   1.8414724e-05
  -0.00090308377
    0.0014319057
   -0.0014100264
   0.00085414263
   1.7052807e-05
  -0.00086873367
    0.0013784765
   -0.0013581871
   0.00082334780
   1.5837361e-05
  -0.00083689900
    0.0013288922
   -0.0013100236
   0.00079469436
   1.4746719e-05
  -0.00080731424
    0.0012827505
   -0.0012651593
   0.00076796783
   1.3765170e-05
  -0.00077975062
    0.0012397055
   -0.0012232664
   0.00074298088
   1.2880149e-05
  -0.00075400573
    0.0011994554
   -0.0011840595
   0.00071956709
   1.2076940e-05
  -0.00072990571
    0.0011617374
   -0.0011472866
   0.00069758658
   1.1348024e-05
  -0.00070729992
    0.0011263182
   -0.0011127302
   0.00067690625
   1.0681516e-05
  -0.00068605327
    0.0010929948
   -0.0010801932
   0.00065741760
   1.0072567e-05
  -0.00066604343
    0.0010615883
   -0.0010495059
   0.00063901854
   9.5148034e-06
  -0.00064716896
    0.0010319351
   -0.0010205131
   0.00062162182
   9.0024062e-06
  -0.00062933340
    0.0010038935
  -0.00099308107
   0.00060514723
   8.5301519e-06
  -0.00061245503
   0.00097733546
  -0.00096708354
   0.00058952406
   8.0945708e-06
  -0.00059645894
   0.00095214480
  -0.00094241320
   0.00057468538
   7.6901169e-06
  -0.00058127629
   0.00092822354
  -0.00091896924
   0.00056057594
   7.3161736e-06
  -0.00056684830
   0.00090547339
  -0.00089666402
   0.00054714253
   6.9699874e-06
  -0.00055311702
   0.00088381088
  -0.00087541607
   0.00053433827
   6.6465805e-06
  -0.00054003786
   0.00086316062
  -0.00085515174
   0.00052211925
   6.3469244e-06
  -0.00052756088
   0.00084345463
  -0.00083580438
   0.00051044604
   6.0656887e-06
  -0.00051564850
   0.00082462820
  -0.00081731294
   0.00049928333
   5.8025398e-06
  -0.00050426304
   0.00080662275
  -0.00079962218
   0.00048859784
   5.5573306e-06
  -0.00049336784
   0.00078938641
  -0.00078267980
   0.00047836209
   5.3274328e-06
  -0.00048293469
   0.00077287239
  -0.00076644072
   0.00046854571
   5.1106771e-06
  -0.00047293286
   0.00075703712
  -0.00075086288
   0.00045912290
   4.9070258e-06
  -0.00046333778
   0.00074183469
  -0.00073590633
   0.00045007226
   4.7166260e-06
  -0.00045412264
   0.00072723225
  -0.00072153174
   0.00044137212
   4.5363848e-06
  -0.00044526764
   0.00071319268
  -0.00070771011
   0.00043300128
   4.3655552e-06
  -0.00043675260
   0.00069968527
  -0.00069440691
   0.00042494271
   4.2057440e-06
  -0.00042855505
   0.00068667971
  -0.00068159608
   0.00041717671
   4.0527796e-06
  -0.00042066135
   0.00067415027
  -0.00066924590
   0.00040969100
   3.9095518e-06
  -0.00041305116
   0.00066206929
  -0.00065733792
   0.00040246867
   3.7735687e-06
  -0.00040571366
   0.00065041272
  -0.00064584626
   0.00039549617
   3.6438222e-06
  -0.00039863114
   0.00063915965
  -0.00063474976
   0.00038876233
   3.5222734e-06
  -0.00039179070
   0.00062828981
  -0.00062402785
   0.00038225263
   3.4054650e-06
  -0.00038518309
   0.00061778377
  -0.00061366006
   0.00037595814
   3.2949620e-06
  -0.00037879365
   0.00060762308
  -0.00060363377
   0.00036986636
   3.1888800e-06
  -0.00037261313
   0.00059779107
  -0.00059392922
   0.00036396993
   3.0879701e-06
  -0.00036663069
   0.00058827222
  -0.00058453171
   0.00035825849
   2.9940375e-06
  -0.00036083636
   0.00057905227
  -0.00057542597
   0.00035272296
   2.9015257e-06
  -0.00035522478
   0.00057011556
  -0.00056659990
   0.00034735746
   2.8139586e-06
  -0.00034978326
   0.00056145121
  -0.00055804195
   0.00034215094
   2.7314181e-06
  -0.00034450549
   0.00055304664
  -0.00054973767
   0.00033709794
   2.6516489e-06
  -0.00033938630
   0.00054488896
  -0.00054167620
   0.00033219488
   2.5771646e-06
  -0.00033441657
   0.00053696890
  -0.00053384808
   0.00032743007
   2.5036619e-06
  -0.00032959021
   0.00052927636
  -0.00052624314
   0.00032280047
   2.4341786e-06
  -0.00032489986
   0.00052180228
  -0.00051885147
   0.00031829922
   2.3664741e-06
  -0.00032034417
   0.00051453402
  -0.00051166538
   0.00031392194
   2.3023032e-06
  -0.00031591181
   0.00050746606
  -0.00050467680
   0.00030966421
   2.2410000e-06
  -0.00031160158
   0.00050059080
  -0.00049787375
   0.00030552003
   2.1833952e-06
  -0.00030740570
   0.00049389863
  -0.00049125341
   0.00030148570
   2.1272282e-06
  -0.00030332341
   0.00048738235
  -0.00048480706
   0.00029755510
   2.0724387e-06
  -0.00029934572
   0.00048103712
  -0.00047852614
   0.00029372719
   2.0185871e-06
  -0.00029547412
   0.00047485310
  -0.00047240706
   0.00028999717
   1.9688070e-06
  -0.00029169937
   0.00046882760
  -0.00046644353
   0.00028635819
   1.9196375e-06
  -0.00028802120
   0.00046295228
  -0.00046062736
   0.00028281005
   1.8735502e-06
  -0.00028443176
   0.00045722455
  -0.00045495354
   0.00027935070
   1.8287862e-06
  -0.00028093347
   0.00045163365
  -0.00044941887
   0.00027597346
   1.7846328e-06
  -0.00027751966
   0.00044617921
  -0.00044401647
   0.00027267775
   1.7433212e-06
  -0.00027418773
   0.00044085465
  -0.00043874368
   0.00026945805
   1.7026940e-06
  -0.00027093520
   0.00043565586
  -0.00043359352
   0.00026631526
   1.6641434e-06
  -0.00026775845
   0.00043057807
  -0.00042856414
   0.00026324462
   1.6264327e-06
  -0.00026465491
   0.00042561848
  -0.00042364855
   0.00026024327
   1.5899382e-06
  -0.00026162246
   0.00042077187
  -0.00041884442
   0.00025730981
   1.5546101e-06
  -0.00025866014
   0.00041603219
  -0.00041414984
   0.00025444168
   1.5216070e-06
  -0.00025576236
   0.00041139970
  -0.00040955800
   0.00025163639
   1.4882213e-06
  -0.00025292930
   0.00040686970
  -0.00040506632
   0.00024889340
   1.4566622e-06
  -0.00025015933
   0.00040243773
  -0.00040067319
   0.00024620769
   1.4252433e-06
  -0.00024744826
   0.00039810146
  -0.00039637412
   0.00024358150
   1.3950281e-06
  -0.00024479621
   0.00039385627
  -0.00039216693
   0.00024101154
   1.3678780e-06
  -0.00024219974
   0.00038970224
  -0.00038804627
   0.00023849310
   1.3394714e-06
  -0.00023965844
   0.00038563424
  -0.00038401316
   0.00023602606
   1.3117550e-06
  -0.00023716918
   0.00038165110
  -0.00038006196
   0.00023361062
   1.2857660e-06
  -0.00023473074
   0.00037774838
  -0.00037619140
   0.00023124501
   1.2613517e-06
  -0.00023234362
   0.00037392400
  -0.00037240056
   0.00022892515
   1.2362267e-06
  -0.00023000398
   0.00037017870
  -0.00036868253
   0.00022665294
   1.2125999e-06
  -0.00022771004
   0.00036650623
  -0.00036503922
   0.00022442438
   1.1892964e-06
  -0.00022546148
   0.00036290552
  -0.00036146818
   0.00022223966
   1.1665357e-06
  -0.00022325818
   0.00035937629
  -0.00035796549
   0.00022009651
   1.1450695e-06
  -0.00022109608
   0.00035591382
  -0.00035453027
   0.00021799458
   1.1234072e-06
  -0.00021897635
   0.00035251728
  -0.00035116005
   0.00021593277
   1.1028695e-06
  -0.00021689661
   0.00034918600
  -0.00034785334
   0.00021390899
   1.0825592e-06
  -0.00021485602
   0.00034591676
  -0.00034460727
   0.00021192475
   1.0632135e-06
  -0.00021285364
   0.00034270751
  -0.00034142294
   0.00020997409
   1.0433980e-06
  -0.00021088867
   0.00033955736
  -0.00033829552
   0.00020806015
   1.0252091e-06
  -0.00020895835
   0.00033646589
  -0.00033522590
   0.00020618092
   1.0075650e-06
  -0.00020706264
   0.00033342975
  -0.00033221177
   0.00020433521
   9.9012199e-07
  -0.00020520236
   0.00033044603
  -0.00032925092
   0.00020252262
   9.7314102e-07
  -0.00020337515
   0.00032751612
  -0.00032634316
   0.00020074067
   9.5603281e-07
  -0.00020158019
   0.00032463817
  -0.00032348551
   0.00019899169
   9.4063866e-07
  -0.00019981656
   0.00032181090
  -0.00032067648
   0.00019727129
   9.2487636e-07
  -0.00019808373
   0.00031903136
  -0.00031791652
   0.00019558222
   9.1069851e-07
  -0.00019638058
   0.00031630039
  -0.00031520428
   0.00019391971
   8.9459509e-07
  -0.00019470583
   0.00031361634
  -0.00031253719
   0.00019228621
   8.7935284e-07
  -0.00019306106
   0.00031097645
  -0.00030991428
   0.00019068091
   8.6555165e-07
  -0.00019144323
   0.00030838036
  -0.00030733731
   0.00018910013
   8.5194587e-07
  -0.00018985069
   0.00030582771
  -0.00030480113
   0.00018754693
   8.3858099e-07
  -0.00018828529
   0.00030331743
  -0.00030230597
   0.00018601875
   8.2506135e-07
  -0.00018674586
   0.00030084770
  -0.00029985266
   0.00018451503
   8.1239739e-07
  -0.00018523050
   0.00029841825
  -0.00029743762
   0.00018303514
   7.9948860e-07
  -0.00018374115
   0.00029602612
  -0.00029506173
   0.00018157950
   7.8687761e-07
  -0.00018227446
   0.00029367268
  -0.00029272438
   0.00018014709
   7.7600392e-07
  -0.00018083036
   0.00029135598
  -0.00029042288
   0.00017873643
   7.6358686e-07
  -0.00017941097
   0.00028907604
  -0.00028815795
   0.00017734787
   7.5377460e-07
  -0.00017801076
   0.00028683278
  -0.00028592773
   0.00017597989
   7.4230954e-07
  -0.00017663420
   0.00028462306
  -0.00028373097
   0.00017463332
   7.3037168e-07
  -0.00017528044
   0.00028244596
  -0.00028156854
   0.00017330731
   7.2084211e-07
  -0.00017394399
   0.00028030416
  -0.00027943734
   0.00017200183
   7.1044492e-07
  -0.00017262920
   0.00027819422
  -0.00027734025
   0.00017071479
   7.0020729e-07
  -0.00017133426
   0.00027611461
  -0.00027527389
   0.00016944752
   6.9006177e-07
  -0.00017005814
   0.00027406592
  -0.00027323802
   0.00016819860
   6.7894947e-07
  -0.00016880228
   0.00027204835
  -0.00027123090
   0.00016696962
   6.7026829e-07
  -0.00016756366
   0.00027006025
  -0.00026925367
   0.00016575663
   6.6129514e-07
  -0.00016634296
   0.00026809968
  -0.00026730617
   0.00016456180
   6.5249640e-07
  -0.00016514010
   0.00026616836
  -0.00026538621
   0.00016338343
   6.4185403e-07
  -0.00016395478
   0.00026426509
  -0.00026349247
   0.00016222261
   6.3282455e-07
  -0.00016278532
   0.00026238892
  -0.00026162675
   0.00016107748
   6.2489574e-07
  -0.00016163422
   0.00026053742
  -0.00025978607
   0.00015994895
   6.1707104e-07
  -0.00016049777
   0.00025871273
  -0.00025797286
   0.00015883573
   6.0934188e-07
  -0.00015937816
   0.00025691323
  -0.00025618420
   0.00015773796
   6.0180953e-07
  -0.00015827294
   0.00025513943
  -0.00025441854
   0.00015665652
   5.9359011e-07
  -0.00015718488
   0.00025339020
  -0.00025267761
   0.00015558894
   5.8673287e-07
  -0.00015610915
   0.00025166297
  -0.00025096289
   0.00015453505
   5.7774948e-07
  -0.00015504904
   0.00024996159
  -0.00024926863
   0.00015349540
   5.7069370e-07
  -0.00015400446
   0.00024828090
  -0.00024759733
   0.00015246944
   5.6346547e-07
  -0.00015297323
   0.00024662378
  -0.00024594945
   0.00015145737
   5.5612252e-07
  -0.00015195562
   0.00024498845
  -0.00024432319
   0.00015045993
   5.5005780e-07
  -0.00015095062
   0.00024337438
  -0.00024271727
   0.00014947517
   5.4328475e-07
  -0.00014995936
   0.00024178191
  -0.00024113245
   0.00014850299
   5.3554015e-07
  -0.00014898266
   0.00024020969
  -0.00023957020
   0.00014754142
   5.2980246e-07
  -0.00014801571
   0.00023865892
  -0.00023802569
   0.00014659349
   5.2335547e-07
  -0.00014706289
   0.00023712666
  -0.00023650133
   0.00014565849
   5.1680789e-07
  -0.00014612122
   0.00023561451
  -0.00023499749
   0.00014473451
   5.1062725e-07
  -0.00014519278
   0.00023412107
  -0.00023351164
   0.00014382349
   5.0509213e-07
  -0.00014427534
   0.00023264721
  -0.00023204416
   0.00014292326
   4.9921699e-07
  -0.00014336963
   0.00023119070
  -0.00023059682
   0.00014203276
   4.9263875e-07
  -0.00014247655
   0.00022975357
  -0.00022916520
   0.00014115514
   4.8786160e-07
  -0.00014159218
   0.00022833278
  -0.00022775230
   0.00014028783
   4.8210872e-07
  -0.00014072041
   0.00022692971
  -0.00022635704
   0.00013943025
   4.7639520e-07
  -0.00013985848
   0.00022554536
  -0.00022497797
   0.00013858447
   4.7041896e-07
  -0.00013900736
   0.00022417692
  -0.00022361671
   0.00013774728
   4.6444774e-07
  -0.00013816651
   0.00022282504
  -0.00022227160
   0.00013692110
   4.6011315e-07
  -0.00013733576
   0.00022148867
  -0.00022094190
   0.00013610515
   4.5513520e-07
  -0.00013651508
   0.00022016975
  -0.00021962834
   0.00013529749
   4.5016602e-07
  -0.00013570458
   0.00021886429
  -0.00021833037
   0.00013450021
   4.4470792e-07
  -0.00013490228
   0.00021757615
  -0.00021704675
   0.00013371298
   4.3997472e-07
  -0.00013411078
   0.00021630157
  -0.00021578025
   0.00013293431
   4.3593976e-07
  -0.00013332767
   0.00021504380
  -0.00021452661
   0.00013216386
   4.3028935e-07
  -0.00013255383
   0.00021379907
  -0.00021328858
   0.00013140364
   4.2563547e-07
  -0.00013178881
   0.00021256912
  -0.00021206405
   0.00013065033
   4.2147369e-07
  -0.00013103150
   0.00021135315
  -0.00021085302
   0.00012990730
   4.1659004e-07
  -0.00013028533
   0.00021015118
  -0.00020965657
   0.00012917206
   4.1192806e-07
  -0.00012954659
   0.00020896271
  -0.00020847238
   0.00012844522
   4.0823507e-07
  -0.00012881498
   0.00020778619
  -0.00020730308
   0.00012772787
   4.0462027e-07
  -0.00012809335
   0.00020662446
  -0.00020614598
   0.00012701560
   3.9930805e-07
  -0.00012737798
   0.00020547588
  -0.00020500175
   0.00012631284
   3.9565883e-07
  -0.00012667203
   0.00020433907
  -0.00020387052
   0.00012561710
   3.9146105e-07
  -0.00012597277
   0.00020321593
  -0.00020275156
   0.00012493007
   3.8795410e-07
  -0.00012528216
   0.00020210438
  -0.00020164427
   0.00012424950
   3.8389349e-07
  -0.00012459870
   0.00020100440
  -0.00020055004
   0.00012357704
   3.7999509e-07
  -0.00012392293
   0.00019991608
  -0.00019946693
   0.00012291209
   3.7601868e-07
  -0.00012325481
   0.00019884088
  -0.00019839559
   0.00012225356
   3.7240662e-07
  -0.00012259343
   0.00019777650
  -0.00019733527
   0.00012160242
   3.6872096e-07
  -0.00012193875
   0.00019672216
  -0.00019628832
   0.00012095726
   3.6603555e-07
  -0.00012129046
   0.00019568064
  -0.00019525034
   0.00012031974
   3.6256285e-07
  -0.00012064941
   0.00019465077
  -0.00019422342
   0.00011968854
   3.5886386e-07
  -0.00012001691
   0.00019363003
  -0.00019320638
   0.00011906431
   3.5393426e-07
  -0.00011938958
   0.00019262035
  -0.00019220173
   0.00011844752
   3.5162568e-07
  -0.00011876823
   0.00019162163
  -0.00019120763
   0.00011783498
   3.4870310e-07
  -0.00011815374
   0.00019063217
  -0.00019022297
   0.00011722956
   3.4463761e-07
  -0.00011754574
   0.00018965574
  -0.00018924721
   0.00011663121
   3.4258726e-07
  -0.00011694394
   0.00018868509
  -0.00018828376
   0.00011603721
   3.3759980e-07
  -0.00011634858
   0.00018772698
  -0.00018732857
   0.00011545073
   3.3459015e-07
  -0.00011575884
   0.00018677773
  -0.00018638404
   0.00011486971
   3.3207695e-07
  -0.00011517473
   0.00018583825
  -0.00018544713
   0.00011429452
   3.2853681e-07
  -0.00011459645
   0.00018490910
  -0.00018452056
   0.00011372504
   3.2564955e-07
  -0.00011402509
   0.00018398834
  -0.00018360447
   0.00011316025
   3.2258017e-07
  -0.00011345875
   0.00018307638
  -0.00018269648
   0.00011260261
   3.2011681e-07
  -0.00011289774
   0.00018217242
  -0.00018179764
   0.00011205044
   3.1806923e-07
  -0.00011234213
   0.00018127901
  -0.00018090636
   0.00011150259
   3.1523201e-07
  -0.00011179175
   0.00018039478
  -0.00018002376
   0.00011096037
   3.1152828e-07
  -0.00011124830
   0.00017951785
  -0.00017915171
   0.00011042336
   3.0895472e-07
  -0.00011070878
   0.00017865007
  -0.00017828766
   0.00010989174
   3.0623921e-07
  -0.00011017577
   0.00017778933
  -0.00017743059
   0.00010936562
   3.0387725e-07
  -0.00010964618
   0.00017693890
  -0.00017658233
   0.00010884410
   3.0059277e-07
  -0.00010912312
   0.00017609531
  -0.00017574222
   0.00010832709
   2.9817131e-07
  -0.00010860347
   0.00017525954
  -0.00017491039
   0.00010781522
   2.9562561e-07
  -0.00010808974
   0.00017443305
  -0.00017408639
   0.00010730776
   2.9441041e-07
  -0.00010757991
   0.00017361285
  -0.00017327064
   0.00010680572
   2.9085399e-07
  -0.00010707683
   0.00017280099
  -0.00017246033
   0.00010630900
   2.8793255e-07
  -0.00010657702
   0.00017199712
  -0.00017165888
   0.00010581555
   2.8558756e-07
  -0.00010608210
   0.00017119915
  -0.00017086520
   0.00010532857
   2.8376239e-07
  -0.00010559172
   0.00017040959
  -0.00017007892
   0.00010484329
   2.8119099e-07
  -0.00010510449
   0.00016962744
  -0.00016929911
   0.00010436427
   2.7861924e-07
  -0.00010462410
   0.00016885210
  -0.00016852619
   0.00010388881
   2.7636657e-07
  -0.00010414681
   0.00016808407
  -0.00016776067
   0.00010341796
   2.7355431e-07
  -0.00010367353
   0.00016732340
  -0.00016700326
   0.00010295152
   2.7242598e-07
  -0.00010320517
   0.00016656901
  -0.00016625052
   0.00010248956
   2.7033486e-07
  -0.00010274100
   0.00016582041
  -0.00016550636
   0.00010203097
   2.6750517e-07
  -0.00010228261
   0.00016507922
  -0.00016476772
   0.00010157710
   2.6590203e-07
  -0.00010182578
   0.00016434551
  -0.00016403613
   0.00010112636
   2.6326322e-07
  -0.00010137299
   0.00016361800
  -0.00016331190
   0.00010068011
   2.6170191e-07
  -0.00010092622
   0.00016289549
  -0.00016259263
   0.00010023812
   2.5998775e-07
  -0.00010048146
   0.00016218146
  -0.00016187817
   9.9800405e-05
   2.5787747e-07
  -0.00010004127
   0.00016147220
  -0.00016117303
   9.9365691e-05
   2.5572524e-07
  -9.9605752e-05
   0.00016076997
  -0.00016047294
   9.8934536e-05
   2.5372982e-07
  -9.9172859e-05
   0.00016007325
  -0.00015977997
   9.8507226e-05
   2.5201197e-07
  -9.8744444e-05
   0.00015938305
  -0.00015909052
   9.8083463e-05
   2.4915216e-07
  -9.8320088e-05
   0.00015869769
  -0.00015840957
   9.7664387e-05
   2.4824381e-07
  -9.7898442e-05
   0.00015802029
  -0.00015773164
   9.7247691e-05
   2.4481346e-07
  -9.7480788e-05
   0.00015734677
  -0.00015706228
   9.6834808e-05
   2.4331039e-07
  -9.7066415e-05
   0.00015667949
  -0.00015639658
   9.6426513e-05
   2.4145769e-07
  -9.6656293e-05
   0.00015601762
  -0.00015573705
   9.6021320e-05
   2.4004664e-07
  -9.6248964e-05
   0.00015536241
  -0.00015508214
   9.5619553e-05
   2.3848079e-07
  -9.5844389e-05
   0.00015471142
  -0.00015443479
   9.5220132e-05
   2.3727130e-07
  -9.5444593e-05
   0.00015406543
  -0.00015379220
   9.4824467e-05
   2.3565038e-07
  -9.5046968e-05
   0.00015342562
  -0.00015315420
   9.4432461e-05
   2.3245516e-07
  -9.4653677e-05
   0.00015279146
  -0.00015252204
   9.4042654e-05
   2.3185277e-07
  -9.4261826e-05
   0.00015216211
  -0.00015189547
   9.3656212e-05
   2.3013552e-07
  -9.3875199e-05
   0.00015153776
  -0.00015127274
   9.3273865e-05
   2.2835389e-07
  -9.3491192e-05
   0.00015091878
  -0.00015065631
   9.2894146e-05
   2.2749522e-07
  -9.3109877e-05
   0.00015030524
  -0.00015004353
   9.2517258e-05
   2.2517335e-07
  -9.2731881e-05
   0.00014969635
  -0.00014943686
   9.2143675e-05
   2.2416425e-07
  -9.2355616e-05
   0.00014909296
  -0.00014883393
   9.1774065e-05
   2.2187861e-07
  -9.1984969e-05
   0.00014849277
  -0.00014823764
   9.1405501e-05
   2.2086528e-07
  -9.1615478e-05
   0.00014789873
  -0.00014764555
   9.1040360e-05
   2.1796244e-07
  -9.1250870e-05
   0.00014730901
  -0.00014705682
   9.0679527e-05
   2.1642897e-07
  -9.0887320e-05
   0.00014672424
  -0.00014647266
   9.0321543e-05
   2.1544817e-07
  -9.0527011e-05
   0.00014614367
  -0.00014589553
   8.9964116e-05
   2.1566407e-07
  -9.0168509e-05
   0.00014556787
  -0.00014532153
   8.9610727e-05
   2.1354387e-07
  -8.9814469e-05
   0.00014499768
  -0.00014475195
   8.9260505e-05
   2.1287758e-07
  -8.9462970e-05
   0.00014443055
  -0.00014418679
   8.8913020e-05
   2.1062687e-07
  -8.9114607e-05
   0.00014386743
  -0.00014362596
   8.8568580e-05
   2.0947978e-07
  -8.8767729e-05
   0.00014330957
  -0.00014306970
   8.8225280e-05
   2.0693876e-07
  -8.8424471e-05
   0.00014275487
  -0.00014251913
   8.7885299e-05
   2.0586211e-07
  -8.8083866e-05
   0.00014220543
  -0.00014197087
   8.7548653e-05
   2.0504550e-07
  -8.7744896e-05
   0.00014166139
  -0.00014142643
   8.7213356e-05
   2.0308247e-07
  -8.7409411e-05
   0.00014111994
  -0.00014088673
   8.6882071e-05
   2.0227165e-07
  -8.7076834e-05
   0.00014058352
  -0.00014035060
   8.6552573e-05
   2.0062465e-07
  -8.6745854e-05
   0.00014005057
  -0.00013982013
   8.6224326e-05
   1.9876637e-07
  -8.6416758e-05
   0.00013952252
  -0.00013929256
   8.5900384e-05
   1.9739622e-07
  -8.6092005e-05
   0.00013899683
  -0.00013876967
   8.5578654e-05
   1.9801942e-07
  -8.5768065e-05
   0.00013847520
  -0.00013824988
   8.5259063e-05
   1.9586076e-07
  -8.5447911e-05
   0.00013795847
  -0.00013773497
   8.4940895e-05
   1.9376796e-07
  -8.5130029e-05
   0.00013744537
  -0.00013722360
   8.4626320e-05
   1.9317345e-07
  -8.4813160e-05
   0.00013693594
  -0.00013671646
   8.4313338e-05
   1.9136434e-07
  -8.4499591e-05
   0.00013643042
  -0.00013621150
   8.4004215e-05
   1.9099248e-07
  -8.4187918e-05
   0.00013592895
  -0.00013571142
   8.3695522e-05
   1.9017152e-07
  -8.3878768e-05
   0.00013543056
  -0.00013521449
   8.3388877e-05
   1.8789281e-07
  -8.3572097e-05
   0.00013493658
  -0.00013472017
   8.3086156e-05
   1.8706562e-07
  -8.3267576e-05
   0.00013444410
  -0.00013423202
   8.2784155e-05
   1.8506438e-07
  -8.2965058e-05
   0.00013395709
  -0.00013374593
   8.2485640e-05
   1.8469536e-07
  -8.2666026e-05
   0.00013347242
  -0.00013326349
   8.2187597e-05
   1.8420830e-07
  -8.2366669e-05
   0.00013299240
  -0.00013278432
   8.1892765e-05
   1.8186405e-07
  -8.2072339e-05
   0.00013251533
  -0.00013230825
   8.1599625e-05
   1.8100418e-07
  -8.1777276e-05
   0.00013204242
  -0.00013183603
   8.1308522e-05
   1.8055153e-07
  -8.1485413e-05
   0.00013157129
  -0.00013136814
   8.1020254e-05
   1.7995879e-07
  -8.1196352e-05
   0.00013110358
  -0.00013090254
   8.0734305e-05
   1.7854577e-07
  -8.0908197e-05
   0.00013064217
  -0.00013043962
   8.0449464e-05
   1.7790303e-07
  -8.0622087e-05
   0.00013018195
  -0.00012998085
   8.0166404e-05
   1.7679149e-07
  -8.0337824e-05
   0.00012972491
  -0.00012952479
   7.9886275e-05
   1.7487536e-07
  -8.0057688e-05
   0.00012927094
  -0.00012907166
   7.9607942e-05
   1.7377662e-07
  -7.9778670e-05
   0.00012881973
  -0.00012862255
   7.9330536e-05
   1.7253014e-07
  -7.9500627e-05
   0.00012837184
  -0.00012817713
   7.9055484e-05
   1.7148054e-07
  -7.9224705e-05
   0.00012792705
  -0.00012773369
   7.8782676e-05
   1.7063906e-07
  -7.8950227e-05
   0.00012748589
  -0.00012729329
   7.8510788e-05
   1.6942819e-07
  -7.8679871e-05
   0.00012704702
  -0.00012685521
   7.8242494e-05
   1.6913290e-07
  -7.8409149e-05
   0.00012661228
  -0.00012642132
   7.7975204e-05
   1.6779676e-07
  -7.8141237e-05
   0.00012617990
  -0.00012599063
   7.7708709e-05
   1.6743645e-07
  -7.7874103e-05
   0.00012575064
  -0.00012556221
   7.7445715e-05
   1.6666307e-07
  -7.7610102e-05
   0.00012532456
  -0.00012513574
   7.7184631e-05
   1.6681366e-07
  -7.7346483e-05
   0.00012490037
  -0.00012471402
   7.6923690e-05
   1.6496439e-07
  -7.7086700e-05
   0.00012447943
  -0.00012429433
   7.6665588e-05
   1.6421087e-07
  -7.6826896e-05
   0.00012406191
  -0.00012387787
   7.6409028e-05
   1.6366475e-07
  -7.6568457e-05
   0.00012364618
  -0.00012346443
   7.6153210e-05
   1.6130643e-07
  -7.6314024e-05
   0.00012323378
   9.2358855e-08
