   0.00020542237
  -0.00038512208
  -0.00057093527
  -0.00015582198
   0.00042392090
   0.00055806397
   0.00010476284
  -0.00045945775
  -0.00054064000
  -5.2653300e-05
   0.00049143179
   0.00051878578
  -8.8994751e-08
  -0.00051956785
  -0.00049265580
   5.3045407e-05
   0.00054362720
   0.00046244637
  -0.00010578766
  -0.00056339771
  -0.00042838308
   0.00015789101
   0.00057870410
   0.00039072701
  -0.00020892969
  -0.00058940028
  -0.00034976114
   0.00025849489
   0.00059538856
   0.00030580913
  -0.00030617513
  -0.00059659696
  -0.00025921030
   0.00035157937
   0.00059299563
   0.00021032760
  -0.00039433499
  -0.00058459695
  -0.00015954887
   0.00043408336
   0.00057144599
   0.00010727298
  -0.00047049404
  -0.00055363125
  -5.3916981e-05
   0.00050325793
   0.00053127494
  -9.6051877e-08
  -0.00053209899
  -0.00050454239
   5.4328720e-05
   0.00055676284
   0.00047362444
  -0.00010835185
  -0.00057704054
  -0.00043875979
   0.00016172291
   0.00059274498
   0.00040020832
  -0.00021401327
  -0.00060373474
  -0.00035826990
   0.00026479194
   0.00060989606
   0.00031326281
  -0.00031364857
  -0.00061116359
  -0.00026554043
   0.00036017881
   0.00060750472
   0.00021547450
  -0.00040399921
  -0.00059892950
  -0.00016345974
   0.00044474458
   0.00058548642
   0.00010990804
  -0.00048207183
  -0.00056726076
  -5.5241337e-05
   0.00051566934
   0.00054438312
  -1.0038213e-07
  -0.00054524629
  -0.00051701386
   5.5678359e-05
   0.00057055163
   0.00048535861
  -0.00011104211
  -0.00059136062
  -0.00044965284
   0.00016574462
   0.00060748516
   0.00041016457
  -0.00021934573
  -0.00061877981
  -0.00036720129
   0.00027140261
   0.00062512612
   0.00032108730
  -0.00032149611
  -0.00062645824
  -0.00027218631
   0.00036920965
   0.00062274063
   0.00022087805
  -0.00041415047
  -0.00061398367
  -0.00016756842
   0.00045594082
   0.00060023177
   0.00011267341
  -0.00049423553
  -0.00058157918
  -5.6633088e-05
   0.00052870688
   0.00055815142
  -1.0951053e-07
  -0.00055906462
  -0.00053012153
   5.7094339e-05
   0.00058503988
   0.00049768898
  -0.00011386928
  -0.00060640975
  -0.00046110093
   0.00016997124
   0.00062297746
   0.00042062979
  -0.00022494917
  -0.00063459184
  -0.00037658695
   0.00027835429
   0.00064113834
   0.00032931375
  -0.00032974650
  -0.00064253901
  -0.00027917443
   0.00037870469
   0.00063876131
   0.00022656156
  -0.00042482241
  -0.00062981136
  -0.00017188631
   0.00046771781
   0.00061574110
   0.00011558298
  -0.00050702830
  -0.00059663906
  -5.8096547e-05
   0.00054242198
   0.00057263683
  -1.1586280e-07
  -0.00057359800
  -0.00054390868
   5.8585065e-05
   0.00060028277
   0.00051066163
  -0.00011684401
  -0.00062224366
  -0.00047314549
   0.00017442037
   0.00063928062
   0.00043164137
  -0.00023084936
  -0.00065123652
  -0.00038646766
   0.00028567020
   0.00065799259
   0.00033797380
  -0.00033843067
  -0.00065946708
  -0.00028653165
   0.00038869987
   0.00065562712
   0.00023254462
  -0.00043605974
  -0.00064647817
  -0.00017643478
   0.00048011714
   0.00063207187
   0.00011864683
  -0.00052049990
  -0.00061249856
  -5.9637342e-05
   0.00055686705
   0.00058789337
  -1.2290654e-07
  -0.00058890641
  -0.00055843082
   6.0156767e-05
   0.00061634144
   0.00052432813
  -0.00011997914
  -0.00063892718
  -0.00048583625
   0.00017910894
   0.00065646041
   0.00044324533
  -0.00023706728
  -0.00066877819
  -0.00039688194
   0.00029337898
   0.00067575417
   0.00034709898
  -0.00034758639
  -0.00067731181
  -0.00029428692
   0.00039923712
   0.00067340727
   0.00023885131
  -0.00044790837
  -0.00066405072
  -0.00018122910
   0.00049319347
   0.00064929340
   0.00012187714
  -0.00053470824
  -0.00062922545
  -6.1262434e-05
   0.00057210310
   0.00060398590
  -1.3042467e-07
  -0.00060505514
  -0.00057375104
   6.1813985e-05
   0.00063328245
   0.00053874635
  -0.00012328686
  -0.00065652976
  -0.00049922638
   0.00018405693
   0.00067458971
   0.00045549116
  -0.00024362881
  -0.00068729039
  -0.00040787187
   0.00030151758
   0.00069450454
   0.00035673424
  -0.00035724823
  -0.00069614728
  -0.00030247288
   0.00041036204
   0.00069217922
   0.00024551010
  -0.00046041916
  -0.00068260684
  -0.00018629386
   0.00050699946
   0.00066747821
   0.00012528828
  -0.00054971324
  -0.00064689118
  -6.2979382e-05
   0.00058819437
   0.00062098186
  -1.4056579e-07
  -0.00062211573
  -0.00058993627
   6.3564783e-05
   0.00065118116
   0.00055398049
  -0.00012678136
  -0.00067512945
  -0.00051337642
   0.00018928394
   0.00069374637
   0.00046843149
  -0.00025056350
  -0.00070685506
  -0.00041948667
   0.00031011972
   0.00071432207
   0.00036691570
  -0.00036746570
  -0.00071606157
  -0.00031112705
   0.00042212512
   0.00071202739
   0.00025254991
  -0.00047364922
  -0.00070222858
  -0.00019164726
   0.00052160318
   0.00068671211
   0.00012889541
  -0.00056558562
  -0.00066557737
  -6.4793455e-05
   0.00060521990
   0.00063896435
  -1.5107661e-07
  -0.00064016735
  -0.00060706268
   6.5416588e-05
   0.00067012064
   0.00057010094
  -0.00013048050
  -0.00069481475
  -0.00052835252
   0.00019481703
   0.00071402410
   0.00048212955
  -0.00025790466
  -0.00072756725
  -0.00043178310
   0.00031922786
   0.00073530624
   0.00037769856
  -0.00037828228
  -0.00073714739
  -0.00032029023
   0.00043458369
   0.00073304936
   0.00026000714
  -0.00048766175
  -0.00072301336
  -0.00019732009
   0.00053707127
   0.00070708748
   0.00013271806
  -0.00058240038
  -0.00068537561
  -6.6717633e-05
   0.00062325731
   0.00065801770
  -1.6179467e-07
  -0.00065929523
  -0.00062521056
   6.7380745e-05
   0.00069019439
   0.00058718654
  -0.00013440278
  -0.00071568259
  -0.00054422854
   0.00020068296
   0.00073552194
   0.00049665181
  -0.00026568957
  -0.00074953002
  -0.00044482244
   0.00032888617
   0.00075755872
   0.00038913211
  -0.00038975707
  -0.00075951459
  -0.00033001154
   0.00044779770
   0.00075534834
   0.00026791749
  -0.00050252710
  -0.00074506266
  -0.00020333530
   0.00055348699
   0.00072870894
   0.00013677322
  -0.00060024595
  -0.00070638602
  -6.8755894e-05
   0.00064240690
   0.00067824488
  -1.7301793e-07
  -0.00067960213
  -0.00064447774
   6.9466304e-05
   0.00071150814
   0.00060532802
  -0.00013856806
  -0.00073784192
  -0.00056108603
   0.00020691649
   0.00075835783
   0.00051207794
  -0.00027395924
  -0.00077286130
  -0.00045867467
   0.00033914779
   0.00078120189
   0.00040128135
  -0.00040194880
  -0.00078328148
  -0.00034034143
   0.00046184077
   0.00077904665
   0.00027632335
  -0.00051832943
  -0.00076850167
  -0.00020973013
   0.00057093859
   0.00075169650
   0.00014108550
  -0.00061922051
  -0.00072872855
  -7.0926719e-05
   0.00066276744
   0.00069975378
  -1.8539679e-07
  -0.00070119971
  -0.00066497054
   7.1685029e-05
   0.00073418140
   0.00062462868
  -0.00014299742
  -0.00076141684
  -0.00057902336
   0.00021354596
   0.00078265398
   0.00052849218
  -0.00028275883
  -0.00079768947
  -0.00047341591
   0.00035007032
   0.00080636740
   0.00041421289
  -0.00041492772
  -0.00080858277
  -0.00035133730
   0.00047679500
   0.00080428223
   0.00028527588
  -0.00053515643
  -0.00079346362
  -0.00021654285
   0.00058952229
   0.00077617747
   0.00014567639
  -0.00063943322
  -0.00075252799
  -7.3236434e-05
   0.00068446181
   0.00072267036
  -2.0150988e-07
  -0.00072421721
  -0.00068681015
   7.4050693e-05
   0.00075834810
   0.00064520083
  -0.00014771996
  -0.00078654874
  -0.00059814531
   0.00022061566
   0.00080856038
   0.00054599471
  -0.00029214302
  -0.00082416793
  -0.00048913866
   0.00036171829
   0.00083320834
   0.00042800672
  -0.00042877207
  -0.00083557389
  -0.00036306961
   0.00049274727
   0.00083120532
   0.00029482729
  -0.00055311170
  -0.00082009948
  -0.00022381019
   0.00060935945
   0.00080230915
   0.00015057722
  -0.00066101080
  -0.00077793677
  -7.5704248e-05
   0.00070762325
   0.00074713988
  -2.1639830e-07
  -0.00074879382
  -0.00071013112
   7.6577660e-05
   0.00078415838
   0.00066717264
  -0.00015276579
  -0.00081339625
  -0.00061857332
   0.00022816907
   0.00083623989
   0.00056469628
  -0.00030217009
  -0.00085246200
  -0.00050593879
   0.00037417011
   0.00086189845
   0.00044275076
  -0.00044357242
  -0.00086442902
  -0.00037561185
   0.00050980477
   0.00085999378
   0.00030504011
  -0.00057231490
  -0.00084858785
  -0.00023158494
   0.00063057548
   0.00083025982
   0.00015581883
  -0.00068409426
  -0.00080511881
  -7.8341208e-05
   0.00073240957
   0.00077332586
  -2.3288340e-07
  -0.00077509800
  -0.00073509285
   7.9282003e-05
   0.00081178682
   0.00069069359
  -0.00015816843
  -0.00084214165
  -0.00064044715
   0.00023625601
   0.00086587923
   0.00058472210
  -0.00031291189
  -0.00088276969
  -0.00052393626
   0.00038750698
   0.00089263194
   0.00045854486
  -0.00045943146
  -0.00089534720
  -0.00038904978
   0.00052808708
   0.00089084857
   0.00031598606
  -0.00059289882
  -0.00087912490
  -0.00023991643
   0.00065332529
   0.00086023076
   0.00016143981
  -0.00070884837
  -0.00083427058
  -8.1171064e-05
   0.00075899193
   0.00080141057
  -2.5373609e-07
  -0.00080331816
  -0.00076187215
   8.2186384e-05
   0.00084143467
   0.00071593364
  -0.00016396805
  -0.00087299349
  -0.00066392329
   0.00024494027
   0.00089770021
   0.00060622293
  -0.00032444439
  -0.00091531102
  -0.00054325945
   0.00040183314
   0.00092564209
   0.00047551001
  -0.00047646639
  -0.00092856091
  -0.00040348720
   0.00054772782
   0.00092399890
   0.00032774566
  -0.00061502094
  -0.00091194514
  -0.00024887301
   0.00067777612
   0.00089244617
   0.00016748202
  -0.00073546064
  -0.00086561217
  -8.4211841e-05
   0.00078757884
   0.00083161491
  -2.7522460e-07
  -0.00083367123
  -0.00079067881
   8.5308741e-05
   0.00087332890
   0.00074308951
  -0.00017020659
  -0.00090618985
  -0.00068918609
   0.00025428537
   0.00093194690
   0.00062936388
  -0.00033685981
  -0.00095034336
  -0.00056406325
   0.00041725782
   0.00096118613
   0.00049377828
  -0.00049481278
  -0.00096433319
  -0.00041903745
   0.00056888557
   0.00095971199
   0.00034041617
  -0.00063885456
  -0.00094730724
  -0.00025852152
   0.00070412928
   0.00092716800
   0.00017399316
  -0.00076415004
  -0.00089940171
  -8.7491028e-05
   0.00081840135
   0.00086418361
  -2.9931726e-07
  -0.00086640621
  -0.00082174665
   8.8679824e-05
   0.00090773655
   0.00077238521
  -0.00017694069
  -0.00094201201
  -0.00071644760
   0.00026437248
   0.00096891074
   0.00065434156
  -0.00035026387
  -0.00098816489
  -0.00058652474
   0.00043391274
   0.00099956723
   0.00051350436
  -0.00051463012
   -0.0010029725
  -0.00043583363
   0.00059174471
   0.00099829734
   0.00035410528
  -0.00066461117
  -0.00098552391
  -0.00026894966
   0.00073261342
   0.00096469954
   0.00018102946
  -0.00079516956
  -0.00093593600
  -9.1034093e-05
   0.00085173692
   0.00089940839
  -3.2757326e-07
  -0.00090181989
  -0.00085535898
   9.2326402e-05
   0.00094496650
   0.00080408660
  -0.00018422874
  -0.00098078271
  -0.00074595485
   0.00027529312
    0.0010089287
   0.00068138461
  -0.00036477879
   -0.0010291225
  -0.00061085034
   0.00045195247
    0.0010411424
   0.00053487442
  -0.00053609917
   -0.0010448370
  -0.00045403311
   0.00061651694
    0.0010401149
   0.00036894164
  -0.00069253176
   -0.0010269541
  -0.00028025492
   0.00076349941
    0.0010053990
   0.00018866060
  -0.00082881287
  -0.00097556430
  -9.4877592e-05
   0.00088790229
   0.00093762705
  -3.5754371e-07
  -0.00094024884
  -0.00089183547
   9.6287443e-05
   0.00098538157
   0.00083850164
  -0.00019214324
   -0.0010228825
  -0.00077799822
   0.00028715346
    0.0010523940
   0.00071076005
  -0.00038054632
   -0.0010736188
  -0.00063727788
   0.00047155932
    0.0010863272
   0.00055810074
  -0.00055943728
   -0.0010903485
  -0.00047381914
   0.00064345296
    0.0010855880
   0.00038507490
  -0.00072290091
   -0.0010720192
  -0.00029255073
   0.00079710569
    0.0010496850
   0.00019696457
  -0.00086542727
   -0.0010186948
  -9.9058066e-05
   0.00092727609
   0.00097923759
  -3.9325489e-07
  -0.00098210088
  -0.00093156359
   0.00010060234
    0.0010294076
   0.00087599445
  -0.00020076784
   -0.0010687578
  -0.00081291709
   0.00030008282
    0.0010997735
   0.00074278211
  -0.00039774021
   -0.0011221397
  -0.00066609890
   0.00049294128
    0.0011356092
   0.00058343363
  -0.00058490144
   -0.0011400062
  -0.00049540779
   0.00067285204
    0.0011352216
   0.00040268604
  -0.00075605481
   -0.0011212221
  -0.00030597734
   0.00083380413
    0.0010980506
   0.00020603224
  -0.00090542726
   -0.0010658173
  -0.00010362667
   0.00097030138
    0.0010247116
  -4.3378055e-07
   -0.0010278509
  -0.00097499513
   0.00010532198
    0.0010775507
   0.00091699607
  -0.00021020304
   -0.0011189402
  -0.00085111641
   0.00031423174
    0.0011516191
   0.00077782377
  -0.00041656257
   -0.0011752531
  -0.00069764756
   0.00051635816
    0.0011895785
   0.00061117796
  -0.00061279308
   -0.0011944021
  -0.00051905706
   0.00070506664
    0.0011896110
   0.00042198441
  -0.00079239699
   -0.0011751593
  -0.00032069508
   0.00087404619
    0.0011510896
   0.00021597539
  -0.00094930454
   -0.0011175112
  -0.00010863632
    0.0010175156
    0.0010746169
  -4.7918942e-07
   -0.0010780714
   -0.0010226747
   0.00011050672
    0.0011304194
   0.00096202615
  -0.00022056848
   -0.0011740691
  -0.00089308596
   0.00032977863
    0.0012085952
   0.00081633834
  -0.00043725151
   -0.0012336431
  -0.00073233535
   0.00054210665
    0.0012489298
   0.00064169115
  -0.00064347744
   -0.0012542484
  -0.00054507804
   0.00074051837
    0.0012494708
   0.00044322285
  -0.00083241040
   -0.0012345479
  -0.00033690008
   0.00091836879
    0.0012095110
   0.00022692588
  -0.00099765060
   -0.0011744735
  -0.00011415305
    0.0010695604
    0.0011296316
  -5.3300267e-07
   -0.0011334521
   -0.0010752569
   0.00011622941
    0.0011887442
    0.0010117065
  -0.00023201042
   -0.0012349125
  -0.00093940862
   0.00034694572
    0.0012715040
   0.00085886559
  -0.00046010466
   -0.0012981402
  -0.00077065343
   0.00057055957
    0.0013145172
   0.00067541323
  -0.00067739653
   -0.0013204093
  -0.00057384620
   0.00077972541
    0.0013156773
   0.00046671621
  -0.00087667720
   -0.0013002575
  -0.00035482941
   0.00096742770
    0.0012741810
   0.00023904662
   -0.0010511868
   -0.0012375581
  -0.00012026351
    0.0011272148
    0.0011905838
  -5.9437945e-07
   -0.0011948307
   -0.0011335418
   0.00012257341
    0.0012534127
    0.0010667984
  -0.00024470068
   -0.0013024027
  -0.00099079750
   0.00036599746
    0.0013413189
   0.00090606546
  -0.00048547863
   -0.0013697525
  -0.00081320167
   0.00060216501
    0.0013873746
   0.00071287540
  -0.00071509150
   -0.0013939403
  -0.00060582221
   0.00082331399
    0.0013892908
   0.00049283846
  -0.00092591741
   -0.0013733568
  -0.00037477679
    0.0010220215
    0.0013461569
   0.00025253802
   -0.0011107894
   -0.0013077992
  -0.00012706277
    0.0011914378
    0.0012584855
  -6.6945028e-07
   -0.0012632373
   -0.0011985046
   0.00012965368
    0.0013255239
    0.0011282346
  -0.00025886324
   -0.0013777005
   -0.0010481368
   0.00038726277
    0.0014192474
   0.00095875678
  -0.00051381352
   -0.0014497276
  -0.00086072444
   0.00063747497
    0.0014687804
   0.00075473680
  -0.00075722783
   -0.0014761415
  -0.00064156964
   0.00087206609
    0.0014716303
   0.00052205754
  -0.00098101858
   -0.0014551641
  -0.00039709888
    0.0010831468
    0.0014267505
   0.00026764023
   -0.0011775617
   -0.0013864971
  -0.00013467753
    0.0012634236
    0.0013346048
  -7.5633285e-07
   -0.0013399532
   -0.0012713697
   0.00013759739
    0.0014064360
    0.0011971790
  -0.00027476388
   -0.0014622364
   -0.0011125186
   0.00041115201
    0.0015067889
    0.0010179542
  -0.00054566108
   -0.0015396200
  -0.00091414518
   0.00067718535
    0.0015603363
   0.00080182234
  -0.00080464038
   -0.0015686455
  -0.00068180082
   0.00092695510
    0.0015643454
   0.00055496127
   -0.0010430908
   -0.0015473331
  -0.00042224735
    0.0011520495
    0.0015176098
   0.00028466477
   -0.0012528739
   -0.0014752724
  -0.00014326362
    0.0013446660
    0.0014205234
  -8.6135939e-07
   -0.0014265882
   -0.0013536657
   0.00014658134
    0.0014978712
    0.0012750999
  -0.00029274511
   -0.0015578249
   -0.0011853271
   0.00043818315
    0.0016058410
    0.0010849440
  -0.00058171705
   -0.0016413972
  -0.00097463557
   0.00072217261
    0.0016640663
   0.00085517460
  -0.00085838712
   -0.0016735196
  -0.00072741667
   0.00098921678
    0.0016695281
   0.00059229090
   -0.0011135505
   -0.0016519704
  -0.00045079924
    0.0012303126
    0.0016208288
   0.00030400352
   -0.0013384771
   -0.0015761944
  -0.00015302058
    0.0014370738
    0.0015182664
  -9.8713136e-07
   -0.0015251985
   -0.0014473523
   0.00015681951
    0.0016020203
    0.0013638689
  -0.00031324518
   -0.0016667854
   -0.0012683339
   0.00046901701
    0.0017188303
    0.0011613704
  -0.00062287568
   -0.0017575833
   -0.0010436995
   0.00077356092
    0.0017825687
   0.00091613211
  -0.00091982721
   -0.0017934194
  -0.00077957154
    0.0010604466
    0.0017898757
   0.00063500487
   -0.0011942187
   -0.0017717858
  -0.00048349202
    0.0013199845
    0.0017391132
   0.00032616133
   -0.0014366354
   -0.0016919370
  -0.00016420180
    0.0015431211
    0.0016304542
  -1.1435075e-06
   -0.0016384556
   -0.0015549727
   0.00016859499
    0.0017217356
    0.0014659228
  -0.00033683322
   -0.0017921360
   -0.0013638431
   0.00050451884
    0.0018489251
    0.0012493828
  -0.00067030006
   -0.0018914701
   -0.0011232982
   0.00083282259
    0.0019192432
   0.00098644742
  -0.00099074072
   -0.0019318268
  -0.00083978494
    0.0011427287
    0.0019289209
   0.00068435874
   -0.0012874864
   -0.0019103399
  -0.00052129676
    0.0014237563
    0.0018760214
   0.00035180274
   -0.0015503315
   -0.0018260272
  -0.00017714740
    0.0016660663
    0.0017605452
  -1.3387928e-06
   -0.0017698832
   -0.0016798859
   0.00018228002
    0.0018607877
    0.0015844872
  -0.00036425920
   -0.0019378711
   -0.0014749078
   0.00054583286
    0.0020003222
    0.0013518260
  -0.00072554208
   -0.0020474366
   -0.0012160396
   0.00090191821
    0.0020786163
    0.0010684525
   -0.0010735039
   -0.0020933865
  -0.00091008006
    0.0012388539
    0.0020913909
   0.00074203314
   -0.0013965557
   -0.0020724036
  -0.00056551776
    0.0015452341
    0.0020363271
   0.00038182184
   -0.0016835673
   -0.0019831992
  -0.00019230907
    0.0018102969
    0.0019131947
  -1.5872797e-06
   -0.0019242328
   -0.0018266191
   0.00019838361
    0.0020242729
    0.0017239161
  -0.00039655012
   -0.0021094091
   -0.0016056667
   0.00059451736
    0.0021787274
    0.0014725730
  -0.00079070503
   -0.0022314361
   -0.0013254750
   0.00098351415
    0.0022668553
    0.0011653318
   -0.0011713497
   -0.0022844310
  -0.00099321764
    0.0013526342
    0.0022837444
   0.00081032177
   -0.0015258138
   -0.0022645105
  -0.00061793359
    0.0016893763
    0.0022265881
   0.00041744002
   -0.0018418584
   -0.0021699765
  -0.00021030851
    0.0019818667
    0.0020948288
  -1.9108275e-06
   -0.0021080765
   -0.0020014400
   0.00021760739
    0.0022192523
    0.0018902525
  -0.00043512032
   -0.0023142621
   -0.0017618639
   0.00065273744
    0.0023920709
    0.0016170040
  -0.00086872973
   -0.0024517729
   -0.0014565539
    0.0010813445
    0.0024925843
    0.0012815304
   -0.0012888237
   -0.0025138502
   -0.0010930731
    0.0014894292
    0.0025150670
   0.00089245424
   -0.0016814408
   -0.0024958753
  -0.00068106127
    0.0018631761
    0.0024560681
   0.00046038851
   -0.0020330044
   -0.0023955957
  -0.00023202821
    0.0021893603
    0.0023145687
  -2.3406125e-06
   -0.0023307583
   -0.0022132645
   0.00024095691
    0.0024557970
    0.0020921162
  -0.00048200182
   -0.0025631838
   -0.0019517261
   0.00072359843
    0.0026517336
    0.0017928501
  -0.00096383808
   -0.0027203925
   -0.0016164075
    0.0012007832
    0.0027682390
    0.0014234699
   -0.0014324850
   -0.0027944933
   -0.0012152529
    0.0016570035
    0.0027985323
   0.00099311544
   -0.0018724181
   -0.0027798963
  -0.00075855564
    0.0020768348
    0.0027382839
   0.00051318797
   -0.0022684163
   -0.0026735723
  -0.00025874628
    0.0024453860
    0.0025858140
  -2.9303536e-06
   -0.0026060425
   -0.0024752358
   0.00026991692
    0.0027487835
    0.0023422520
  -0.00054020227
   -0.0028721063
   -0.0021874523
   0.00081171466
    0.0029746319
    0.0020116091
   -0.0010823288
   -0.0030551126
   -0.0018156731
    0.0013498816
    0.0031124421
    0.0016007666
   -0.0016121901
   -0.0031456698
   -0.0013681800
    0.0018670691
    0.0031540145
    0.0011193730
   -0.0021123357
   -0.0031368597
  -0.00085595075
    0.0023458428
    0.0030937774
   0.00057966872
   -0.0025654856
   -0.0030245295
  -0.00029242111
    0.0027692163
    0.0029290700
  -3.7734716e-06
   -0.0029550625
   -0.0028075493
   0.00030678635
    0.0031211462
    0.0026603204
  -0.00061438929
   -0.0032656981
   -0.0024879403
   0.00092426911
    0.0033870735
    0.0022911726
   -0.0012340371
   -0.0034837592
   -0.0020709766
    0.0015412565
    0.0035543983
    0.0018285136
   -0.0018434513
   -0.0035977984
   -0.0015651410
    0.0021381240
    0.0036129436
    0.0012824064
   -0.0024227727
   -0.0035990036
  -0.00098203730
    0.0026949126
    0.0035553482
   0.00066593691
   -0.0029520912
   -0.0034815547
  -0.00033617476
    0.0031919039
    0.0033774094
  -5.0333723e-06
   -0.0034120243
   -0.0032429300
   0.00035531917
    0.0036102023
    0.0030783499
  -0.00071219502
   -0.0037842995
   -0.0028841363
    0.0010730568
    0.0039322973
    0.0026609854
   -0.0014352042
   -0.0040523179
   -0.0024098256
    0.0017958566
    0.0041426404
    0.0021318175
   -0.0021521676
   -0.0042017134
   -0.0018283486
    0.0025012459
    0.0042281721
    0.0015010307
   -0.0028401725
   -0.0042208497
   -0.0011516914
    0.0031660239
    0.0041787953
   0.00078237257
   -0.0034758855
   -0.0041012799
  -0.00039531734
    0.0037668750
    0.0039878080
  -7.0409632e-06
   -0.0040361648
   -0.0038381308
   0.00042208464
    0.0042809963
    0.0036522486
  -0.00084702878
   -0.0044987022
   -0.0034304170
    0.0012789372
    0.0046867299
    0.0031731574
   -0.0017147311
   -0.0048426537
   -0.0028812517
    0.0021512143
    0.0049642029
    0.0025557545
   -0.0025850791
   -0.0050492677
   -0.0021979798
    0.0030129385
    0.0050959317
    0.0018095156
   -0.0034313292
   -0.0051024724
   -0.0013922044
    0.0038367452
    0.0050673890
   0.00094814960
   -0.0042256501
   -0.0049894104
  -0.00047970288
    0.0045945039
    0.0048675176
  -1.0531760e-05
   -0.0049397685
   -0.0047009362
   0.00051972871
    0.0052579518
    0.0044891714
   -0.0010448288
   -0.0055456082
   -0.0042319990
    0.0015825668
    0.0057993725
    0.0039294860
   -0.0021294727
   -0.0060159701
   -0.0035819873
    0.0026818937
    0.0061922426
    0.0031901557
   -0.0032360047
   -0.0063251624
   -0.0027549398
    0.0037878322
    0.0064118613
    0.0022775975
   -0.0043332565
   -0.0064496336
   -0.0017596841
    0.0048680393
    0.0064359614
    0.0012030578
   -0.0053878346
   -0.0063685225
  -0.00060987004
    0.0058882139
    0.0062452131
  -1.7429766e-05
   -0.0063646745
   -0.0060641524
   0.00067610361
    0.0068126573
    0.0058236919
   -0.0013631347
   -0.0072275672
   -0.0055224284
    0.0020752294
    0.0076047810
    0.0051592037
   -0.0028088309
   -0.0079396658
   -0.0047331129
    0.0035601245
    0.0082275847
    0.0042434984
   -0.0043250550
   -0.0084639166
   -0.0036899618
    0.0050993214
    0.0086440451
    0.0030723421
   -0.0058784005
   -0.0087633717
   -0.0023907152
    0.0066575513
    0.0088173113
    0.0016453804
   -0.0074318241
   -0.0088012862
  -0.00083684662
    0.0081960625
    0.0087107083
  -3.4191558e-05
   -0.0089449095
   -0.0085409578
   0.00096687942
    0.0096728046
    0.0082873482
   -0.0019602381
    -0.010373982
   -0.0079450832
    0.0030132050
     0.011042462
    0.0075092004
   -0.0041246765
    -0.011672019
   -0.0069744819
    0.0052935776
     0.012256160
    0.0063353523
   -0.0065189357
    -0.012788081
   -0.0055857461
    0.0077999644
     0.013260586
    0.0047189136
   -0.0091361926
    -0.013666012
   -0.0037271948
     0.010527599
     0.013996085
    0.0026016956
    -0.011974806
    -0.014241755
   -0.0013318738
     0.013479317
     0.014392938
  -9.5032625e-05
    -0.015043839
    -0.014438177
    0.0016947759
     0.016672710
     0.014364150
   -0.0034871797
    -0.018372488
    -0.014154983
    0.0054976576
     0.020152786
     0.013791240
   -0.0077594049
    -0.022027444
    -0.013248423
     0.010316657
     0.024016297
     0.012494699
    -0.013229630
    -0.026147841
    -0.011487344
     0.016582291
     0.028463438
     0.010166949
    -0.020495034
    -0.031024208
   -0.0084476371
     0.025146312
     0.033922871
    0.0061995824
    -0.030811615
    -0.037305245
   -0.0032158145
     0.037938522
     0.041412104
  -0.00085614292
    -0.047303962
    -0.046668064
    0.0066705496
     0.060382466
     0.053893585
    -0.015595401
    -0.080351605
    -0.064898419
     0.031051360
      0.11555042
     0.084601133
    -0.064670744
     -0.19729563
     -0.13268633
      0.19788743
      0.66295832
       1.0000000
       1.0000000
      0.66295832
      0.19788743
     -0.13268633
     -0.19729563
    -0.064670744
     0.084601132
      0.11555042
     0.031051360
    -0.064898418
    -0.080351605
    -0.015595402
     0.053893584
     0.060382465
    0.0066705487
    -0.046668065
    -0.047303961
  -0.00085614216
     0.041412104
     0.037938522
   -0.0032158146
    -0.037305245
    -0.030811615
    0.0061995830
     0.033922871
     0.025146312
   -0.0084476373
    -0.031024209
    -0.020495034
     0.010166949
     0.028463437
     0.016582292
    -0.011487343
    -0.026147840
    -0.013229630
     0.012494699
     0.024016296
     0.010316655
    -0.013248424
    -0.022027444
   -0.0077594042
     0.013791241
     0.020152786
    0.0054976572
    -0.014154984
    -0.018372489
   -0.0034871797
     0.014364150
     0.016672710
    0.0016947758
    -0.014438177
    -0.015043840
  -9.5032437e-05
     0.014392938
     0.013479317
   -0.0013318740
    -0.014241756
    -0.011974806
    0.0026016960
     0.013996086
     0.010527600
   -0.0037271944
    -0.013666012
   -0.0091361935
    0.0047189128
     0.013260586
    0.0077999650
   -0.0055857453
    -0.012788080
   -0.0065189355
    0.0063353522
     0.012256160
    0.0052935771
   -0.0069744826
    -0.011672019
   -0.0041246770
    0.0075092004
     0.011042462
    0.0030132056
   -0.0079450828
    -0.010373982
   -0.0019602383
    0.0082873480
    0.0096728044
   0.00096687932
   -0.0085409578
   -0.0089449094
  -3.4191385e-05
    0.0087107085
    0.0081960624
  -0.00083684721
   -0.0088012873
   -0.0074318252
    0.0016453799
    0.0088173119
    0.0066575529
   -0.0023907135
   -0.0087633706
   -0.0058784005
    0.0030723412
    0.0086440440
    0.0050993206
   -0.0036899619
   -0.0084639162
   -0.0043250544
    0.0042434990
    0.0082275851
    0.0035601246
   -0.0047331131
   -0.0079396663
   -0.0028088317
    0.0051592031
    0.0076047809
    0.0020752298
   -0.0055224277
   -0.0072275666
   -0.0013631345
    0.0058236919
    0.0068126572
   0.00067610363
   -0.0060641523
   -0.0063646744
  -1.7429855e-05
    0.0062452129
    0.0058882139
  -0.00060986975
   -0.0063685221
   -0.0053878343
    0.0012030577
    0.0064359608
    0.0048680384
   -0.0017596848
   -0.0064496340
   -0.0043332565
    0.0022775979
    0.0064118619
    0.0037878329
   -0.0027549393
   -0.0063251624
   -0.0032360053
    0.0031901548
    0.0061922417
    0.0026818932
   -0.0035819870
   -0.0060159693
   -0.0021294717
    0.0039294866
    0.0057993726
    0.0015825664
   -0.0042319996
   -0.0055456087
   -0.0010448291
    0.0044891713
    0.0052579519
   0.00051972888
   -0.0047009360
   -0.0049397685
  -1.0532027e-05
    0.0048675172
    0.0045945036
  -0.00047970279
   -0.0049894099
   -0.0042256494
   0.00094815024
    0.0050673893
    0.0038367452
   -0.0013922044
   -0.0051024724
   -0.0034313291
    0.0018095156
    0.0050959316
    0.0030129382
   -0.0021979801
   -0.0050492680
   -0.0025850794
    0.0025557541
    0.0049642025
    0.0021512139
   -0.0028812518
   -0.0048426536
   -0.0017147309
    0.0031731575
    0.0046867298
    0.0012789370
   -0.0034304170
   -0.0044987019
  -0.00084702841
    0.0036522488
    0.0042809963
   0.00042208457
   -0.0038381306
   -0.0040361642
  -7.0402707e-06
    0.0039878084
    0.0037668748
  -0.00039531790
   -0.0041012804
   -0.0034758855
   0.00078237298
    0.0041787958
    0.0031660240
   -0.0011516917
   -0.0042208503
   -0.0028401731
    0.0015010304
    0.0042281719
    0.0025012458
   -0.0018283487
   -0.0042017132
   -0.0021521670
    0.0021318183
    0.0041426409
    0.0017958564
   -0.0024098265
   -0.0040523191
   -0.0014352051
    0.0026609852
    0.0039322978
    0.0010730575
   -0.0028841356
   -0.0037842989
  -0.00071219465
    0.0030783502
    0.0036102025
   0.00035531912
   -0.0032429303
   -0.0034120248
  -5.0337162e-06
    0.0033774094
    0.0031919043
  -0.00033617416
   -0.0034815543
   -0.0029520913
   0.00066593640
    0.0035553475
    0.0026949120
  -0.00098203749
   -0.0035990033
   -0.0024227723
    0.0012824067
    0.0036129434
    0.0021381236
   -0.0015651413
   -0.0035977983
   -0.0018434507
    0.0018285144
    0.0035543988
    0.0015412563
   -0.0020709772
   -0.0034837600
   -0.0012340376
    0.0022911726
    0.0033870736
   0.00092426915
   -0.0024879404
   -0.0032656983
  -0.00061438937
    0.0026603207
    0.0031211469
   0.00030678716
   -0.0028075485
   -0.0029550621
  -3.7734894e-06
    0.0029290696
    0.0027692156
  -0.00029242180
   -0.0030245299
   -0.0025654855
   0.00057966914
    0.0030937779
    0.0023458430
  -0.00085595088
   -0.0031368600
   -0.0021123359
    0.0011193729
    0.0031540144
    0.0018670688
   -0.0013681804
   -0.0031456700
   -0.0016121898
    0.0016007673
    0.0031124429
    0.0013498820
   -0.0018156731
   -0.0030551129
   -0.0010823291
    0.0020116092
    0.0029746324
   0.00081171504
   -0.0021874522
   -0.0028721066
  -0.00054020261
    0.0023422520
    0.0027487837
   0.00026991726
   -0.0024752357
   -0.0026060429
  -2.9311327e-06
    0.0025858132
    0.0024453855
  -0.00025874626
   -0.0026735718
   -0.0022684155
   0.00051318865
    0.0027382843
    0.0020768347
  -0.00075855609
   -0.0027798968
   -0.0018724183
   0.00099311584
    0.0027985332
    0.0016570045
   -0.0012152525
   -0.0027944937
   -0.0014324861
    0.0014234687
    0.0027682382
    0.0012007832
   -0.0016164068
   -0.0027203916
  -0.00096383762
    0.0017928499
    0.0026517329
   0.00072359785
   -0.0019517260
   -0.0025631830
  -0.00048200075
    0.0020921169
    0.0024557970
   0.00024095620
   -0.0022132653
   -0.0023307587
  -2.3402306e-06
    0.0023145697
    0.0021893612
  -0.00023202788
   -0.0023955961
   -0.0020330055
   0.00046038731
    0.0024560672
    0.0018631757
  -0.00068106111
   -0.0024958748
   -0.0016814400
   0.00089245491
    0.0025150674
    0.0014894292
   -0.0010930733
   -0.0025138506
   -0.0012888241
    0.0012815300
    0.0024925839
    0.0010813442
   -0.0014565541
   -0.0024517728
  -0.00086872940
    0.0016170045
    0.0023920714
   0.00065273781
   -0.0017618637
   -0.0023142620
  -0.00043512017
    0.0018902527
    0.0022192525
   0.00021760743
   -0.0020014401
   -0.0021080769
  -1.9113257e-06
    0.0020948282
    0.0019818662
  -0.00021030886
   -0.0021699765
   -0.0018418582
   0.00041744041
    0.0022265884
    0.0016893764
  -0.00061793357
   -0.0022645104
   -0.0015258136
   0.00081032185
    0.0022837443
    0.0013526341
  -0.00099321762
   -0.0022844306
   -0.0011713488
    0.0011653325
    0.0022668554
   0.00098351330
   -0.0013254764
   -0.0022314371
  -0.00079070519
    0.0014725738
    0.0021787287
   0.00059451850
   -0.0016056661
   -0.0021094089
  -0.00039655019
    0.0017239159
    0.0020242724
   0.00019838268
   -0.0018266203
   -0.0019242339
  -1.5876181e-06
    0.0019131953
    0.0018102981
  -0.00019230807
   -0.0019831989
   -0.0016835678
   0.00038182098
    0.0020363265
    0.0015452340
  -0.00056551737
   -0.0020724030
   -0.0013965552
   0.00074203338
    0.0020913909
    0.0012388539
  -0.00091007987
   -0.0020933862
   -0.0010735035
    0.0010684526
    0.0020786159
   0.00090191734
   -0.0012160405
   -0.0020474369
  -0.00072554162
    0.0013518271
    0.0020003231
   0.00054583294
   -0.0014749087
   -0.0019378724
  -0.00036426006
    0.0015844872
    0.0018607885
   0.00018228083
   -0.0016798857
   -0.0017698837
  -1.3393975e-06
    0.0017605452
    0.0016660670
  -0.00017714630
   -0.0018260265
   -0.0015503316
   0.00035180174
    0.0018760200
    0.0014237553
  -0.00052129703
   -0.0019103394
   -0.0012874855
   0.00068435952
    0.0019289212
    0.0011427284
  -0.00083978561
   -0.0019318277
  -0.00099074127
   0.00098644746
    0.0019192439
   0.00083282383
   -0.0011232970
   -0.0018914695
  -0.00067030033
    0.0012493818
    0.0018489239
   0.00050451819
   -0.0013638428
   -0.0017921351
  -0.00033683234
    0.0014659230
    0.0017217349
   0.00016859381
   -0.0015549737
   -0.0016384558
  -1.1430655e-06
    0.0016304549
    0.0015431216
  -0.00016420157
   -0.0016919369
   -0.0014366352
   0.00032616143
    0.0017391130
    0.0013199840
  -0.00048349268
   -0.0017717861
   -0.0011942183
   0.00063500571
    0.0017898763
    0.0010604466
  -0.00077957233
   -0.0017934203
  -0.00091982753
   0.00091613263
    0.0017825697
   0.00077356171
   -0.0010436993
   -0.0017575836
  -0.00062287616
    0.0011613701
    0.0017188300
   0.00046901664
   -0.0012683344
   -0.0016667857
  -0.00031324500
    0.0013638696
    0.0016020211
   0.00015681992
   -0.0014473526
   -0.0015251991
  -9.8761929e-07
    0.0015182664
    0.0014370742
  -0.00015302027
   -0.0015761944
   -0.0013384773
   0.00030400343
    0.0016208289
    0.0012303129
  -0.00045079928
   -0.0016519708
   -0.0011135510
   0.00059229085
    0.0016695286
   0.00098921767
  -0.00072741612
   -0.0016735198
  -0.00085838802
   0.00085517364
    0.0016640659
   0.00072217295
  -0.00097463488
   -0.0016413968
  -0.00058171721
    0.0010849433
    0.0016058403
   0.00043818294
   -0.0011853268
   -0.0015578242
  -0.00029274444
    0.0012751003
    0.0014978715
   0.00014658154
   -0.0013536655
   -0.0014265881
  -8.6150541e-07
    0.0014205229
    0.0013446652
  -0.00014326441
   -0.0014752727
   -0.0012528737
   0.00028466538
    0.0015176102
    0.0011520495
  -0.00042224787
   -0.0015473337
   -0.0010430909
   0.00055496181
    0.0015643463
   0.00092695558
  -0.00068180100
   -0.0015686461
  -0.00080464079
   0.00080182262
    0.0015603372
   0.00067718640
  -0.00091414469
   -0.0015396204
  -0.00054566193
    0.0010179534
    0.0015067885
   0.00041115183
   -0.0011125188
   -0.0014622369
  -0.00027476430
    0.0011971791
    0.0014064367
   0.00013759850
   -0.0012713688
   -0.0013399530
  -7.5699677e-07
    0.0013346037
    0.0012634228
  -0.00013467755
   -0.0013864965
   -0.0011775610
   0.00026764048
    0.0014267502
    0.0010831462
  -0.00039709920
   -0.0014551637
  -0.00098101771
   0.00052205834
    0.0014716304
   0.00087206539
  -0.00064157071
   -0.0014761422
  -0.00075722755
   0.00075473790
    0.0014687816
   0.00063747557
  -0.00086072478
   -0.0014497285
  -0.00051381443
   0.00095875642
    0.0014192477
   0.00038726332
   -0.0010481363
   -0.0013777003
  -0.00025886338
    0.0011282342
    0.0013255233
   0.00012965293
   -0.0011985052
   -0.0012632374
  -6.6885750e-07
    0.0012584865
    0.0011914385
  -0.00012706276
   -0.0013077998
   -0.0011107900
   0.00025253789
    0.0013461575
    0.0010220223
  -0.00037477632
   -0.0013733569
  -0.00092591800
   0.00049283801
    0.0013892909
   0.00082331436
  -0.00060582189
   -0.0013939403
  -0.00071509176
   0.00071287515
    0.0013873746
   0.00060216510
  -0.00081320154
   -0.0013697524
  -0.00048547836
   0.00090606581
    0.0013413190
   0.00036599695
  -0.00099079873
   -0.0013024041
  -0.00024470143
    0.0010667989
    0.0012534142
   0.00012257488
   -0.0011335413
   -0.0011948314
  -5.9546383e-07
    0.0011905835
    0.0011272157
  -0.00012026192
   -0.0012375568
   -0.0010511868
   0.00023904544
    0.0012741794
   0.00096742639
  -0.00035482997
   -0.0013002575
  -0.00087667696
   0.00046671643
    0.0013156775
   0.00077972561
  -0.00057384607
   -0.0013204093
  -0.00067739662
   0.00067541330
    0.0013145176
   0.00057056023
  -0.00077065293
   -0.0012981402
  -0.00046010509
   0.00085886524
    0.0012715042
   0.00034694662
  -0.00093940761
   -0.0012349122
  -0.00023201102
    0.0010117053
    0.0011887429
   0.00011622872
   -0.0010752569
   -0.0011334519
  -5.3290743e-07
    0.0011296315
    0.0010695605
  -0.00011415267
   -0.0011744730
  -0.00099765038
   0.00022692560
    0.0012095105
   0.00091836857
  -0.00033689955
   -0.0012345467
  -0.00083240922
   0.00044322329
    0.0012494702
   0.00074051701
  -0.00054507938
   -0.0012542490
  -0.00064347726
   0.00064169179
    0.0012489303
   0.00054210684
  -0.00073233549
   -0.0012336433
  -0.00043725153
   0.00081633851
    0.0012085954
   0.00032977869
  -0.00089308602
   -0.0011740691
  -0.00022056830
   0.00096202648
    0.0011304197
   0.00011050667
   -0.0010226751
   -0.0010780720
  -4.7963619e-07
    0.0010746168
    0.0010175156
  -0.00010863625
   -0.0011175113
  -0.00094930473
   0.00021597532
    0.0011510898
   0.00087404654
  -0.00032069487
   -0.0011751595
  -0.00079239755
   0.00042198390
    0.0011896110
   0.00070506735
  -0.00051905595
   -0.0011944013
  -0.00061279304
   0.00061117706
    0.0011895772
   0.00051635719
  -0.00069764751
   -0.0011752519
  -0.00041656092
   0.00077782507
    0.0011516194
   0.00031423102
  -0.00085111763
   -0.0011189411
  -0.00021020327
   0.00091699648
    0.0010775513
   0.00010532217
  -0.00097499544
   -0.0010278514
  -4.3405046e-07
    0.0010247118
   0.00097030183
  -0.00010362633
   -0.0010658173
  -0.00090542755
   0.00020603197
    0.0010980505
   0.00083380429
  -0.00030597722
   -0.0011212221
  -0.00075605478
   0.00040268635
    0.0011352222
   0.00067285265
  -0.00049540770
   -0.0011400068
  -0.00058490248
   0.00058343287
    0.0011356093
   0.00049294213
  -0.00066609790
   -0.0011221392
  -0.00039774057
   0.00074278130
    0.0010997729
   0.00030008277
  -0.00081291668
   -0.0010687574
  -0.00020076770
   0.00087599434
    0.0010294076
   0.00010060258
  -0.00093156318
  -0.00098210066
  -3.9350539e-07
   0.00097923695
   0.00092727544
  -9.9058358e-05
   -0.0010186947
  -0.00086542696
   0.00019696470
    0.0010496849
   0.00079710544
  -0.00029255074
   -0.0010720188
  -0.00072290023
   0.00038507552
    0.0010855882
   0.00064345280
  -0.00047381956
   -0.0010903489
  -0.00055943753
   0.00055810062
    0.0010863271
   0.00047155902
  -0.00063727829
   -0.0010736191
  -0.00038054635
   0.00071076036
    0.0010523944
   0.00028715367
  -0.00077799841
   -0.0010228830
  -0.00019214373
   0.00083850150
   0.00098538187
   9.6287948e-05
  -0.00089183512
  -0.00094024882
  -3.5773261e-07
   0.00093762695
   0.00088790248
  -9.4877170e-05
  -0.00097556391
  -0.00082881271
   0.00018866053
    0.0010053989
   0.00076349945
  -0.00028025478
   -0.0010269540
  -0.00069253198
   0.00036894130
    0.0010401147
   0.00061651712
  -0.00045403263
   -0.0010448365
  -0.00053609897
   0.00053487433
    0.0010411423
   0.00045195258
  -0.00061084999
   -0.0010291222
  -0.00036477882
   0.00068138420
    0.0010089282
   0.00027529281
  -0.00074595485
  -0.00098078262
  -0.00018422890
   0.00080408606
   0.00094496583
   9.2326029e-05
  -0.00085535876
  -0.00090181915
  -3.2666218e-07
   0.00089940909
   0.00085173724
  -9.1034073e-05
  -0.00093593613
  -0.00079516976
   0.00018102923
   0.00096469928
   0.00073261317
  -0.00026894987
  -0.00098552416
  -0.00066461158
   0.00035410464
   0.00099829662
   0.00059174428
  -0.00043583346
   -0.0010029718
  -0.00051462911
   0.00051350508
   0.00099956734
   0.00043391233
  -0.00058652531
  -0.00098816527
  -0.00035026399
   0.00065434150
   0.00096891055
   0.00026437217
  -0.00071644781
  -0.00094201192
  -0.00017694037
   0.00077238545
   0.00090773642
   8.8679357e-05
  -0.00082174708
  -0.00086640616
  -2.9864344e-07
   0.00086418460
   0.00081840209
  -8.7490928e-05
  -0.00089940222
  -0.00076415076
   0.00017399266
   0.00092716787
   0.00070412935
  -0.00025852153
  -0.00094730743
  -0.00063885479
   0.00034041613
   0.00095971226
   0.00056888602
  -0.00041903706
  -0.00096433301
  -0.00049481282
   0.00049377814
   0.00096118598
   0.00041725767
  -0.00056406339
  -0.00095034342
  -0.00033685967
   0.00062936427
   0.00093194740
   0.00025428570
  -0.00068918616
  -0.00090619031
  -0.00017020715
   0.00074308919
   0.00087332899
   8.5309117e-05
  -0.00079067840
  -0.00083367094
  -2.7504909e-07
   0.00083161503
   0.00078757882
  -8.4212189e-05
  -0.00086561295
  -0.00073546164
   0.00016748136
   0.00089244637
   0.00067777723
  -0.00024887155
  -0.00091194413
  -0.00061502085
   0.00032774501
   0.00092399817
   0.00054772757
  -0.00040348697
  -0.00092856069
  -0.00047646662
   0.00047550939
   0.00092564168
   0.00040183348
  -0.00054325844
  -0.00091531005
  -0.00032444426
   0.00060622206
   0.00089769904
   0.00024493978
  -0.00066392267
  -0.00087299228
  -0.00016396736
   0.00071593309
   0.00084143316
   8.2184975e-05
  -0.00076187245
  -0.00080331725
  -2.5240011e-07
   0.00080141133
   0.00075899175
  -8.1171655e-05
  -0.00083427077
  -0.00070884785
   0.00016144052
   0.00086023078
   0.00065332421
  -0.00023991813
  -0.00087912617
  -0.00059289885
   0.00031598723
   0.00089085013
   0.00052808810
  -0.00038904968
  -0.00089534769
  -0.00045943195
   0.00045854473
   0.00089263211
   0.00038750717
  -0.00052393617
  -0.00088276959
  -0.00031291162
   0.00058472247
   0.00086587943
   0.00023625580
  -0.00064044772
  -0.00084214223
  -0.00015816865
   0.00069069383
   0.00081178728
   7.9282312e-05
  -0.00073509289
  -0.00077509835
  -2.3337660e-07
   0.00077332535
   0.00073240909
  -7.8341575e-05
  -0.00080511886
  -0.00068409375
   0.00015581990
   0.00083026104
   0.00063057626
  -0.00023158501
  -0.00084858864
  -0.00057231579
   0.00030503980
   0.00085999426
   0.00050980564
  -0.00037561132
  -0.00086442928
  -0.00044357334
   0.00044274978
   0.00086189798
   0.00037417025
  -0.00050593840
  -0.00085246187
  -0.00030217041
   0.00056469575
   0.00083623963
   0.00022816938
  -0.00061857256
  -0.00081339551
  -0.00015276550
   0.00066717237
   0.00078415778
   7.6577123e-05
  -0.00071013133
  -0.00074879368
  -2.1604606e-07
   0.00074714030
   0.00070762369
  -7.5703828e-05
  -0.00077793646
  -0.00066101074
   0.00015057690
   0.00080230851
   0.00060935871
  -0.00022381076
  -0.00082009971
  -0.00055311159
   0.00029482759
   0.00083120568
   0.00049274759
  -0.00036306938
  -0.00083557378
  -0.00042877209
   0.00042800661
   0.00083320834
   0.00036171860
  -0.00048913796
  -0.00082416704
  -0.00029214239
   0.00054599470
   0.00080855967
   0.00022061462
  -0.00059814617
  -0.00078654906
  -0.00014771980
   0.00064520114
   0.00075834824
   7.4050619e-05
  -0.00068681024
  -0.00072421712
  -2.0126360e-07
   0.00072267050
   0.00068446159
  -7.3237015e-05
  -0.00075252863
  -0.00063943353
   0.00014567662
   0.00077617810
   0.00058952295
  -0.00021654250
  -0.00079346372
  -0.00053515682
   0.00028527547
   0.00080428205
   0.00047679513
  -0.00035133699
  -0.00080858254
  -0.00041492779
   0.00041421245
   0.00080636680
   0.00035006990
  -0.00047341583
  -0.00079768885
  -0.00028275800
   0.00052849275
   0.00078265396
   0.00021354540
  -0.00057902402
  -0.00076141711
  -0.00014299707
   0.00062462947
   0.00073418219
   7.1685411e-05
  -0.00066497074
  -0.00070120033
  -1.8611784e-07
   0.00069975328
   0.00066276733
  -7.0926459e-05
  -0.00072872814
  -0.00061922027
   0.00014108533
   0.00075169592
   0.00057093790
  -0.00020973050
  -0.00076850144
  -0.00051832868
   0.00027632423
   0.00077904723
   0.00046184088
  -0.00034034165
  -0.00078328178
  -0.00040194904
   0.00040128114
   0.00078120169
   0.00033914774
  -0.00045867435
  -0.00077286058
  -0.00027395847
   0.00051207823
   0.00075835731
   0.00020691543
  -0.00056108689
  -0.00073784194
  -0.00013856723
   0.00060532903
   0.00071150849
   6.9465680e-05
  -0.00064447889
  -0.00067960301
  -1.7312247e-07
   0.00067824537
   0.00064240739
  -6.8755820e-05
  -0.00070638625
  -0.00060024598
   0.00013677369
   0.00072870973
   0.00055348755
  -0.00020333538
  -0.00074506330
  -0.00050252781
   0.00026791720
   0.00075534857
   0.00044779817
  -0.00033001117
  -0.00075951448
  -0.00038975717
   0.00038913191
   0.00075755844
   0.00032888585
  -0.00044482266
  -0.00074952992
  -0.00026568906
   0.00049665249
   0.00073552233
   0.00020068278
  -0.00054422911
  -0.00071568298
  -0.00013440252
   0.00058718738
   0.00069019526
   6.7381057e-05
  -0.00062521091
  -0.00065929579
  -1.6199711e-07
   0.00065801801
   0.00062325770
  -6.6717758e-05
  -0.00068537643
  -0.00058240144
   0.00013271749
   0.00070708785
   0.00053707234
  -0.00019731901
  -0.00072301291
  -0.00048766210
   0.00026000630
   0.00073304848
   0.00043458304
  -0.00032029060
  -0.00073714754
  -0.00037828226
   0.00037769875
   0.00073530654
   0.00031922811
  -0.00043178299
  -0.00072756723
  -0.00025790457
   0.00048212985
   0.00071402452
   0.00019481732
  -0.00052835260
  -0.00069481521
  -0.00013048111
   0.00057010049
   0.00067012055
   6.5416828e-05
  -0.00060706233
  -0.00064016713
  -1.5117589e-07
   0.00063896390
   0.00060521926
  -6.4793950e-05
  -0.00066557739
  -0.00056558508
   0.00012889626
   0.00068671272
   0.00052160308
  -0.00019164811
  -0.00070222966
  -0.00047364986
   0.00025255011
   0.00071202822
   0.00042212600
  -0.00031112663
  -0.00071606169
  -0.00036746601
   0.00036691558
   0.00071432225
   0.00031012001
  -0.00041948650
  -0.00070685503
  -0.00025056350
   0.00046843154
   0.00069374636
   0.00018928369
  -0.00051337693
  -0.00067512999
  -0.00012678164
   0.00055398059
   0.00065118147
   6.3565031e-05
  -0.00058993617
  -0.00062211563
  -1.4025769e-07
   0.00062098236
   0.00058819480
  -6.2979231e-05
  -0.00064689121
  -0.00054971309
   0.00012528883
   0.00066747889
   0.00050699964
  -0.00018629467
  -0.00068260850
  -0.00046042086
   0.00024550924
   0.00069217947
   0.00041036288
  -0.00030247226
  -0.00069614734
  -0.00035724873
   0.00035673387
   0.00069450467
   0.00030151806
  -0.00040787145
  -0.00068729030
  -0.00024362892
   0.00045549116
   0.00067458997
   0.00018405727
  -0.00049922622
  -0.00065652984
  -0.00012328698
   0.00053874637
   0.00063328254
   6.1813819e-05
  -0.00057375162
  -0.00060505587
  -1.3077641e-07
   0.00060398628
   0.00057210401
  -6.1261632e-05
  -0.00062922529
  -0.00053470869
   0.00012187661
   0.00064929330
   0.00049319378
  -0.00018122884
  -0.00066405093
  -0.00044790895
   0.00023885094
   0.00067340761
   0.00039923811
  -0.00029428591
  -0.00067731144
  -0.00034758680
   0.00034709822
   0.00067575362
   0.00029337880
  -0.00039688204
  -0.00066877855
  -0.00023706784
   0.00044324503
   0.00065646081
   0.00017911000
  -0.00048583511
  -0.00063892664
  -0.00011997951
   0.00052432712
   0.00061634032
   6.0155957e-05
  -0.00055843121
  -0.00058890645
  -1.2267368e-07
   0.00058789388
   0.00055686775
  -5.9636650e-05
  -0.00061249814
  -0.00052049987
   0.00011864661
   0.00063207161
   0.00048011694
  -0.00017643501
  -0.00064647853
  -0.00043606013
   0.00023254447
   0.00065562741
   0.00038870046
  -0.00028653120
  -0.00065946714
  -0.00033843123
   0.00033797318
   0.00065799235
   0.00028567042
  -0.00038646733
  -0.00065123644
  -0.00023084949
   0.00043164148
   0.00063928139
   0.00017442168
  -0.00047314433
  -0.00062224343
  -0.00011684495
   0.00051066006
   0.00060028150
   5.8584761e-05
  -0.00054390803
  -0.00057359694
  -1.1499108e-07
   0.00057263721
   0.00054242190
  -5.8096964e-05
  -0.00059663972
  -0.00050702908
   0.00011558232
   0.00061574088
   0.00046771814
  -0.00017188569
  -0.00062981096
  -0.00042482260
   0.00022656095
   0.00063876084
   0.00037870489
  -0.00027917356
  -0.00064253804
  -0.00032974612
   0.00032931327
   0.00064113733
   0.00027835338
  -0.00037658735
  -0.00063459174
  -0.00022494885
   0.00042063018
   0.00062297799
   0.00016997201
  -0.00046110012
  -0.00060640935
  -0.00011386965
   0.00049768798
   0.00058503895
   5.7094270e-05
  -0.00053012049
  -0.00055906299
  -1.0825094e-07
   0.00055815163
   0.00052870610
  -5.6634180e-05
  -0.00058157982
  -0.00049423542
   0.00011267401
   0.00060023233
   0.00045594101
  -0.00016756860
  -0.00061398401
  -0.00041415082
   0.00022087764
   0.00062274009
   0.00036920900
  -0.00027218689
  -0.00062645858
  -0.00032149616
   0.00032108742
   0.00062512634
   0.00027140297
  -0.00036720068
  -0.00061877898
  -0.00021934499
   0.00041016480
   0.00060748467
   0.00016574365
  -0.00044965370
  -0.00059136088
  -0.00011104170
   0.00048535924
   0.00057055189
   5.5678023e-05
  -0.00051701454
  -0.00054524680
  -1.0041880e-07
   0.00054438342
   0.00051566955
  -5.5241499e-05
  -0.00056726117
  -0.00048207208
   0.00010990825
   0.00058548697
   0.00044474501
  -0.00016345980
  -0.00059892998
  -0.00040399962
   0.00021547467
   0.00060750559
   0.00036017997
  -0.00026553964
  -0.00061116362
  -0.00031364935
   0.00031326179
   0.00060989539
   0.00026479195
  -0.00035826927
  -0.00060373383
  -0.00021401257
   0.00040020846
   0.00059274443
   0.00016172187
  -0.00043876084
  -0.00057704105
  -0.00010835150
   0.00047362552
   0.00055676410
   5.4329545e-05
  -0.00050454232
  -0.00053209949
  -9.6679613e-08
   0.00053127457
   0.00050325786
  -5.3916945e-05
  -0.00055363129
  -0.00047049414
   0.00010727304
   0.00057144630
   0.00043408373
  -0.00015954876
  -0.00058459729
  -0.00039433563
   0.00021032708
   0.00059299556
   0.00035157977
  -0.00025920977
  -0.00059659663
  -0.00030617510
   0.00030580899
   0.00059538845
   0.00025849480
  -0.00034976138
  -0.00058940081
  -0.00020893036
   0.00039072657
   0.00057870420
   0.00015789165
  -0.00042838229
  -0.00056339724
  -0.00010578777
   0.00046244582
   0.00054362660
   5.3045106e-05
  -0.00049265572
  -0.00051956757
  -8.8834865e-08
   0.00051878560
   0.00049143129
  -5.2653905e-05
  -0.00054064035
  -0.00045945758
   0.00010476358
   0.00055806500
   0.00042392175
  -0.00015582171
  -0.00057093569
  -0.00038512285
   0.00020542178
   0.00053250102
