  -0.00032956836
  -0.00094286377
   -0.0014244675
   -0.0017065190
   -0.0017491120
   -0.0015459400
   -0.0011252279
  -0.00054581118
   0.00011109143
   0.00075326257
    0.0012904315
    0.0016469631
    0.0017725076
    0.0016491101
    0.0012937780
   0.00075613762
   0.00011150366
  -0.00054967071
   -0.0011344857
   -0.0015606478
   -0.0017680492
   -0.0017272456
   -0.0014436359
  -0.00095675008
  -0.00033474030
   0.00033515852
   0.00095886278
    0.0014486534
    0.0017355124
    0.0017788483
    0.0015722392
    0.0011443820
   0.00055510704
  -0.00011298790
  -0.00076611500
   -0.0013124620
   -0.0016750984
   -0.0018028073
   -0.0016773188
   -0.0013159228
  -0.00076908761
  -0.00011341254
   0.00055910147
    0.0011539607
    0.0015874554
    0.0017984392
    0.0017569539
    0.0014684823
   0.00097322690
   0.00034050728
  -0.00034094184
  -0.00097541477
   -0.0014736758
   -0.0017655095
   -0.0018096151
   -0.0015994509
   -0.0011642020
  -0.00056472775
   0.00011494737
   0.00077941070
    0.0013352550
    0.0017042089
    0.0018341583
    0.0017065070
    0.0013388368
   0.00078248713
   0.00011538643
  -0.00056886273
   -0.0011741170
   -0.0016152010
   -0.0018298932
   -0.0017877029
   -0.0014941999
  -0.00099028227
  -0.00034647772
   0.00034692678
   0.00099254657
    0.0014995760
    0.0017965597
    0.0018414626
    0.0016276187
    0.0011847181
   0.00057468513
  -0.00011697883
  -0.00079317901
   -0.0013588568
   -0.0017343524
   -0.0018666226
   -0.0017367328
   -0.0013625669
  -0.00079636595
  -0.00011743448
   0.00057896659
    0.0011949857
    0.0016439296
    0.0018624630
    0.0018195438
    0.0015208313
    0.0010079435
   0.00035265937
  -0.00035312685
   -0.0010102915
   -0.0015264029
   -0.0018287212
   -0.0018744505
   -0.0016567956
   -0.0012059694
  -0.00058499940
   0.00011908346
   0.00080744189
    0.0013833065
    0.0017655791
    0.0019002534
    0.0017680442
    0.0013871481
   0.00081073990
   0.00011954987
  -0.00058944290
   -0.0012166169
   -0.0016737057
   -0.0018962199
   -0.0018525455
   -0.0015484344
   -0.0010262506
  -0.00035906902
   0.00035955012
    0.0010286810
    0.0015542064
    0.0018620552
    0.0019086421
    0.0016870382
    0.0012279977
   0.00059569109
  -0.00012126519
  -0.00082222767
   -0.0014086534
   -0.0017979529
   -0.0019351211
   -0.0018005090
   -0.0014126369
  -0.00082564733
  -0.00012174843
   0.00060029942
    0.0012390395
    0.0017045742
    0.0019312171
    0.0018867608
    0.0015770527
    0.0010452300
   0.00036571149
  -0.00036621534
   -0.0010477558
   -0.0015830445
   -0.0018966292
   -0.0019441063
   -0.0017184069
   -0.0012508468
  -0.00060678168
   0.00012352781
   0.00083756476
    0.0014349464
    0.0018315360
    0.0019712925
    0.0018341886
    0.0014390801
   0.00084111351
   0.00012402958
  -0.00061156323
   -0.0012623041
   -0.0017366029
   -0.0019675308
   -0.0019222643
   -0.0016067497
   -0.0010649259
  -0.00037260589
   0.00037313054
    0.0010675493
    0.0016129707
    0.0019325093
    0.0019809110
    0.0017509622
    0.0012745606
   0.00061829171
  -0.00012587735
  -0.00085348518
   -0.0014622393
   -0.0018663967
   -0.0020088402
   -0.0018691499
   -0.0014665295
  -0.00085716700
  -0.00012639445
   0.00062326128
    0.0012864624
    0.0017698612
    0.0020052388
    0.0019591315
    0.0016375878
    0.0010853787
   0.00037976479
  -0.00038031314
   -0.0010881069
   -0.0016440527
   -0.0019697758
   -0.0020191391
   -0.0017847777
   -0.0012991934
  -0.00063024885
   0.00012831665
   0.00087002199
    0.0014905908
    0.0019026113
    0.0020478480
    0.0019054727
    0.0014950497
   0.00087384892
   0.00012885513
  -0.00063541175
   -0.0013115599
   -0.0018044153
   -0.0020444180
   -0.0019974388
   -0.0016696319
   -0.0011066325
  -0.00038720501
   0.00038777611
    0.0011094697
    0.0016763535
    0.0020085051
    0.0020588689
    0.0018199223
    0.0013247948
   0.00064267584
  -0.00013085346
  -0.00088721267
   -0.0015200631
   -0.0019402579
   -0.0020883989
   -0.0019432327
   -0.0015246983
  -0.00089118985
  -0.00013141018
   0.00064804869
    0.0013376592
    0.0018403483
    0.0020851610
    0.0020372759
    0.0017029564
    0.0011287360
   0.00039494275
  -0.00039553815
   -0.0011316888
   -0.0017099499
   -0.0020487889
   -0.0021001946
   -0.0018564797
   -0.0013514261
  -0.00065560291
   0.00013349289
   0.00090509714
    0.0015507257
    0.0019794261
    0.0021305902
    0.0019825217
    0.0015555489
   0.00090923510
   0.00013407053
  -0.00066119697
   -0.0013648174
   -0.0018777410
   -0.0021275613
   -0.0020787354
   -0.0017376398
   -0.0011517427
  -0.00040299869
   0.00040361435
    0.0011548130
    0.0017449176
    0.0020907190
    0.0021432109
    0.0018945342
    0.0013791489
   0.00066906036
  -0.00013624061
  -0.00092371645
   -0.0015826491
   -0.0020202063
   -0.0021745192
   -0.0020234301
   -0.0015876718
  -0.00092802477
  -0.00013683997
   0.00067488989
    0.0013931004
    0.0019166831
    0.0021717192
    0.0021219139
    0.0017737612
    0.0011757021
   0.00041138509
  -0.00041203235
   -0.0011789069
   -0.0017813499
   -0.0021344054
   -0.0021880297
   -0.0019341841
   -0.0014080350
  -0.00068308308
   0.00013910330
   0.00094311793
    0.0016159150
    0.0020627027
    0.0022202985
    0.0020660626
    0.0016211493
   0.00094760682
   0.00013972497
  -0.00068916393
   -0.0014225831
   -0.0019572781
   -0.0022177528
   -0.0021669286
   -0.0018114209
   -0.0012006842
  -0.00042013249
   0.00042080476
    0.0012040238
    0.0018193327
    0.0021799538
    0.0022347611
    0.0019755279
    0.0014381561
   0.00069770571
  -0.00014208914
  -0.00096335217
   -0.0016506097
   -0.0021070263
   -0.0022680480
   -0.0021105322
   -0.0016560717
  -0.00096803636
  -0.00014273821
   0.00070405026
    0.0014533357
    0.0019996244
    0.0022657747
    0.0022138891
    0.0018507093
    0.0012267462
   0.00042925566
  -0.00042996253
   -0.0012302374
   -0.0018589732
   -0.0022274906
   -0.0022835337
   -0.0020186787
   -0.0014695950
  -0.00071296897
   0.00014520496
   0.00098447238
    0.0016868253
    0.0021532943
    0.0023178937
    0.0021569550
    0.0016925279
   0.00098936199
   0.00014587973
  -0.00071959864
   -0.0014854520
   -0.0020438484
   -0.0023159269
   -0.0022629343
   -0.0018917434
   -0.0012539679
  -0.00043878654
   0.00043952559
    0.0012576161
    0.0019003782
    0.0022771458
    0.0023344819
    0.0020637563
    0.0015024387
   0.00072891447
  -0.00014846107
   -0.0010065401
   -0.0017246666
   -0.0022016409
   -0.0023699808
   -0.0022054671
   -0.0017306267
   -0.0010116497
  -0.00014916397
   0.00073584798
    0.0015190186
    0.0020900715
    0.0023683483
    0.0023142005
    0.0019346371
    0.0012824237
   0.00044874877
  -0.00044952537
   -0.0012862429
   -0.0019436716
   -0.0023290674
   -0.0023877575
   -0.0021108949
   -0.0015367857
  -0.00074559100
   0.00015186546
    0.0010296192
    0.0017642445
    0.0022522089
    0.0024244636
    0.0022562132
    0.0017704822
    0.0010349671
   0.00015260213
  -0.00075284543
   -0.0015541347
   -0.0021384314
   -0.0024231960
   -0.0023678422
   -0.0019795205
   -0.0013122012
  -0.00045917478
   0.00045998917
    0.0013162012
    0.0019889809
    0.0023834091
    0.0024435185
    0.0021602344
    0.0015727374
   0.00076304642
  -0.00015543111
   -0.0010537823
   -0.0018056816
   -0.0023051538
   -0.0024815092
   -0.0023093477
   -0.0018122146
   -0.0010593825
  -0.00015620013
   0.00077064894
    0.0015909147
    0.0021890837
    0.0024806452
    0.0024240300
    0.0020265358
    0.0013433937
   0.00047009563
  -0.00047095316
   -0.0013475899
   -0.0020364547
   -0.0024403486
   -0.0025019474
   -0.0022119364
   -0.0016104119
  -0.00078133868
   0.00015916873
    0.0010791077
    0.0018491133
    0.0023606491
    0.0025413052
    0.0023650466
    0.0018559629
    0.0010849783
   0.00015997232
  -0.00078931486
   -0.0016294781
   -0.0022421944
   -0.0025408854
   -0.0024829501
   -0.0020758394
   -0.0013761057
  -0.00048154871
   0.00048245297
    0.0013805133
    0.0020862517
    0.0025000772
    0.0025632414
    0.0022661767
    0.0016499385
   0.00080053232
  -0.00016308797
   -0.0011056782
   -0.0018946842
   -0.0024188816
   -0.0026040541
   -0.0024234992
   -0.0019018768
   -0.0011118433
  -0.00016393313
   0.00080890548
    0.0016699558
    0.0022979451
    0.0026041237
    0.0025448064
    0.0021276035
    0.0014104534
   0.00049357773
  -0.00049452347
   -0.0014150798
   -0.0021385386
   -0.0025627964
   -0.0026276075
   -0.0023231379
   -0.0016914489
  -0.00082068843
   0.00016720807
    0.0011335917
    0.0019425580
    0.0024800584
    0.0026699776
    0.0024849109
    0.0019501159
    0.0011400680
   0.00016809066
  -0.00082949723
   -0.0017124988
   -0.0023565408
   -0.0026705906
   -0.0026098222
   -0.0021820126
   -0.0014465555
  -0.00050621764
   0.00050721996
    0.0014514290
    0.0021935213
    0.0026287507
    0.0026952963
    0.0023830423
    0.0017351066
   0.00084188898
  -0.00017154006
   -0.0011629511
   -0.0019929153
   -0.0025444126
   -0.0027393292
   -0.0025495202
   -0.0020008703
   -0.0011697675
  -0.00017246855
   0.00085116158
    0.0017572640
    0.0024182021
    0.0027405399
    0.0026782494
    0.0022392808
    0.0014845587
   0.00051952722
  -0.00052057978
   -0.0014896888
   -0.0022514001
   -0.0026981840
   -0.0027665601
   -0.0024461141
   -0.0017810750
  -0.00086421240
   0.00017610293
    0.0011938711
    0.0020459516
    0.0026121938
    0.0028123776
    0.0026175768
    0.0020543354
    0.0012010544
   0.00017707999
  -0.00087398767
   -0.0018044312
   -0.0024831750
   -0.0028142493
   -0.0027503577
   -0.0022996320
   -0.0015246080
  -0.00053355091
   0.00053466700
    0.0015300247
    0.0023124199
    0.0027713882
    0.0028416975
    0.0025126175
    0.0018295471
   0.00088775309
  -0.00018091436
   -0.0012264796
   -0.0021018875
   -0.0026836846
   -0.0028894279
   -0.0026893655
   -0.0021107350
   -0.0012340593
  -0.00018194268
   0.00089807427
    0.0018542031
    0.0025517388
    0.0028920364
    0.0028264596
    0.0023633296
    0.0015668813
   0.00054835575
  -0.00054953496
   -0.0015726029
   -0.0023768370
   -0.0028486729
   -0.0029210278
   -0.0025828358
   -0.0018807289
  -0.00091260962
   0.00018599879
    0.0012609224
    0.0021609709
    0.0027592018
    0.0029708223
    0.0027652062
    0.0021703219
    0.0012689324
   0.00018708289
  -0.00092352345
   -0.0019067962
   -0.0026241942
   -0.0029742440
   -0.0029068912
   -0.0024306551
   -0.0016115644
  -0.00056400439
   0.00056525477
    0.0016176202
    0.0024449475
    0.0029303935
    0.0030049167
    0.0026570940
    0.0019348594
   0.00093890100
  -0.00019137436
   -0.0012973526
   -0.0022234693
   -0.0028390895
   -0.0030569331
   -0.0028454466
   -0.0022333694
   -0.0013058328
  -0.00019252126
   0.00095045740
    0.0019624601
    0.0027008845
    0.0030612618
    0.0029920343
    0.0025019287
    0.0016588706
   0.00058057237
  -0.00058190030
   -0.0016652906
   -0.0025170763
   -0.0030169408
   -0.0030937659
   -0.0027357480
   -0.0019921978
  -0.00096675199
   0.00019706985
    0.0013359501
    0.0022896897
    0.0029237402
    0.0031481836
    0.0029304816
    0.0023001880
    0.0013449418
   0.00019828354
  -0.00097901130
   -0.0020214733
   -0.0027821937
   -0.0031535262
   -0.0030823169
   -0.0025775098
   -0.0017090393
  -0.00059814434
   0.00059955484
    0.0017158548
    0.0025935892
    0.0031087549
    0.0031880284
    0.0028191996
    0.0020530373
   0.00099630474
  -0.00020311579
   -0.0013769158
   -0.0023599767
   -0.0030135949
   -0.0032450503
   -0.0030207563
   -0.0023711287
   -0.0013864664
  -0.00020440205
    0.0010093333
    0.0020841449
    0.0028685497
    0.0032515243
    0.0031782165
    0.0026577985
    0.0017623360
   0.00061681208
  -0.00061831521
   -0.0017695867
   -0.0026749002
   -0.0032063331
   -0.0032882156
   -0.0029079023
   -0.0021177091
   -0.0010277200
   0.00020954606
    0.0014204753
    0.0024347178
    0.0031091502
    0.0033480698
    0.0031167723
    0.0024465869
    0.0014306389
   0.00021091196
   -0.0010415923
   -0.0021508260
   -0.0029604377
   -0.0033558082
   -0.0032802753
   -0.0027432503
   -0.0018190643
  -0.00063668302
   0.00063828726
    0.0018267926
    0.0027614750
    0.0033102363
    0.0033949054
    0.0030023701
    0.0021865902
    0.0010611840
  -0.00021639343
   -0.0014668772
   -0.0025143441
   -0.0032109598
   -0.0034578410
   -0.0032190889
   -0.0025270025
   -0.0014777159
  -0.00021784797
    0.0010759830
    0.0022219160
    0.0030584078
    0.0034670029
    0.0033891056
    0.0028343785
    0.0018795649
   0.00065787544
  -0.00065959409
   -0.0018878221
   -0.0028538424
   -0.0034211000
   -0.0035087511
   -0.0031031817
   -0.0022601021
   -0.0010968991
   0.00022370548
    0.0015164157
    0.0025993578
    0.0033196661
    0.0035750580
    0.0033283551
    0.0026128879
    0.0015280004
   0.00022525902
   -0.0011127193
   -0.0022978637
   -0.0031630823
   -0.0035858180
   -0.0035054047
   -0.0029317692
   -0.0019442290
  -0.00068052831
   0.00068237117
    0.0019530688
    0.0029526013
    0.0035396455
    0.0036304960
    0.0032109976
    0.0023387284
    0.0011351021
  -0.00023152828
   -0.0015694158
   -0.0026903199
   -0.0034359885
   -0.0037004982
   -0.0034452964
   -0.0027048131
   -0.0015818238
  -0.00023318810
    0.0011520569
    0.0023791911
    0.0032751798
    0.0037130694
    0.0036299726
    0.0030360940
    0.0020135036
   0.00070479904
  -0.00070677593
   -0.0020229859
   -0.0030584399
   -0.0036667012
   -0.0037609934
   -0.0033265757
   -0.0024230233
   -0.0011760631
   0.00023991727
    0.0016262545
    0.0027878789
    0.0035607593
    0.0038350622
    0.0035707560
    0.0028034446
    0.0016395801
   0.00024169892
   -0.0011942742
   -0.0024664829
   -0.0033955108
   -0.0038496814
   -0.0037637169
   -0.0031481148
   -0.0020878954
  -0.00073086371
   0.00073299173
    0.0020980947
    0.0031721478
    0.0038032171
    0.0039012210
    0.0034507838
    0.0025136211
    0.0012200906
  -0.00024893678
   -0.0016873639
   -0.0028927781
   -0.0036949307
   -0.0039797789
   -0.0037056943
   -0.0029095374
   -0.0017017098
  -0.00025085039
    0.0012397073
    0.0025604273
    0.0035250237
    0.0039967316
    0.0039076945
    0.0032687186
    0.0021679942
   0.00075892874
  -0.00076122918
   -0.0021789980
   -0.0032946392
   -0.0039502931
   -0.0040523114
   -0.0035846273
   -0.0026112564
   -0.0012675411
   0.00025866376
    0.0017532490
    0.0030058845
    0.0038396146
    0.0041358512
    0.0038512374
    0.0030239812
    0.0017687384
   0.00026072615
   -0.0012887307
   -0.0026618095
   -0.0036648072
   -0.0041554620
   -0.0040631265
   -0.0033989326
   -0.0022544857
  -0.00078923714
   0.00079172765
    0.0022663894
    0.0034269697
    0.0041092020
    0.0042155772
    0.0037292741
    0.0027167855
    0.0013188348
  -0.00026917811
   -0.0018244843
   -0.0031281917
   -0.0039960871
   -0.0043046608
   -0.0040086774
   -0.0031477944
   -0.0018412622
  -0.00027141054
    0.0013417910
    0.0027715506
    0.0038161334
    0.0043273201
    0.0042314337
    0.0035399494
    0.0023481631
   0.00082206511
  -0.00082477358
   -0.0023610850
   -0.0035703761
   -0.0042814320
   -0.0043925512
   -0.0038860849
   -0.0028312026
   -0.0013744539
   0.00028058479
    0.0019017549
    0.0032608757
    0.0041658562
    0.0044878385
    0.0041795395
    0.0032821800
    0.0019199881
   0.00028300799
   -0.0013994087
   -0.0028907308
   -0.0039804965
   -0.0045140089
   -0.0044142898
   -0.0036931770
   -0.0024499664
  -0.00085774650
   0.00086069408
    0.0024640345
    0.0037263045
    0.0044687269
    0.0045850312
    0.0040566580
    0.0029556771
    0.0014349677
  -0.00029300379
   -0.0019858624
   -0.0034053160
   -0.0043506917
   -0.0046872999
   -0.0043656164
   -0.0034285524
   -0.0020057473
  -0.00029564111
    0.0014621965
    0.0030206210
    0.0041596549
    0.0047175314
    0.0046136624
    0.0038602684
    0.0025609951
   0.00089666337
  -0.00089988899
   -0.0025763747
   -0.0038964788
   -0.0046731629
   -0.0047951584
   -0.0042428982
   -0.0030916059
   -0.0015010611
   0.00030656743
    0.0020777485
    0.0035631406
    0.0045526867
    0.0049053128
    0.0045690315
    0.0035885879
    0.0020995252
   0.00030945497
   -0.0015308823
   -0.0031627318
   -0.0043556990
   -0.0049402709
   -0.0048318944
   -0.0040431941
   -0.0026825636
  -0.00093927899
   0.00094282376
    0.0026994469
    0.0040829384
    0.0048971984
    0.0050254674
    0.0044470582
    0.0032406360
    0.0015735332
  -0.00032145146
   -0.0021785536
   -0.0037363082
   -0.0047743537
   -0.0051445967
   -0.0047923300
   -0.0037642949
   -0.0022025016
  -0.00032462170
    0.0016063408
    0.0033188765
    0.0045711384
    0.0051850882
    0.0050717987
    0.0042443202
    0.0028162498
   0.00098614776
  -0.00099006109
   -0.0028348682
   -0.0042881418
   -0.0051437984
   -0.0052790181
   -0.0046718614
   -0.0034047641
   -0.0016533603
   0.00033785272
    0.0022896376
    0.0039271667
    0.0050187110
    0.0054084229
    0.0050385770
    0.0039580953
    0.0023161021
   0.00034135365
   -0.0016896219
   -0.0034912377
   -0.0048089969
   -0.0054554330
   -0.0053367687
   -0.0044665026
   -0.0029639588
   -0.0010379394
    0.0010422813
    0.0029845939
    0.0045150626
    0.0054165498
    0.0055595122
    0.0049206019
    0.0035864034
    0.0017417190
  -0.00035601830
   -0.0024126592
   -0.0041385742
   -0.0052894307
   -0.0057007710
   -0.0053115008
   -0.0041729337
   -0.0024420579
  -0.00035990317
    0.0017820118
    0.0036824838
    0.0050729698
    0.0057555217
    0.0056309533
    0.0047132341
    0.0031280222
    0.0010954750
   -0.0011003146
   -0.0031510151
   -0.0047673399
   -0.0057198447
   -0.0058714851
   -0.0051973179
   -0.0037885147
   -0.0018400545
   0.00037624852
    0.0025496512
    0.0043740377
    0.0055910221
    0.0060265305
    0.0056156848
    0.0044124330
    0.0025825016
   0.00038058522
   -0.0018850893
   -0.0038958957
   -0.0053676044
   -0.0060905450
   -0.0059594623
   -0.0049888175
   -0.0033113117
   -0.0011597629
    0.0011651921
    0.0033370921
    0.0050494779
    0.0060591201
    0.0062205527
    0.0055070115
    0.0040147664
    0.0019501585
  -0.00039891595
   -0.0027031362
   -0.0046379101
   -0.0059290842
   -0.0063917752
   -0.0059568248
   -0.0046810964
   -0.0027400836
  -0.00040378784
    0.0020008247
    0.0041355661
    0.0056985744
    0.0064669820
    0.0063286761
    0.0052986281
    0.0035174166
    0.0012320644
   -0.0012382025
   -0.0035465286
   -0.0053671150
   -0.0064411860
   -0.0066137528
   -0.0058559552
   -0.0042697618
   -0.0020742809
   0.00042448745
    0.0028762826
    0.0049356634
    0.0063106600
    0.0068041496
    0.0063420946
    0.0049846004
    0.0029181497
   0.00043000659
   -0.0021316976
   -0.0044066550
   -0.0060730398
   -0.0068930156
   -0.0067466593
   -0.0056494658
   -0.0037508828
   -0.0013139821
    0.0013209712
    0.0037840104
    0.0057273924
    0.0068746734
    0.0070600107
    0.0062521064
    0.0045593414
    0.0022152731
  -0.00045356556
   -0.0030731317
   -0.0052742736
   -0.0067447298
   -0.0072734050
   -0.0067806474
   -0.0053301890
   -0.0031209670
  -0.00045986526
    0.0022808914
    0.0047157796
    0.0065001834
    0.0073791440
    0.0072237627
    0.0060500616
    0.0040175482
    0.0014075722
   -0.0014155951
   -0.0040555767
   -0.0061395173
   -0.0073707172
   -0.0075708482
   -0.0067057468
   -0.0048910603
   -0.0023768336
   0.00048691609
    0.0032988996
    0.0056627613
    0.0072429186
    0.0078121749
    0.0072843522
    0.0057272633
    0.0033540788
   0.00049417710
   -0.0024525421
   -0.0050715467
   -0.0069919582
   -0.0079390418
   -0.0077734775
   -0.0065118016
   -0.0043250286
   -0.0015155128
    0.0015248252
    0.0043691396
    0.0066155549
    0.0079439152
    0.0081613790
    0.0072303693
    0.0052748361
    0.0025638124
  -0.00052556209
   -0.0035604727
   -0.0061130331
   -0.0078205775
   -0.0084371530
   -0.0078689041
   -0.0061882656
   -0.0036248306
  -0.00053402725
    0.0026521258
    0.0054853691
    0.0075642309
    0.0085908786
    0.0084137463
    0.0070498442
    0.0046834755
    0.0016413843
   -0.0016523200
   -0.0047352505
   -0.0071716156
   -0.0086137799
   -0.0088518242
   -0.0078440440
   -0.0057239636
   -0.0027827198
   0.00057087205
    0.0038670988
    0.0066410958
    0.0084983626
    0.0091708211
    0.0085554558
    0.0067299752
    0.0039431283
   0.00058086342
   -0.0028870751
   -0.0059727287
   -0.0082385355
   -0.0093593306
   -0.0091689558
   -0.0076848073
   -0.0051067043
   -0.0017900557
    0.0018030839
    0.0051683336
    0.0078297370
    0.0094070247
    0.0096698926
    0.0085715548
    0.0062566943
    0.0030425009
  -0.00062473089
   -0.0042315154
   -0.0072690177
   -0.0093047816
    -0.010044239
   -0.0093732640
   -0.0073756268
   -0.0043227089
  -0.00063670558
    0.0031676986
    0.0065551354
    0.0090448291
     0.010278768
     0.010073113
    0.0084454771
    0.0056140295
    0.0019683476
   -0.0019841173
   -0.0056886060
   -0.0086208479
    -0.010361187
    -0.010654566
   -0.0094478101
   -0.0068987648
   -0.0033557814
   0.00068980910
    0.0046717579
    0.0080280794
     0.010280289
     0.011101537
     0.010363945
    0.0081583095
    0.0047831554
   0.00070442830
   -0.0035087465
   -0.0072633946
    -0.010026064
    -0.011398530
    -0.011175097
   -0.0093732772
   -0.0062332731
   -0.0021860840
    0.0022055604
    0.0063253505
    0.0095897946
     0.011530762
     0.011862513
     0.010523624
    0.0076876875
    0.0037409848
  -0.00077002020
   -0.0052142413
   -0.0089641542
    -0.011484296
    -0.012407614
    -0.011588791
   -0.0091268268
   -0.0053533898
  -0.00078827370
    0.0039320899
    0.0081432409
     0.011246104
     0.012792089
     0.012547807
     0.010530086
    0.0070060604
    0.0024579814
   -0.0024826443
   -0.0071226094
    -0.010804135
    -0.012997982
    -0.013379383
    -0.011875925
   -0.0086803472
   -0.0042260889
   0.00087133931
    0.0058992638
     0.010147337
     0.013007739
     0.014061985
     0.013141955
     0.010356279
    0.0060779926
   0.00089477451
   -0.0044716060
   -0.0092656278
    -0.012804211
    -0.014573861
    -0.014304985
    -0.012012636
   -0.0079975855
   -0.0028071223
    0.0028393500
    0.0081498296
     0.012370608
     0.014893033
     0.015341062
     0.013627022
    0.0099673698
    0.0048557491
   -0.0010033578
   -0.0067914987
    -0.011690352
    -0.014997183
    -0.016225403
    -0.015175870
    -0.011968530
   -0.0070294555
   -0.0010345411
    0.0051827254
     0.010746884
     0.014863504
     0.016932325
     0.016634464
     0.013981066
    0.0093160349
    0.0032718762
   -0.0033157527
   -0.0095232726
    -0.014468351
    -0.017434986
    -0.017976822
    -0.015983832
    -0.011702484
   -0.0057058914
    0.0011825212
    0.0080017254
     0.013786796
     0.017705063
     0.019175552
     0.017954635
     0.014175342
    0.0083341073
    0.0012260585
   -0.0061627868
    -0.012791862
    -0.017712138
    -0.020201505
    -0.019870212
    -0.016721034
    -0.011155007
   -0.0039210535
    0.0039842556
     0.011453466
     0.017422838
     0.021023267
     0.021706197
     0.019326367
     0.014169036
    0.0069169081
   -0.0014395607
   -0.0097367983
    -0.016799474
    -0.021606293
    -0.023436938
    -0.021979119
    -0.017379948
    -0.010233412
   -0.0015045743
    0.0075999585
     0.015798018
     0.021911585
     0.025035159
     0.024668844
     0.020796748
     0.013898589
    0.0048916061
   -0.0049903860
    -0.014365006
    -0.021893620
    -0.026471355
    -0.027388009
    -0.024436579
    -0.017953062
   -0.0087804883
    0.0018393421
     0.012432686
     0.021497021
     0.027712717
     0.030133593
     0.028329064
     0.022456778
     0.013253953
    0.0019467723
   -0.0099113049
    -0.020651212
    -0.028721322
    -0.032909593
    -0.032523272
    -0.027499861
    -0.018432009
   -0.0065006808
    0.0066763334
     0.019261439
     0.029450984
     0.035731032
     0.037099255
     0.033220864
     0.024494830
     0.012018633
   -0.0025464086
    -0.017193123
    -0.029841627
    -0.038630887
    -0.042188354
    -0.039839169
    -0.031723762
    -0.018804486
   -0.0027568610
     0.014243053
     0.029808756
     0.041672850
     0.048011217
     0.047716333
     0.040579718
     0.027354824
    0.0096872786
    -0.010082637
    -0.029222484
    -0.044976947
    -0.054955048
    -0.057482113
    -0.051866122
    -0.038537975
    -0.019040952
    0.0041355560
     0.027861747
     0.048776392
     0.063747273
     0.070321924
     0.067106174
     0.054015005
     0.032355091
    0.0047193288
    -0.025301797
    -0.053562230
    -0.075903842
    -0.088733332
    -0.089556524
    -0.077395844
    -0.053028337
    -0.019001950
     0.020585406
     0.060529431
     0.095141484
      0.11897962
      0.12760154
      0.11824494
     0.090344944
     0.045813895
    -0.010965490
    -0.073450053
     -0.13352935
     -0.18234711
     -0.21126629
     -0.21287213
     -0.18189876
     -0.11596957
    -0.016058676
      0.11338990
      0.26471167
      0.42762510
      0.59013384
      0.73963777
      0.86413773
      0.95340647
       1.0000000
       1.0000000
      0.95340647
      0.86413773
      0.73963777
      0.59013384
      0.42762510
      0.26471167
      0.11338990
    -0.016058676
     -0.11596958
     -0.18189876
     -0.21287213
     -0.21126629
     -0.18234711
     -0.13352935
    -0.073450054
    -0.010965490
     0.045813895
     0.090344944
      0.11824495
      0.12760154
      0.11897962
     0.095141485
     0.060529432
     0.020585406
    -0.019001950
    -0.053028337
    -0.077395844
    -0.089556524
    -0.088733332
    -0.075903842
    -0.053562230
    -0.025301797
    0.0047193287
     0.032355091
     0.054015005
     0.067106174
     0.070321924
     0.063747273
     0.048776392
     0.027861747
    0.0041355559
    -0.019040953
    -0.038537975
    -0.051866122
    -0.057482113
    -0.054955049
    -0.044976947
    -0.029222484
    -0.010082637
    0.0096872784
     0.027354824
     0.040579718
     0.047716333
     0.048011217
     0.041672850
     0.029808757
     0.014243053
   -0.0027568605
    -0.018804486
    -0.031723762
    -0.039839169
    -0.042188354
    -0.038630887
    -0.029841626
    -0.017193123
   -0.0025464086
     0.012018632
     0.024494830
     0.033220863
     0.037099255
     0.035731031
     0.029450984
     0.019261439
    0.0066763333
   -0.0065006809
    -0.018432009
    -0.027499861
    -0.032523272
    -0.032909593
    -0.028721322
    -0.020651212
   -0.0099113050
    0.0019467722
     0.013253953
     0.022456778
     0.028329064
     0.030133593
     0.027712716
     0.021497020
     0.012432685
    0.0018393419
   -0.0087804884
    -0.017953062
    -0.024436579
    -0.027388009
    -0.026471355
    -0.021893619
    -0.014365006
   -0.0049903855
    0.0048916065
     0.013898589
     0.020796749
     0.024668845
     0.025035159
     0.021911585
     0.015798018
    0.0075999582
   -0.0015045745
    -0.010233412
    -0.017379948
    -0.021979119
    -0.023436938
    -0.021606293
    -0.016799474
   -0.0097367980
   -0.0014395603
    0.0069169086
     0.014169037
     0.019326368
     0.021706197
     0.021023268
     0.017422838
     0.011453466
    0.0039842556
   -0.0039210537
    -0.011155008
    -0.016721035
    -0.019870212
    -0.020201506
    -0.017712139
    -0.012791863
   -0.0061627873
    0.0012260582
    0.0083341071
     0.014175342
     0.017954635
     0.019175552
     0.017705064
     0.013786796
    0.0080017256
    0.0011825213
   -0.0057058913
    -0.011702484
    -0.015983832
    -0.017976822
    -0.017434986
    -0.014468351
   -0.0095232729
   -0.0033157530
    0.0032718759
    0.0093160346
     0.013981065
     0.016634464
     0.016932324
     0.014863504
     0.010746884
    0.0051827254
   -0.0010345410
   -0.0070294553
    -0.011968530
    -0.015175870
    -0.016225403
    -0.014997183
    -0.011690351
   -0.0067914982
   -0.0010033573
    0.0048557495
    0.0099673700
     0.013627022
     0.015341062
     0.014893033
     0.012370607
    0.0081498289
    0.0028393490
   -0.0028071233
   -0.0079975866
    -0.012012637
    -0.014304986
    -0.014573862
    -0.012804211
   -0.0092656280
   -0.0044716059
   0.00089477488
    0.0060779932
     0.010356280
     0.013141956
     0.014061986
     0.013007740
     0.010147337
    0.0058992644
   0.00087133975
   -0.0042260886
   -0.0086803472
    -0.011875926
    -0.013379383
    -0.012997982
    -0.010804136
   -0.0071226098
   -0.0024826446
    0.0024579812
    0.0070060603
     0.010530086
     0.012547807
     0.012792089
     0.011246104
    0.0081432409
    0.0039320898
  -0.00078827392
   -0.0053533901
   -0.0091268272
    -0.011588792
    -0.012407614
    -0.011484296
   -0.0089641545
   -0.0052142415
  -0.00077002021
    0.0037409850
    0.0076876878
     0.010523624
     0.011862513
     0.011530763
    0.0095897953
    0.0063253512
    0.0022055609
   -0.0021860836
   -0.0062332730
   -0.0093732772
    -0.011175097
    -0.011398530
    -0.010026064
   -0.0072633951
   -0.0035087470
   0.00070442786
    0.0047831550
    0.0081583093
     0.010363945
     0.011101537
     0.010280289
    0.0080280797
    0.0046717582
   0.00068980935
   -0.0033557812
   -0.0068987647
   -0.0094478101
    -0.010654566
    -0.010361187
   -0.0086208482
   -0.0056886064
   -0.0019841177
    0.0019683473
    0.0056140292
    0.0084454769
     0.010073113
     0.010278768
    0.0090448293
    0.0065551358
    0.0031676991
  -0.00063670511
   -0.0043227084
   -0.0073756264
   -0.0093732636
    -0.010044239
   -0.0093047814
   -0.0072690177
   -0.0042315155
  -0.00062473108
    0.0030425007
    0.0062566940
    0.0085715545
    0.0096698922
    0.0094070243
    0.0078297367
    0.0051683333
    0.0018030836
   -0.0017900559
   -0.0051067044
   -0.0076848073
   -0.0091689557
   -0.0093593304
   -0.0082385352
   -0.0059727283
   -0.0028870747
   0.00058086394
    0.0039431288
    0.0067299757
    0.0085554563
    0.0091708216
    0.0084983630
    0.0066410960
    0.0038670988
   0.00057087187
   -0.0027827202
   -0.0057239641
   -0.0078440446
   -0.0088518249
   -0.0086137806
   -0.0071716162
   -0.0047352510
   -0.0016523203
    0.0016413842
    0.0046834756
    0.0070498445
    0.0084137468
    0.0085908793
    0.0075642316
    0.0054853698
    0.0026521265
  -0.00053402673
   -0.0036248303
   -0.0061882655
   -0.0078689042
   -0.0084371534
   -0.0078205780
   -0.0061130337
   -0.0035604734
  -0.00052556272
    0.0025638118
    0.0052748357
    0.0072303691
    0.0081613790
    0.0079439155
    0.0066155553
    0.0043691402
    0.0015248259
   -0.0015155121
   -0.0043250280
   -0.0065118010
   -0.0077734771
   -0.0079390416
   -0.0069919582
   -0.0050715469
   -0.0024525424
   0.00049417669
    0.0033540784
    0.0057272629
    0.0072843518
    0.0078121745
    0.0072429184
    0.0056627611
    0.0032988995
   0.00048691606
   -0.0023768336
   -0.0048910604
   -0.0067057469
   -0.0075708483
   -0.0073707174
   -0.0061395175
   -0.0040555770
   -0.0014155954
    0.0014075719
    0.0040175480
    0.0060500615
    0.0072237627
    0.0073791441
    0.0065001837
    0.0047157801
    0.0022808919
  -0.00045986468
   -0.0031209664
   -0.0053301885
   -0.0067806470
   -0.0072734048
   -0.0067447298
   -0.0052742738
   -0.0030731321
  -0.00045356603
    0.0022152725
    0.0045593407
    0.0062521058
    0.0070600101
    0.0068746730
    0.0057273921
    0.0037840103
    0.0013209713
   -0.0013139819
   -0.0037508824
   -0.0056494653
   -0.0067466588
   -0.0068930151
   -0.0060730394
   -0.0044066547
   -0.0021316973
   0.00043000676
    0.0029181497
    0.0049846004
    0.0063420946
    0.0068041496
    0.0063106600
    0.0049356635
    0.0028762827
   0.00042448762
   -0.0020742806
   -0.0042697616
   -0.0058559550
   -0.0066137527
   -0.0064411859
   -0.0053671150
   -0.0035465287
   -0.0012382028
    0.0012320640
    0.0035174161
    0.0052986275
    0.0063286755
    0.0064669814
    0.0056985739
    0.0041355658
    0.0020008245
  -0.00040378786
   -0.0027400835
   -0.0046810960
   -0.0059568243
   -0.0063917745
   -0.0059290835
   -0.0046379094
   -0.0027031355
  -0.00039891536
    0.0019501590
    0.0040147667
    0.0055070116
    0.0062205526
    0.0060591199
    0.0050494775
    0.0033370916
    0.0011651916
   -0.0011597634
   -0.0033113122
   -0.0049888179
   -0.0059594627
   -0.0060905452
   -0.0053676045
   -0.0038958956
   -0.0018850891
   0.00038058548
    0.0025825019
    0.0044124333
    0.0056156852
    0.0060265308
    0.0055910222
    0.0043740377
    0.0025496511
   0.00037624833
   -0.0018400548
   -0.0037885151
   -0.0051973183
   -0.0058714856
   -0.0057198452
   -0.0047673403
   -0.0031510154
   -0.0011003148
    0.0010954750
    0.0031280223
    0.0047132344
    0.0056309537
    0.0057555221
    0.0050729703
    0.0036824843
    0.0017820123
  -0.00035990277
   -0.0024420576
   -0.0041729335
   -0.0053115008
   -0.0057007711
   -0.0052894309
   -0.0041385745
   -0.0024126595
  -0.00035601870
    0.0017417186
    0.0035864031
    0.0049206015
    0.0055595120
    0.0054165497
    0.0045150625
    0.0029845939
    0.0010422814
   -0.0010379392
   -0.0029639586
   -0.0044665025
   -0.0053367686
   -0.0054554329
   -0.0048089968
   -0.0034912376
   -0.0016896218
   0.00034135367
    0.0023161021
    0.0039580953
    0.0050385770
    0.0054084229
    0.0050187109
    0.0039271667
    0.0022896376
   0.00033785273
   -0.0016533603
   -0.0034047641
   -0.0046718614
   -0.0052790181
   -0.0051437984
   -0.0042881418
   -0.0028348683
  -0.00099006118
   0.00098614766
    0.0028162497
    0.0042443201
    0.0050717986
    0.0051850881
    0.0045711384
    0.0033188765
    0.0016063408
  -0.00032462166
   -0.0022025015
   -0.0037642948
   -0.0047923299
   -0.0051445965
   -0.0047743536
   -0.0037363081
   -0.0021785535
  -0.00032145133
    0.0015735333
    0.0032406361
    0.0044470582
    0.0050254673
    0.0048971983
    0.0040829382
    0.0026994467
   0.00094282349
  -0.00093927928
   -0.0026825639
   -0.0040431944
   -0.0048318947
   -0.0049402710
   -0.0043556991
   -0.0031627317
   -0.0015308821
   0.00030945530
    0.0020995256
    0.0035885884
    0.0045690321
    0.0049053134
    0.0045526872
    0.0035631410
    0.0020777488
   0.00030656753
   -0.0015010612
   -0.0030916061
   -0.0042428986
   -0.0047951589
   -0.0046731635
   -0.0038964795
   -0.0025763753
  -0.00089988949
   0.00089666303
    0.0025609949
    0.0038602684
    0.0046136627
    0.0047175319
    0.0041596555
    0.0030206218
    0.0014621972
  -0.00029564037
   -0.0020057467
   -0.0034285519
   -0.0043656161
   -0.0046872999
   -0.0043506919
   -0.0034053164
   -0.0019858630
  -0.00029300442
    0.0014349670
    0.0029556765
    0.0040566574
    0.0045850308
    0.0044687266
    0.0037263044
    0.0024640345
   0.00086069430
  -0.00085774618
   -0.0024499660
   -0.0036931766
   -0.0044142894
   -0.0045140086
   -0.0039804964
   -0.0028907308
   -0.0013994088
   0.00028300781
    0.0019199879
    0.0032821798
    0.0041795393
    0.0044878384
    0.0041658562
    0.0032608758
    0.0019017551
   0.00028058514
   -0.0013744535
   -0.0028312021
   -0.0038860844
   -0.0043925507
   -0.0042814317
   -0.0035703759
   -0.0023610849
  -0.00082477367
   0.00082206488
    0.0023481627
    0.0035399489
    0.0042314332
    0.0043273196
    0.0038161329
    0.0027715502
    0.0013417906
  -0.00027141075
   -0.0018412623
   -0.0031477944
   -0.0040086773
   -0.0043046606
   -0.0039960869
   -0.0031281915
   -0.0018244841
  -0.00026917793
    0.0013188349
    0.0027167856
    0.0037292742
    0.0042155773
    0.0041092020
    0.0034269698
    0.0022663895
   0.00079172780
  -0.00078923695
   -0.0022544855
   -0.0033989323
   -0.0040631263
   -0.0041554618
   -0.0036648071
   -0.0026618095
   -0.0012887308
   0.00026072586
    0.0017687380
    0.0030239807
    0.0038512369
    0.0041358507
    0.0038396141
    0.0030058841
    0.0017532487
   0.00025866367
   -0.0012675410
   -0.0026112561
   -0.0035846269
   -0.0040523108
   -0.0039502924
   -0.0032946385
   -0.0021789974
  -0.00076122871
   0.00075892902
    0.0021679943
    0.0032687184
    0.0039076940
    0.0039967309
    0.0035250228
    0.0025604263
    0.0012397063
  -0.00025085132
   -0.0017017106
   -0.0029095379
   -0.0037056946
   -0.0039797788
   -0.0036949304
   -0.0028927774
   -0.0016873630
  -0.00024893571
    0.0012200918
    0.0025136223
    0.0034507848
    0.0039012218
    0.0038032177
    0.0031721480
    0.0020980946
   0.00073299133
  -0.00073086439
   -0.0020878963
   -0.0031481159
   -0.0037637179
   -0.0038496824
   -0.0033955117
   -0.0024664835
   -0.0011942746
   0.00024169884
    0.0016395803
    0.0028034450
    0.0035707566
    0.0038350629
    0.0035607601
    0.0027878797
    0.0016262551
   0.00023991774
   -0.0011760628
   -0.0024230232
   -0.0033265759
   -0.0037609938
   -0.0036667017
   -0.0030584405
   -0.0020229865
  -0.00070677647
   0.00070479862
    0.0020135034
    0.0030360939
    0.0036299727
    0.0037130697
    0.0032751802
    0.0023791916
    0.0011520574
  -0.00023318763
   -0.0015818234
   -0.0027048129
   -0.0034452963
   -0.0037004982
   -0.0034359887
   -0.0026903202
   -0.0015694163
  -0.00023152878
    0.0011351016
    0.0023387279
    0.0032109972
    0.0036304957
    0.0035396452
    0.0029526012
    0.0019530687
   0.00068237124
  -0.00068052819
   -0.0019442288
   -0.0029317691
   -0.0035054045
   -0.0035858178
   -0.0031630822
   -0.0022978635
   -0.0011127192
   0.00022525914
    0.0015280005
    0.0026128881
    0.0033283553
    0.0035750583
    0.0033196664
    0.0025993581
    0.0015164160
   0.00022370577
   -0.0010968989
   -0.0022601019
   -0.0031031816
   -0.0035087512
   -0.0034211002
   -0.0028538427
   -0.0018878224
  -0.00065959447
   0.00065787505
    0.0018795645
    0.0028343782
    0.0033891054
    0.0034670028
    0.0030584078
    0.0022219161
    0.0010759832
  -0.00021784764
   -0.0014777156
   -0.0025270021
   -0.0032190885
   -0.0034578407
   -0.0032109595
   -0.0025143439
   -0.0014668771
  -0.00021639345
    0.0010611839
    0.0021865901
    0.0030023700
    0.0033949053
    0.0033102362
    0.0027614749
    0.0018267926
   0.00063828729
  -0.00063668293
   -0.0018190642
   -0.0027432502
   -0.0032802751
   -0.0033558080
   -0.0029604375
   -0.0021508259
   -0.0010415922
   0.00021091193
    0.0014306388
    0.0024465867
    0.0031167721
    0.0033480695
    0.0031091499
    0.0024347176
    0.0014204751
   0.00020954594
   -0.0010277201
   -0.0021177091
   -0.0029079022
   -0.0032882154
   -0.0032063329
   -0.0026748999
   -0.0017695864
  -0.00061831493
   0.00061681231
    0.0017623362
    0.0026577985
    0.0031782165
    0.0032515241
    0.0028685494
    0.0020841445
    0.0010093328
  -0.00020440263
   -0.0013864670
   -0.0023711293
   -0.0030207569
   -0.0032450508
   -0.0030135953
   -0.0023599769
   -0.0013769158
  -0.00020311566
   0.00099630502
    0.0020530377
    0.0028192001
    0.0031880290
    0.0031087554
    0.0025935897
    0.0017158552
   0.00059955517
  -0.00059814413
   -0.0017090392
   -0.0025775098
   -0.0030823170
   -0.0031535264
   -0.0027821939
   -0.0020214733
  -0.00097901130
   0.00019828365
    0.0013449420
    0.0023001883
    0.0029304820
    0.0031481841
    0.0029237408
    0.0022896903
    0.0013359506
   0.00019707014
  -0.00096675187
   -0.0019921979
   -0.0027357483
   -0.0030937664
   -0.0030169414
   -0.0025170769
   -0.0016652912
  -0.00058190092
   0.00058057188
    0.0016588703
    0.0025019286
    0.0029920344
    0.0030612621
    0.0027008849
    0.0019624606
   0.00095045802
  -0.00019252067
   -0.0013058323
   -0.0022333691
   -0.0028454465
   -0.0030569332
   -0.0028390898
   -0.0022234698
   -0.0012973532
  -0.00019137512
   0.00093890022
    0.0019348587
    0.0026570934
    0.0030049162
    0.0029303932
    0.0024449474
    0.0016176203
   0.00056525496
  -0.00056400413
   -0.0016115641
   -0.0024306549
   -0.0029068911
   -0.0029742440
   -0.0026241943
   -0.0019067965
  -0.00092352380
   0.00018708247
    0.0012689320
    0.0021703215
    0.0027652059
    0.0029708221
    0.0027592018
    0.0021609710
    0.0012609226
   0.00018599915
  -0.00091260919
   -0.0018807284
   -0.0025828354
   -0.0029210274
   -0.0028486726
   -0.0023768369
   -0.0015726030
  -0.00054953519
   0.00054835540
    0.0015668809
    0.0023633292
    0.0028264592
    0.0028920361
    0.0025517386
    0.0018542030
   0.00089807437
  -0.00018194244
   -0.0012340589
   -0.0021107345
   -0.0026893650
   -0.0028894275
   -0.0026836842
   -0.0021018872
   -0.0012264794
  -0.00018091426
   0.00088775309
    0.0018295470
    0.0025126174
    0.0028416973
    0.0027713880
    0.0023124197
    0.0015300246
   0.00053466694
  -0.00053355091
   -0.0015246080
   -0.0022996319
   -0.0027503576
   -0.0028142492
   -0.0024831749
   -0.0018044311
  -0.00087398765
   0.00017707998
    0.0012010544
    0.0020543354
    0.0026175768
    0.0028123777
    0.0026121939
    0.0020459518
    0.0011938713
   0.00017610321
  -0.00086421209
   -0.0017810747
   -0.0024461138
   -0.0027665599
   -0.0026981839
   -0.0022514000
   -0.0014896889
  -0.00052057994
   0.00051952696
    0.0014845583
    0.0022392805
    0.0026782490
    0.0027405396
    0.0024182019
    0.0017572638
   0.00085116153
  -0.00017246851
   -0.0011697674
   -0.0020008702
   -0.0025495200
   -0.0027393290
   -0.0025444125
   -0.0019929153
   -0.0011629511
  -0.00017154022
   0.00084188873
    0.0017351062
    0.0023830419
    0.0026952959
    0.0026287504
    0.0021935211
    0.0014514288
   0.00050721991
  -0.00050621754
   -0.0014465552
   -0.0021820122
   -0.0026098218
   -0.0026705900
   -0.0023565402
   -0.0017124982
  -0.00082949671
   0.00016809109
    0.0011400683
    0.0019501161
    0.0024849109
    0.0026699775
    0.0024800582
    0.0019425577
    0.0011335913
   0.00016720760
  -0.00082068891
   -0.0016914493
   -0.0023231383
   -0.0026276078
   -0.0025627967
   -0.0021385388
   -0.0014150798
  -0.00049452339
   0.00049357793
    0.0014104537
    0.0021276039
    0.0025448068
    0.0026041242
    0.0022979456
    0.0016699563
   0.00080890591
  -0.00016393280
   -0.0011118431
   -0.0019018767
   -0.0024234993
   -0.0026040543
   -0.0024188820
   -0.0018946846
   -0.0011056787
  -0.00016308860
   0.00080053168
    0.0016499379
    0.0022661762
    0.0025632410
    0.0025000770
    0.0020862516
    0.0013805133
   0.00048245320
  -0.00048154833
   -0.0013761053
   -0.0020758389
   -0.0024829495
   -0.0025408848
   -0.0022421940
   -0.0016294778
  -0.00078931466
   0.00015997237
    0.0010849782
    0.0018559626
    0.0023650463
    0.0025413048
    0.0023606487
    0.0018491129
    0.0010791073
   0.00015916843
  -0.00078133887
   -0.0016104119
   -0.0022119363
   -0.0025019471
   -0.0024403482
   -0.0020364543
   -0.0013475894
  -0.00047095260
   0.00047009621
    0.0013433943
    0.0020265363
    0.0024240304
    0.0024806455
    0.0021890839
    0.0015909148
   0.00077064888
  -0.00015620033
   -0.0010593828
   -0.0018122150
   -0.0023093482
   -0.0024815097
   -0.0023051543
   -0.0018056822
   -0.0010537828
  -0.00015543150
   0.00076304614
    0.0015727372
    0.0021602343
    0.0024435186
    0.0023834092
    0.0019889812
    0.0013162015
   0.00045998945
  -0.00045917452
   -0.0013122010
   -0.0019795204
   -0.0023678422
   -0.0024231961
   -0.0021384316
   -0.0015541350
  -0.00075284576
   0.00015260179
    0.0010349668
    0.0017704820
    0.0022562130
    0.0024244636
    0.0022522090
    0.0017642447
    0.0010296196
   0.00015186590
  -0.00074559051
   -0.0015367852
   -0.0021108944
   -0.0023877571
   -0.0023290671
   -0.0019436714
   -0.0012862429
  -0.00044952548
   0.00044874854
    0.0012824234
    0.0019346367
    0.0023142001
    0.0023683479
    0.0020900711
    0.0015190183
   0.00073584777
  -0.00014916408
   -0.0010116497
   -0.0017306266
   -0.0022054669
   -0.0023699806
   -0.0022016407
   -0.0017246663
   -0.0010065398
  -0.00014846081
   0.00072891472
    0.0015024389
    0.0020637565
    0.0023344822
    0.0022771461
    0.0019003784
    0.0012576163
   0.00043952577
  -0.00043878641
   -0.0012539678
   -0.0018917434
   -0.0022629344
   -0.0023159271
   -0.0020438486
   -0.0014854523
  -0.00071959904
   0.00014587931
   0.00098936158
    0.0016925276
    0.0021569547
    0.0023178935
    0.0021532942
    0.0016868254
   0.00098447258
   0.00014520528
  -0.00071296857
   -0.0014695946
   -0.0020186783
   -0.0022835333
   -0.0022274903
   -0.0018589730
   -0.0012302373
  -0.00042996257
   0.00042925552
    0.0012267459
    0.0018507090
    0.0022138888
    0.0022657745
    0.0019996242
    0.0014533356
   0.00070405030
  -0.00014273805
  -0.00096803609
   -0.0016560713
   -0.0021105318
   -0.0022680475
   -0.0021070258
   -0.0016506093
  -0.00096335178
  -0.00014208882
   0.00069770595
    0.0014381562
    0.0019755279
    0.0022347612
    0.0021799538
    0.0018193327
    0.0012040238
   0.00042080468
  -0.00042013257
   -0.0012006843
   -0.0018114211
   -0.0021669287
   -0.0022177530
   -0.0019572783
   -0.0014225834
  -0.00068916433
   0.00013972453
   0.00094760636
    0.0016211489
    0.0020660622
    0.0022202981
    0.0020627025
    0.0016159148
   0.00094311790
   0.00013910338
  -0.00068308290
   -0.0014080347
   -0.0019341838
   -0.0021880294
   -0.0021344051
   -0.0017813497
   -0.0011789067
  -0.00041203232
   0.00041138503
    0.0011757020
    0.0017737610
    0.0021219136
    0.0021717189
    0.0019166828
    0.0013931001
   0.00067488960
  -0.00013684022
  -0.00092802499
   -0.0015876720
   -0.0020234302
   -0.0021745194
   -0.0020202064
   -0.0015826492
  -0.00092371654
  -0.00013624067
   0.00066906035
    0.0013791490
    0.0018945343
    0.0021432111
    0.0020907193
    0.0017449179
    0.0011548134
   0.00040361478
  -0.00040299827
   -0.0011517424
   -0.0017376395
   -0.0020787352
   -0.0021275613
   -0.0018777412
   -0.0013648177
  -0.00066119739
   0.00013407003
   0.00090923458
    0.0015555484
    0.0019825214
    0.0021305900
    0.0019794261
    0.0015507259
   0.00090509764
   0.00013349360
  -0.00065560205
   -0.0013514251
   -0.0018564788
   -0.0021001937
   -0.0020487882
   -0.0017099496
   -0.0011316887
  -0.00039553844
   0.00039494213
    0.0011287351
    0.0017029552
    0.0020372747
    0.0020851598
    0.0018403471
    0.0013376582
   0.00064804795
  -0.00013141061
  -0.00089118995
   -0.0015246981
   -0.0019432322
   -0.0020883982
   -0.0019402571
   -0.0015200623
  -0.00088721188
  -0.00013085281
   0.00064267630
    0.0013247951
    0.0018199223
    0.0020588687
    0.0020085047
    0.0016763530
    0.0011094692
   0.00038777562
  -0.00038720542
   -0.0011066328
   -0.0016696320
   -0.0019974388
   -0.0020444178
   -0.0018044150
   -0.0013115595
  -0.00063541133
   0.00012885552
   0.00087384925
    0.0014950499
    0.0019054728
    0.0020478480
    0.0019026112
    0.0014905907
   0.00087002185
   0.00012831651
  -0.00063024895
   -0.0012991935
   -0.0017847777
   -0.0020191391
   -0.0019697757
   -0.0016440526
   -0.0010881068
  -0.00038031309
   0.00037976477
    0.0010853786
    0.0016375875
    0.0019591312
    0.0020052384
    0.0017698608
    0.0012864619
   0.00062326086
  -0.00012639479
  -0.00085716723
   -0.0014665296
   -0.0018691499
   -0.0020088400
   -0.0018663964
   -0.0014622389
  -0.00085348480
  -0.00012587698
   0.00061829202
    0.0012745608
    0.0017509623
    0.0019809110
    0.0019325091
    0.0016129705
    0.0010675489
   0.00037313014
  -0.00037260630
   -0.0010649263
   -0.0016067500
   -0.0019222645
   -0.0019675308
   -0.0017366028
   -0.0012623038
  -0.00061156287
   0.00012403004
   0.00084111403
    0.0014390807
    0.0018341892
    0.0019712930
    0.0018315365
    0.0014349468
   0.00083756503
   0.00012352798
  -0.00060678161
   -0.0012508469
   -0.0017184070
   -0.0019441064
   -0.0018966295
   -0.0015830447
   -0.0010477561
  -0.00036621566
   0.00036571118
    0.0010452297
    0.0015770525
    0.0018867605
    0.0019312169
    0.0017045740
    0.0012390394
   0.00060029937
  -0.00012174844
  -0.00082564731
   -0.0014126368
   -0.0018005090
   -0.0019351210
   -0.0017979528
   -0.0014086534
  -0.00082222766
  -0.00012126519
   0.00059569107
    0.0012279977
    0.0016870382
    0.0019086421
    0.0018620552
    0.0015542065
    0.0010286812
   0.00035955044
  -0.00035906860
   -0.0010262501
   -0.0015484338
   -0.0018525448
   -0.0018962192
   -0.0016737049
   -0.0012166162
  -0.00058944225
   0.00011955041
   0.00081074030
    0.0013871483
    0.0017680442
    0.0019002532
    0.0017655788
    0.0013833060
   0.00080744128
   0.00011908275
  -0.00058500016
   -0.0012059702
   -0.0016567963
   -0.0018744511
   -0.0018287218
   -0.0015264033
   -0.0010102918
  -0.00035312698
   0.00035265939
    0.0010079437
    0.0015208315
    0.0018195441
    0.0018624634
    0.0016439300
    0.0011949861
   0.00057896690
  -0.00011743427
  -0.00079636586
   -0.0013625670
   -0.0017367330
   -0.0018666229
   -0.0017343529
   -0.0013588573
  -0.00079317963
  -0.00011697946
   0.00057468454
    0.0011847176
    0.0016276184
    0.0018414624
    0.0017965597
    0.0014995761
   0.00099254685
   0.00034692721
  -0.00034647717
  -0.00099028164
   -0.0014941993
   -0.0017877022
   -0.0018298926
   -0.0016152005
   -0.0011741167
  -0.00056886250
   0.00011538653
   0.00078248711
    0.0013388367
    0.0017065068
    0.0018341581
    0.0017042087
    0.0013352548
   0.00077941058
   0.00011494733
  -0.00056472771
   -0.0011642019
   -0.0015994507
   -0.0018096149
   -0.0017655093
   -0.0014736756
  -0.00097541452
  -0.00034094163
   0.00034050744
   0.00097322700
    0.0014684824
    0.0017569539
    0.0017984392
    0.0015874553
    0.0011539606
   0.00055910140
  -0.00011341261
  -0.00076908766
   -0.0013159229
   -0.0016773189
   -0.0018028073
   -0.0016750985
   -0.0013124621
  -0.00076611512
  -0.00011298804
   0.00055510687
    0.0011443818
    0.0015722390
    0.0017788481
    0.0017355123
    0.0014486533
   0.00095886269
   0.00033515846
  -0.00033474034
  -0.00095675012
   -0.0014436360
   -0.0017272457
   -0.0017680493
   -0.0015606479
   -0.0011344859
  -0.00054967097
   0.00011150336
   0.00075613730
    0.0012937777
    0.0016491098
    0.0017725074
    0.0016469630
    0.0012904314
   0.00075326266
   0.00011109164
  -0.00054581086
   -0.0011252275
   -0.0015459395
   -0.0017491115
   -0.0017065186
   -0.0014244671
  -0.00094286349
  -0.00032956822
   1.8895681e-08
