     0.013768939
     0.013113027
     0.012456002
     0.011797873
     0.011138651
     0.010478344
    0.0098169641
    0.0091545198
    0.0084910215
    0.0078264790
    0.0071609025
    0.0064943020
    0.0058266875
    0.0051580692
    0.0044884571
    0.0038178614
    0.0031462923
    0.0024737601
    0.0018002749
    0.0011258471
   0.00045048693
  -0.00022579528
  -0.00090298916
   -0.0015810843
   -0.0022600704
   -0.0029399368
   -0.0036206733
   -0.0043022692
   -0.0049847140
   -0.0056679972
   -0.0063521083
   -0.0070370365
   -0.0077227714
   -0.0084093021
   -0.0090966181
   -0.0097847086
    -0.010473563
    -0.011163170
    -0.011853520
    -0.012544601
    -0.013236402
    -0.013928914
    -0.014622124
    -0.015316022
    -0.016010596
    -0.016705837
    -0.017401733
    -0.018098273
    -0.018795446
    -0.019493241
    -0.020191646
    -0.020890651
    -0.021590245
    -0.022290416
    -0.022991153
    -0.023692445
    -0.024394281
    -0.025096649
    -0.025799538
    -0.026502937
    -0.027206835
    -0.027911220
    -0.028616081
    -0.029321406
    -0.030027185
    -0.030733404
    -0.031440054
    -0.032147123
    -0.032854598
    -0.033562469
    -0.034270725
    -0.034979352
    -0.035688341
    -0.036397679
    -0.037107354
    -0.037817355
    -0.038527671
    -0.039238289
    -0.039949198
    -0.040660387
    -0.041371842
    -0.042083553
    -0.042795508
    -0.043507695
    -0.044220102
    -0.044932718
    -0.045645529
    -0.046358526
    -0.047071695
    -0.047785024
    -0.048498503
    -0.049212118
    -0.049925858
    -0.050639710
    -0.051353664
    -0.052067706
    -0.052781825
    -0.053496008
    -0.054210244
    -0.054924520
    -0.055638825
    -0.056353145
    -0.057067470
    -0.057781786
    -0.058496082
    -0.059210346
    -0.059924564
    -0.060638725
    -0.061352818
    -0.062066828
    -0.062780745
    -0.063494555
    -0.064208247
    -0.064921808
    -0.065635226
    -0.066348488
    -0.067061583
    -0.067774497
    -0.068487218
    -0.069199734
    -0.069912033
    -0.070624102
    -0.071335928
    -0.072047499
    -0.072758803
    -0.073469827
    -0.074180559
    -0.074890986
    -0.075601095
    -0.076310874
    -0.077020311
    -0.077729393
    -0.078438107
    -0.079146440
    -0.079854381
    -0.080561916
    -0.081269033
    -0.081975720
    -0.082681962
    -0.083387749
    -0.084093067
    -0.084797904
    -0.085502246
    -0.086206082
    -0.086909398
    -0.087612182
    -0.088314421
    -0.089016103
    -0.089717214
    -0.090417742
    -0.091117673
    -0.091816997
    -0.092515698
    -0.093213766
    -0.093911186
    -0.094607947
    -0.095304034
    -0.095999437
    -0.096694141
    -0.097388134
    -0.098081403
    -0.098773935
    -0.099465718
     -0.10015674
     -0.10084698
     -0.10153644
     -0.10222509
     -0.10291294
     -0.10359995
     -0.10428613
     -0.10497145
     -0.10565591
     -0.10633948
     -0.10702217
     -0.10770395
     -0.10838482
     -0.10906475
     -0.10974375
     -0.11042178
     -0.11109885
     -0.11177494
     -0.11245003
     -0.11312411
     -0.11379718
     -0.11446921
     -0.11514019
     -0.11581011
     -0.11647896
     -0.11714673
     -0.11781340
     -0.11847895
     -0.11914339
     -0.11980668
     -0.12046883
     -0.12112981
     -0.12178961
     -0.12244823
     -0.12310565
     -0.12376185
     -0.12441682
     -0.12507055
     -0.12572303
     -0.12637424
     -0.12702417
     -0.12767281
     -0.12832015
     -0.12896616
     -0.12961084
     -0.13025418
     -0.13089617
     -0.13153678
     -0.13217601
     -0.13281384
     -0.13345026
     -0.13408526
     -0.13471883
     -0.13535095
     -0.13598161
     -0.13661079
     -0.13723849
     -0.13786469
     -0.13848937
     -0.13911253
     -0.13973416
     -0.14035423
     -0.14097273
     -0.14158967
     -0.14220501
     -0.14281874
     -0.14343087
     -0.14404136
     -0.14465022
     -0.14525742
     -0.14586295
     -0.14646680
     -0.14706896
     -0.14766942
     -0.14826816
     -0.14886516
     -0.14946043
     -0.15005393
     -0.15064567
     -0.15123563
     -0.15182379
     -0.15241014
     -0.15299468
     -0.15357738
     -0.15415823
     -0.15473723
     -0.15531436
     -0.15588960
     -0.15646294
     -0.15703438
     -0.15760389
     -0.15817148
     -0.15873711
     -0.15930078
     -0.15986248
     -0.16042220
     -0.16097992
     -0.16153563
     -0.16208932
     -0.16264097
     -0.16319057
     -0.16373812
     -0.16428359
     -0.16482697
     -0.16536826
     -0.16590744
     -0.16644449
     -0.16697941
     -0.16751219
     -0.16804280
     -0.16857124
     -0.16909749
     -0.16962155
     -0.17014340
     -0.17066303
     -0.17118042
     -0.17169556
     -0.17220845
     -0.17271907
     -0.17322740
     -0.17373344
     -0.17423717
     -0.17473857
     -0.17523765
     -0.17573438
     -0.17622876
     -0.17672076
     -0.17721039
     -0.17769762
     -0.17818245
     -0.17866486
     -0.17914484
     -0.17962237
     -0.18009746
     -0.18057008
     -0.18104022
     -0.18150787
     -0.18197302
     -0.18243566
     -0.18289577
     -0.18335335
     -0.18380837
     -0.18426084
     -0.18471073
     -0.18515804
     -0.18560275
     -0.18604486
     -0.18648434
     -0.18692119
     -0.18735540
     -0.18778695
     -0.18821584
     -0.18864205
     -0.18906557
     -0.18948638
     -0.18990449
     -0.19031987
     -0.19073251
     -0.19114241
     -0.19154954
     -0.19195391
     -0.19235549
     -0.19275428
     -0.19315026
     -0.19354343
     -0.19393377
     -0.19432127
     -0.19470593
     -0.19508772
     -0.19546663
     -0.19584267
     -0.19621580
     -0.19658604
     -0.19695335
     -0.19731774
     -0.19767918
     -0.19803768
     -0.19839321
     -0.19874577
     -0.19909535
     -0.19944193
     -0.19978550
     -0.20012606
     -0.20046360
     -0.20079809
     -0.20112953
     -0.20145792
     -0.20178323
     -0.20210546
     -0.20242460
     -0.20274064
     -0.20305357
     -0.20336337
     -0.20367003
     -0.20397355
     -0.20427391
     -0.20457111
     -0.20486513
     -0.20515597
     -0.20544360
     -0.20572803
     -0.20600924
     -0.20628722
     -0.20656196
     -0.20683346
     -0.20710169
     -0.20736665
     -0.20762834
     -0.20788673
     -0.20814183
     -0.20839361
     -0.20864207
     -0.20888721
     -0.20912900
     -0.20936744
     -0.20960253
     -0.20983424
     -0.21006257
     -0.21028752
     -0.21050906
     -0.21072720
     -0.21094192
     -0.21115321
     -0.21136106
     -0.21156546
     -0.21176641
     -0.21196389
     -0.21215789
     -0.21234841
     -0.21253543
     -0.21271895
     -0.21289895
     -0.21307543
     -0.21324838
     -0.21341778
     -0.21358364
     -0.21374594
     -0.21390466
     -0.21405981
     -0.21421137
     -0.21435933
     -0.21450369
     -0.21464443
     -0.21478155
     -0.21491504
     -0.21504489
     -0.21517109
     -0.21529363
     -0.21541250
     -0.21552769
     -0.21563920
     -0.21574702
     -0.21585113
     -0.21595154
     -0.21604822
     -0.21614118
     -0.21623040
     -0.21631588
     -0.21639761
     -0.21647557
     -0.21654977
     -0.21662019
     -0.21668682
     -0.21674966
     -0.21680869
     -0.21686392
     -0.21691533
     -0.21696292
     -0.21700666
     -0.21704657
     -0.21708263
     -0.21711483
     -0.21714317
     -0.21716763
     -0.21718821
     -0.21720491
     -0.21721771
     -0.21722660
     -0.21723159
     -0.21723265
     -0.21722979
     -0.21722300
     -0.21721227
     -0.21719758
     -0.21717895
     -0.21715635
     -0.21712978
     -0.21709924
     -0.21706471
     -0.21702619
     -0.21698367
     -0.21693715
     -0.21688662
     -0.21683206
     -0.21677349
     -0.21671088
     -0.21664423
     -0.21657353
     -0.21649879
     -0.21641998
     -0.21633711
     -0.21625017
     -0.21615915
     -0.21606405
     -0.21596485
     -0.21586156
     -0.21575416
     -0.21564265
     -0.21552703
     -0.21540728
     -0.21528341
     -0.21515540
     -0.21502325
     -0.21488696
     -0.21474651
     -0.21460191
     -0.21445314
     -0.21430020
     -0.21414308
     -0.21398179
     -0.21381631
     -0.21364663
     -0.21347276
     -0.21329468
     -0.21311240
     -0.21292590
     -0.21273518
     -0.21254024
     -0.21234107
     -0.21213766
     -0.21193001
     -0.21171812
     -0.21150198
     -0.21128158
     -0.21105692
     -0.21082800
     -0.21059480
     -0.21035733
     -0.21011558
     -0.20986955
     -0.20961923
     -0.20936461
     -0.20910570
     -0.20884248
     -0.20857496
     -0.20830313
     -0.20802698
     -0.20774650
     -0.20746171
     -0.20717259
     -0.20687913
     -0.20658134
     -0.20627921
     -0.20597273
     -0.20566190
     -0.20534672
     -0.20502719
     -0.20470329
     -0.20437503
     -0.20404240
     -0.20370540
     -0.20336403
     -0.20301828
     -0.20266814
     -0.20231363
     -0.20195472
     -0.20159142
     -0.20122372
     -0.20085163
     -0.20047514
     -0.20009424
     -0.19970893
     -0.19931921
     -0.19892508
     -0.19852654
     -0.19812357
     -0.19771618
     -0.19730437
     -0.19688812
     -0.19646745
     -0.19604235
     -0.19561281
     -0.19517883
     -0.19474041
     -0.19429755
     -0.19385025
     -0.19339850
     -0.19294229
     -0.19248164
     -0.19201653
     -0.19154697
     -0.19107295
     -0.19059447
     -0.19011153
     -0.18962413
     -0.18913226
     -0.18863593
     -0.18813512
     -0.18762985
     -0.18712010
     -0.18660589
     -0.18608719
     -0.18556402
     -0.18503638
     -0.18450426
     -0.18396765
     -0.18342657
     -0.18288100
     -0.18233095
     -0.18177642
     -0.18121740
     -0.18065390
     -0.18008591
     -0.17951343
     -0.17893647
     -0.17835501
     -0.17776907
     -0.17717864
     -0.17658371
     -0.17598430
     -0.17538039
     -0.17477200
     -0.17415911
     -0.17354173
     -0.17291985
     -0.17229349
     -0.17166263
     -0.17102728
     -0.17038744
     -0.16974310
     -0.16909427
     -0.16844095
     -0.16778314
     -0.16712084
     -0.16645405
     -0.16578277
     -0.16510700
     -0.16442674
     -0.16374199
     -0.16305275
     -0.16235902
     -0.16166081
     -0.16095811
     -0.16025093
     -0.15953927
     -0.15882312
     -0.15810249
     -0.15737738
     -0.15664779
     -0.15591372
     -0.15517518
     -0.15443216
     -0.15368467
     -0.15293270
     -0.15217627
     -0.15141536
     -0.15064999
     -0.14988015
     -0.14910585
     -0.14832708
     -0.14754386
     -0.14675617
     -0.14596403
     -0.14516744
     -0.14436639
     -0.14356089
     -0.14275095
     -0.14193656
     -0.14111772
     -0.14029444
     -0.13946673
     -0.13863458
     -0.13779800
     -0.13695698
     -0.13611154
     -0.13526167
     -0.13440738
     -0.13354867
     -0.13268554
     -0.13181800
     -0.13094605
     -0.13006968
     -0.12918892
     -0.12830375
     -0.12741419
     -0.12652023
     -0.12562188
     -0.12471914
     -0.12381201
     -0.12290051
     -0.12198462
     -0.12106437
     -0.12013974
     -0.11921074
     -0.11827739
     -0.11733967
     -0.11639760
     -0.11545118
     -0.11450041
     -0.11354530
     -0.11258586
     -0.11162207
     -0.11065396
     -0.10968152
     -0.10870476
     -0.10772368
     -0.10673830
     -0.10574860
     -0.10475460
     -0.10375630
     -0.10275371
     -0.10174683
     -0.10073566
    -0.099720217
    -0.098700498
    -0.097676511
    -0.096648259
    -0.095615748
    -0.094578983
    -0.093537970
    -0.092492713
    -0.091443219
    -0.090389492
    -0.089331538
    -0.088269363
    -0.087202971
    -0.086132370
    -0.085057564
    -0.083978559
    -0.082895361
    -0.081807976
    -0.080716410
    -0.079620668
    -0.078520758
    -0.077416684
    -0.076308453
    -0.075196072
    -0.074079546
    -0.072958881
    -0.071834086
    -0.070705164
    -0.069572124
    -0.068434972
    -0.067293713
    -0.066148356
    -0.064998906
    -0.063845371
    -0.062687756
    -0.061526070
    -0.060360319
    -0.059190510
    -0.058016649
    -0.056838745
    -0.055656804
    -0.054470834
    -0.053280841
    -0.052086833
    -0.050888818
    -0.049686802
    -0.048480794
    -0.047270801
    -0.046056830
    -0.044838889
    -0.043616985
    -0.042391128
    -0.041161324
    -0.039927580
    -0.038689906
    -0.037448309
    -0.036202798
    -0.034953379
    -0.033700062
    -0.032442854
    -0.031181764
    -0.029916799
    -0.028647970
    -0.027375283
    -0.026098747
    -0.024818371
    -0.023534163
    -0.022246133
    -0.020954288
    -0.019658637
    -0.018359189
    -0.017055953
    -0.015748938
    -0.014438153
    -0.013123607
    -0.011805308
    -0.010483266
   -0.0091574904
   -0.0078279898
   -0.0064947737
   -0.0051578513
   -0.0038172321
   -0.0024729254
   -0.0011249406
   0.00022671257
    0.0015820247
    0.0029409862
    0.0043035873
    0.0056698183
    0.0070396695
    0.0084131310
    0.0097901930
     0.011170845
     0.012555079
     0.013942882
     0.015334246
     0.016729161
     0.018127615
     0.019529599
     0.020935103
     0.022344117
     0.023756629
     0.025172630
     0.026592109
     0.028015055
     0.029441458
     0.030871307
     0.032304592
     0.033741302
     0.035181426
     0.036624953
     0.038071872
     0.039522173
     0.040975844
     0.042432875
     0.043893253
     0.045356970
     0.046824012
     0.048294369
     0.049768029
     0.051244982
     0.052725216
     0.054208719
     0.055695480
     0.057185487
     0.058678729
     0.060175195
     0.061674872
     0.063177749
     0.064683815
     0.066193057
     0.067705463
     0.069221022
     0.070739722
     0.072261550
     0.073786495
     0.075314545
     0.076845687
     0.078379910
     0.079917200
     0.081457547
     0.083000937
     0.084547358
     0.086096798
     0.087649245
     0.089204685
     0.090763107
     0.092324497
     0.093888844
     0.095456134
     0.097026355
     0.098599494
      0.10017554
      0.10175447
      0.10333629
      0.10492097
      0.10650851
      0.10809888
      0.10969209
      0.11128811
      0.11288693
      0.11448853
      0.11609292
      0.11770006
      0.11930995
      0.12092258
      0.12253793
      0.12415598
      0.12577673
      0.12740016
      0.12902626
      0.13065502
      0.13228641
      0.13392043
      0.13555706
      0.13719629
      0.13883811
      0.14048249
      0.14212944
      0.14377892
      0.14543094
      0.14708547
      0.14874251
      0.15040203
      0.15206402
      0.15372847
      0.15539537
      0.15706470
      0.15873644
      0.16041058
      0.16208712
      0.16376602
      0.16544729
      0.16713089
      0.16881683
      0.17050508
      0.17219564
      0.17388847
      0.17558358
      0.17728095
      0.17898055
      0.18068239
      0.18238643
      0.18409268
      0.18580110
      0.18751169
      0.18922443
      0.19093932
      0.19265632
      0.19437543
      0.19609663
      0.19781991
      0.19954525
      0.20127264
      0.20300205
      0.20473349
      0.20646692
      0.20820234
      0.20993973
      0.21167907
      0.21342035
      0.21516356
      0.21690867
      0.21865568
      0.22040456
      0.22215531
      0.22390789
      0.22566231
      0.22741855
      0.22917658
      0.23093639
      0.23269797
      0.23446130
      0.23622637
      0.23799315
      0.23976164
      0.24153181
      0.24330366
      0.24507716
      0.24685230
      0.24862906
      0.25040743
      0.25218739
      0.25396893
      0.25575202
      0.25753666
      0.25932282
      0.26111049
      0.26289965
      0.26469029
      0.26648239
      0.26827593
      0.27007091
      0.27186729
      0.27366507
      0.27546422
      0.27726474
      0.27906660
      0.28086979
      0.28267429
      0.28448009
      0.28628716
      0.28809550
      0.28990508
      0.29171589
      0.29352791
      0.29534113
      0.29715552
      0.29897108
      0.30078777
      0.30260560
      0.30442454
      0.30624456
      0.30806567
      0.30988783
      0.31171104
      0.31353527
      0.31536051
      0.31718674
      0.31901395
      0.32084211
      0.32267121
      0.32450123
      0.32633216
      0.32816398
      0.32999667
      0.33183021
      0.33366458
      0.33549978
      0.33733578
      0.33917256
      0.34101011
      0.34284841
      0.34468744
      0.34652718
      0.34836763
      0.35020875
      0.35205053
      0.35389296
      0.35573602
      0.35757968
      0.35942394
      0.36126877
      0.36311416
      0.36496009
      0.36680655
      0.36865350
      0.37050094
      0.37234885
      0.37419721
      0.37604601
      0.37789522
      0.37974483
      0.38159482
      0.38344517
      0.38529587
      0.38714689
      0.38899822
      0.39084984
      0.39270174
      0.39455389
      0.39640628
      0.39825889
      0.40011171
      0.40196470
      0.40381786
      0.40567117
      0.40752461
      0.40937817
      0.41123181
      0.41308554
      0.41493932
      0.41679314
      0.41864698
      0.42050083
      0.42235467
      0.42420847
      0.42606222
      0.42791591
      0.42976951
      0.43162300
      0.43347637
      0.43532961
      0.43718268
      0.43903558
      0.44088828
      0.44274077
      0.44459303
      0.44644504
      0.44829679
      0.45014824
      0.45199940
      0.45385023
      0.45570072
      0.45755086
      0.45940062
      0.46124998
      0.46309893
      0.46494745
      0.46679553
      0.46864313
      0.47049025
      0.47233686
      0.47418295
      0.47602851
      0.47787350
      0.47971792
      0.48156174
      0.48340495
      0.48524752
      0.48708945
      0.48893071
      0.49077128
      0.49261115
      0.49445029
      0.49628870
      0.49812634
      0.49996321
      0.50179928
      0.50363453
      0.50546896
      0.50730253
      0.50913523
      0.51096705
      0.51279796
      0.51462795
      0.51645699
      0.51828507
      0.52011218
      0.52193829
      0.52376338
      0.52558744
      0.52741044
      0.52923238
      0.53105323
      0.53287297
      0.53469158
      0.53650906
      0.53832537
      0.54014050
      0.54195443
      0.54376715
      0.54557863
      0.54738886
      0.54919782
      0.55100549
      0.55281186
      0.55461690
      0.55642059
      0.55822292
      0.56002387
      0.56182343
      0.56362156
      0.56541827
      0.56721351
      0.56900729
      0.57079958
      0.57259036
      0.57437962
      0.57616733
      0.57795348
      0.57973806
      0.58152103
      0.58330239
      0.58508211
      0.58686018
      0.58863658
      0.59041130
      0.59218430
      0.59395559
      0.59572513
      0.59749291
      0.59925891
      0.60102311
      0.60278550
      0.60454606
      0.60630477
      0.60806161
      0.60981656
      0.61156961
      0.61332074
      0.61506993
      0.61681716
      0.61856241
      0.62030567
      0.62204693
      0.62378615
      0.62552332
      0.62725843
      0.62899146
      0.63072238
      0.63245119
      0.63417787
      0.63590239
      0.63762474
      0.63934490
      0.64106285
      0.64277858
      0.64449207
      0.64620330
      0.64791225
      0.64961891
      0.65132325
      0.65302527
      0.65472494
      0.65642224
      0.65811716
      0.65980969
      0.66149979
      0.66318746
      0.66487268
      0.66655543
      0.66823569
      0.66991345
      0.67158869
      0.67326139
      0.67493153
      0.67659910
      0.67826408
      0.67992646
      0.68158620
      0.68324331
      0.68489776
      0.68654952
      0.68819860
      0.68984497
      0.69148860
      0.69312950
      0.69476763
      0.69640298
      0.69803554
      0.69966529
      0.70129220
      0.70291627
      0.70453748
      0.70615580
      0.70777123
      0.70938374
      0.71099333
      0.71259996
      0.71420364
      0.71580433
      0.71740202
      0.71899670
      0.72058835
      0.72217696
      0.72376250
      0.72534496
      0.72692432
      0.72850057
      0.73007368
      0.73164366
      0.73321047
      0.73477410
      0.73633453
      0.73789176
      0.73944575
      0.74099650
      0.74254399
      0.74408821
      0.74562913
      0.74716674
      0.74870103
      0.75023198
      0.75175957
      0.75328379
      0.75480462
      0.75632204
      0.75783604
      0.75934661
      0.76085372
      0.76235736
      0.76385752
      0.76535418
      0.76684733
      0.76833694
      0.76982301
      0.77130551
      0.77278444
      0.77425977
      0.77573149
      0.77719959
      0.77866405
      0.78012485
      0.78158198
      0.78303542
      0.78448517
      0.78593119
      0.78737349
      0.78881203
      0.79024682
      0.79167782
      0.79310504
      0.79452844
      0.79594803
      0.79736377
      0.79877567
      0.80018369
      0.80158783
      0.80298808
      0.80438441
      0.80577682
      0.80716529
      0.80854979
      0.80993033
      0.81130689
      0.81267944
      0.81404798
      0.81541249
      0.81677295
      0.81812936
      0.81948170
      0.82082995
      0.82217409
      0.82351413
      0.82485003
      0.82618179
      0.82750940
      0.82883283
      0.83015207
      0.83146712
      0.83277795
      0.83408456
      0.83538693
      0.83668503
      0.83797888
      0.83926843
      0.84055369
      0.84183465
      0.84311127
      0.84438357
      0.84565151
      0.84691508
      0.84817428
      0.84942909
      0.85067949
      0.85192548
      0.85316703
      0.85440414
      0.85563680
      0.85686498
      0.85808868
      0.85930788
      0.86052258
      0.86173275
      0.86293839
      0.86413947
      0.86533600
      0.86652796
      0.86771532
      0.86889809
      0.87007625
      0.87124978
      0.87241868
      0.87358293
      0.87474251
      0.87589742
      0.87704765
      0.87819317
      0.87933399
      0.88047008
      0.88160144
      0.88272805
      0.88384990
      0.88496698
      0.88607928
      0.88718678
      0.88828948
      0.88938735
      0.89048040
      0.89156860
      0.89265195
      0.89373044
      0.89480405
      0.89587277
      0.89693659
      0.89799550
      0.89904948
      0.90009854
      0.90114264
      0.90218180
      0.90321598
      0.90424519
      0.90526940
      0.90628862
      0.90730282
      0.90831201
      0.90931616
      0.91031526
      0.91130931
      0.91229830
      0.91328221
      0.91426104
      0.91523476
      0.91620338
      0.91716689
      0.91812526
      0.91907850
      0.92002659
      0.92096952
      0.92190728
      0.92283986
      0.92376725
      0.92468945
      0.92560643
      0.92651820
      0.92742474
      0.92832604
      0.92922209
      0.93011289
      0.93099842
      0.93187867
      0.93275363
      0.93362331
      0.93448767
      0.93534672
      0.93620045
      0.93704885
      0.93789190
      0.93872961
      0.93956195
      0.94038893
      0.94121053
      0.94202674
      0.94283756
      0.94364297
      0.94444297
      0.94523755
      0.94602670
      0.94681041
      0.94758868
      0.94836149
      0.94912883
      0.94989071
      0.95064710
      0.95139801
      0.95214342
      0.95288333
      0.95361772
      0.95434660
      0.95506994
      0.95578776
      0.95650002
      0.95720674
      0.95790790
      0.95860349
      0.95929351
      0.95997795
      0.96065680
      0.96133005
      0.96199770
      0.96265974
      0.96331616
      0.96396696
      0.96461212
      0.96525165
      0.96588553
      0.96651376
      0.96713633
      0.96775324
      0.96836447
      0.96897002
      0.96956989
      0.97016406
      0.97075254
      0.97133531
      0.97191237
      0.97248371
      0.97304933
      0.97360922
      0.97416338
      0.97471179
      0.97525446
      0.97579137
      0.97632252
      0.97684791
      0.97736752
      0.97788136
      0.97838942
      0.97889169
      0.97938817
      0.97987885
      0.98036372
      0.98084279
      0.98131604
      0.98178348
      0.98224509
      0.98270087
      0.98315081
      0.98359492
      0.98403319
      0.98446560
      0.98489217
      0.98531287
      0.98572771
      0.98613669
      0.98653979
      0.98693702
      0.98732837
      0.98771384
      0.98809342
      0.98846710
      0.98883489
      0.98919678
      0.98955276
      0.98990284
      0.99024700
      0.99058525
      0.99091758
      0.99124398
      0.99156446
      0.99187901
      0.99218762
      0.99249030
      0.99278704
      0.99307784
      0.99336269
      0.99364159
      0.99391454
      0.99418153
      0.99444256
      0.99469763
      0.99494674
      0.99518989
      0.99542706
      0.99565826
      0.99588349
      0.99610274
      0.99631601
      0.99652330
      0.99672460
      0.99691992
      0.99710926
      0.99729260
      0.99746995
      0.99764131
      0.99780667
      0.99796603
      0.99811939
      0.99826676
      0.99840812
      0.99854347
      0.99867282
      0.99879617
      0.99891350
      0.99902483
      0.99913014
      0.99922945
      0.99932274
      0.99941001
      0.99949127
      0.99956652
      0.99963575
      0.99969896
      0.99975615
      0.99980733
      0.99985248
      0.99989162
      0.99992473
      0.99995183
      0.99997290
      0.99998796
      0.99999699
       1.0000000
      0.99999699
      0.99998796
      0.99997290
      0.99995183
      0.99992473
      0.99989162
      0.99985248
      0.99980733
      0.99975615
      0.99969896
      0.99963575
      0.99956652
      0.99949127
      0.99941001
      0.99932274
      0.99922945
      0.99913014
      0.99902483
      0.99891350
      0.99879617
      0.99867282
      0.99854347
      0.99840812
      0.99826676
      0.99811939
      0.99796603
      0.99780667
      0.99764131
      0.99746995
      0.99729260
      0.99710926
      0.99691992
      0.99672460
      0.99652330
      0.99631601
      0.99610274
      0.99588349
      0.99565826
      0.99542706
      0.99518989
      0.99494674
      0.99469763
      0.99444256
      0.99418153
      0.99391454
      0.99364159
      0.99336269
      0.99307784
      0.99278704
      0.99249030
      0.99218762
      0.99187901
      0.99156446
      0.99124398
      0.99091758
      0.99058525
      0.99024700
      0.98990284
      0.98955276
      0.98919678
      0.98883489
      0.98846710
      0.98809342
      0.98771384
      0.98732837
      0.98693702
      0.98653979
      0.98613669
      0.98572771
      0.98531287
      0.98489217
      0.98446560
      0.98403319
      0.98359492
      0.98315081
      0.98270087
      0.98224509
      0.98178348
      0.98131604
      0.98084279
      0.98036372
      0.97987885
      0.97938817
      0.97889169
      0.97838942
      0.97788136
      0.97736752
      0.97684791
      0.97632252
      0.97579137
      0.97525446
      0.97471179
      0.97416338
      0.97360922
      0.97304933
      0.97248371
      0.97191237
      0.97133531
      0.97075254
      0.97016406
      0.96956989
      0.96897002
      0.96836447
      0.96775324
      0.96713633
      0.96651376
      0.96588553
      0.96525165
      0.96461212
      0.96396696
      0.96331616
      0.96265974
      0.96199770
      0.96133005
      0.96065680
      0.95997795
      0.95929351
      0.95860349
      0.95790790
      0.95720674
      0.95650002
      0.95578776
      0.95506994
      0.95434660
      0.95361772
      0.95288333
      0.95214342
      0.95139801
      0.95064710
      0.94989071
      0.94912883
      0.94836149
      0.94758868
      0.94681041
      0.94602670
      0.94523755
      0.94444297
      0.94364297
      0.94283756
      0.94202674
      0.94121053
      0.94038893
      0.93956195
      0.93872961
      0.93789190
      0.93704885
      0.93620045
      0.93534672
      0.93448767
      0.93362331
      0.93275363
      0.93187867
      0.93099842
      0.93011289
      0.92922209
      0.92832604
      0.92742474
      0.92651820
      0.92560643
      0.92468945
      0.92376725
      0.92283986
      0.92190728
      0.92096952
      0.92002659
      0.91907850
      0.91812526
      0.91716689
      0.91620338
      0.91523476
      0.91426104
      0.91328221
      0.91229830
      0.91130931
      0.91031526
      0.90931616
      0.90831201
      0.90730282
      0.90628862
      0.90526940
      0.90424519
      0.90321598
      0.90218180
      0.90114264
      0.90009854
      0.89904948
      0.89799550
      0.89693659
      0.89587277
      0.89480405
      0.89373044
      0.89265195
      0.89156860
      0.89048040
      0.88938735
      0.88828948
      0.88718678
      0.88607928
      0.88496698
      0.88384990
      0.88272805
      0.88160144
      0.88047008
      0.87933399
      0.87819317
      0.87704765
      0.87589742
      0.87474251
      0.87358293
      0.87241868
      0.87124978
      0.87007625
      0.86889809
      0.86771532
      0.86652796
      0.86533600
      0.86413947
      0.86293839
      0.86173275
      0.86052258
      0.85930788
      0.85808868
      0.85686498
      0.85563680
      0.85440414
      0.85316703
      0.85192548
      0.85067949
      0.84942909
      0.84817428
      0.84691508
      0.84565151
      0.84438357
      0.84311127
      0.84183465
      0.84055369
      0.83926843
      0.83797888
      0.83668503
      0.83538693
      0.83408456
      0.83277795
      0.83146712
      0.83015207
      0.82883283
      0.82750940
      0.82618179
      0.82485003
      0.82351413
      0.82217409
      0.82082995
      0.81948170
      0.81812936
      0.81677295
      0.81541249
      0.81404798
      0.81267944
      0.81130689
      0.80993033
      0.80854980
      0.80716529
      0.80577682
      0.80438441
      0.80298808
      0.80158783
      0.80018369
      0.79877567
      0.79736377
      0.79594803
      0.79452844
      0.79310504
      0.79167782
      0.79024682
      0.78881203
      0.78737349
      0.78593119
      0.78448517
      0.78303542
      0.78158198
      0.78012485
      0.77866405
      0.77719959
      0.77573149
      0.77425977
      0.77278444
      0.77130551
      0.76982301
      0.76833694
      0.76684733
      0.76535418
      0.76385752
      0.76235736
      0.76085372
      0.75934661
      0.75783604
      0.75632204
      0.75480462
      0.75328379
      0.75175957
      0.75023198
      0.74870103
      0.74716674
      0.74562913
      0.74408821
      0.74254399
      0.74099650
      0.73944575
      0.73789176
      0.73633453
      0.73477410
      0.73321047
      0.73164366
      0.73007368
      0.72850057
      0.72692432
      0.72534496
      0.72376250
      0.72217696
      0.72058835
      0.71899671
      0.71740202
      0.71580433
      0.71420364
      0.71259996
      0.71099333
      0.70938374
      0.70777123
      0.70615580
      0.70453748
      0.70291627
      0.70129220
      0.69966529
      0.69803554
      0.69640298
      0.69476763
      0.69312950
      0.69148860
      0.68984497
      0.68819860
      0.68654952
      0.68489776
      0.68324331
      0.68158620
      0.67992646
      0.67826408
      0.67659910
      0.67493153
      0.67326139
      0.67158869
      0.66991345
      0.66823569
      0.66655543
      0.66487268
      0.66318746
      0.66149979
      0.65980969
      0.65811716
      0.65642224
      0.65472494
      0.65302527
      0.65132325
      0.64961891
      0.64791225
      0.64620330
      0.64449207
      0.64277858
      0.64106285
      0.63934490
      0.63762474
      0.63590239
      0.63417787
      0.63245119
      0.63072238
      0.62899146
      0.62725843
      0.62552332
      0.62378615
      0.62204693
      0.62030567
      0.61856241
      0.61681716
      0.61506993
      0.61332074
      0.61156961
      0.60981656
      0.60806161
      0.60630477
      0.60454606
      0.60278550
      0.60102311
      0.59925891
      0.59749291
      0.59572513
      0.59395559
      0.59218430
      0.59041130
      0.58863658
      0.58686018
      0.58508211
      0.58330239
      0.58152103
      0.57973806
      0.57795348
      0.57616733
      0.57437962
      0.57259036
      0.57079958
      0.56900729
      0.56721351
      0.56541827
      0.56362156
      0.56182343
      0.56002387
      0.55822292
      0.55642059
      0.55461690
      0.55281186
      0.55100550
      0.54919782
      0.54738887
      0.54557863
      0.54376715
      0.54195443
      0.54014050
      0.53832537
      0.53650906
      0.53469158
      0.53287297
      0.53105323
      0.52923238
      0.52741044
      0.52558744
      0.52376338
      0.52193829
      0.52011218
      0.51828507
      0.51645699
      0.51462795
      0.51279796
      0.51096705
      0.50913523
      0.50730253
      0.50546896
      0.50363453
      0.50179928
      0.49996321
      0.49812634
      0.49628870
      0.49445029
      0.49261115
      0.49077128
      0.48893071
      0.48708945
      0.48524752
      0.48340495
      0.48156174
      0.47971792
      0.47787350
      0.47602851
      0.47418295
      0.47233686
      0.47049025
      0.46864313
      0.46679553
      0.46494745
      0.46309893
      0.46124998
      0.45940062
      0.45755086
      0.45570072
      0.45385023
      0.45199940
      0.45014824
      0.44829679
      0.44644504
      0.44459303
      0.44274077
      0.44088828
      0.43903558
      0.43718268
      0.43532961
      0.43347637
      0.43162300
      0.42976951
      0.42791591
      0.42606222
      0.42420847
      0.42235467
      0.42050083
      0.41864698
      0.41679314
      0.41493932
      0.41308554
      0.41123181
      0.40937817
      0.40752461
      0.40567117
      0.40381786
      0.40196470
      0.40011171
      0.39825889
      0.39640628
      0.39455389
      0.39270174
      0.39084984
      0.38899822
      0.38714689
      0.38529587
      0.38344517
      0.38159482
      0.37974483
      0.37789522
      0.37604601
      0.37419721
      0.37234885
      0.37050094
      0.36865350
      0.36680655
      0.36496009
      0.36311416
      0.36126877
      0.35942394
      0.35757968
      0.35573602
      0.35389296
      0.35205053
      0.35020875
      0.34836763
      0.34652718
      0.34468744
      0.34284841
      0.34101011
      0.33917256
      0.33733578
      0.33549978
      0.33366458
      0.33183021
      0.32999667
      0.32816398
      0.32633216
      0.32450123
      0.32267121
      0.32084211
      0.31901395
      0.31718674
      0.31536051
      0.31353527
      0.31171104
      0.30988783
      0.30806567
      0.30624456
      0.30442454
      0.30260560
      0.30078777
      0.29897108
      0.29715552
      0.29534113
      0.29352791
      0.29171589
      0.28990508
      0.28809550
      0.28628716
      0.28448009
      0.28267429
      0.28086979
      0.27906660
      0.27726474
      0.27546422
      0.27366507
      0.27186729
      0.27007091
      0.26827593
      0.26648239
      0.26469029
      0.26289965
      0.26111049
      0.25932282
      0.25753666
      0.25575202
      0.25396893
      0.25218739
      0.25040743
      0.24862906
      0.24685230
      0.24507716
      0.24330366
      0.24153181
      0.23976164
      0.23799315
      0.23622637
      0.23446130
      0.23269797
      0.23093639
      0.22917658
      0.22741855
      0.22566231
      0.22390789
      0.22215531
      0.22040456
      0.21865568
      0.21690867
      0.21516356
      0.21342035
      0.21167907
      0.20993973
      0.20820234
      0.20646692
      0.20473349
      0.20300205
      0.20127264
      0.19954525
      0.19781991
      0.19609663
      0.19437543
      0.19265632
      0.19093932
      0.18922443
      0.18751169
      0.18580110
      0.18409268
      0.18238643
      0.18068239
      0.17898055
      0.17728095
      0.17558358
      0.17388847
      0.17219564
      0.17050508
      0.16881683
      0.16713089
      0.16544729
      0.16376602
      0.16208712
      0.16041058
      0.15873644
      0.15706470
      0.15539537
      0.15372847
      0.15206402
      0.15040203
      0.14874251
      0.14708547
      0.14543094
      0.14377892
      0.14212944
      0.14048249
      0.13883811
      0.13719629
      0.13555706
      0.13392043
      0.13228641
      0.13065502
      0.12902626
      0.12740016
      0.12577673
      0.12415598
      0.12253793
      0.12092258
      0.11930995
      0.11770006
      0.11609292
      0.11448853
      0.11288693
      0.11128811
      0.10969209
      0.10809888
      0.10650851
      0.10492097
      0.10333629
      0.10175447
      0.10017554
     0.098599494
     0.097026355
     0.095456134
     0.093888844
     0.092324497
     0.090763107
     0.089204685
     0.087649245
     0.086096798
     0.084547358
     0.083000937
     0.081457547
     0.079917200
     0.078379910
     0.076845687
     0.075314545
     0.073786495
     0.072261550
     0.070739721
     0.069221022
     0.067705463
     0.066193057
     0.064683815
     0.063177749
     0.061674872
     0.060175195
     0.058678729
     0.057185487
     0.055695480
     0.054208719
     0.052725216
     0.051244982
     0.049768029
     0.048294369
     0.046824012
     0.045356970
     0.043893253
     0.042432875
     0.040975844
     0.039522173
     0.038071872
     0.036624953
     0.035181426
     0.033741302
     0.032304592
     0.030871307
     0.029441458
     0.028015055
     0.026592109
     0.025172630
     0.023756629
     0.022344117
     0.020935103
     0.019529599
     0.018127615
     0.016729160
     0.015334246
     0.013942882
     0.012555078
     0.011170845
    0.0097901929
    0.0084131310
    0.0070396694
    0.0056698183
    0.0043035872
    0.0029409861
    0.0015820247
   0.00022671254
   -0.0011249407
   -0.0024729254
   -0.0038172321
   -0.0051578513
   -0.0064947737
   -0.0078279899
   -0.0091574905
    -0.010483266
    -0.011805308
    -0.013123607
    -0.014438153
    -0.015748938
    -0.017055953
    -0.018359189
    -0.019658637
    -0.020954288
    -0.022246133
    -0.023534163
    -0.024818371
    -0.026098747
    -0.027375283
    -0.028647970
    -0.029916799
    -0.031181764
    -0.032442854
    -0.033700062
    -0.034953379
    -0.036202798
    -0.037448309
    -0.038689906
    -0.039927580
    -0.041161324
    -0.042391128
    -0.043616986
    -0.044838889
    -0.046056830
    -0.047270801
    -0.048480794
    -0.049686802
    -0.050888818
    -0.052086833
    -0.053280841
    -0.054470834
    -0.055656804
    -0.056838745
    -0.058016649
    -0.059190510
    -0.060360319
    -0.061526070
    -0.062687756
    -0.063845371
    -0.064998906
    -0.066148356
    -0.067293713
    -0.068434972
    -0.069572124
    -0.070705164
    -0.071834086
    -0.072958882
    -0.074079546
    -0.075196072
    -0.076308453
    -0.077416684
    -0.078520758
    -0.079620668
    -0.080716410
    -0.081807976
    -0.082895361
    -0.083978559
    -0.085057564
    -0.086132370
    -0.087202971
    -0.088269363
    -0.089331538
    -0.090389492
    -0.091443219
    -0.092492713
    -0.093537970
    -0.094578983
    -0.095615748
    -0.096648259
    -0.097676511
    -0.098700499
    -0.099720217
     -0.10073566
     -0.10174683
     -0.10275371
     -0.10375630
     -0.10475460
     -0.10574860
     -0.10673830
     -0.10772368
     -0.10870476
     -0.10968152
     -0.11065396
     -0.11162207
     -0.11258586
     -0.11354530
     -0.11450041
     -0.11545118
     -0.11639760
     -0.11733967
     -0.11827739
     -0.11921074
     -0.12013974
     -0.12106437
     -0.12198462
     -0.12290051
     -0.12381201
     -0.12471914
     -0.12562188
     -0.12652023
     -0.12741419
     -0.12830375
     -0.12918892
     -0.13006968
     -0.13094605
     -0.13181800
     -0.13268554
     -0.13354867
     -0.13440738
     -0.13526167
     -0.13611154
     -0.13695698
     -0.13779800
     -0.13863458
     -0.13946673
     -0.14029444
     -0.14111772
     -0.14193656
     -0.14275095
     -0.14356089
     -0.14436639
     -0.14516744
     -0.14596403
     -0.14675617
     -0.14754386
     -0.14832708
     -0.14910585
     -0.14988015
     -0.15064999
     -0.15141536
     -0.15217627
     -0.15293270
     -0.15368467
     -0.15443216
     -0.15517518
     -0.15591372
     -0.15664779
     -0.15737738
     -0.15810249
     -0.15882312
     -0.15953927
     -0.16025093
     -0.16095811
     -0.16166081
     -0.16235902
     -0.16305275
     -0.16374199
     -0.16442674
     -0.16510700
     -0.16578277
     -0.16645405
     -0.16712084
     -0.16778314
     -0.16844095
     -0.16909427
     -0.16974310
     -0.17038744
     -0.17102728
     -0.17166263
     -0.17229349
     -0.17291985
     -0.17354173
     -0.17415911
     -0.17477200
     -0.17538039
     -0.17598430
     -0.17658371
     -0.17717864
     -0.17776907
     -0.17835501
     -0.17893647
     -0.17951343
     -0.18008591
     -0.18065390
     -0.18121740
     -0.18177642
     -0.18233095
     -0.18288100
     -0.18342657
     -0.18396765
     -0.18450426
     -0.18503638
     -0.18556403
     -0.18608719
     -0.18660589
     -0.18712010
     -0.18762985
     -0.18813512
     -0.18863593
     -0.18913226
     -0.18962413
     -0.19011153
     -0.19059447
     -0.19107295
     -0.19154697
     -0.19201653
     -0.19248164
     -0.19294229
     -0.19339850
     -0.19385025
     -0.19429755
     -0.19474041
     -0.19517883
     -0.19561281
     -0.19604235
     -0.19646745
     -0.19688812
     -0.19730437
     -0.19771618
     -0.19812357
     -0.19852654
     -0.19892508
     -0.19931921
     -0.19970893
     -0.20009424
     -0.20047514
     -0.20085163
     -0.20122372
     -0.20159142
     -0.20195472
     -0.20231363
     -0.20266814
     -0.20301828
     -0.20336403
     -0.20370540
     -0.20404240
     -0.20437503
     -0.20470329
     -0.20502719
     -0.20534672
     -0.20566190
     -0.20597273
     -0.20627921
     -0.20658134
     -0.20687913
     -0.20717259
     -0.20746171
     -0.20774650
     -0.20802698
     -0.20830313
     -0.20857496
     -0.20884248
     -0.20910570
     -0.20936461
     -0.20961923
     -0.20986955
     -0.21011558
     -0.21035733
     -0.21059480
     -0.21082800
     -0.21105692
     -0.21128158
     -0.21150198
     -0.21171812
     -0.21193001
     -0.21213766
     -0.21234107
     -0.21254024
     -0.21273518
     -0.21292590
     -0.21311240
     -0.21329468
     -0.21347276
     -0.21364663
     -0.21381631
     -0.21398179
     -0.21414308
     -0.21430020
     -0.21445314
     -0.21460191
     -0.21474651
     -0.21488696
     -0.21502325
     -0.21515540
     -0.21528341
     -0.21540728
     -0.21552703
     -0.21564265
     -0.21575416
     -0.21586156
     -0.21596485
     -0.21606405
     -0.21615915
     -0.21625017
     -0.21633711
     -0.21641998
     -0.21649879
     -0.21657353
     -0.21664423
     -0.21671088
     -0.21677349
     -0.21683206
     -0.21688662
     -0.21693715
     -0.21698367
     -0.21702619
     -0.21706471
     -0.21709924
     -0.21712978
     -0.21715635
     -0.21717895
     -0.21719758
     -0.21721227
     -0.21722300
     -0.21722979
     -0.21723265
     -0.21723159
     -0.21722660
     -0.21721771
     -0.21720491
     -0.21718821
     -0.21716763
     -0.21714317
     -0.21711483
     -0.21708263
     -0.21704657
     -0.21700666
     -0.21696292
     -0.21691533
     -0.21686392
     -0.21680870
     -0.21674966
     -0.21668682
     -0.21662019
     -0.21654977
     -0.21647557
     -0.21639761
     -0.21631588
     -0.21623040
     -0.21614118
     -0.21604822
     -0.21595154
     -0.21585113
     -0.21574702
     -0.21563920
     -0.21552769
     -0.21541250
     -0.21529363
     -0.21517109
     -0.21504489
     -0.21491504
     -0.21478155
     -0.21464443
     -0.21450369
     -0.21435933
     -0.21421137
     -0.21405981
     -0.21390466
     -0.21374594
     -0.21358364
     -0.21341778
     -0.21324838
     -0.21307543
     -0.21289895
     -0.21271895
     -0.21253543
     -0.21234841
     -0.21215789
     -0.21196389
     -0.21176641
     -0.21156546
     -0.21136106
     -0.21115321
     -0.21094192
     -0.21072720
     -0.21050906
     -0.21028752
     -0.21006257
     -0.20983424
     -0.20960253
     -0.20936744
     -0.20912900
     -0.20888721
     -0.20864207
     -0.20839361
     -0.20814183
     -0.20788673
     -0.20762834
     -0.20736665
     -0.20710169
     -0.20683346
     -0.20656196
     -0.20628722
     -0.20600924
     -0.20572803
     -0.20544360
     -0.20515597
     -0.20486513
     -0.20457111
     -0.20427391
     -0.20397355
     -0.20367003
     -0.20336337
     -0.20305357
     -0.20274064
     -0.20242460
     -0.20210546
     -0.20178323
     -0.20145792
     -0.20112953
     -0.20079809
     -0.20046360
     -0.20012606
     -0.19978550
     -0.19944193
     -0.19909535
     -0.19874577
     -0.19839321
     -0.19803768
     -0.19767918
     -0.19731774
     -0.19695335
     -0.19658604
     -0.19621580
     -0.19584267
     -0.19546663
     -0.19508772
     -0.19470593
     -0.19432127
     -0.19393377
     -0.19354343
     -0.19315026
     -0.19275428
     -0.19235549
     -0.19195391
     -0.19154954
     -0.19114241
     -0.19073251
     -0.19031987
     -0.18990449
     -0.18948638
     -0.18906557
     -0.18864205
     -0.18821584
     -0.18778695
     -0.18735540
     -0.18692119
     -0.18648434
     -0.18604486
     -0.18560275
     -0.18515804
     -0.18471073
     -0.18426084
     -0.18380837
     -0.18335335
     -0.18289577
     -0.18243566
     -0.18197302
     -0.18150787
     -0.18104022
     -0.18057008
     -0.18009746
     -0.17962237
     -0.17914484
     -0.17866486
     -0.17818245
     -0.17769762
     -0.17721039
     -0.17672076
     -0.17622876
     -0.17573438
     -0.17523765
     -0.17473857
     -0.17423717
     -0.17373344
     -0.17322740
     -0.17271907
     -0.17220845
     -0.17169556
     -0.17118042
     -0.17066303
     -0.17014340
     -0.16962155
     -0.16909749
     -0.16857124
     -0.16804280
     -0.16751219
     -0.16697941
     -0.16644449
     -0.16590744
     -0.16536826
     -0.16482697
     -0.16428359
     -0.16373812
     -0.16319057
     -0.16264097
     -0.16208932
     -0.16153563
     -0.16097992
     -0.16042220
     -0.15986248
     -0.15930078
     -0.15873711
     -0.15817148
     -0.15760389
     -0.15703438
     -0.15646294
     -0.15588960
     -0.15531436
     -0.15473723
     -0.15415823
     -0.15357738
     -0.15299468
     -0.15241014
     -0.15182379
     -0.15123563
     -0.15064567
     -0.15005393
     -0.14946043
     -0.14886516
     -0.14826816
     -0.14766942
     -0.14706896
     -0.14646680
     -0.14586295
     -0.14525742
     -0.14465022
     -0.14404136
     -0.14343087
     -0.14281874
     -0.14220501
     -0.14158967
     -0.14097273
     -0.14035423
     -0.13973416
     -0.13911253
     -0.13848937
     -0.13786469
     -0.13723849
     -0.13661079
     -0.13598161
     -0.13535095
     -0.13471883
     -0.13408526
     -0.13345026
     -0.13281384
     -0.13217601
     -0.13153678
     -0.13089617
     -0.13025418
     -0.12961084
     -0.12896616
     -0.12832015
     -0.12767281
     -0.12702417
     -0.12637424
     -0.12572303
     -0.12507055
     -0.12441682
     -0.12376185
     -0.12310565
     -0.12244823
     -0.12178961
     -0.12112981
     -0.12046883
     -0.11980668
     -0.11914339
     -0.11847895
     -0.11781340
     -0.11714673
     -0.11647896
     -0.11581011
     -0.11514019
     -0.11446921
     -0.11379718
     -0.11312411
     -0.11245003
     -0.11177494
     -0.11109885
     -0.11042178
     -0.10974375
     -0.10906475
     -0.10838482
     -0.10770395
     -0.10702217
     -0.10633948
     -0.10565591
     -0.10497145
     -0.10428613
     -0.10359995
     -0.10291294
     -0.10222509
     -0.10153644
     -0.10084698
     -0.10015674
    -0.099465718
    -0.098773935
    -0.098081403
    -0.097388134
    -0.096694141
    -0.095999437
    -0.095304034
    -0.094607947
    -0.093911186
    -0.093213766
    -0.092515698
    -0.091816997
    -0.091117673
    -0.090417742
    -0.089717214
    -0.089016103
    -0.088314421
    -0.087612182
    -0.086909398
    -0.086206082
    -0.085502246
    -0.084797904
    -0.084093067
    -0.083387749
    -0.082681962
    -0.081975720
    -0.081269033
    -0.080561916
    -0.079854381
    -0.079146440
    -0.078438107
    -0.077729393
    -0.077020311
    -0.076310874
    -0.075601095
    -0.074890986
    -0.074180559
    -0.073469827
    -0.072758803
    -0.072047499
    -0.071335928
    -0.070624102
    -0.069912033
    -0.069199734
    -0.068487218
    -0.067774497
    -0.067061583
    -0.066348488
    -0.065635226
    -0.064921808
    -0.064208247
    -0.063494555
    -0.062780745
    -0.062066828
    -0.061352818
    -0.060638725
    -0.059924564
    -0.059210346
    -0.058496082
    -0.057781786
    -0.057067470
    -0.056353145
    -0.055638825
    -0.054924520
    -0.054210244
    -0.053496008
    -0.052781825
    -0.052067706
    -0.051353664
    -0.050639710
    -0.049925858
    -0.049212118
    -0.048498503
    -0.047785024
    -0.047071695
    -0.046358526
    -0.045645529
    -0.044932718
    -0.044220102
    -0.043507695
    -0.042795508
    -0.042083553
    -0.041371842
    -0.040660386
    -0.039949198
    -0.039238289
    -0.038527671
    -0.037817355
    -0.037107354
    -0.036397679
    -0.035688341
    -0.034979352
    -0.034270725
    -0.033562469
    -0.032854598
    -0.032147123
    -0.031440054
    -0.030733404
    -0.030027184
    -0.029321406
    -0.028616081
    -0.027911220
    -0.027206835
    -0.026502937
    -0.025799538
    -0.025096649
    -0.024394280
    -0.023692445
    -0.022991153
    -0.022290416
    -0.021590245
    -0.020890651
    -0.020191646
    -0.019493241
    -0.018795446
    -0.018098273
    -0.017401733
    -0.016705837
    -0.016010596
    -0.015316022
    -0.014622124
    -0.013928914
    -0.013236402
    -0.012544601
    -0.011853520
    -0.011163170
    -0.010473563
   -0.0097847086
   -0.0090966181
   -0.0084093021
   -0.0077227713
   -0.0070370365
   -0.0063521083
   -0.0056679972
   -0.0049847140
   -0.0043022691
   -0.0036206732
   -0.0029399368
   -0.0022600703
   -0.0015810843
  -0.00090298914
  -0.00022579527
   0.00045048694
    0.0011258471
    0.0018002749
    0.0024737601
    0.0031462923
    0.0038178614
    0.0044884571
    0.0051580692
    0.0058266875
    0.0064943020
    0.0071609025
    0.0078264790
    0.0084910215
    0.0091545198
    0.0098169641
     0.010478344
     0.011138651
     0.011797873
     0.012456002
     0.013113027
     0.013768939
     0.014205841
     0.014205841
