  -0.00066556432
   -0.0013270726
   -0.0019801501
   -0.0026202020
   -0.0032427191
   -0.0038433089
   -0.0044177272
   -0.0049619076
   -0.0054719903
   -0.0059443498
   -0.0063756205
   -0.0067627204
   -0.0071028733
   -0.0073936290
   -0.0076328804
   -0.0078188789
   -0.0079502474
   -0.0080259903
   -0.0080455009
   -0.0080085663
   -0.0079153695
   -0.0077664883
   -0.0075628922
   -0.0073059361
   -0.0069973509
   -0.0066392323
   -0.0062340263
   -0.0057845129
   -0.0052937865
   -0.0047652351
   -0.0042025166
   -0.0036095337
   -0.0029904069
   -0.0023494455
   -0.0016911182
   -0.0010200215
  -0.00034084771
   0.00034164759
    0.0010226791
    0.0016974653
    0.0023612618
    0.0030093949
    0.0036372944
    0.0042405259
    0.0048148218
    0.0053561120
    0.0058605520
    0.0063245509
    0.0067447967
    0.0071182795
    0.0074423137
    0.0077145568
    0.0079330268
    0.0080961159
    0.0082026030
    0.0082516623
    0.0082428700
    0.0081762076
    0.0080520625
    0.0078712264
    0.0076348895
    0.0073446334
    0.0070024200
    0.0066105789
    0.0061717909
    0.0056890700
    0.0051657428
    0.0046054253
    0.0040119985
    0.0033895806
    0.0027424996
    0.0020752621
    0.0013925228
   0.00069905151
  -2.9982385e-07
  -0.00070063128
   -0.0013970291
   -0.0020846004
   -0.0027585071
   -0.0034140004
   -0.0040464538
   -0.0046513963
   -0.0052245434
   -0.0057618276
   -0.0062594276
   -0.0067137949
   -0.0071216795
   -0.0074801530
   -0.0077866294
   -0.0080388841
   -0.0082350699
   -0.0083737301
   -0.0084538099
   -0.0084746639
   -0.0084360617
   -0.0083381893
   -0.0081816492
   -0.0079674564
   -0.0076970319
   -0.0073721934
   -0.0069951427
   -0.0065684517
   -0.0060950437
   -0.0055781745
   -0.0050214092
   -0.0044285983
   -0.0038038505
   -0.0031515045
   -0.0024760992
   -0.0017823414
   -0.0010750739
  -0.00035924086
   0.00036014600
    0.0010780430
    0.0017894095
    0.0024892434
    0.0031726166
    0.0038347090
    0.0044708431
    0.0050765166
    0.0056474346
    0.0061795397
    0.0066690412
    0.0071124416
    0.0075065619
    0.0078485645
    0.0081359731
    0.0083666910
    0.0085390163
    0.0086516543
    0.0087037275
    0.0086947817
    0.0086247905
    0.0084941557
    0.0083037055
    0.0080546888
    0.0077487674
    0.0073880047
    0.0069748523
    0.0065121327
    0.0060030205
    0.0054510206
    0.0048599440
    0.0042338815
    0.0035771752
    0.0028943891
    0.0021902766
    0.0014697480
   0.00073783578
  -3.3994103e-07
  -0.00073960767
   -0.0014747806
   -0.0022006928
   -0.0029122359
   -0.0036043946
   -0.0042722823
   -0.0049111752
   -0.0055165462
   -0.0060840966
   -0.0066097866
   -0.0070898642
   -0.0075208919
   -0.0078997713
   -0.0082237650
   -0.0084905171
   -0.0086980696
   -0.0088448769
   -0.0089298176
   -0.0089522025
   -0.0089117806
   -0.0088087410
   -0.0086437126
   -0.0084177603
   -0.0081323781
   -0.0077894793
   -0.0073913836
   -0.0069408015
   -0.0064408162
   -0.0058948620
   -0.0053067009
   -0.0046803971
   -0.0040202884
   -0.0033309563
   -0.0026171946
   -0.0018839755
   -0.0011364157
  -0.00037973986
   0.00038075504
    0.0011397374
    0.0018918779
    0.0026318873
    0.0033545533
    0.0040547774
    0.0047276106
    0.0053682888
    0.0059722660
    0.0065352470
    0.0070532174
    0.0075224728
    0.0079396448
    0.0083017252
    0.0086060880
    0.0088505080
    0.0090331773
    0.0091527185
    0.0092081951
    0.0091991186
    0.0091254529
    0.0089876149
    0.0087864726
    0.0085233396
    0.0081999664
    0.0078185291
    0.0073816145
    0.0068922028
    0.0063536473
    0.0057696512
    0.0051442425
    0.0044817460
    0.0037867535
    0.0030640921
    0.0023187905
    0.0015560443
   0.00078117943
  -3.8460643e-07
  -0.00078317289
   -0.0015616933
   -0.0023304750
   -0.0030841069
   -0.0038172759
   -0.0045248037
   -0.0052016842
   -0.0058431183
   -0.0064445481
   -0.0070016890
   -0.0075105608
   -0.0079675154
   -0.0083692635
   -0.0087128978
   -0.0089959143
   -0.0092162303
   -0.0093721999
   -0.0094626260
   -0.0094867697
   -0.0094443559
   -0.0093355762
   -0.0091610882
   -0.0089220116
   -0.0086199212
   -0.0082568365
   -0.0078352082
   -0.0073579017
   -0.0068281779
   -0.0062496705
   -0.0056263616
   -0.0049625539
   -0.0042628414
   -0.0035320772
   -0.0027753404
   -0.0019979003
   -0.0012051800
  -0.00040271880
   0.00040386692
    0.0012089227
    0.0020067956
    0.0027918740
    0.0035586270
    0.0043016432
    0.0050156691
    0.0056956461
    0.0063367463
    0.0069344066
    0.0074843616
    0.0079826734
    0.0084257603
    0.0088104223
    0.0091338639
    0.0093937149
    0.0095880473
    0.0097153899
    0.0097747390
    0.0097655664
    0.0096878240
    0.0095419446
    0.0093288400
    0.0090498953
    0.0087069598
    0.0083023348
    0.0078387586
    0.0073193873
    0.0067477741
    0.0061278445
    0.0054638696
    0.0047604366
    0.0040224174
    0.0032549343
    0.0024633252
    0.0016531062
   0.00082993286
  -4.3867517e-07
  -0.00083219225
   -0.0016594923
   -0.0024765247
   -0.0032775379
   -0.0040568829
   -0.0048090533
   -0.0055287243
   -0.0062107903
   -0.0068504008
   -0.0074429952
   -0.0079843352
   -0.0084705350
   -0.0088980891
   -0.0092638979
   -0.0095652896
   -0.0098000401
   -0.0099663891
    -0.010063053
    -0.010089236
    -0.010044635
   -0.0099294419
   -0.0097443464
   -0.0094905287
   -0.0091696534
   -0.0087838586
   -0.0083357416
   -0.0078283414
   -0.0072651183
   -0.0066499300
   -0.0059870058
   -0.0052809169
   -0.0045365453
   -0.0037590502
   -0.0029538317
   -0.0021264941
   -0.0012828063
  -0.00042866197
   0.00042996188
    0.0012870464
    0.0021365731
    0.0029725663
    0.0037891349
    0.0045805140
    0.0053411054
    0.0060655174
    0.0067486027
    0.0073854951
    0.0079716444
    0.0085028481
    0.0089752824
    0.0093855290
    0.0097306002
     0.010007960
     0.010215545
     0.010351774
     0.010415568
     0.010406351
     0.010324062
     0.010169149
    0.0099425720
    0.0096457960
    0.0092807806
    0.0088499678
    0.0083562657
    0.0078030287
    0.0071940350
    0.0065334607
    0.0058258513
    0.0050760903
    0.0042893656
    0.0034711337
    0.0026270819
    0.0017630889
   0.00088518336
  -4.9730197e-07
  -0.00088775042
   -0.0017703512
   -0.0026420964
   -0.0034968479
   -0.0043285760
   -0.0051314016
   -0.0058996381
   -0.0066278313
   -0.0073107983
   -0.0079436643
   -0.0085218973
   -0.0090413406
   -0.0094982426
   -0.0098892837
    -0.010211601
    -0.010462807
    -0.010641011
    -0.010744831
    -0.010773404
    -0.010726391
    -0.010603988
    -0.010406915
    -0.010136422
   -0.0097942725
   -0.0093827390
   -0.0089045834
   -0.0083630406
   -0.0077617962
   -0.0071049616
   -0.0063970455
   -0.0056429235
   -0.0048478043
   -0.0040171938
   -0.0031568570
   -0.0022727783
   -0.0013711193
  -0.00045817670
   0.00045966242
    0.0013759646
    0.0022842956
    0.0031782649
    0.0040515712
    0.0048980466
    0.0057117000
    0.0064867595
    0.0072177134
    0.0078993493
    0.0085267912
    0.0090955343
    0.0096014775
     0.010040953
     0.010410751
     0.010708147
     0.010930918
     0.011077362
     0.011146307
     0.011137124
     0.011049732
     0.010884597
     0.010642732
     0.010325692
    0.0099355589
    0.0094749350
    0.0089469202
    0.0083550936
    0.0077034888
    0.0069965667
    0.0062391846
    0.0054365631
    0.0045942502
    0.0037180830
    0.0028141472
    0.0018887348
   0.00094830055
  -5.8297741e-07
  -0.00095127157
   -0.0018970956
   -0.0028314070
   -0.0037476255
   -0.0046392855
   -0.0055000812
   -0.0063239114
   -0.0071049226
   -0.0078375504
   -0.0085165595
   -0.0091370805
   -0.0096946452
    -0.010185219
    -0.010605228
    -0.010951589
    -0.011221729
    -0.011413602
    -0.011525712
    -0.011557116
    -0.011507437
    -0.011376867
    -0.011166164
    -0.010876652
    -0.010510210
    -0.010069259
   -0.0095567488
   -0.0089761376
   -0.0083313672
   -0.0076268380
   -0.0068673781
   -0.0060582105
   -0.0052049174
   -0.0043134015
   -0.0033898455
   -0.0024406689
   -0.0014724837
  -0.00049204837
   0.00049377936
    0.0014780904
    0.0024539724
    0.0034145590
    0.0043530769
    0.0052628948
    0.0061375693
    0.0069708908
    0.0077569279
    0.0084900687
    0.0091650616
    0.0097770525
     0.010321620
     0.010794806
     0.011193146
     0.011513695
     0.011754046
     0.011912351
     0.011987334
     0.011978301
     0.011885145
     0.011708351
     0.011448992
     0.011108720
     0.010689760
     0.010194895
    0.0096274434
    0.0089912412
    0.0082906147
    0.0075303508
    0.0067156645
    0.0058521637
    0.0049458100
    0.0040028778
    0.0030299114
    0.0020336787
    0.0010211251
  -6.7534775e-07
   -0.0010245692
   -0.0020433737
   -0.0030499269
   -0.0040371383
   -0.0049980383
   -0.0059258277
   -0.0068139257
   -0.0076560161
   -0.0084460929
   -0.0091785025
   -0.0098479841
    -0.010449708
    -0.010979309
    -0.011432920
    -0.011807199
    -0.012099353
    -0.012307159
    -0.012428984
    -0.012463792
    -0.012411157
    -0.012271265
    -0.012044914
    -0.011733513
    -0.011339068
    -0.010864173
    -0.010311993
   -0.0096862404
   -0.0089911521
   -0.0082314611
   -0.0074123633
   -0.0065394826
   -0.0056188321
   -0.0046567730
   -0.0036599704
   -0.0026353475
   -0.0015900375
  -0.00053133384
   0.00053336054
    0.0015965848
    0.0026508724
    0.0036888037
    0.0047030578
    0.0056864645
    0.0066320543
    0.0075331086
    0.0083832063
    0.0091762706
    0.0099066114
     0.010568967
     0.011158540
     0.011671036
     0.012102689
     0.012450295
     0.012711231
     0.012883477
     0.012965631
     0.012956920
     0.012857207
     0.012666995
     0.012387419
     0.012020247
     0.011567865
     0.011033262
     0.010420010
    0.0097322404
    0.0089746178
    0.0081523065
    0.0072709363
    0.0063365637
    0.0053556306
    0.0043349197
    0.0032815081
    0.0022027178
    0.0011060652
  -7.9126018e-07
   -0.0011101046
   -0.0022140933
   -0.0033049958
   -0.0043751254
   -0.0054169235
   -0.0064230139
   -0.0073862542
   -0.0082997868
   -0.0091570875
   -0.0099520120
    -0.010678840
    -0.011332316
    -0.011907688
    -0.012400740
    -0.012807826
    -0.013125893
    -0.013352508
    -0.013485872
    -0.013524837
    -0.013468916
    -0.013318285
    -0.013073786
    -0.012736922
    -0.012309846
    -0.011795351
    -0.011196847
    -0.010518344
   -0.0097644218
   -0.0089401992
   -0.0080513004
   -0.0071038167
   -0.0061042642
   -0.0050595394
   -0.0039768718
   -0.0028637736
   -0.0017279883
  -0.00057743604
   0.00057984069
    0.0017357337
    0.0028821258
    0.0040109475
    0.0051142336
    0.0061841799
    0.0072131978
    0.0081939681
    0.0091194930
    0.0099831462
     0.010778720
     0.011500469
     0.012143154
     0.012702078
     0.013173118
     0.013552761
     0.013838126
     0.014026987
     0.014117790
     0.014109664
     0.014002432
     0.013796611
     0.013493411
     0.013094729
     0.012603136
     0.012021860
     0.011354768
     0.010606337
    0.0097816258
    0.0088862411
    0.0079262983
    0.0069083810
    0.0058394949
    0.0047270208
    0.0035786628
    0.0024023955
    0.0012064086
  -9.5011947e-07
   -0.0012112326
   -0.0024159500
   -0.0036066317
   -0.0047748852
   -0.0059124549
   -0.0070112801
   -0.0080635526
   -0.0090617717
   -0.0099987976
    -0.010867902
    -0.011662818
    -0.012377782
    -0.013007579
    -0.013547578
    -0.013993765
    -0.014342779
    -0.014591927
    -0.014739213
    -0.014783352
    -0.014723776
    -0.014560647
    -0.014294852
    -0.013928000
    -0.013462416
    -0.012901120
    -0.012247814
    -0.011506852
    -0.010683218
   -0.0097824847
   -0.0088107819
   -0.0077747522
   -0.0066815064
   -0.0055385746
   -0.0043538546
   -0.0031355574
   -0.0018921505
  -0.00063229868
   0.00063519553
    0.0019014538
    0.0031575839
    0.0043947419
    0.0056041946
    0.0067773807
    0.0079059718
    0.0089819307
    0.0099975693
     0.010945603
     0.011819202
     0.012612042
     0.013318350
     0.013932943
     0.014451270
     0.014869443
     0.015184267
     0.015393264
     0.015494690
     0.015487555
     0.015371625
     0.015147431
     0.014816263
     0.014380166
     0.013841927
     0.013205057
     0.012473767
     0.011652943
     0.010748111
    0.0097654014
    0.0087115077
    0.0075936400
    0.0064194764
    0.0051971105
    0.0039349954
    0.0026418857
    0.0013267766
  -1.1582644e-06
   -0.0013326309
   -0.0026583036
   -0.0039688546
   -0.0052550431
   -0.0065077745
   -0.0077181647
   -0.0088776026
   -0.0099778116
    -0.011010908
    -0.011969459
    -0.012846533
    -0.013635752
    -0.014331338
    -0.014928153
    -0.015421740
    -0.015808351
    -0.016084981
    -0.016249388
    -0.016300110
    -0.016236482
    -0.016058634
    -0.015767504
    -0.015364822
    -0.014853109
    -0.014235657
    -0.013516508
    -0.012700429
    -0.011792882
    -0.010799984
   -0.0097284682
   -0.0085856385
   -0.0073793192
   -0.0061178021
   -0.0048097891
   -0.0034643327
   -0.0020907737
  -0.00069867579
   0.00070224012
    0.0021021641
    0.0034912656
    0.0048597623
    0.0061979889
    0.0074964651
    0.0087459628
    0.0099375714
     0.011062761
     0.012113444
     0.013082032
     0.013961491
     0.014745394
     0.015427962
     0.016004115
     0.016469502
     0.016820539
     0.017054432
     0.017169201
     0.017163698
     0.017037614
     0.016791485
     0.016426691
     0.015945450
     0.015350801
     0.014646588
     0.013837438
     0.012928723
     0.011926532
     0.010837629
    0.0096694015
    0.0084298198
    0.0071273760
    0.0057710286
    0.0043701408
    0.0029344157
    0.0014738295
  -1.4375432e-06
   -0.0014810722
   -0.0029546998
   -0.0044119573
   -0.0058425654
   -0.0072364013
   -0.0085835700
   -0.0098744742
    -0.011099883
    -0.012250997
    -0.013319511
    -0.014297676
    -0.015178352
    -0.015955063
    -0.016622040
    -0.017174270
    -0.017607528
    -0.017918411
    -0.018104363
    -0.018163699
    -0.018095616
    -0.017900203
    -0.017578442
    -0.017132203
    -0.016564239
    -0.015878162
    -0.015078425
    -0.014170292
    -0.013159803
    -0.012053735
    -0.010859559
   -0.0095853831
   -0.0082399049
   -0.0068323478
   -0.0053724001
   -0.0038701474
   -0.0023360040
  -0.00078064019
   0.00078509127
    0.0023502309
    0.0039037889
    0.0054348223
    0.0069325113
    0.0083862361
    0.0097856518
     0.011120762
     0.012381988
     0.013560242
     0.014646987
     0.015634301
     0.016514936
     0.017282367
     0.017930843
     0.018455429
     0.018852045
     0.019117493
     0.019249485
     0.019246665
     0.019108615
     0.018835865
     0.018429893
     0.017893115
     0.017228873
     0.016441414
     0.015535864
     0.014518193
     0.013395178
     0.012174356
     0.010863976
    0.0094729421
    0.0080107540
    0.0064874414
    0.0049134959
    0.0032997993
    0.0016575484
  -1.8226882e-06
   -0.0016667214
   -0.0033254780
   -0.0049664265
   -0.0065779871
   -0.0081487471
   -0.0096675418
    -0.011123534
    -0.012506288
    -0.013805851
    -0.015012817
    -0.016118397
    -0.017114487
    -0.017993719
    -0.018749524
    -0.019376172
    -0.019868823
    -0.020223560
    -0.020437417
    -0.020508409
    -0.020435546
    -0.020218842
    -0.019859322
    -0.019359014
    -0.018720944
    -0.017949111
    -0.017048469
    -0.016024891
    -0.014885135
    -0.013636794
    -0.012288253
    -0.010848626
   -0.0093277006
   -0.0077358675
   -0.0060840520
   -0.0043836382
   -0.0026463918
  -0.00088437844
   0.00089011988
    0.0026646897
    0.0044268731
    0.0061642542
    0.0078645471
    0.0095156818
     0.011105890
     0.012623788
     0.014058459
     0.015399530
     0.016637247
     0.017762546
     0.018767118
     0.019643472
     0.020384988
     0.020985967
     0.021441675
     0.021748381
     0.021903384
     0.021905038
     0.021752766
     0.021447069
     0.020989524
     0.020382780
     0.019630545
     0.018737556
     0.017709560
     0.016553267
     0.015276317
     0.013887221
     0.012395310
     0.010810672
    0.0091440812
    0.0074069289
    0.0056111436
    0.0037691100
    0.0018935845
  -2.3934521e-06
   -0.0019055912
   -0.0038026750
   -0.0056803032
   -0.0075252192
   -0.0093243454
    -0.011064875
    -0.012734362
    -0.014320812
    -0.015812766
    -0.017199383
    -0.018470518
    -0.019616799
    -0.020629690
    -0.021501559
    -0.022225733
    -0.022796547
    -0.023209392
    -0.023460747
    -0.023548208
    -0.023470514
    -0.023227556
    -0.022820382
    -0.022251198
    -0.021523353
    -0.020641323
    -0.019610683
    -0.018438071
    -0.017131151
    -0.015698554
    -0.014149833
    -0.012495389
    -0.010746408
   -0.0089147860
   -0.0070130445
   -0.0050542487
   -0.0030519167
   -0.0010199273
    0.0010275758
    0.0030762823
    0.0051118147
    0.0071198284
    0.0090861128
     0.010996691
     0.012837919
     0.014596581
     0.016259988
     0.017816064
     0.019253434
     0.020561510
     0.021730565
     0.022751806
     0.023617440
     0.024320730
     0.024856051
     0.025218930
     0.025406086
     0.025415455
     0.025246209
     0.024898772
     0.024374817
     0.023677263
     0.022810256
     0.021779151
     0.020590475
     0.019251889
     0.017772137
     0.016160992
     0.014429188
     0.012588356
     0.010650940
    0.0086301149
    0.0065396996
    0.0043940616
    0.0022080187
  -3.2622294e-06
   -0.0022243701
   -0.0044397564
   -0.0066338435
   -0.0087911333
    -0.010896316
    -0.012934380
    -0.014890714
    -0.016751216
    -0.018502390
    -0.020131447
    -0.021626396
    -0.022976130
    -0.024170511
    -0.025200442
    -0.026057937
    -0.026736184
    -0.027229594
    -0.027533849
    -0.027645936
    -0.027564175
    -0.027288239
    -0.026819157
    -0.026159319
    -0.025312462
    -0.024283652
    -0.023079253
    -0.021706892
    -0.020175406
    -0.018494792
    -0.016676137
    -0.014731550
    -0.012674079
    -0.010517627
   -0.0082768555
   -0.0059670885
   -0.0036042068
   -0.0012045402
    0.0012152451
    0.0036382607
    0.0060475138
    0.0084260252
     0.010756948
     0.013023687
     0.015210015
     0.017300188
     0.019279059
     0.021132185
     0.022845934
     0.024407582
     0.025805407
     0.027028776
     0.028068229
     0.028915541
     0.029563798
     0.030007441
     0.030242320
     0.030265724
     0.030076412
     0.029674625
     0.029062097
     0.028242043
     0.027219153
     0.025999558
     0.024590802
     0.023001791
     0.021242741
     0.019325112
     0.017261536
     0.015065730
     0.012752413
     0.010337203
    0.0078365134
    0.0052674432
    0.0026476617
  -4.7134253e-06
   -0.0026712394
   -0.0053332761
   -0.0079721150
    -0.010569110
    -0.013105807
    -0.015564075
    -0.017926235
    -0.020175185
    -0.022294521
    -0.024268661
    -0.026082951
    -0.027723778
    -0.029178670
    -0.030436385
    -0.031487003
    -0.032321998
    -0.032934306
    -0.033318385
    -0.033470259
    -0.033387554
    -0.033069528
    -0.032517082
    -0.031732762
    -0.030720754
    -0.029486862
    -0.028038474
    -0.026384524
    -0.024535438
    -0.022503066
    -0.020300609
    -0.017942537
    -0.015444494
    -0.012823191
    -0.010096304
   -0.0072823482
   -0.0044005592
   -0.0014707594
    0.0014867752
    0.0044514547
    0.0074025167
     0.010319171
     0.013180743
     0.015966820
     0.018657397
     0.021233014
     0.023674899
     0.025965104
     0.028086631
     0.030023558
     0.031761162
     0.033286019
     0.034586115
     0.035650933
     0.036471537
     0.037040646
     0.037352692
     0.037403870
     0.037192179
     0.036717443
     0.035981325
     0.034987327
     0.033740780
     0.032248813
     0.030520318
     0.028565900
     0.026397811
     0.024029877
     0.021477413
     0.018757123
     0.015886994
     0.012886178
    0.0097748668
    0.0065741589
    0.0033059165
  -7.3809466e-06
   -0.0033427895
   -0.0066770575
   -0.0099867859
    -0.013248590
    -0.016439263
    -0.019535938
    -0.022516250
    -0.025358498
    -0.028041795
    -0.030546223
    -0.032852979
    -0.034944510
    -0.036804649
    -0.038418730
    -0.039773709
    -0.040858259
    -0.041662865
    -0.042179902
    -0.042403699
    -0.042330596
    -0.041958981
    -0.041289316
    -0.040324151
    -0.039068116
    -0.037527911
    -0.035712266
    -0.033631902
    -0.031299465
    -0.028729457
    -0.025938144
    -0.022943461
    -0.019764893
    -0.016423356
    -0.012941062
   -0.0093413683
   -0.0056486312
   -0.0018880392
    0.0019145544
    0.0057328067
    0.0095400639
     0.013309545
     0.017014528
     0.020628532
     0.024125509
     0.027480024
     0.030667438
     0.033664085
     0.036447444
     0.038996305
     0.041290927
     0.043313185
     0.045046709
     0.046477013
     0.047591611
     0.048380118
     0.048834337
     0.048948340
     0.048718521
     0.048143644
     0.047224867
     0.045965760
     0.044372292
     0.042452817
     0.040218029
     0.037680914
     0.034856672
     0.031762637
     0.028418171
     0.024844546
     0.021064816
     0.017103670
     0.012987277
    0.0087431153
    0.0043997931
  -1.3137304e-05
   -0.0044653778
   -0.0089260877
    -0.013364092
    -0.017748094
    -0.022046894
    -0.026229599
    -0.030265849
    -0.034126024
    -0.037781457
    -0.041204646
    -0.044369449
    -0.047251280
    -0.049827291
    -0.052076552
    -0.053980205
    -0.055521619
    -0.056686527
    -0.057463143
    -0.057842266
    -0.057817374
    -0.057384690
    -0.056543235
    -0.055294861
    -0.053644269
    -0.051599000
    -0.049169414
    -0.046368643
    -0.043212532
    -0.039719552
    -0.035910702
    -0.031809388
    -0.027441287
    -0.022834192
    -0.018017843
    -0.013023741
   -0.0078849485
   -0.0026358818
    0.0026879162
    0.0080500068
     0.013413297
     0.018740287
     0.023993327
     0.029134868
     0.034127727
     0.038935345
     0.043522042
     0.047853274
     0.051895883
     0.055618337
     0.058990968
     0.061986191
     0.064578722
     0.066745774
     0.068467240
     0.069725864
     0.070507390
     0.070800695
     0.070597899
     0.069894459
     0.068689238
     0.066984549
     0.064786188
     0.062103428
     0.058949000
     0.055339048
     0.051293059
     0.046833770
     0.041987055
     0.036781784
     0.031249666
     0.025425067
     0.019344808
     0.013047949
    0.0065755466
  -2.9594914e-05
   -0.0067231950
    -0.013459777
    -0.020192964
    -0.026875776
    -0.033460947
    -0.039901238
    -0.046149758
    -0.052160285
    -0.057887590
    -0.063287754
    -0.068318484
    -0.072939420
    -0.077112432
    -0.080801915
    -0.083975055
    -0.086602096
    -0.088656582
    -0.090115578
    -0.090959881
    -0.091174198
    -0.090747308
    -0.089672195
    -0.087946158
    -0.085570893
    -0.082552548
    -0.078901746
    -0.074633586
    -0.069767608
    -0.064327731
    -0.058342161
    -0.051843274
    -0.044867461
    -0.037454951
    -0.029649611
    -0.021498705
    -0.013052642
   -0.0043646939
    0.0045093127
     0.013511319
     0.022581381
     0.031658030
     0.040678655
     0.049579886
     0.058298006
     0.066769352
     0.074930737
     0.082719872
     0.090075780
     0.096939222
      0.10325311
      0.10896292
      0.11401707
      0.11836735
      0.12196925
      0.12478233
      0.12677058
      0.12790270
      0.12815239
      0.12749864
      0.12592598
      0.12342460
      0.11999064
      0.11562625
      0.11033972
      0.10414556
     0.097064541
     0.089123671
     0.080356177
     0.070801422
     0.060504792
     0.049517543
     0.037896619
     0.025704423
     0.013008557
  -0.00011846852
    -0.013599564
    -0.027353419
    -0.041294893
    -0.055335426
    -0.069383490
    -0.083345047
    -0.097124040
     -0.11062290
     -0.12374307
     -0.13638552
     -0.14845133
     -0.15984221
     -0.17046107
     -0.18021259
     -0.18900372
     -0.19674433
     -0.20334764
     -0.20873083
     -0.21281554
     -0.21552832
     -0.21680117
     -0.21657195
     -0.21478485
     -0.21139074
     -0.20634754
     -0.19962059
     -0.19118294
     -0.18101555
     -0.16910759
     -0.15545655
     -0.14006843
     -0.12295778
     -0.10414777
    -0.083670210
    -0.061565466
    -0.037882395
    -0.012678202
     0.013981741
     0.042024121
     0.071367955
      0.10192490
      0.13359960
      0.16629010
      0.19988824
      0.23428017
      0.26934679
      0.30496433
      0.34100488
      0.37733698
      0.41382623
      0.45033591
      0.48672761
      0.52286189
      0.55859896
      0.59379932
      0.62832445
      0.66203745
      0.69480373
      0.72649167
      0.75697322
      0.78612459
      0.81382678
      0.83996625
      0.86443541
      0.88713319
      0.90796556
      0.92684592
      0.94369561
      0.95844429
      0.97103023
      0.98140069
      0.98951216
      0.99533055
      0.99883141
       1.0000000
      0.99883141
      0.99533055
      0.98951216
      0.98140069
      0.97103023
      0.95844429
      0.94369561
      0.92684592
      0.90796556
      0.88713319
      0.86443541
      0.83996624
      0.81382678
      0.78612459
      0.75697322
      0.72649167
      0.69480373
      0.66203745
      0.62832445
      0.59379932
      0.55859896
      0.52286189
      0.48672761
      0.45033591
      0.41382623
      0.37733698
      0.34100488
      0.30496433
      0.26934679
      0.23428017
      0.19988824
      0.16629010
      0.13359960
      0.10192490
     0.071367955
     0.042024121
     0.013981741
    -0.012678202
    -0.037882395
    -0.061565466
    -0.083670210
     -0.10414777
     -0.12295778
     -0.14006843
     -0.15545655
     -0.16910759
     -0.18101555
     -0.19118294
     -0.19962059
     -0.20634754
     -0.21139073
     -0.21478485
     -0.21657195
     -0.21680116
     -0.21552832
     -0.21281554
     -0.20873083
     -0.20334764
     -0.19674433
     -0.18900372
     -0.18021259
     -0.17046107
     -0.15984221
     -0.14845133
     -0.13638552
     -0.12374306
     -0.11062290
    -0.097124040
    -0.083345047
    -0.069383490
    -0.055335426
    -0.041294893
    -0.027353419
    -0.013599564
  -0.00011846846
     0.013008557
     0.025704423
     0.037896620
     0.049517543
     0.060504792
     0.070801422
     0.080356177
     0.089123671
     0.097064541
      0.10414556
      0.11033972
      0.11562625
      0.11999064
      0.12342460
      0.12592598
      0.12749864
      0.12815239
      0.12790270
      0.12677058
      0.12478233
      0.12196925
      0.11836735
      0.11401707
      0.10896292
      0.10325311
     0.096939222
     0.090075780
     0.082719872
     0.074930737
     0.066769351
     0.058298006
     0.049579886
     0.040678655
     0.031658030
     0.022581381
     0.013511319
    0.0045093126
   -0.0043646941
    -0.013052642
    -0.021498705
    -0.029649611
    -0.037454952
    -0.044867461
    -0.051843274
    -0.058342161
    -0.064327731
    -0.069767608
    -0.074633586
    -0.078901746
    -0.082552548
    -0.085570893
    -0.087946158
    -0.089672195
    -0.090747308
    -0.091174199
    -0.090959881
    -0.090115578
    -0.088656582
    -0.086602096
    -0.083975055
    -0.080801915
    -0.077112432
    -0.072939420
    -0.068318484
    -0.063287755
    -0.057887590
    -0.052160285
    -0.046149758
    -0.039901238
    -0.033460947
    -0.026875776
    -0.020192964
    -0.013459778
   -0.0067231952
  -2.9595135e-05
    0.0065755464
     0.013047949
     0.019344808
     0.025425066
     0.031249666
     0.036781783
     0.041987054
     0.046833769
     0.051293058
     0.055339048
     0.058949000
     0.062103428
     0.064786188
     0.066984549
     0.068689237
     0.069894459
     0.070597899
     0.070800695
     0.070507390
     0.069725863
     0.068467239
     0.066745773
     0.064578722
     0.061986191
     0.058990968
     0.055618337
     0.051895883
     0.047853274
     0.043522042
     0.038935345
     0.034127727
     0.029134867
     0.023993326
     0.018740287
     0.013413297
    0.0080500067
    0.0026879162
   -0.0026358819
   -0.0078849485
    -0.013023741
    -0.018017843
    -0.022834192
    -0.027441287
    -0.031809388
    -0.035910701
    -0.039719551
    -0.043212532
    -0.046368643
    -0.049169413
    -0.051599000
    -0.053644269
    -0.055294861
    -0.056543235
    -0.057384690
    -0.057817374
    -0.057842266
    -0.057463142
    -0.056686527
    -0.055521619
    -0.053980204
    -0.052076551
    -0.049827291
    -0.047251279
    -0.044369449
    -0.041204646
    -0.037781457
    -0.034126023
    -0.030265849
    -0.026229599
    -0.022046893
    -0.017748094
    -0.013364092
   -0.0089260874
   -0.0044653776
  -1.3137046e-05
    0.0043997933
    0.0087431155
     0.012987278
     0.017103670
     0.021064816
     0.024844546
     0.028418171
     0.031762637
     0.034856672
     0.037680914
     0.040218029
     0.042452817
     0.044372292
     0.045965760
     0.047224867
     0.048143643
     0.048718521
     0.048948340
     0.048834337
     0.048380117
     0.047591611
     0.046477013
     0.045046708
     0.043313184
     0.041290927
     0.038996305
     0.036447444
     0.033664084
     0.030667438
     0.027480024
     0.024125509
     0.020628532
     0.017014527
     0.013309545
    0.0095400635
    0.0057328062
    0.0019145540
   -0.0018880396
   -0.0056486316
   -0.0093413686
    -0.012941062
    -0.016423357
    -0.019764893
    -0.022943461
    -0.025938144
    -0.028729457
    -0.031299465
    -0.033631902
    -0.035712266
    -0.037527911
    -0.039068116
    -0.040324151
    -0.041289316
    -0.041958981
    -0.042330596
    -0.042403699
    -0.042179902
    -0.041662865
    -0.040858259
    -0.039773709
    -0.038418730
    -0.036804648
    -0.034944510
    -0.032852978
    -0.030546223
    -0.028041794
    -0.025358497
    -0.022516250
    -0.019535937
    -0.016439262
    -0.013248589
   -0.0099867853
   -0.0066770569
   -0.0033427888
  -7.3803098e-06
    0.0033059171
    0.0065741595
    0.0097748674
     0.012886178
     0.015886995
     0.018757124
     0.021477414
     0.024029878
     0.026397811
     0.028565900
     0.030520318
     0.032248813
     0.033740781
     0.034987328
     0.035981325
     0.036717443
     0.037192180
     0.037403871
     0.037352692
     0.037040646
     0.036471537
     0.035650933
     0.034586115
     0.033286019
     0.031761162
     0.030023558
     0.028086630
     0.025965104
     0.023674899
     0.021233013
     0.018657396
     0.015966820
     0.013180742
     0.010319170
    0.0074025161
    0.0044514541
    0.0014867746
   -0.0014707601
   -0.0044005599
   -0.0072823489
    -0.010096304
    -0.012823192
    -0.015444494
    -0.017942538
    -0.020300610
    -0.022503066
    -0.024535439
    -0.026384525
    -0.028038474
    -0.029486862
    -0.030720755
    -0.031732763
    -0.032517082
    -0.033069529
    -0.033387554
    -0.033470259
    -0.033318386
    -0.032934307
    -0.032321998
    -0.031487003
    -0.030436385
    -0.029178670
    -0.027723779
    -0.026082951
    -0.024268661
    -0.022294521
    -0.020175185
    -0.017926235
    -0.015564075
    -0.013105806
    -0.010569110
   -0.0079721147
   -0.0053332758
   -0.0026712391
  -4.7130879e-06
    0.0026476620
    0.0052674436
    0.0078365138
     0.010337204
     0.012752414
     0.015065731
     0.017261536
     0.019325113
     0.021242741
     0.023001791
     0.024590802
     0.025999558
     0.027219153
     0.028242044
     0.029062097
     0.029674626
     0.030076412
     0.030265724
     0.030242320
     0.030007441
     0.029563798
     0.028915542
     0.028068229
     0.027028777
     0.025805407
     0.024407582
     0.022845934
     0.021132186
     0.019279059
     0.017300188
     0.015210015
     0.013023687
     0.010756948
    0.0084260251
    0.0060475137
    0.0036382605
    0.0012152449
   -0.0012045404
   -0.0036042071
   -0.0059670889
   -0.0082768559
    -0.010517627
    -0.012674080
    -0.014731550
    -0.016676138
    -0.018494792
    -0.020175407
    -0.021706892
    -0.023079254
    -0.024283652
    -0.025312462
    -0.026159319
    -0.026819157
    -0.027288239
    -0.027564176
    -0.027645936
    -0.027533849
    -0.027229594
    -0.026736184
    -0.026057937
    -0.025200442
    -0.024170511
    -0.022976131
    -0.021626397
    -0.020131448
    -0.018502390
    -0.016751216
    -0.014890714
    -0.012934380
    -0.010896316
   -0.0087911333
   -0.0066338435
   -0.0044397564
   -0.0022243700
  -3.2621084e-06
    0.0022080188
    0.0043940617
    0.0065396998
    0.0086301151
     0.010650940
     0.012588357
     0.014429189
     0.016160992
     0.017772138
     0.019251890
     0.020590476
     0.021779152
     0.022810256
     0.023677263
     0.024374818
     0.024898773
     0.025246210
     0.025415455
     0.025406087
     0.025218931
     0.024856051
     0.024320730
     0.023617440
     0.022751807
     0.021730566
     0.020561510
     0.019253434
     0.017816064
     0.016259989
     0.014596582
     0.012837919
     0.010996691
    0.0090861130
    0.0071198286
    0.0051118149
    0.0030762825
    0.0010275759
   -0.0010199272
   -0.0030519165
   -0.0050542486
   -0.0070130445
   -0.0089147860
    -0.010746408
    -0.012495389
    -0.014149833
    -0.015698555
    -0.017131151
    -0.018438072
    -0.019610683
    -0.020641323
    -0.021523353
    -0.022251198
    -0.022820382
    -0.023227556
    -0.023470515
    -0.023548208
    -0.023460747
    -0.023209392
    -0.022796547
    -0.022225733
    -0.021501559
    -0.020629690
    -0.019616799
    -0.018470518
    -0.017199383
    -0.015812766
    -0.014320812
    -0.012734362
    -0.011064875
   -0.0093243456
   -0.0075252194
   -0.0056803033
   -0.0038026751
   -0.0019055913
  -2.3935355e-06
    0.0018935844
    0.0037691100
    0.0056111435
    0.0074069289
    0.0091440812
     0.010810672
     0.012395310
     0.013887221
     0.015276317
     0.016553267
     0.017709560
     0.018737556
     0.019630545
     0.020382780
     0.020989524
     0.021447069
     0.021752766
     0.021905039
     0.021903384
     0.021748381
     0.021441675
     0.020985967
     0.020384988
     0.019643472
     0.018767118
     0.017762546
     0.016637247
     0.015399530
     0.014058459
     0.012623788
     0.011105890
    0.0095156818
    0.0078645471
    0.0061642542
    0.0044268731
    0.0026646897
   0.00089011983
  -0.00088437849
   -0.0026463919
   -0.0043836383
   -0.0060840520
   -0.0077358676
   -0.0093277007
    -0.010848626
    -0.012288253
    -0.013636794
    -0.014885135
    -0.016024892
    -0.017048469
    -0.017949111
    -0.018720944
    -0.019359014
    -0.019859322
    -0.020218842
    -0.020435546
    -0.020508409
    -0.020437417
    -0.020223560
    -0.019868823
    -0.019376172
    -0.018749524
    -0.017993719
    -0.017114487
    -0.016118398
    -0.015012817
    -0.013805851
    -0.012506288
    -0.011123534
   -0.0096675419
   -0.0081487471
   -0.0065779871
   -0.0049664265
   -0.0033254779
   -0.0016667214
  -1.8226282e-06
    0.0016575484
    0.0032997994
    0.0049134960
    0.0064874415
    0.0080107542
    0.0094729422
     0.010863976
     0.012174356
     0.013395178
     0.014518193
     0.015535864
     0.016441414
     0.017228873
     0.017893115
     0.018429893
     0.018835865
     0.019108615
     0.019246665
     0.019249485
     0.019117493
     0.018852045
     0.018455430
     0.017930843
     0.017282367
     0.016514936
     0.015634302
     0.014646987
     0.013560242
     0.012381988
     0.011120762
    0.0097856520
    0.0083862363
    0.0069325114
    0.0054348224
    0.0039037891
    0.0023502311
   0.00078509141
  -0.00078064006
   -0.0023360039
   -0.0038701473
   -0.0053723999
   -0.0068323477
   -0.0082399048
   -0.0095853831
    -0.010859559
    -0.012053735
    -0.013159803
    -0.014170292
    -0.015078425
    -0.015878162
    -0.016564239
    -0.017132203
    -0.017578442
    -0.017900203
    -0.018095616
    -0.018163699
    -0.018104363
    -0.017918411
    -0.017607528
    -0.017174270
    -0.016622040
    -0.015955063
    -0.015178352
    -0.014297676
    -0.013319511
    -0.012250997
    -0.011099883
   -0.0098744743
   -0.0085835701
   -0.0072364014
   -0.0058425655
   -0.0044119574
   -0.0029546999
   -0.0014810723
  -1.4376621e-06
    0.0014738294
    0.0029344156
    0.0043701407
    0.0057710285
    0.0071273758
    0.0084298196
    0.0096694013
     0.010837628
     0.011926532
     0.012928723
     0.013837438
     0.014646588
     0.015350800
     0.015945450
     0.016426691
     0.016791485
     0.017037614
     0.017163698
     0.017169201
     0.017054431
     0.016820539
     0.016469502
     0.016004115
     0.015427962
     0.014745393
     0.013961491
     0.013082032
     0.012113444
     0.011062761
    0.0099375711
    0.0087459625
    0.0074964648
    0.0061979886
    0.0048597620
    0.0034912654
    0.0021021639
   0.00070223990
  -0.00069867599
   -0.0020907739
   -0.0034643329
   -0.0048097892
   -0.0061178022
   -0.0073793193
   -0.0085856386
   -0.0097284683
    -0.010799984
    -0.011792882
    -0.012700429
    -0.013516508
    -0.014235657
    -0.014853109
    -0.015364822
    -0.015767504
    -0.016058634
    -0.016236481
    -0.016300110
    -0.016249387
    -0.016084980
    -0.015808350
    -0.015421739
    -0.014928153
    -0.014331338
    -0.013635752
    -0.012846532
    -0.011969458
    -0.011010908
   -0.0099778110
   -0.0088776020
   -0.0077181641
   -0.0065077739
   -0.0052550425
   -0.0039688540
   -0.0026583030
   -0.0013326302
  -1.1576030e-06
    0.0013267773
    0.0026418863
    0.0039349961
    0.0051971111
    0.0064194770
    0.0075936406
    0.0087115083
    0.0097654020
     0.010748111
     0.011652943
     0.012473768
     0.013205058
     0.013841928
     0.014380167
     0.014816263
     0.015147431
     0.015371626
     0.015487555
     0.015494690
     0.015393264
     0.015184267
     0.014869443
     0.014451270
     0.013932943
     0.013318350
     0.012612042
     0.011819202
     0.010945602
    0.0099975690
    0.0089819304
    0.0079059715
    0.0067773804
    0.0056041942
    0.0043947415
    0.0031575834
    0.0019014533
   0.00063519504
  -0.00063229921
   -0.0018921510
   -0.0031355580
   -0.0043538552
   -0.0055385752
   -0.0066815070
   -0.0077747528
   -0.0088107825
   -0.0097824853
    -0.010683218
    -0.011506853
    -0.012247814
    -0.012901121
    -0.013462416
    -0.013928001
    -0.014294852
    -0.014560648
    -0.014723777
    -0.014783352
    -0.014739213
    -0.014591927
    -0.014342779
    -0.013993766
    -0.013547578
    -0.013007580
    -0.012377783
    -0.011662818
    -0.010867903
   -0.0099987977
   -0.0090617718
   -0.0080635527
   -0.0070112801
   -0.0059124549
   -0.0047748852
   -0.0036066317
   -0.0024159499
   -0.0012112325
  -9.4997623e-07
    0.0012064087
    0.0024023957
    0.0035786630
    0.0047270211
    0.0058394952
    0.0069083812
    0.0079262986
    0.0088862413
    0.0097816261
     0.010606337
     0.011354768
     0.012021860
     0.012603136
     0.013094730
     0.013493412
     0.013796611
     0.014002432
     0.014109664
     0.014117790
     0.014026987
     0.013838126
     0.013552761
     0.013173118
     0.012702077
     0.012143154
     0.011500469
     0.010778720
    0.0099831460
    0.0091194927
    0.0081939677
    0.0072131974
    0.0061841795
    0.0051142331
    0.0040109470
    0.0028821253
    0.0017357332
   0.00057984008
  -0.00057743668
   -0.0017279889
   -0.0028637743
   -0.0039768725
   -0.0050595402
   -0.0061042650
   -0.0071038175
   -0.0080513012
   -0.0089402000
   -0.0097644226
    -0.010518345
    -0.011196848
    -0.011795351
    -0.012309847
    -0.012736923
    -0.013073787
    -0.013318286
    -0.013468916
    -0.013524838
    -0.013485872
    -0.013352508
    -0.013125894
    -0.012807826
    -0.012400741
    -0.011907688
    -0.011332317
    -0.010678840
   -0.0099520123
   -0.0091570877
   -0.0082997870
   -0.0073862543
   -0.0064230139
   -0.0054169235
   -0.0043751253
   -0.0033049957
   -0.0022140930
   -0.0011101043
  -7.9089286e-07
    0.0011060657
    0.0022027183
    0.0032815087
    0.0043349204
    0.0053556313
    0.0063365645
    0.0072709371
    0.0081523074
    0.0089746187
    0.0097322413
     0.010420011
     0.011033263
     0.011567866
     0.012020248
     0.012387420
     0.012666996
     0.012857209
     0.012956921
     0.012965632
     0.012883478
     0.012711232
     0.012450296
     0.012102690
     0.011671037
     0.011158541
     0.010568968
    0.0099066124
    0.0091762716
    0.0083832073
    0.0075331095
    0.0066320553
    0.0056864654
    0.0047030587
    0.0036888045
    0.0026508731
    0.0015965855
   0.00053336120
  -0.00053133323
   -0.0015900370
   -0.0026353470
   -0.0036599699
   -0.0046567726
   -0.0056188318
   -0.0065394823
   -0.0074123631
   -0.0082314609
   -0.0089911520
   -0.0096862403
    -0.010311993
    -0.010864174
    -0.011339068
    -0.011733513
    -0.012044915
    -0.012271265
    -0.012411157
    -0.012463793
    -0.012428985
    -0.012307160
    -0.012099353
    -0.011807199
    -0.011432920
    -0.010979309
    -0.010449708
   -0.0098479846
   -0.0091785030
   -0.0084460935
   -0.0076560167
   -0.0068139262
   -0.0059258283
   -0.0049980389
   -0.0040371388
   -0.0030499275
   -0.0020433742
   -0.0010245698
  -6.7589204e-07
    0.0010211246
    0.0020336782
    0.0030299108
    0.0040028773
    0.0049458095
    0.0058521632
    0.0067156641
    0.0075303503
    0.0082906143
    0.0089912408
    0.0096274430
     0.010194895
     0.010689760
     0.011108719
     0.011448991
     0.011708351
     0.011885145
     0.011978301
     0.011987334
     0.011912351
     0.011754046
     0.011513695
     0.011193146
     0.010794806
     0.010321620
    0.0097770524
    0.0091650615
    0.0084900687
    0.0077569279
    0.0069708909
    0.0061375693
    0.0052628948
    0.0043530770
    0.0034145590
    0.0024539725
    0.0014780905
   0.00049377949
  -0.00049204823
   -0.0014724835
   -0.0024406687
   -0.0033898453
   -0.0043134013
   -0.0052049172
   -0.0060582103
   -0.0068673778
   -0.0076268378
   -0.0083313670
   -0.0089761373
   -0.0095567486
    -0.010069259
    -0.010510210
    -0.010876652
    -0.011166164
    -0.011376866
    -0.011507437
    -0.011557115
    -0.011525711
    -0.011413602
    -0.011221728
    -0.010951589
    -0.010605228
    -0.010185218
   -0.0096946448
   -0.0091370800
   -0.0085165590
   -0.0078375500
   -0.0071049221
   -0.0063239109
   -0.0055000807
   -0.0046392850
   -0.0037476250
   -0.0028314065
   -0.0018970952
  -0.00095127109
  -5.8250182e-07
   0.00094830102
    0.0018887352
    0.0028141476
    0.0037180835
    0.0045942507
    0.0054365635
    0.0062391850
    0.0069965671
    0.0077034892
    0.0083550939
    0.0089469205
    0.0094749353
    0.0099355592
     0.010325692
     0.010642732
     0.010884597
     0.011049732
     0.011137124
     0.011146307
     0.011077362
     0.010930918
     0.010708147
     0.010410751
     0.010040953
    0.0096014774
    0.0090955342
    0.0085267910
    0.0078993491
    0.0072177131
    0.0064867592
    0.0057116996
    0.0048980462
    0.0040515708
    0.0031782644
    0.0022842951
    0.0013759641
   0.00045966186
  -0.00045817728
   -0.0013711200
   -0.0022727789
   -0.0031568577
   -0.0040171945
   -0.0048478050
   -0.0056429242
   -0.0063970463
   -0.0071049624
   -0.0077617970
   -0.0083630414
   -0.0089045842
   -0.0093827398
   -0.0097942733
    -0.010136423
    -0.010406916
    -0.010603988
    -0.010726392
    -0.010773404
    -0.010744832
    -0.010641012
    -0.010462808
    -0.010211601
   -0.0098892843
   -0.0094982432
   -0.0090413412
   -0.0085218978
   -0.0079436648
   -0.0073107987
   -0.0066278317
   -0.0058996385
   -0.0051314020
   -0.0043285763
   -0.0034968482
   -0.0026420966
   -0.0017703513
  -0.00088775050
  -4.9733979e-07
   0.00088518338
    0.0017630889
    0.0026270821
    0.0034711339
    0.0042893658
    0.0050760906
    0.0058258516
    0.0065334611
    0.0071940354
    0.0078030291
    0.0083562661
    0.0088499683
    0.0092807812
    0.0096457966
    0.0099425726
     0.010169149
     0.010324063
     0.010406352
     0.010415568
     0.010351775
     0.010215545
     0.010007961
    0.0097306009
    0.0093855298
    0.0089752832
    0.0085028489
    0.0079716451
    0.0073854959
    0.0067486034
    0.0060655181
    0.0053411061
    0.0045805147
    0.0037891356
    0.0029725669
    0.0021365737
    0.0012870469
   0.00042996244
  -0.00042866144
   -0.0012828058
   -0.0021264937
   -0.0029538313
   -0.0037590498
   -0.0045365450
   -0.0052809165
   -0.0059870055
   -0.0066499298
   -0.0072651181
   -0.0078283412
   -0.0083357415
   -0.0087838585
   -0.0091696533
   -0.0094905286
   -0.0097443464
   -0.0099294419
    -0.010044635
    -0.010089236
    -0.010063053
   -0.0099663892
   -0.0098000403
   -0.0095652898
   -0.0092638981
   -0.0088980894
   -0.0084705352
   -0.0079843354
   -0.0074429955
   -0.0068504011
   -0.0062107906
   -0.0055287246
   -0.0048090536
   -0.0040568832
   -0.0032775382
   -0.0024765251
   -0.0016594926
  -0.00083219258
  -4.3900737e-07
   0.00082993253
    0.0016531059
    0.0024633249
    0.0032549340
    0.0040224170
    0.0047604363
    0.0054638693
    0.0061278442
    0.0067477738
    0.0073193870
    0.0078387583
    0.0083023346
    0.0087069596
    0.0090498951
    0.0093288398
    0.0095419444
    0.0096878238
    0.0097655662
    0.0097747388
    0.0097153897
    0.0095880472
    0.0093937147
    0.0091338637
    0.0088104221
    0.0084257601
    0.0079826732
    0.0074843614
    0.0069344064
    0.0063367461
    0.0056956459
    0.0050156689
    0.0043016430
    0.0035586268
    0.0027918738
    0.0020067954
    0.0012089225
   0.00040386670
  -0.00040271903
   -0.0012051802
   -0.0019979005
   -0.0027753406
   -0.0035320775
   -0.0042628417
   -0.0049625542
   -0.0056263619
   -0.0062496708
   -0.0068281782
   -0.0073579020
   -0.0078352085
   -0.0082568368
   -0.0086199216
   -0.0089220120
   -0.0091610886
   -0.0093355766
   -0.0094443563
   -0.0094867701
   -0.0094626264
   -0.0093722003
   -0.0092162307
   -0.0089959147
   -0.0087128982
   -0.0083692639
   -0.0079675158
   -0.0075105612
   -0.0070016894
   -0.0064445484
   -0.0058431187
   -0.0052016846
   -0.0045248040
   -0.0038172762
   -0.0030841072
   -0.0023304753
   -0.0015616936
  -0.00078317315
  -3.8484981e-07
   0.00078117920
    0.0015560441
    0.0023187903
    0.0030640919
    0.0037867533
    0.0044817458
    0.0051442423
    0.0057696511
    0.0063536472
    0.0068922027
    0.0073816144
    0.0078185290
    0.0081999663
    0.0085233395
    0.0087864726
    0.0089876149
    0.0091254529
    0.0091991186
    0.0092081952
    0.0091527186
    0.0090331774
    0.0088505081
    0.0086060881
    0.0083017253
    0.0079396449
    0.0075224729
    0.0070532175
    0.0065352471
    0.0059722662
    0.0053682890
    0.0047276108
    0.0040547776
    0.0033545535
    0.0026318875
    0.0018918781
    0.0011397375
   0.00038075522
  -0.00037973968
   -0.0011364155
   -0.0018839753
   -0.0026171944
   -0.0033309561
   -0.0040202882
   -0.0046803970
   -0.0053067008
   -0.0058948618
   -0.0064408160
   -0.0069408013
   -0.0073913834
   -0.0077894791
   -0.0081323780
   -0.0084177602
   -0.0086437124
   -0.0088087408
   -0.0089117804
   -0.0089522023
   -0.0089298174
   -0.0088448767
   -0.0086980694
   -0.0084905170
   -0.0082237649
   -0.0078997711
   -0.0075208918
   -0.0070898641
   -0.0066097864
   -0.0060840964
   -0.0055165460
   -0.0049111750
   -0.0042722821
   -0.0036043945
   -0.0029122358
   -0.0022006927
   -0.0014747805
  -0.00073960758
  -3.3986111e-07
   0.00073783585
    0.0014697480
    0.0021902767
    0.0028943891
    0.0035771752
    0.0042338815
    0.0048599440
    0.0054510206
    0.0060030205
    0.0065121326
    0.0069748522
    0.0073880047
    0.0077487673
    0.0080546887
    0.0083037054
    0.0084941556
    0.0086247903
    0.0086947815
    0.0087037273
    0.0086516541
    0.0085390161
    0.0083666907
    0.0081359728
    0.0078485642
    0.0075065616
    0.0071124412
    0.0066690408
    0.0061795393
    0.0056474342
    0.0050765162
    0.0044708427
    0.0038347086
    0.0031726162
    0.0024892430
    0.0017894090
    0.0010780425
   0.00036014554
  -0.00035924132
   -0.0010750743
   -0.0017823419
   -0.0024760996
   -0.0031515050
   -0.0038038509
   -0.0044285988
   -0.0050214097
   -0.0055781749
   -0.0060950441
   -0.0065684520
   -0.0069951431
   -0.0073721937
   -0.0076970323
   -0.0079674567
   -0.0081816495
   -0.0083381895
   -0.0084360619
   -0.0084746642
   -0.0084538101
   -0.0083737302
   -0.0082350700
   -0.0080388842
   -0.0077866295
   -0.0074801530
   -0.0071216795
   -0.0067137949
   -0.0062594275
   -0.0057618275
   -0.0052245432
   -0.0046513961
   -0.0040464536
   -0.0034140001
   -0.0027585068
   -0.0020846000
   -0.0013970287
  -0.00070063085
  -2.9935797e-07
   0.00069905201
    0.0013925233
    0.0020752627
    0.0027425002
    0.0033895813
    0.0040119991
    0.0046054260
    0.0051657435
    0.0056890707
    0.0061717916
    0.0066105797
    0.0070024208
    0.0073446341
    0.0076348903
    0.0078712272
    0.0080520633
    0.0081762083
    0.0082428708
    0.0082516631
    0.0082026038
    0.0080961167
    0.0079330275
    0.0077145576
    0.0074423144
    0.0071182802
    0.0067447973
    0.0063245516
    0.0058605526
    0.0053561126
    0.0048148224
    0.0042405264
    0.0036372949
    0.0030093953
    0.0023612622
    0.0016974657
    0.0010226795
   0.00034164796
  -0.00034084738
   -0.0010200212
   -0.0016911180
   -0.0023494453
   -0.0029904067
   -0.0036095335
   -0.0042025164
   -0.0047652350
   -0.0052937864
   -0.0057845128
   -0.0062340263
   -0.0066392322
   -0.0069973509
   -0.0073059361
   -0.0075628922
   -0.0077664883
   -0.0079153695
   -0.0080085664
   -0.0080455010
   -0.0080259904
   -0.0079502475
   -0.0078188790
   -0.0076328805
   -0.0073936291
   -0.0071028735
   -0.0067627205
   -0.0063756206
   -0.0059443499
   -0.0054719904
   -0.0049619077
   -0.0044177273
   -0.0038433090
   -0.0032427191
   -0.0026202021
   -0.0019801501
   -0.0013270727
  -0.00066556434
  -0.00022226020
  -0.00022226019
