    -0.040352782
    -0.039717919
    -0.039082019
    -0.038445082
    -0.037807109
    -0.037168102
    -0.036528061
    -0.035886988
    -0.035244884
    -0.034601750
    -0.033957586
    -0.033312395
    -0.032666177
    -0.032018933
    -0.031370665
    -0.030721373
    -0.030071059
    -0.029419724
    -0.028767368
    -0.028113994
    -0.027459602
    -0.026804193
    -0.026147769
    -0.025490331
    -0.024831880
    -0.024172416
    -0.023511942
    -0.022850458
    -0.022187966
    -0.021524466
    -0.020859961
    -0.020194450
    -0.019527936
    -0.018860419
    -0.018191901
    -0.017522383
    -0.016851866
    -0.016180351
    -0.015507839
    -0.014834333
    -0.014159832
    -0.013484338
    -0.012807853
    -0.012130378
    -0.011451913
    -0.010772460
    -0.010092021
   -0.0094105963
   -0.0087281874
   -0.0080447956
   -0.0073604221
   -0.0066750682
   -0.0059887352
   -0.0053014243
   -0.0046131368
   -0.0039238739
   -0.0032336370
   -0.0025424274
   -0.0018502462
   -0.0011570949
  -0.00046297462
   0.00023211324
   0.00092816740
    0.0016251866
    0.0023231694
    0.0030221147
    0.0037220210
    0.0044228871
    0.0051247116
    0.0058274932
    0.0065312306
    0.0072359225
    0.0079415675
    0.0086481642
    0.0093557114
     0.010064208
     0.010773652
     0.011484042
     0.012195377
     0.012907656
     0.013620878
     0.014335040
     0.015050142
     0.015766182
     0.016483159
     0.017201071
     0.017919917
     0.018639696
     0.019360406
     0.020082046
     0.020804615
     0.021528110
     0.022252531
     0.022977877
     0.023704145
     0.024431335
     0.025159444
     0.025888472
     0.026618418
     0.027349279
     0.028081054
     0.028813742
     0.029547342
     0.030281851
     0.031017269
     0.031753594
     0.032490825
     0.033228959
     0.033967997
     0.034707935
     0.035448773
     0.036190510
     0.036933143
     0.037676672
     0.038421094
     0.039166409
     0.039912615
     0.040659710
     0.041407692
     0.042156561
     0.042906315
     0.043656953
     0.044408472
     0.045160871
     0.045914150
     0.046668305
     0.047423336
     0.048179242
     0.048936020
     0.049693669
     0.050452188
     0.051211575
     0.051971829
     0.052732948
     0.053494930
     0.054257773
     0.055021478
     0.055786041
     0.056551461
     0.057317737
     0.058084866
     0.058852849
     0.059621682
     0.060391365
     0.061161895
     0.061933271
     0.062705492
     0.063478556
     0.064252462
     0.065027207
     0.065802790
     0.066579210
     0.067356465
     0.068134553
     0.068913473
     0.069693223
     0.070473802
     0.071255207
     0.072037438
     0.072820492
     0.073604368
     0.074389064
     0.075174579
     0.075960911
     0.076748059
     0.077536020
     0.078324793
     0.079114377
     0.079904769
     0.080695968
     0.081487973
     0.082280782
     0.083074392
     0.083868803
     0.084664013
     0.085460020
     0.086256822
     0.087054418
     0.087852805
     0.088651983
     0.089451950
     0.090252703
     0.091054241
     0.091856563
     0.092659667
     0.093463550
     0.094268212
     0.095073650
     0.095879863
     0.096686850
     0.097494607
     0.098303135
     0.099112430
     0.099922491
      0.10073332
      0.10154491
      0.10235725
      0.10317036
      0.10398423
      0.10479885
      0.10561423
      0.10643035
      0.10724723
      0.10806486
      0.10888323
      0.10970235
      0.11052221
      0.11134281
      0.11216416
      0.11298624
      0.11380905
      0.11463260
      0.11545689
      0.11628190
      0.11710765
      0.11793412
      0.11876131
      0.11958923
      0.12041787
      0.12124723
      0.12207731
      0.12290810
      0.12373961
      0.12457183
      0.12540477
      0.12623841
      0.12707275
      0.12790781
      0.12874356
      0.12958002
      0.13041718
      0.13125503
      0.13209359
      0.13293283
      0.13377277
      0.13461340
      0.13545471
      0.13629672
      0.13713940
      0.13798277
      0.13882682
      0.13967156
      0.14051696
      0.14136305
      0.14220980
      0.14305723
      0.14390533
      0.14475409
      0.14560352
      0.14645362
      0.14730437
      0.14815579
      0.14900787
      0.14986060
      0.15071398
      0.15156802
      0.15242271
      0.15327805
      0.15413403
      0.15499066
      0.15584793
      0.15670584
      0.15756439
      0.15842358
      0.15928341
      0.16014386
      0.16100495
      0.16186666
      0.16272901
      0.16359198
      0.16445557
      0.16531978
      0.16618461
      0.16705006
      0.16791613
      0.16878281
      0.16965010
      0.17051800
      0.17138650
      0.17225562
      0.17312533
      0.17399565
      0.17486657
      0.17573808
      0.17661019
      0.17748290
      0.17835619
      0.17923008
      0.18010455
      0.18097961
      0.18185525
      0.18273147
      0.18360827
      0.18448565
      0.18536360
      0.18624213
      0.18712123
      0.18800090
      0.18888114
      0.18976194
      0.19064330
      0.19152523
      0.19240771
      0.19329075
      0.19417435
      0.19505850
      0.19594320
      0.19682845
      0.19771424
      0.19860059
      0.19948747
      0.20037489
      0.20126285
      0.20215135
      0.20304039
      0.20392995
      0.20482005
      0.20571067
      0.20660182
      0.20749350
      0.20838569
      0.20927841
      0.21017164
      0.21106539
      0.21195965
      0.21285442
      0.21374971
      0.21464550
      0.21554179
      0.21643859
      0.21733589
      0.21823369
      0.21913198
      0.22003077
      0.22093005
      0.22182982
      0.22273008
      0.22363083
      0.22453206
      0.22543377
      0.22633596
      0.22723863
      0.22814177
      0.22904539
      0.22994948
      0.23085404
      0.23175906
      0.23266455
      0.23357050
      0.23447691
      0.23538378
      0.23629110
      0.23719888
      0.23810711
      0.23901579
      0.23992492
      0.24083449
      0.24174451
      0.24265497
      0.24356586
      0.24447719
      0.24538896
      0.24630116
      0.24721379
      0.24812684
      0.24904032
      0.24995423
      0.25086855
      0.25178330
      0.25269846
      0.25361404
      0.25453002
      0.25544642
      0.25636323
      0.25728044
      0.25819806
      0.25911608
      0.26003449
      0.26095331
      0.26187251
      0.26279211
      0.26371211
      0.26463248
      0.26555325
      0.26647440
      0.26739593
      0.26831784
      0.26924012
      0.27016278
      0.27108581
      0.27200922
      0.27293299
      0.27385713
      0.27478163
      0.27570649
      0.27663171
      0.27755728
      0.27848322
      0.27940950
      0.28033613
      0.28126311
      0.28219044
      0.28311811
      0.28404612
      0.28497447
      0.28590316
      0.28683218
      0.28776153
      0.28869121
      0.28962122
      0.29055156
      0.29148221
      0.29241319
      0.29334449
      0.29427610
      0.29520802
      0.29614026
      0.29707280
      0.29800566
      0.29893881
      0.29987227
      0.30080603
      0.30174009
      0.30267444
      0.30360908
      0.30454402
      0.30547924
      0.30641475
      0.30735055
      0.30828662
      0.30922298
      0.31015961
      0.31109652
      0.31203369
      0.31297114
      0.31390886
      0.31484684
      0.31578509
      0.31672359
      0.31766235
      0.31860137
      0.31954065
      0.32048017
      0.32141994
      0.32235996
      0.32330023
      0.32424074
      0.32518148
      0.32612247
      0.32706368
      0.32800514
      0.32894682
      0.32988873
      0.33083086
      0.33177322
      0.33271580
      0.33365860
      0.33460162
      0.33554484
      0.33648828
      0.33743193
      0.33837579
      0.33931985
      0.34026411
      0.34120858
      0.34215324
      0.34309809
      0.34404314
      0.34498838
      0.34593381
      0.34687942
      0.34782521
      0.34877119
      0.34971735
      0.35066368
      0.35161018
      0.35255686
      0.35350370
      0.35445071
      0.35539789
      0.35634523
      0.35729272
      0.35824038
      0.35918819
      0.36013615
      0.36108426
      0.36203252
      0.36298093
      0.36392947
      0.36487816
      0.36582699
      0.36677595
      0.36772504
      0.36867427
      0.36962362
      0.37057310
      0.37152270
      0.37247243
      0.37342227
      0.37437223
      0.37532230
      0.37627249
      0.37722278
      0.37817318
      0.37912369
      0.38007430
      0.38102501
      0.38197581
      0.38292671
      0.38387770
      0.38482878
      0.38577995
      0.38673121
      0.38768254
      0.38863396
      0.38958545
      0.39053702
      0.39148867
      0.39244038
      0.39339216
      0.39434401
      0.39529592
      0.39624790
      0.39719993
      0.39815201
      0.39910415
      0.40005634
      0.40100858
      0.40196087
      0.40291320
      0.40386557
      0.40481798
      0.40577043
      0.40672291
      0.40767542
      0.40862797
      0.40958054
      0.41053313
      0.41148574
      0.41243838
      0.41339103
      0.41434370
      0.41529638
      0.41624907
      0.41720176
      0.41815446
      0.41910716
      0.42005987
      0.42101257
      0.42196526
      0.42291795
      0.42387063
      0.42482330
      0.42577595
      0.42672858
      0.42768120
      0.42863379
      0.42958636
      0.43053890
      0.43149141
      0.43244389
      0.43339633
      0.43434874
      0.43530111
      0.43625344
      0.43720572
      0.43815796
      0.43911014
      0.44006228
      0.44101436
      0.44196639
      0.44291835
      0.44387026
      0.44482210
      0.44577387
      0.44672558
      0.44767721
      0.44862877
      0.44958026
      0.45053166
      0.45148299
      0.45243423
      0.45338538
      0.45433645
      0.45528742
      0.45623830
      0.45718909
      0.45813978
      0.45909036
      0.46004085
      0.46099122
      0.46194149
      0.46289165
      0.46384169
      0.46479162
      0.46574143
      0.46669112
      0.46764069
      0.46859013
      0.46953945
      0.47048863
      0.47143768
      0.47238659
      0.47333537
      0.47428400
      0.47523250
      0.47618084
      0.47712904
      0.47807709
      0.47902499
      0.47997273
      0.48092031
      0.48186773
      0.48281499
      0.48376209
      0.48470901
      0.48565577
      0.48660235
      0.48754876
      0.48849499
      0.48944104
      0.49038691
      0.49133259
      0.49227809
      0.49322340
      0.49416851
      0.49511343
      0.49605815
      0.49700267
      0.49794698
      0.49889110
      0.49983500
      0.50077870
      0.50172218
      0.50266545
      0.50360850
      0.50455133
      0.50549394
      0.50643633
      0.50737848
      0.50832041
      0.50926211
      0.51020357
      0.51114479
      0.51208577
      0.51302651
      0.51396701
      0.51490726
      0.51584726
      0.51678701
      0.51772650
      0.51866574
      0.51960472
      0.52054343
      0.52148188
      0.52242006
      0.52335798
      0.52429562
      0.52523299
      0.52617008
      0.52710689
      0.52804342
      0.52897966
      0.52991562
      0.53085129
      0.53178667
      0.53272175
      0.53365654
      0.53459103
      0.53552521
      0.53645909
      0.53739267
      0.53832593
      0.53925889
      0.54019153
      0.54112385
      0.54205586
      0.54298754
      0.54391890
      0.54484993
      0.54578064
      0.54671101
      0.54764105
      0.54857075
      0.54950011
      0.55042914
      0.55135782
      0.55228615
      0.55321413
      0.55414176
      0.55506904
      0.55599597
      0.55692253
      0.55784873
      0.55877457
      0.55970005
      0.56062515
      0.56154989
      0.56247425
      0.56339824
      0.56432184
      0.56524507
      0.56616791
      0.56709037
      0.56801244
      0.56893412
      0.56985540
      0.57077629
      0.57169678
      0.57261688
      0.57353656
      0.57445585
      0.57537472
      0.57629319
      0.57721124
      0.57812888
      0.57904610
      0.57996290
      0.58087927
      0.58179522
      0.58271075
      0.58362584
      0.58454050
      0.58545473
      0.58636852
      0.58728187
      0.58819478
      0.58910724
      0.59001925
      0.59093082
      0.59184193
      0.59275259
      0.59366280
      0.59457254
      0.59548182
      0.59639064
      0.59729899
      0.59820687
      0.59911428
      0.60002121
      0.60092767
      0.60183365
      0.60273915
      0.60364417
      0.60454870
      0.60545274
      0.60635629
      0.60725934
      0.60816190
      0.60906396
      0.60996552
      0.61086658
      0.61176713
      0.61266718
      0.61356671
      0.61446573
      0.61536423
      0.61626222
      0.61715969
      0.61805663
      0.61895305
      0.61984894
      0.62074430
      0.62163913
      0.62253343
      0.62342718
      0.62432040
      0.62521308
      0.62610521
      0.62699679
      0.62788783
      0.62877831
      0.62966824
      0.63055761
      0.63144643
      0.63233468
      0.63322237
      0.63410949
      0.63499604
      0.63588203
      0.63676744
      0.63765227
      0.63853653
      0.63942020
      0.64030330
      0.64118580
      0.64206772
      0.64294905
      0.64382979
      0.64470993
      0.64558948
      0.64646842
      0.64734676
      0.64822450
      0.64910164
      0.64997816
      0.65085407
      0.65172937
      0.65260405
      0.65347811
      0.65435155
      0.65522437
      0.65609656
      0.65696812
      0.65783906
      0.65870936
      0.65957902
      0.66044805
      0.66131643
      0.66218418
      0.66305128
      0.66391773
      0.66478353
      0.66564868
      0.66651318
      0.66737702
      0.66824020
      0.66910272
      0.66996458
      0.67082577
      0.67168629
      0.67254614
      0.67340532
      0.67426382
      0.67512165
      0.67597879
      0.67683525
      0.67769103
      0.67854612
      0.67940052
      0.68025423
      0.68110725
      0.68195956
      0.68281118
      0.68366210
      0.68451232
      0.68536183
      0.68621063
      0.68705872
      0.68790610
      0.68875276
      0.68959871
      0.69044393
      0.69128844
      0.69213222
      0.69297527
      0.69381760
      0.69465919
      0.69550005
      0.69634017
      0.69717956
      0.69801820
      0.69885611
      0.69969326
      0.70052967
      0.70136533
      0.70220024
      0.70303440
      0.70386779
      0.70470043
      0.70553231
      0.70636342
      0.70719377
      0.70802335
      0.70885216
      0.70968020
      0.71050746
      0.71133395
      0.71215966
      0.71298458
      0.71380872
      0.71463208
      0.71545465
      0.71627642
      0.71709741
      0.71791759
      0.71873699
      0.71955558
      0.72037337
      0.72119035
      0.72200653
      0.72282190
      0.72363646
      0.72445020
      0.72526313
      0.72607525
      0.72688654
      0.72769701
      0.72850666
      0.72931548
      0.73012347
      0.73093063
      0.73173695
      0.73254244
      0.73334710
      0.73415091
      0.73495388
      0.73575601
      0.73655729
      0.73735772
      0.73815730
      0.73895603
      0.73975390
      0.74055092
      0.74134707
      0.74214236
      0.74293679
      0.74373035
      0.74452304
      0.74531487
      0.74610582
      0.74689589
      0.74768509
      0.74847340
      0.74926084
      0.75004739
      0.75083306
      0.75161783
      0.75240172
      0.75318471
      0.75396681
      0.75474802
      0.75552832
      0.75630772
      0.75708622
      0.75786381
      0.75864050
      0.75941628
      0.76019114
      0.76096509
      0.76173812
      0.76251024
      0.76328143
      0.76405170
      0.76482105
      0.76558947
      0.76635696
      0.76712352
      0.76788914
      0.76865383
      0.76941758
      0.77018040
      0.77094227
      0.77170319
      0.77246318
      0.77322221
      0.77398029
      0.77473742
      0.77549359
      0.77624881
      0.77700307
      0.77775637
      0.77850871
      0.77926008
      0.78001048
      0.78075992
      0.78150838
      0.78225587
      0.78300239
      0.78374792
      0.78449248
      0.78523606
      0.78597865
      0.78672026
      0.78746088
      0.78820050
      0.78893914
      0.78967678
      0.79041343
      0.79114908
      0.79188373
      0.79261737
      0.79335002
      0.79408165
      0.79481228
      0.79554190
      0.79627050
      0.79699809
      0.79772466
      0.79845022
      0.79917475
      0.79989827
      0.80062075
      0.80134221
      0.80206265
      0.80278205
      0.80350042
      0.80421775
      0.80493405
      0.80564931
      0.80636353
      0.80707670
      0.80778884
      0.80849992
      0.80920996
      0.80991894
      0.81062688
      0.81133376
      0.81203958
      0.81274434
      0.81344805
      0.81415069
      0.81485226
      0.81555277
      0.81625222
      0.81695059
      0.81764789
      0.81834411
      0.81903926
      0.81973334
      0.82042633
      0.82111824
      0.82180906
      0.82249880
      0.82318746
      0.82387502
      0.82456149
      0.82524687
      0.82593115
      0.82661434
      0.82729642
      0.82797741
      0.82865729
      0.82933607
      0.83001374
      0.83069030
      0.83136575
      0.83204009
      0.83271332
      0.83338542
      0.83405641
      0.83472628
      0.83539503
      0.83606266
      0.83672915
      0.83739452
      0.83805877
      0.83872188
      0.83938385
      0.84004470
      0.84070440
      0.84136297
      0.84202039
      0.84267668
      0.84333182
      0.84398581
      0.84463866
      0.84529035
      0.84594090
      0.84659029
      0.84723852
      0.84788560
      0.84853152
      0.84917628
      0.84981988
      0.85046231
      0.85110358
      0.85174367
      0.85238260
      0.85302036
      0.85365694
      0.85429235
      0.85492659
      0.85555964
      0.85619151
      0.85682220
      0.85745171
      0.85808003
      0.85870717
      0.85933311
      0.85995786
      0.86058143
      0.86120379
      0.86182496
      0.86244493
      0.86306371
      0.86368128
      0.86429765
      0.86491281
      0.86552676
      0.86613951
      0.86675105
      0.86736137
      0.86797049
      0.86857838
      0.86918506
      0.86979052
      0.87039476
      0.87099778
      0.87159958
      0.87220015
      0.87279949
      0.87339760
      0.87399448
      0.87459013
      0.87518455
      0.87577773
      0.87636967
      0.87696038
      0.87754984
      0.87813806
      0.87872504
      0.87931077
      0.87989525
      0.88047849
      0.88106047
      0.88164121
      0.88222069
      0.88279891
      0.88337588
      0.88395158
      0.88452603
      0.88509922
      0.88567114
      0.88624179
      0.88681118
      0.88737930
      0.88794616
      0.88851173
      0.88907604
      0.88963907
      0.89020083
      0.89076130
      0.89132050
      0.89187842
      0.89243505
      0.89299040
      0.89354446
      0.89409724
      0.89464873
      0.89519892
      0.89574783
      0.89629544
      0.89684175
      0.89738677
      0.89793049
      0.89847291
      0.89901403
      0.89955385
      0.90009236
      0.90062957
      0.90116547
      0.90170006
      0.90223333
      0.90276530
      0.90329595
      0.90382529
      0.90435331
      0.90488002
      0.90540540
      0.90592947
      0.90645221
      0.90697362
      0.90749372
      0.90801248
      0.90852992
      0.90904602
      0.90956080
      0.91007424
      0.91058635
      0.91109712
      0.91160656
      0.91211466
      0.91262141
      0.91312683
      0.91363090
      0.91413363
      0.91463501
      0.91513505
      0.91563374
      0.91613107
      0.91662706
      0.91712169
      0.91761497
      0.91810690
      0.91859746
      0.91908667
      0.91957452
      0.92006101
      0.92054613
      0.92102989
      0.92151229
      0.92199332
      0.92247298
      0.92295127
      0.92342819
      0.92390374
      0.92437792
      0.92485072
      0.92532214
      0.92579219
      0.92626086
      0.92672815
      0.92719406
      0.92765858
      0.92812172
      0.92858348
      0.92904384
      0.92950283
      0.92996042
      0.93041662
      0.93087143
      0.93132484
      0.93177686
      0.93222749
      0.93267672
      0.93312455
      0.93357098
      0.93401601
      0.93445964
      0.93490186
      0.93534268
      0.93578210
      0.93622010
      0.93665670
      0.93709189
      0.93752567
      0.93795804
      0.93838899
      0.93881853
      0.93924665
      0.93967336
      0.94009864
      0.94052251
      0.94094496
      0.94136598
      0.94178559
      0.94220377
      0.94262052
      0.94303585
      0.94344975
      0.94386222
      0.94427326
      0.94468287
      0.94509104
      0.94549778
      0.94590309
      0.94630697
      0.94670940
      0.94711040
      0.94750996
      0.94790807
      0.94830475
      0.94869998
      0.94909377
      0.94948612
      0.94987702
      0.95026647
      0.95065447
      0.95104102
      0.95142613
      0.95180978
      0.95219198
      0.95257272
      0.95295201
      0.95332985
      0.95370622
      0.95408114
      0.95445460
      0.95482660
      0.95519714
      0.95556622
      0.95593383
      0.95629998
      0.95666466
      0.95702788
      0.95738963
      0.95774991
      0.95810872
      0.95846606
      0.95882193
      0.95917632
      0.95952925
      0.95988069
      0.96023067
      0.96057916
      0.96092618
      0.96127172
      0.96161578
      0.96195836
      0.96229945
      0.96263907
      0.96297720
      0.96331385
      0.96364901
      0.96398268
      0.96431487
      0.96464557
      0.96497478
      0.96530250
      0.96562873
      0.96595347
      0.96627671
      0.96659846
      0.96691871
      0.96723747
      0.96755474
      0.96787050
      0.96818477
      0.96849754
      0.96880880
      0.96911857
      0.96942683
      0.96973359
      0.97003885
      0.97034261
      0.97064485
      0.97094559
      0.97124483
      0.97154255
      0.97183877
      0.97213348
      0.97242667
      0.97271836
      0.97300853
      0.97329719
      0.97358434
      0.97386997
      0.97415409
      0.97443668
      0.97471777
      0.97499733
      0.97527538
      0.97555190
      0.97582691
      0.97610039
      0.97637235
      0.97664279
      0.97691171
      0.97717910
      0.97744497
      0.97770931
      0.97797213
      0.97823341
      0.97849317
      0.97875140
      0.97900811
      0.97926328
      0.97951692
      0.97976903
      0.98001960
      0.98026864
      0.98051615
      0.98076213
      0.98100657
      0.98124947
      0.98149084
      0.98173067
      0.98196896
      0.98220571
      0.98244093
      0.98267460
      0.98290673
      0.98313733
      0.98336637
      0.98359388
      0.98381985
      0.98404426
      0.98426714
      0.98448847
      0.98470825
      0.98492649
      0.98514318
      0.98535832
      0.98557192
      0.98578396
      0.98599446
      0.98620341
      0.98641080
      0.98661664
      0.98682094
      0.98702367
      0.98722486
      0.98742449
      0.98762257
      0.98781909
      0.98801406
      0.98820747
      0.98839933
      0.98858963
      0.98877837
      0.98896555
      0.98915117
      0.98933524
      0.98951774
      0.98969869
      0.98987807
      0.99005589
      0.99023216
      0.99040685
      0.99057999
      0.99075156
      0.99092157
      0.99109002
      0.99125690
      0.99142221
      0.99158596
      0.99174814
      0.99190876
      0.99206781
      0.99222529
      0.99238120
      0.99253555
      0.99268832
      0.99283953
      0.99298917
      0.99313724
      0.99328373
      0.99342866
      0.99357201
      0.99371379
      0.99385400
      0.99399264
      0.99412970
      0.99426520
      0.99439911
      0.99453146
      0.99466222
      0.99479142
      0.99491904
      0.99504508
      0.99516954
      0.99529243
      0.99541375
      0.99553348
      0.99565164
      0.99576822
      0.99588322
      0.99599665
      0.99610849
      0.99621876
      0.99632745
      0.99643455
      0.99654008
      0.99664403
      0.99674639
      0.99684718
      0.99694638
      0.99704401
      0.99714005
      0.99723451
      0.99732738
      0.99741868
      0.99750839
      0.99759652
      0.99768306
      0.99776802
      0.99785140
      0.99793319
      0.99801340
      0.99809202
      0.99816906
      0.99824452
      0.99831839
      0.99839067
      0.99846137
      0.99853048
      0.99859801
      0.99866395
      0.99872830
      0.99879107
      0.99885225
      0.99891184
      0.99896985
      0.99902627
      0.99908110
      0.99913435
      0.99918600
      0.99923607
      0.99928455
      0.99933144
      0.99937675
      0.99942046
      0.99946259
      0.99950313
      0.99954208
      0.99957944
      0.99961521
      0.99964939
      0.99968198
      0.99971299
      0.99974240
      0.99977023
      0.99979646
      0.99982111
      0.99984416
      0.99986563
      0.99988551
      0.99990379
      0.99992049
      0.99993560
      0.99994911
      0.99996104
      0.99997138
      0.99998012
      0.99998728
      0.99999284
      0.99999682
      0.99999920
       1.0000000
      0.99999920
      0.99999682
      0.99999284
      0.99998728
      0.99998012
      0.99997138
      0.99996104
      0.99994911
      0.99993560
      0.99992049
      0.99990379
      0.99988551
      0.99986563
      0.99984416
      0.99982111
      0.99979646
      0.99977023
      0.99974240
      0.99971299
      0.99968198
      0.99964939
      0.99961521
      0.99957944
      0.99954208
      0.99950313
      0.99946259
      0.99942046
      0.99937675
      0.99933144
      0.99928455
      0.99923607
      0.99918600
      0.99913435
      0.99908110
      0.99902627
      0.99896985
      0.99891184
      0.99885225
      0.99879107
      0.99872830
      0.99866395
      0.99859801
      0.99853048
      0.99846137
      0.99839067
      0.99831839
      0.99824452
      0.99816906
      0.99809202
      0.99801340
      0.99793319
      0.99785140
      0.99776802
      0.99768306
      0.99759652
      0.99750839
      0.99741868
      0.99732738
      0.99723451
      0.99714005
      0.99704401
      0.99694638
      0.99684718
      0.99674639
      0.99664403
      0.99654008
      0.99643455
      0.99632745
      0.99621876
      0.99610849
      0.99599665
      0.99588322
      0.99576822
      0.99565164
      0.99553348
      0.99541375
      0.99529243
      0.99516954
      0.99504508
      0.99491904
      0.99479142
      0.99466222
      0.99453146
      0.99439911
      0.99426520
      0.99412970
      0.99399264
      0.99385400
      0.99371379
      0.99357201
      0.99342866
      0.99328373
      0.99313724
      0.99298917
      0.99283953
      0.99268832
      0.99253555
      0.99238120
      0.99222529
      0.99206781
      0.99190876
      0.99174814
      0.99158596
      0.99142221
      0.99125690
      0.99109002
      0.99092157
      0.99075156
      0.99057999
      0.99040685
      0.99023216
      0.99005589
      0.98987807
      0.98969869
      0.98951774
      0.98933524
      0.98915117
      0.98896555
      0.98877837
      0.98858963
      0.98839933
      0.98820747
      0.98801406
      0.98781909
      0.98762257
      0.98742449
      0.98722486
      0.98702367
      0.98682094
      0.98661664
      0.98641080
      0.98620341
      0.98599446
      0.98578396
      0.98557192
      0.98535832
      0.98514318
      0.98492649
      0.98470825
      0.98448847
      0.98426714
      0.98404426
      0.98381985
      0.98359388
      0.98336637
      0.98313732
      0.98290673
      0.98267460
      0.98244093
      0.98220571
      0.98196896
      0.98173067
      0.98149084
      0.98124947
      0.98100657
      0.98076213
      0.98051615
      0.98026864
      0.98001960
      0.97976903
      0.97951692
      0.97926328
      0.97900811
      0.97875140
      0.97849317
      0.97823341
      0.97797213
      0.97770931
      0.97744497
      0.97717910
      0.97691171
      0.97664279
      0.97637235
      0.97610039
      0.97582691
      0.97555190
      0.97527538
      0.97499733
      0.97471777
      0.97443668
      0.97415409
      0.97386997
      0.97358434
      0.97329719
      0.97300853
      0.97271836
      0.97242667
      0.97213348
      0.97183877
      0.97154255
      0.97124483
      0.97094559
      0.97064485
      0.97034261
      0.97003885
      0.96973359
      0.96942683
      0.96911857
      0.96880880
      0.96849754
      0.96818477
      0.96787050
      0.96755474
      0.96723747
      0.96691871
      0.96659846
      0.96627671
      0.96595347
      0.96562873
      0.96530250
      0.96497478
      0.96464557
      0.96431487
      0.96398268
      0.96364901
      0.96331385
      0.96297720
      0.96263907
      0.96229945
      0.96195836
      0.96161578
      0.96127172
      0.96092618
      0.96057916
      0.96023067
      0.95988069
      0.95952925
      0.95917632
      0.95882193
      0.95846606
      0.95810872
      0.95774991
      0.95738963
      0.95702788
      0.95666466
      0.95629998
      0.95593383
      0.95556622
      0.95519714
      0.95482660
      0.95445460
      0.95408114
      0.95370622
      0.95332985
      0.95295201
      0.95257272
      0.95219198
      0.95180978
      0.95142613
      0.95104102
      0.95065447
      0.95026647
      0.94987702
      0.94948612
      0.94909377
      0.94869998
      0.94830475
      0.94790807
      0.94750996
      0.94711040
      0.94670940
      0.94630697
      0.94590309
      0.94549778
      0.94509104
      0.94468287
      0.94427326
      0.94386222
      0.94344975
      0.94303585
      0.94262052
      0.94220377
      0.94178559
      0.94136598
      0.94094496
      0.94052251
      0.94009864
      0.93967336
      0.93924665
      0.93881853
      0.93838899
      0.93795804
      0.93752567
      0.93709189
      0.93665670
      0.93622010
      0.93578210
      0.93534268
      0.93490186
      0.93445964
      0.93401601
      0.93357098
      0.93312455
      0.93267672
      0.93222749
      0.93177686
      0.93132484
      0.93087143
      0.93041662
      0.92996042
      0.92950283
      0.92904384
      0.92858348
      0.92812172
      0.92765858
      0.92719406
      0.92672815
      0.92626086
      0.92579219
      0.92532214
      0.92485072
      0.92437792
      0.92390374
      0.92342819
      0.92295127
      0.92247298
      0.92199332
      0.92151229
      0.92102989
      0.92054613
      0.92006101
      0.91957452
      0.91908667
      0.91859746
      0.91810690
      0.91761497
      0.91712169
      0.91662706
      0.91613107
      0.91563374
      0.91513505
      0.91463501
      0.91413363
      0.91363090
      0.91312683
      0.91262141
      0.91211466
      0.91160656
      0.91109712
      0.91058635
      0.91007424
      0.90956080
      0.90904602
      0.90852992
      0.90801248
      0.90749372
      0.90697362
      0.90645221
      0.90592947
      0.90540540
      0.90488002
      0.90435331
      0.90382529
      0.90329595
      0.90276530
      0.90223333
      0.90170006
      0.90116547
      0.90062957
      0.90009236
      0.89955385
      0.89901403
      0.89847291
      0.89793049
      0.89738677
      0.89684175
      0.89629544
      0.89574783
      0.89519892
      0.89464873
      0.89409724
      0.89354446
      0.89299040
      0.89243505
      0.89187842
      0.89132050
      0.89076130
      0.89020083
      0.88963907
      0.88907604
      0.88851173
      0.88794616
      0.88737930
      0.88681118
      0.88624179
      0.88567114
      0.88509922
      0.88452603
      0.88395158
      0.88337588
      0.88279891
      0.88222069
      0.88164121
      0.88106047
      0.88047849
      0.87989525
      0.87931077
      0.87872504
      0.87813806
      0.87754984
      0.87696038
      0.87636967
      0.87577773
      0.87518455
      0.87459013
      0.87399448
      0.87339760
      0.87279949
      0.87220015
      0.87159958
      0.87099778
      0.87039476
      0.86979052
      0.86918506
      0.86857838
      0.86797049
      0.86736137
      0.86675105
      0.86613951
      0.86552676
      0.86491281
      0.86429765
      0.86368128
      0.86306371
      0.86244493
      0.86182496
      0.86120379
      0.86058143
      0.85995786
      0.85933311
      0.85870717
      0.85808003
      0.85745171
      0.85682220
      0.85619151
      0.85555964
      0.85492659
      0.85429235
      0.85365694
      0.85302036
      0.85238260
      0.85174367
      0.85110358
      0.85046231
      0.84981988
      0.84917628
      0.84853152
      0.84788560
      0.84723852
      0.84659029
      0.84594090
      0.84529035
      0.84463866
      0.84398581
      0.84333182
      0.84267668
      0.84202039
      0.84136297
      0.84070440
      0.84004470
      0.83938385
      0.83872188
      0.83805877
      0.83739452
      0.83672915
      0.83606266
      0.83539503
      0.83472628
      0.83405641
      0.83338542
      0.83271332
      0.83204009
      0.83136575
      0.83069030
      0.83001374
      0.82933607
      0.82865729
      0.82797741
      0.82729642
      0.82661434
      0.82593115
      0.82524687
      0.82456149
      0.82387502
      0.82318746
      0.82249880
      0.82180906
      0.82111824
      0.82042633
      0.81973334
      0.81903926
      0.81834411
      0.81764789
      0.81695059
      0.81625222
      0.81555277
      0.81485226
      0.81415069
      0.81344805
      0.81274434
      0.81203958
      0.81133376
      0.81062688
      0.80991894
      0.80920996
      0.80849992
      0.80778884
      0.80707670
      0.80636353
      0.80564931
      0.80493405
      0.80421775
      0.80350042
      0.80278205
      0.80206265
      0.80134221
      0.80062075
      0.79989827
      0.79917475
      0.79845022
      0.79772466
      0.79699809
      0.79627050
      0.79554190
      0.79481228
      0.79408165
      0.79335002
      0.79261737
      0.79188373
      0.79114908
      0.79041343
      0.78967678
      0.78893914
      0.78820050
      0.78746088
      0.78672026
      0.78597865
      0.78523606
      0.78449248
      0.78374792
      0.78300239
      0.78225587
      0.78150838
      0.78075992
      0.78001048
      0.77926008
      0.77850871
      0.77775637
      0.77700307
      0.77624881
      0.77549359
      0.77473742
      0.77398029
      0.77322221
      0.77246318
      0.77170319
      0.77094227
      0.77018040
      0.76941758
      0.76865383
      0.76788914
      0.76712352
      0.76635696
      0.76558947
      0.76482105
      0.76405170
      0.76328143
      0.76251024
      0.76173812
      0.76096509
      0.76019114
      0.75941628
      0.75864050
      0.75786381
      0.75708622
      0.75630772
      0.75552832
      0.75474802
      0.75396681
      0.75318472
      0.75240172
      0.75161783
      0.75083306
      0.75004739
      0.74926084
      0.74847340
      0.74768509
      0.74689589
      0.74610582
      0.74531487
      0.74452304
      0.74373035
      0.74293679
      0.74214236
      0.74134707
      0.74055092
      0.73975390
      0.73895603
      0.73815730
      0.73735772
      0.73655729
      0.73575601
      0.73495388
      0.73415091
      0.73334710
      0.73254244
      0.73173695
      0.73093063
      0.73012347
      0.72931548
      0.72850666
      0.72769701
      0.72688654
      0.72607525
      0.72526313
      0.72445020
      0.72363646
      0.72282190
      0.72200653
      0.72119035
      0.72037337
      0.71955558
      0.71873699
      0.71791759
      0.71709741
      0.71627642
      0.71545465
      0.71463208
      0.71380872
      0.71298458
      0.71215966
      0.71133395
      0.71050746
      0.70968020
      0.70885216
      0.70802335
      0.70719377
      0.70636342
      0.70553231
      0.70470043
      0.70386779
      0.70303440
      0.70220024
      0.70136533
      0.70052967
      0.69969326
      0.69885611
      0.69801820
      0.69717956
      0.69634017
      0.69550005
      0.69465919
      0.69381760
      0.69297527
      0.69213222
      0.69128844
      0.69044393
      0.68959871
      0.68875276
      0.68790610
      0.68705872
      0.68621063
      0.68536183
      0.68451232
      0.68366210
      0.68281118
      0.68195956
      0.68110725
      0.68025423
      0.67940052
      0.67854612
      0.67769103
      0.67683525
      0.67597879
      0.67512165
      0.67426382
      0.67340532
      0.67254614
      0.67168629
      0.67082577
      0.66996458
      0.66910272
      0.66824020
      0.66737702
      0.66651318
      0.66564868
      0.66478353
      0.66391773
      0.66305128
      0.66218418
      0.66131643
      0.66044805
      0.65957902
      0.65870936
      0.65783906
      0.65696812
      0.65609656
      0.65522437
      0.65435155
      0.65347811
      0.65260405
      0.65172937
      0.65085407
      0.64997816
      0.64910164
      0.64822450
      0.64734676
      0.64646842
      0.64558948
      0.64470993
      0.64382979
      0.64294905
      0.64206772
      0.64118580
      0.64030330
      0.63942020
      0.63853653
      0.63765227
      0.63676744
      0.63588203
      0.63499604
      0.63410949
      0.63322237
      0.63233468
      0.63144643
      0.63055761
      0.62966824
      0.62877831
      0.62788783
      0.62699679
      0.62610521
      0.62521308
      0.62432040
      0.62342718
      0.62253343
      0.62163913
      0.62074430
      0.61984894
      0.61895305
      0.61805663
      0.61715969
      0.61626222
      0.61536423
      0.61446573
      0.61356671
      0.61266718
      0.61176713
      0.61086658
      0.60996552
      0.60906396
      0.60816190
      0.60725934
      0.60635629
      0.60545274
      0.60454870
      0.60364417
      0.60273915
      0.60183365
      0.60092767
      0.60002121
      0.59911428
      0.59820687
      0.59729899
      0.59639064
      0.59548182
      0.59457254
      0.59366280
      0.59275259
      0.59184193
      0.59093082
      0.59001925
      0.58910724
      0.58819478
      0.58728187
      0.58636852
      0.58545473
      0.58454050
      0.58362584
      0.58271075
      0.58179522
      0.58087927
      0.57996290
      0.57904610
      0.57812888
      0.57721124
      0.57629319
      0.57537472
      0.57445585
      0.57353656
      0.57261688
      0.57169678
      0.57077629
      0.56985540
      0.56893412
      0.56801244
      0.56709037
      0.56616791
      0.56524507
      0.56432184
      0.56339824
      0.56247425
      0.56154989
      0.56062515
      0.55970005
      0.55877457
      0.55784873
      0.55692253
      0.55599597
      0.55506904
      0.55414176
      0.55321413
      0.55228615
      0.55135782
      0.55042914
      0.54950011
      0.54857075
      0.54764105
      0.54671101
      0.54578064
      0.54484993
      0.54391890
      0.54298754
      0.54205586
      0.54112385
      0.54019153
      0.53925889
      0.53832593
      0.53739267
      0.53645909
      0.53552521
      0.53459103
      0.53365654
      0.53272175
      0.53178667
      0.53085129
      0.52991562
      0.52897966
      0.52804342
      0.52710689
      0.52617008
      0.52523299
      0.52429562
      0.52335798
      0.52242006
      0.52148188
      0.52054343
      0.51960472
      0.51866574
      0.51772650
      0.51678701
      0.51584726
      0.51490726
      0.51396701
      0.51302651
      0.51208577
      0.51114479
      0.51020357
      0.50926211
      0.50832041
      0.50737848
      0.50643633
      0.50549394
      0.50455133
      0.50360850
      0.50266545
      0.50172218
      0.50077870
      0.49983500
      0.49889110
      0.49794698
      0.49700267
      0.49605815
      0.49511343
      0.49416851
      0.49322340
      0.49227809
      0.49133259
      0.49038691
      0.48944104
      0.48849499
      0.48754876
      0.48660235
      0.48565577
      0.48470901
      0.48376209
      0.48281499
      0.48186773
      0.48092031
      0.47997273
      0.47902499
      0.47807709
      0.47712904
      0.47618084
      0.47523250
      0.47428400
      0.47333537
      0.47238659
      0.47143768
      0.47048863
      0.46953945
      0.46859013
      0.46764069
      0.46669112
      0.46574143
      0.46479162
      0.46384169
      0.46289165
      0.46194149
      0.46099122
      0.46004085
      0.45909036
      0.45813978
      0.45718909
      0.45623830
      0.45528742
      0.45433645
      0.45338538
      0.45243423
      0.45148299
      0.45053166
      0.44958026
      0.44862877
      0.44767721
      0.44672558
      0.44577387
      0.44482210
      0.44387026
      0.44291835
      0.44196639
      0.44101436
      0.44006228
      0.43911014
      0.43815796
      0.43720572
      0.43625344
      0.43530111
      0.43434874
      0.43339633
      0.43244389
      0.43149141
      0.43053890
      0.42958636
      0.42863379
      0.42768120
      0.42672858
      0.42577595
      0.42482330
      0.42387063
      0.42291795
      0.42196526
      0.42101257
      0.42005987
      0.41910716
      0.41815446
      0.41720176
      0.41624907
      0.41529638
      0.41434370
      0.41339103
      0.41243838
      0.41148574
      0.41053313
      0.40958054
      0.40862797
      0.40767542
      0.40672291
      0.40577043
      0.40481798
      0.40386557
      0.40291320
      0.40196087
      0.40100858
      0.40005634
      0.39910415
      0.39815201
      0.39719993
      0.39624790
      0.39529592
      0.39434401
      0.39339216
      0.39244038
      0.39148867
      0.39053702
      0.38958545
      0.38863396
      0.38768254
      0.38673121
      0.38577995
      0.38482878
      0.38387770
      0.38292671
      0.38197581
      0.38102501
      0.38007430
      0.37912369
      0.37817318
      0.37722278
      0.37627249
      0.37532230
      0.37437223
      0.37342227
      0.37247243
      0.37152270
      0.37057310
      0.36962362
      0.36867427
      0.36772504
      0.36677595
      0.36582699
      0.36487816
      0.36392947
      0.36298093
      0.36203252
      0.36108426
      0.36013615
      0.35918819
      0.35824038
      0.35729272
      0.35634523
      0.35539789
      0.35445071
      0.35350370
      0.35255686
      0.35161018
      0.35066368
      0.34971735
      0.34877119
      0.34782521
      0.34687942
      0.34593381
      0.34498838
      0.34404314
      0.34309809
      0.34215324
      0.34120858
      0.34026411
      0.33931985
      0.33837579
      0.33743193
      0.33648828
      0.33554484
      0.33460162
      0.33365860
      0.33271580
      0.33177322
      0.33083086
      0.32988873
      0.32894682
      0.32800514
      0.32706368
      0.32612247
      0.32518148
      0.32424074
      0.32330023
      0.32235996
      0.32141994
      0.32048017
      0.31954065
      0.31860137
      0.31766235
      0.31672359
      0.31578509
      0.31484684
      0.31390886
      0.31297114
      0.31203369
      0.31109652
      0.31015961
      0.30922298
      0.30828662
      0.30735055
      0.30641475
      0.30547924
      0.30454402
      0.30360908
      0.30267444
      0.30174009
      0.30080603
      0.29987227
      0.29893881
      0.29800566
      0.29707280
      0.29614026
      0.29520802
      0.29427610
      0.29334449
      0.29241319
      0.29148221
      0.29055156
      0.28962122
      0.28869121
      0.28776153
      0.28683218
      0.28590316
      0.28497447
      0.28404612
      0.28311811
      0.28219044
      0.28126311
      0.28033613
      0.27940950
      0.27848322
      0.27755728
      0.27663171
      0.27570649
      0.27478163
      0.27385713
      0.27293299
      0.27200922
      0.27108581
      0.27016278
      0.26924012
      0.26831784
      0.26739593
      0.26647440
      0.26555325
      0.26463248
      0.26371211
      0.26279211
      0.26187251
      0.26095331
      0.26003449
      0.25911608
      0.25819806
      0.25728044
      0.25636323
      0.25544642
      0.25453002
      0.25361404
      0.25269846
      0.25178330
      0.25086855
      0.24995423
      0.24904032
      0.24812684
      0.24721379
      0.24630116
      0.24538896
      0.24447719
      0.24356586
      0.24265497
      0.24174451
      0.24083449
      0.23992492
      0.23901579
      0.23810711
      0.23719888
      0.23629110
      0.23538378
      0.23447691
      0.23357050
      0.23266455
      0.23175906
      0.23085404
      0.22994948
      0.22904539
      0.22814177
      0.22723863
      0.22633596
      0.22543377
      0.22453206
      0.22363083
      0.22273008
      0.22182982
      0.22093005
      0.22003077
      0.21913198
      0.21823369
      0.21733589
      0.21643859
      0.21554179
      0.21464550
      0.21374971
      0.21285442
      0.21195965
      0.21106539
      0.21017164
      0.20927841
      0.20838569
      0.20749350
      0.20660182
      0.20571067
      0.20482005
      0.20392995
      0.20304039
      0.20215135
      0.20126285
      0.20037489
      0.19948747
      0.19860059
      0.19771424
      0.19682845
      0.19594320
      0.19505850
      0.19417435
      0.19329075
      0.19240771
      0.19152523
      0.19064330
      0.18976194
      0.18888114
      0.18800090
      0.18712123
      0.18624213
      0.18536360
      0.18448565
      0.18360827
      0.18273147
      0.18185525
      0.18097961
      0.18010455
      0.17923008
      0.17835619
      0.17748290
      0.17661019
      0.17573808
      0.17486657
      0.17399565
      0.17312533
      0.17225562
      0.17138650
      0.17051800
      0.16965010
      0.16878281
      0.16791613
      0.16705006
      0.16618461
      0.16531978
      0.16445557
      0.16359198
      0.16272901
      0.16186666
      0.16100495
      0.16014386
      0.15928341
      0.15842358
      0.15756439
      0.15670584
      0.15584793
      0.15499066
      0.15413403
      0.15327805
      0.15242271
      0.15156802
      0.15071398
      0.14986060
      0.14900787
      0.14815579
      0.14730437
      0.14645362
      0.14560352
      0.14475409
      0.14390533
      0.14305723
      0.14220980
      0.14136305
      0.14051696
      0.13967156
      0.13882682
      0.13798277
      0.13713940
      0.13629672
      0.13545471
      0.13461340
      0.13377277
      0.13293283
      0.13209359
      0.13125503
      0.13041718
      0.12958002
      0.12874356
      0.12790781
      0.12707275
      0.12623841
      0.12540477
      0.12457183
      0.12373961
      0.12290810
      0.12207731
      0.12124723
      0.12041787
      0.11958923
      0.11876131
      0.11793412
      0.11710765
      0.11628190
      0.11545689
      0.11463260
      0.11380905
      0.11298624
      0.11216416
      0.11134281
      0.11052221
      0.10970235
      0.10888323
      0.10806486
      0.10724723
      0.10643035
      0.10561423
      0.10479885
      0.10398423
      0.10317036
      0.10235725
      0.10154491
      0.10073332
     0.099922491
     0.099112430
     0.098303135
     0.097494607
     0.096686850
     0.095879863
     0.095073650
     0.094268212
     0.093463550
     0.092659667
     0.091856563
     0.091054241
     0.090252703
     0.089451950
     0.088651983
     0.087852805
     0.087054418
     0.086256822
     0.085460020
     0.084664013
     0.083868803
     0.083074392
     0.082280782
     0.081487973
     0.080695968
     0.079904769
     0.079114377
     0.078324793
     0.077536020
     0.076748059
     0.075960911
     0.075174579
     0.074389064
     0.073604368
     0.072820492
     0.072037437
     0.071255207
     0.070473802
     0.069693223
     0.068913473
     0.068134553
     0.067356465
     0.066579210
     0.065802790
     0.065027207
     0.064252462
     0.063478556
     0.062705492
     0.061933271
     0.061161895
     0.060391365
     0.059621682
     0.058852849
     0.058084866
     0.057317737
     0.056551461
     0.055786041
     0.055021478
     0.054257773
     0.053494929
     0.052732947
     0.051971829
     0.051211575
     0.050452188
     0.049693669
     0.048936020
     0.048179242
     0.047423336
     0.046668305
     0.045914150
     0.045160871
     0.044408472
     0.043656953
     0.042906315
     0.042156561
     0.041407692
     0.040659710
     0.039912615
     0.039166409
     0.038421094
     0.037676672
     0.036933143
     0.036190510
     0.035448773
     0.034707935
     0.033967997
     0.033228959
     0.032490825
     0.031753594
     0.031017269
     0.030281851
     0.029547342
     0.028813742
     0.028081054
     0.027349279
     0.026618418
     0.025888472
     0.025159444
     0.024431335
     0.023704145
     0.022977877
     0.022252531
     0.021528110
     0.020804615
     0.020082046
     0.019360406
     0.018639696
     0.017919917
     0.017201071
     0.016483159
     0.015766182
     0.015050142
     0.014335040
     0.013620878
     0.012907656
     0.012195377
     0.011484042
     0.010773652
     0.010064208
    0.0093557113
    0.0086481642
    0.0079415674
    0.0072359225
    0.0065312306
    0.0058274932
    0.0051247116
    0.0044228871
    0.0037220210
    0.0030221147
    0.0023231694
    0.0016251866
   0.00092816738
   0.00023211322
  -0.00046297464
   -0.0011570949
   -0.0018502462
   -0.0025424274
   -0.0032336370
   -0.0039238739
   -0.0046131368
   -0.0053014243
   -0.0059887352
   -0.0066750682
   -0.0073604221
   -0.0080447956
   -0.0087281874
   -0.0094105963
    -0.010092021
    -0.010772460
    -0.011451913
    -0.012130378
    -0.012807853
    -0.013484338
    -0.014159832
    -0.014834333
    -0.015507839
    -0.016180351
    -0.016851866
    -0.017522383
    -0.018191901
    -0.018860419
    -0.019527936
    -0.020194450
    -0.020859961
    -0.021524466
    -0.022187966
    -0.022850458
    -0.023511942
    -0.024172416
    -0.024831880
    -0.025490331
    -0.026147769
    -0.026804193
    -0.027459602
    -0.028113994
    -0.028767368
    -0.029419724
    -0.030071059
    -0.030721373
    -0.031370665
    -0.032018933
    -0.032666177
    -0.033312395
    -0.033957586
    -0.034601750
    -0.035244884
    -0.035886988
    -0.036528061
    -0.037168102
    -0.037807109
    -0.038445082
    -0.039082019
    -0.039717919
    -0.040352782
    -0.040775677
    -0.040775677
