  -0.00052889786
  -0.00077133867
  -0.00059570979
  -9.6717897e-05
   0.00045540382
   0.00076124171
   0.00065457162
   0.00019270120
  -0.00037431556
  -0.00073905520
  -0.00070340180
  -0.00028615669
   0.00028686835
   0.00070505881
   0.00074136844
   0.00037558756
  -0.00019441615
  -0.00065973219
  -0.00076781868
  -0.00045956389
   9.8388680e-05
   0.00060372709
   0.00078226976
   0.00053672718
  -2.8588391e-07
  -0.00053787275
  -0.00078443078
  -0.00060582400
  -9.8356263e-05
   0.00046315355
   0.00077419858
   0.00066571709
   0.00019598114
  -0.00038070216
  -0.00075166712
  -0.00071540925
  -0.00029103941
   0.00029178109
   0.00071712793
   0.00075406310
   0.00038201936
  -0.00019775512
  -0.00067105606
  -0.00078100268
  -0.00046745695
   0.00010008524
   0.00061411854
   0.00079573947
   0.00054597242
  -2.9469048e-07
  -0.00054715583
  -0.00079797439
  -0.00061628816
  -0.00010005257
   0.00047116975
   0.00078760246
   0.00067724744
   0.00019937373
  -0.00038731158
  -0.00076471883
  -0.00072783698
  -0.00029609627
   0.00029685939
   0.00072961172
   0.00076719537
   0.00038867255
  -0.00020121104
  -0.00068277343
  -0.00079464386
  -0.00047562210
   0.00010184425
   0.00062487527
   0.00080968068
   0.00055553990
  -3.0629147e-07
  -0.00055676693
  -0.00081199486
  -0.00062712002
  -0.00010180751
   0.00047946939
   0.00080147929
   0.00068918426
   0.00020288552
  -0.00039415449
  -0.00077823050
  -0.00074070088
  -0.00030132667
   0.00030212438
   0.00074254498
   0.00078079920
   0.00039556532
  -0.00020478919
  -0.00069490945
  -0.00080877425
  -0.00048408247
   0.00010366200
   0.00063601308
   0.00082411880
   0.00056545033
  -3.1566780e-07
  -0.00056671844
  -0.00082651378
  -0.00063833689
  -0.00010362291
   0.00048806880
   0.00081585615
   0.00070155170
   0.00020652506
  -0.00040124294
  -0.00079222952
  -0.00075403115
  -0.00030675056
   0.00030757318
   0.00075593907
   0.00079488990
   0.00040270525
  -0.00020849593
  -0.00070748172
  -0.00082341248
  -0.00049284610
   0.00010554723
   0.00064755424
   0.00083907813
   0.00057571627
  -3.3052041e-07
  -0.00057703684
  -0.00084156529
  -0.00064996555
  -0.00010550709
   0.00049697942
   0.00083075516
   0.00071436807
   0.00021029502
  -0.00040859248
  -0.00080674140
  -0.00076784863
  -0.00031237099
   0.00031322443
   0.00076982668
   0.00080949849
   0.00041010606
  -0.00021234203
  -0.00072052016
  -0.00083859247
  -0.00050193347
   0.00010750352
   0.00065952479
   0.00085459430
   0.00058636571
  -3.4291130e-07
  -0.00058773541
  -0.00085717346
  -0.00066202461
  -0.00010746018
   0.00050622226
   0.00084620920
   0.00072766202
   0.00021420548
  -0.00041621625
  -0.00082179489
  -0.00078218170
  -0.00031820027
   0.00031908914
   0.00078423691
   0.00082465739
   0.00041778719
  -0.00021633028
  -0.00073404710
  -0.00085434302
  -0.00051136384
   0.00010953141
   0.00067194392
   0.00087069338
   0.00059741577
  -3.5582372e-07
  -0.00059883724
  -0.00087337017
  -0.00067453817
  -0.00010948564
   0.00051581654
   0.00086225015
   0.00074146118
   0.00021826520
  -0.00042412891
  -0.00083742009
  -0.00079705978
  -0.00032425165
   0.00032517657
   0.00079919530
   0.00084039307
   0.00042575993
  -0.00022047222
  -0.00074809183
  -0.00087069585
  -0.00052115396
   0.00011163899
   0.00068484132
   0.00088741166
   0.00060889036
  -3.7047933e-07
  -0.00061036852
  -0.00089019341
  -0.00068753685
  -0.00011159174
   0.00052577917
   0.00087890927
   0.00075579268
   0.00022248102
  -0.00043234898
  -0.00085365200
  -0.00081251636
  -0.00033053975
   0.00033149827
   0.00081473277
   0.00085673851
   0.00043404095
  -0.00022477718
  -0.00076268523
  -0.00088768726
  -0.00053132645
   0.00011382908
   0.00069824329
   0.00090478439
   0.00062081461
  -3.8512210e-07
  -0.00062235085
  -0.00090767487
  -0.00070104312
  -0.00011377706
   0.00053613726
   0.00089622708
   0.00077069049
   0.00022686353
  -0.00044089357
  -0.00087052481
  -0.00082858251
  -0.00033707355
   0.00033807481
   0.00083089116
   0.00087373706
   0.00044265424
  -0.00022925132
  -0.00077785862
  -0.00090535562
  -0.00054190523
   0.00011610553
   0.00071217946
   0.00092285069
   0.00063321530
  -4.0087382e-07
  -0.00063481421
  -0.00092585917
  -0.00071509446
  -0.00011605431
   0.00054690698
   0.00091423711
   0.00078618478
   0.00023142093
  -0.00044978298
  -0.00088807807
  -0.00084529736
  -0.00034387237
   0.00034491507
   0.00084770049
   0.00089142123
   0.00045161496
  -0.00023390676
  -0.00079364584
  -0.00092373827
  -0.00055291026
   0.00011847773
   0.00072668478
   0.00094165337
   0.00064612097
  -4.1788051e-07
  -0.00064778598
  -0.00094478409
  -0.00072971586
  -0.00011841867
   0.00055812412
   0.00093299040
   0.00080231720
   0.00023616495
  -0.00045904056
  -0.00090635725
  -0.00086270384
  -0.00035095342
   0.00035203701
   0.00086520438
   0.00090983692
   0.00046094640
  -0.00023875596
  -0.00081008936
  -0.00094288623
  -0.00056437524
   0.00012094566
   0.00074179109
   0.00096123709
   0.00065956309
  -4.3688944e-07
  -0.00066130112
  -0.00096450278
  -0.00074495320
  -0.00012088763
   0.00056980537
   0.00095252541
   0.00081912457
   0.00024110947
  -0.00046868311
  -0.00092539964
  -0.00088083765
  -0.00035832917
   0.00035946034
   0.00088344581
   0.00092902819
   0.00047067054
  -0.00024381038
  -0.00082722714
  -0.00096284207
  -0.00057632257
   0.00012352138
   0.00075754055
   0.00098165330
   0.00067357626
  -4.5729107e-07
  -0.00067539158
  -0.00098506015
  -0.00076083717
  -0.00012345761
   0.00058199018
   0.00097289926
   0.00083665306
   0.00024626571
  -0.00047874049
  -0.00094526107
  -0.00089975187
  -0.00036602280
   0.00036720295
   0.00090247289
   0.00094904641
   0.00048081316
  -0.00024908495
  -0.00084510807
  -0.00098366380
  -0.00058878953
   0.00012620703
   0.00077397237
    0.0010029561
   0.00068819958
  -4.7655007e-07
  -0.00069009299
   -0.0010065110
  -0.00077741260
  -0.00012614001
   0.00059470544
   0.00099416093
   0.00085494531
   0.00025164520
  -0.00048923987
  -0.00096599327
  -0.00091949458
  -0.00037405183
   0.00037528856
   0.00092233902
   0.00096994677
   0.00049140216
  -0.00025459350
  -0.00086377955
   -0.0010054056
  -0.00060180628
   0.00012901452
   0.00079113577
    0.0010252067
   0.00070347401
  -4.9590578e-07
  -0.00070544814
   -0.0010289165
  -0.00079472538
  -0.00012893963
   0.00060799166
    0.0010163761
   0.00087405844
   0.00025726686
  -0.00050021002
  -0.00098765708
  -0.00094012624
  -0.00038244443
   0.00038373565
   0.00094309849
   0.00099178933
   0.00050247046
  -0.00026034834
  -0.00088329253
   -0.0010281298
  -0.00061541344
   0.00013194565
   0.00080907183
    0.0010484604
   0.00071943517
  -5.2262167e-07
  -0.00072150737
   -0.0010523466
  -0.00081283052
  -0.00013186952
   0.00062188240
    0.0010396047
   0.00089404444
   0.00026314510
  -0.00051168293
   -0.0010103139
  -0.00096170413
  -0.00039122201
   0.00039257102
   0.00096481209
    0.0010146355
   0.00051404562
  -0.00026637236
  -0.00090370964
   -0.0010519058
  -0.00062964947
   0.00013501520
   0.00082784333
    0.0010727974
   0.00073614171
  -5.4725842e-07
  -0.00073831135
   -0.0010768661
  -0.00083177838
  -0.00013493539
   0.00063642189
    0.0010639184
   0.00091496387
   0.00026929650
  -0.00052369544
   -0.0010340344
  -0.00098429398
  -0.00040040868
   0.00040182726
   0.00098755415
    0.0010385641
   0.00052617123
  -0.00027267800
  -0.00092509013
   -0.0010768055
  -0.00064455826
   0.00013823210
   0.00084750750
    0.0010982918
   0.00075364298
  -5.7378082e-07
  -0.00075591736
   -0.0011025566
  -0.00085163188
  -0.00013814806
   0.00065165737
    0.0010893973
   0.00093688738
   0.00027574455
  -0.00053628339
   -0.0010588939
   -0.0010079702
  -0.00041003802
   0.00041152848
    0.0010113913
    0.0010636453
   0.00053887940
  -0.00027929246
  -0.00094750950
   -0.0011029150
  -0.00066019264
   0.00014160351
   0.00086812605
    0.0011250251
   0.00077199503
  -6.0283509e-07
  -0.00077438275
   -0.0011295005
  -0.00087245288
  -0.00014151342
   0.00066764406
    0.0011161293
   0.00095988852
   0.00028250814
  -0.00054949421
   -0.0010849825
   -0.0010328187
  -0.00042014696
   0.00042170581
    0.0010364056
    0.0010899682
   0.00055221914
  -0.00028623146
  -0.00097103710
   -0.0011303165
  -0.00067659912
   0.00014514771
   0.00088977588
    0.0011530942
   0.00079126402
  -6.3413034e-07
  -0.00079377364
   -0.0011577958
  -0.00089431975
  -0.00014504972
   0.00068443169
    0.0011442035
   0.00098404584
   0.00028961222
  -0.00056336952
   -0.0011123839
   -0.0010589160
  -0.00043075897
   0.00043240657
    0.0010626939
    0.0011176290
   0.00056623482
  -0.00029352825
  -0.00099576897
   -0.0011591209
  -0.00069384777
   0.00014886944
   0.00091253047
    0.0011825985
   0.00081151913
  -6.6811206e-07
  -0.00081416105
   -0.0011875459
  -0.00091731176
  -0.00014876782
   0.00070208537
    0.0011737270
    0.0010094511
   0.00029708280
  -0.00057796504
   -0.0011412083
   -0.0010863713
  -0.00044192699
   0.00044365823
    0.0010903449
    0.0011467267
   0.00058097903
  -0.00030120606
   -0.0010217912
   -0.0011894285
  -0.00071199569
   0.00015278964
   0.00093648123
    0.0012136535
   0.00083283926
  -7.0408614e-07
  -0.00083562241
   -0.0012188642
  -0.00094151602
  -0.00015268052
   0.00072067467
    0.0012048151
    0.0010362037
   0.00030495018
  -0.00059333518
   -0.0011715639
   -0.0011152857
  -0.00045368738
   0.00045551240
    0.0011194735
    0.0011773789
   0.00059650958
  -0.00030929871
   -0.0010492121
   -0.0012213649
  -0.00073111872
   0.00015692252
   0.00096172431
    0.0012463847
   0.00085531086
  -7.4237441e-07
  -0.00085824545
   -0.0012518787
  -0.00096703164
  -0.00015680384
   0.00074027580
    0.0012375950
    0.0010644123
   0.00031324400
  -0.00060954739
   -0.0012035808
   -0.0011457824
  -0.00046608998
   0.00046802066
    0.0011502067
    0.0012097217
   0.00061290010
  -0.00031783276
   -0.0010781424
   -0.0012550634
  -0.00075129932
   0.00016128203
   0.00098836291
    0.0012809284
   0.00087902834
  -7.8316168e-07
  -0.00088212655
   -0.0012867312
  -0.00099396993
  -0.00016115864
   0.00076096964
    0.0012722056
    0.0010941980
   0.00032200181
  -0.00062666859
   -0.0012373942
   -0.0011779922
  -0.00047918996
   0.00048123264
    0.0011826703
    0.0012438862
   0.00063021235
  -0.00032685338
   -0.0011087128
   -0.0012906716
  -0.00077262215
   0.00016589326
    0.0010165196
    0.0013174391
   0.00090409421
  -8.3256123e-07
  -0.00090737865
   -0.0013235814
   -0.0010224507
  -0.00016575871
   0.00078285780
    0.0013088105
    0.0011256991
   0.00033126074
  -0.00064478428
   -0.0012731681
   -0.0012120699
  -0.00049305014
   0.00049521196
    0.0012170208
    0.0012800378
   0.00064853108
  -0.00033640297
   -0.0011410712
   -0.0013283636
  -0.00079519414
   0.00017077477
    0.0010463294
    0.0013560965
   0.00093063719
  -8.8127219e-07
  -0.00093411574
   -0.0013626037
   -0.0010526131
  -0.00017063172
   0.00080604008
    0.0013475836
    0.0011590692
   0.00034107156
  -0.00066397354
   -0.0013110669
   -0.0012481735
  -0.00050773279
   0.00051002980
    0.0012534279
    0.0013183550
   0.00066794842
  -0.00034652517
   -0.0011753729
   -0.0013683216
  -0.00081912393
   0.00017595178
    0.0010779388
    0.0013970890
   0.00095878372
  -9.3598068e-07
  -0.00096247702
   -0.0014039967
   -0.0010846088
  -0.00017579956
   0.00083063701
    0.0013887230
    0.0011944764
   0.00035147889
  -0.00068434253
   -0.0013512935
   -0.0012864959
  -0.00052331804
   0.00052576105
    0.0012920802
    0.0013590374
   0.00068856506
  -0.00035727435
   -0.0012117994
   -0.0014107564
  -0.00084453695
   0.00018145402
    0.0011115187
    0.0014406375
   0.00098868560
  -9.9701551e-07
  -0.00099261612
   -0.0014479853
   -0.0011186123
  -0.00018129122
   0.00085678228
    0.0014324542
    0.0012321166
   0.00036254336
  -0.00070599887
   -0.0013940653
   -0.0013272453
  -0.00053989048
   0.00054249285
    0.0013331910
    0.0014023089
   0.00071049305
  -0.00036871396
   -0.0012505586
   -0.0014559105
  -0.00087158045
   0.00018730855
    0.0011472557
    0.0014869871
    0.0010205129
  -1.0624487e-06
   -0.0010247011
   -0.0014948162
   -0.0011548137
  -0.00018713450
   0.00088462866
    0.0014790301
    0.0012722064
   0.00037432675
  -0.00072907144
   -0.0014396346
   -0.0013706626
  -0.00055754961
   0.00056032124
    0.0013770003
    0.0014484233
   0.00073386140
  -0.00038091109
   -0.0012918782
   -0.0015040485
  -0.00090041065
   0.00019355560
    0.0011853681
    0.0015364179
    0.0010544559
  -1.1366285e-06
   -0.0010589313
   -0.0015447784
   -0.0011934362
  -0.00019336539
   0.00091434807
    0.0015287387
    0.0013149944
   0.00038690290
  -0.00075370204
   -0.0014882822
   -0.0014170139
  -0.00057639899
   0.00057936634
    0.0014237919
    0.0014976785
   0.00075882250
  -0.00039394125
   -0.0013360215
   -0.0015554791
  -0.00093121320
   0.00020023539
    0.0012261033
    0.0015892530
    0.0010907401
  -1.2140828e-06
   -0.0010955249
   -0.0015981959
   -0.0012347340
  -0.00020002962
   0.00094612910
    0.0015819007
    0.0013607578
   0.00040035185
  -0.00078005579
   -0.0015403331
   -0.0014666107
  -0.00059656907
   0.00059974961
    0.0014738734
    0.0015504002
   0.00078554092
  -0.00040789412
   -0.0013832877
   -0.0016105515
  -0.00096419926
   0.00020738951
    0.0012697329
    0.0016458455
    0.0011296043
  -1.3047592e-06
   -0.0011347412
   -0.0016554411
   -0.0012789916
  -0.00020716790
   0.00098020071
    0.0016388943
    0.0014098211
   0.00041476802
  -0.00080832151
   -0.0015961592
   -0.0015198075
  -0.00061820350
   0.00062161858
    0.0015276064
    0.0016069692
   0.00081420963
  -0.00042287154
   -0.0014340207
   -0.0016696661
  -0.00099960686
   0.00021507563
    0.0013165846
    0.0017066199
    0.0011713428
  -1.4043727e-06
   -0.0011768692
   -0.0017169405
   -0.0013265419
  -0.00021483703
    0.0010168156
    0.0017001467
    0.0014625548
   0.00043026282
  -0.00083870955
   -0.0016561800
   -0.0015770042
  -0.00064146212
   0.00064514569
    0.0015854070
    0.0016678227
   0.00084504939
  -0.00043899205
   -0.0014886179
   -0.0017332866
   -0.0010377145
   0.00022335321
    0.0013670262
    0.0017720544
    0.0012162835
  -1.5161971e-06
   -0.0012222457
   -0.0017831846
   -0.0013777623
  -0.00022309258
    0.0010562756
    0.0017661584
    0.0015193883
   0.00044695971
  -0.00087147429
   -0.0017208953
   -0.0016386792
  -0.00066654341
   0.00067052101
    0.0016477525
    0.0017334668
   0.00087831809
  -0.00045638999
   -0.0015475377
   -0.0018019492
   -0.0010788451
   0.00023229153
    0.0014214861
    0.0018427075
    0.0012648124
  -1.6390374e-06
   -0.0012712595
   -0.0018547447
   -0.0014330978
  -0.00023201024
    0.0010989192
    0.0018375010
    0.0015808166
   0.00046500603
  -0.00090690016
   -0.0017908701
   -0.0017053710
  -0.00069366350
   0.00069797518
    0.0017152022
    0.0018044896
   0.00091431390
  -0.00047522228
   -0.0016113108
   -0.0018762723
   -0.0011233669
   0.00024197792
    0.0014804664
    0.0019192281
    0.0013173733
  -1.7789852e-06
   -0.0013243691
   -0.0019322873
   -0.0014930614
  -0.00024166637
    0.0011451551
    0.0019148535
    0.0016474232
   0.00048457090
  -0.00094532996
   -0.0018667796
   -0.0017777248
  -0.00072308674
   0.00072777164
    0.0017884083
    0.0018815799
   0.00095338500
  -0.00049567746
   -0.0016805686
   -0.0019569932
   -0.0011717243
   0.00025250513
    0.0015445520
    0.0020023791
    0.0013744922
  -1.9381207e-06
   -0.0013821115
   -0.0020165999
   -0.0015582670
  -0.00025216675
    0.0011954473
    0.0019990010
    0.0017198882
   0.00050585583
  -0.00098715706
   -0.0019494038
   -0.0018564847
  -0.00075511184
   0.00076022903
    0.0018681442
    0.0019655520
   0.00099594484
  -0.00051797236
   -0.0017560470
   -0.0020449714
   -0.0012244323
   0.00026398893
    0.0016144348
    0.0020930586
    0.0014367858
  -2.1216049e-06
   -0.0014451191
   -0.0021086047
   -0.0016294249
  -0.00026361710
    0.0012503634
    0.0020908862
    0.0017990214
   0.00052909398
   -0.0010328612
   -0.0020396857
   -0.0019425512
  -0.00079010806
   0.00079571560
    0.0019553224
    0.0020573709
    0.0010424839
  -0.00054236580
   -0.0018386230
   -0.0021412316
   -0.0012821044
   0.00027656912
    0.0016909441
    0.0021923449
    0.0015049981
  -2.3288326e-06
   -0.0015141445
   -0.0022094070
   -0.0017073961
  -0.00027616172
    0.0013105623
    0.0021916204
    0.0018857840
   0.00055456774
   -0.0010830036
   -0.0021387358
   -0.0020369854
  -0.00082850586
   0.00083467633
    0.0020510336
    0.0021581861
    0.0010935826
  -0.00056917318
   -0.0019293509
   -0.0022470036
   -0.0013454794
   0.00029040712
    0.0017750651
    0.0023015190
    0.0015800095
  -2.5680907e-06
   -0.0015900938
   -0.0023203288
   -0.0017932006
  -0.00028995417
    0.0013768579
    0.0023025599
    0.0019813464
   0.00058262394
   -0.0011382599
   -0.0022478968
   -0.0021410722
  -0.00087082945
   0.00087764602
    0.0021565958
    0.0022693920
    0.0011499524
  -0.00059876312
   -0.0020294920
   -0.0023637638
   -0.0014154427
   0.00030570340
    0.0018679929
    0.0024221344
    0.0016628888
  -2.8471378e-06
   -0.0016740650
   -0.0024429768
   -0.0018880858
  -0.00030519784
    0.0014502157
    0.0024253265
    0.0020871080
   0.00061366804
   -0.0011994580
   -0.0023687983
   -0.0022563656
  -0.00091770558
   0.00092528376
    0.0022736157
    0.0023926802
    0.0012124462
  -0.00063160328
   -0.0021406033
   -0.0024933285
   -0.0014930844
   0.00032269943
    0.0019711891
    0.0025560934
    0.0017549468
  -3.1722753e-06
   -0.0017673991
   -0.0025793153
   -0.0019935757
  -0.00032213542
    0.0015318284
    0.0025619206
    0.0022047972
   0.00064820724
   -0.0012676099
   -0.0025034441
   -0.0023847833
  -0.00096991722
   0.00097838733
    0.0024040614
    0.0025301324
    0.0012821231
  -0.00066825263
   -0.0022645823
   -0.0026379167
   -0.0015797351
   0.00034169792
    0.0020864538
    0.0027057358
    0.0018577924
  -3.5584977e-06
   -0.0018717557
   -0.0027317702
   -0.0021115486
  -0.00034106055
    0.0016231768
    0.0027148198
    0.0023365511
   0.00068686358
   -0.0013439763
   -0.0026543224
   -0.0025287022
   -0.0010284280
    0.0010379594
    0.0025503896
    0.0026843430
    0.0013602992
  -0.00070941609
   -0.0024038058
   -0.0028003082
   -0.0016770648
   0.00036307170
    0.0022160353
    0.0028739888
    0.0019734427
  -4.0200173e-06
   -0.0019892108
   -0.0029033821
   -0.0022443657
  -0.00036235121
    0.0017261083
    0.0028871266
    0.0024850529
   0.00073042438
   -0.0014301315
   -0.0028245511
   -0.0026911057
   -0.0010944507
    0.0011052555
    0.0027156838
    0.0028585692
    0.0014486244
  -0.00075598691
   -0.0025612727
   -0.0029840080
   -0.0017871771
   0.00038729663
    0.0023627787
    0.0030645565
    0.0021044508
  -4.5730791e-06
   -0.0021223893
   -0.0030979964
   -0.0023950085
  -0.00038647281
    0.0018429812
    0.0030827902
    0.0026537134
   0.00077988442
   -0.0015280901
   -0.0030181126
   -0.0028758038
   -0.0011695338
    0.0011818822
    0.0029038899
    0.0030569846
    0.0015492211
  -0.00080909564
   -0.0027408103
   -0.0031934964
   -0.0019127620
   0.00041498572
    0.0025303336
    0.0032821887
    0.0022540862
  -5.2526120e-06
   -0.0022746839
   -0.0033205792
   -0.0025673324
  -0.00041403781
    0.0019768272
    0.0033069004
    0.0028469337
   0.00083652914
   -0.0016404537
   -0.0032401524
   -0.0030877205
   -0.0012556756
    0.0012699256
    0.0031201242
    0.0032849964
    0.0016648282
  -0.00087023339
   -0.0029474185
   -0.0034346216
   -0.0020573313
   0.00044693849
    0.0027234677
    0.0035330962
    0.0024266315
  -6.0938691e-06
   -0.0024505231
   -0.0035776208
   -0.0027663755
  -0.00044583481
    0.0021316380
    0.0035661504
    0.0030705013
   0.00090204589
   -0.0017706547
   -0.0034974592
   -0.0033333562
   -0.0013555180
    0.0013721400
    0.0033711506
    0.0035497610
    0.0017990781
  -0.00094136790
   -0.0031877179
   -0.0037151349
   -0.0022255415
   0.00048422149
    0.0029485222
    0.0038255421
    0.0026277841
  -7.1531082e-06
   -0.0026558250
   -0.0038777957
   -0.0029988755
  -0.00048291969
    0.0023127584
    0.0038695105
    0.0033321786
   0.00097870097
   -0.0019233010
   -0.0037991545
   -0.0036214486
   -0.0014726060
    0.0014922519
    0.0036661077
    0.0038609517
    0.0019568841
   -0.0010251610
   -0.0034706740
   -0.0040455418
   -0.0024237074
   0.00052828711
    0.0032141189
    0.0041707672
    0.0028652967
  -8.5160964e-06
   -0.0028986731
   -0.0042329559
   -0.0032740424
  -0.00052673223
    0.0025275142
    0.0042292784
    0.0036426092
    0.0010695881
   -0.0021047551
   -0.0041578194
   -0.0039640567
   -0.0016118397
    0.0016354040
    0.0040176245
    0.0042319439
    0.0021450337
   -0.0011253288
   -0.0038087567
   -0.0044404550
   -0.0026606110
   0.00058117565
    0.0035323040
    0.0045844835
    0.0031500127
  -1.0307686e-05
   -0.0031904034
   -0.0046597343
   -0.0036048101
  -0.00057928689
    0.0027862343
    0.0046628035
    0.0040168245
    0.0011790860
   -0.0023240093
   -0.0045912595
   -0.0043782580
   -0.0017801453
    0.0018089391
    0.0044437023
    0.0046818126
    0.0023732110
   -0.0012471914
   -0.0042198175
   -0.0049208130
   -0.0029488461
   0.00064582684
    0.0039204099
    0.0050893173
    0.0034975573
  -1.2726525e-05
   -0.0035474238
   -0.0051822197
   -0.0040099219
  -0.00064348708
    0.0031039589
    0.0051953567
    0.0044767309
    0.0013135569
   -0.0025942553
   -0.0051255880
   -0.0048891198
   -0.0019876963
    0.0020236733
    0.0049708763
    0.0052387057
    0.0026557129
   -0.0013986480
   -0.0047303403
   -0.0055177066
   -0.0033071212
   0.00072665324
    0.0044043257
    0.0057190901
    0.0039312998
  -1.6110806e-05
   -0.0039944188
   -0.0058366747
   -0.0045176156
  -0.00072368074
    0.0035034751
    0.0058652486
    0.0050555713
    0.0014826445
   -0.0029356226
   -0.0058006713
   -0.0055349510
   -0.0022500339
    0.0022962494
    0.0056399668
    0.0059459677
    0.0030145565
   -0.0015919705
   -0.0053813954
   -0.0062793986
   -0.0037644934
   0.00083059514
    0.0050245338
    0.0065267426
    0.0044878569
  -2.1044314e-05
   -0.0045703014
   -0.0066803268
   -0.0051725063
  -0.00082669393
    0.0040210275
    0.0067334684
    0.0058063318
    0.0017016888
   -0.0033804376
   -0.0066805604
   -0.0063773779
   -0.0025921442
    0.0026536782
    0.0065171983
    0.0068740113
    0.0034855244
   -0.0018472964
   -0.0062402714
   -0.0072850734
   -0.0043686823
   0.00096920492
    0.0058480386
    0.0076000197
    0.0052279821
  -2.8650704e-05
   -0.0053402133
   -0.0078090841
   -0.0060494616
  -0.00096386653
    0.0047179967
    0.0079033988
    0.0068189640
    0.0019966588
   -0.0039841222
   -0.0078751260
   -0.0075222863
   -0.0030569317
    0.0031428862
    0.0077175893
    0.0081453428
    0.0041308967
   -0.0022001448
   -0.0074253751
   -0.0086743143
   -0.0052038857
    0.0011632933
    0.0069944133
    0.0090957772
    0.0062604493
  -4.1261234e-05
   -0.0064220770
   -0.0093968639
   -0.0072844997
   -0.0011555451
    0.0057072323
    0.0095653829
    0.0082594301
    0.0024152920
   -0.0048502867
   -0.0095899402
   -0.0091682443
   -0.0037247892
    0.0038532114
    0.0094600373
    0.0099936730
    0.0050695611
   -0.0027195518
   -0.0091661547
    -0.010718284
   -0.0064339222
    0.0014544268
    0.0086998276
     0.011324596
    0.0078010801
  -6.4480538e-05
   -0.0080536643
    -0.011795147
   -0.0091532051
   -0.0014421547
    0.0072213599
     0.012112547
     0.010471512
    0.0030559298
   -0.0061976656
    -0.012259511
    -0.011736334
   -0.0047659781
    0.0049782962
     0.012218801
     0.012927143
    0.0065602056
   -0.0035598155
    -0.011973161
    -0.014022577
   -0.0084254335
    0.0019394186
     0.011505117
     0.015000384
     0.010347532
  -0.00011465144
    -0.010796699
    -0.015837303
    -0.012311588
   -0.0019169917
    0.0098289932
     0.016508856
     0.014302093
    0.0041586357
   -0.0085814747
    -0.016988956
    -0.016303143
   -0.0066147877
    0.0070310482
     0.017249334
     0.018298679
    0.0092924219
   -0.0051506331
    -0.017258615
    -0.020272762
    -0.012202520
    0.0029070752
     0.016980913
     0.022209893
     0.015362297
  -0.00025803750
    -0.016373671
    -0.024095444
    -0.018798556
   -0.0028527768
     0.015384255
     0.025916227
     0.022552858
    0.0065031345
    -0.013944527
    -0.027661364
    -0.026689857
    -0.010804553
     0.011961833
     0.029323688
     0.031311337
     0.015923230
   -0.0093035069
    -0.030902316
    -0.036581246
    -0.022117769
    0.0057686558
     0.032407736
     0.042773316
     0.029811790
   -0.0010334210
    -0.033873127
    -0.050369635
    -0.039746123
   -0.0054648717
     0.035382767
     0.060287839
     0.053335462
     0.014802266
    -0.037155766
    -0.074488069
    -0.073643863
    -0.029330433
     0.039855726
     0.097989730
      0.10875296
     0.055366645
    -0.046242471
     -0.14856697
     -0.18929599
     -0.11772459
     0.080361676
      0.37077534
      0.67844858
      0.91261090
       1.0000000
      0.91261090
      0.67844858
      0.37077534
     0.080361675
     -0.11772459
     -0.18929599
     -0.14856697
    -0.046242471
     0.055366645
      0.10875296
     0.097989730
     0.039855726
    -0.029330434
    -0.073643864
    -0.074488069
    -0.037155766
     0.014802266
     0.053335463
     0.060287839
     0.035382767
   -0.0054648724
    -0.039746125
    -0.050369637
    -0.033873129
   -0.0010334222
     0.029811790
     0.042773317
     0.032407738
    0.0057686577
    -0.022117767
    -0.036581245
    -0.030902316
   -0.0093035075
     0.015923228
     0.031311336
     0.029323687
     0.011961833
    -0.010804553
    -0.026689856
    -0.027661363
    -0.013944525
    0.0065031359
     0.022552859
     0.025916228
     0.015384255
   -0.0028527776
    -0.018798557
    -0.024095445
    -0.016373671
  -0.00025803752
     0.015362297
     0.022209893
     0.016980914
    0.0029070758
    -0.012202519
    -0.020272761
    -0.017258614
   -0.0051506332
    0.0092924215
     0.018298679
     0.017249333
    0.0070310472
   -0.0066147886
    -0.016303144
    -0.016988956
   -0.0085814741
    0.0041586367
     0.014302094
     0.016508856
    0.0098289935
   -0.0019169921
    -0.012311589
    -0.015837305
    -0.010796700
  -0.00011465227
     0.010347532
     0.015000384
     0.011505117
    0.0019394190
   -0.0084254328
    -0.014022576
    -0.011973159
   -0.0035598141
    0.0065602071
     0.012927144
     0.012218801
    0.0049782959
   -0.0047659794
    -0.011736336
    -0.012259512
   -0.0061976669
    0.0030559296
     0.010471513
     0.012112549
    0.0072213621
   -0.0014421530
   -0.0091532045
    -0.011795147
   -0.0080536662
  -6.4483029e-05
    0.0078010778
     0.011324595
    0.0086998271
    0.0014544272
   -0.0064339211
    -0.010718283
   -0.0091661538
   -0.0027195515
    0.0050695608
    0.0099936724
    0.0094600366
    0.0038532110
   -0.0037247892
   -0.0091682438
   -0.0095899393
   -0.0048502856
    0.0024152932
    0.0082594311
    0.0095653834
    0.0057072323
   -0.0011555457
   -0.0072845008
   -0.0093968653
   -0.0064220784
  -4.1262231e-05
    0.0062604489
    0.0090957775
    0.0069944141
    0.0011632944
   -0.0052038846
   -0.0086743135
   -0.0074253747
   -0.0022001448
    0.0041308966
    0.0081453426
    0.0077175891
    0.0031428861
   -0.0030569318
   -0.0075222866
   -0.0078751265
   -0.0039841228
    0.0019966581
    0.0068189634
    0.0079033984
    0.0047179966
  -0.00096386643
   -0.0060494614
   -0.0078090839
   -0.0053402131
  -2.8650565e-05
    0.0052279823
    0.0076000200
    0.0058480390
   0.00096920545
   -0.0043686818
   -0.0072850731
   -0.0062402714
   -0.0018472967
    0.0034855239
    0.0068740109
    0.0065171979
    0.0026536779
   -0.0025921445
   -0.0063773781
   -0.0066805607
   -0.0033804378
    0.0017016888
    0.0058063320
    0.0067334689
    0.0040210281
  -0.00082669325
   -0.0051725059
   -0.0066803270
   -0.0045703021
  -2.1045600e-05
    0.0044878555
    0.0065267413
    0.0050245331
   0.00083059514
   -0.0037644927
   -0.0062793975
   -0.0053813942
   -0.0015919696
    0.0030145569
    0.0059459675
    0.0056399663
    0.0022962488
   -0.0022500344
   -0.0055349512
   -0.0058006712
   -0.0029356222
    0.0014826451
    0.0050555719
    0.0058652490
    0.0035034754
  -0.00072368058
   -0.0045176155
   -0.0058366744
   -0.0039944182
  -1.6110014e-05
    0.0039313008
    0.0057190910
    0.0044043263
   0.00072665318
   -0.0033071221
   -0.0055177082
   -0.0047303424
   -0.0013986501
    0.0026557111
    0.0052387047
    0.0049708762
    0.0020236741
   -0.0019876949
   -0.0048891183
   -0.0051255867
   -0.0025942544
    0.0013135573
    0.0044767308
    0.0051953563
    0.0031039584
  -0.00064348761
   -0.0040099223
   -0.0051822200
   -0.0035474238
  -1.2726371e-05
    0.0034975578
    0.0050893179
    0.0039204106
   0.00064582743
   -0.0029488459
   -0.0049208132
   -0.0042198182
   -0.0012471923
    0.0023732101
    0.0046818120
    0.0044437022
    0.0018089395
   -0.0017801447
   -0.0043782575
   -0.0045912593
   -0.0023240096
    0.0011790853
    0.0040168238
    0.0046628031
    0.0027862345
  -0.00057928609
   -0.0036048088
   -0.0046597330
   -0.0031904024
  -1.0307251e-05
    0.0031500125
    0.0045844828
    0.0035323032
   0.00058117481
   -0.0026606117
   -0.0044404554
   -0.0038087569
   -0.0011253289
    0.0021450336
    0.0042319439
    0.0040176247
    0.0016354044
   -0.0016118391
   -0.0039640560
   -0.0041578190
   -0.0021047551
    0.0010695877
    0.0036426084
    0.0042292774
    0.0025275132
  -0.00052673291
   -0.0032740427
   -0.0042329557
   -0.0028986727
  -8.5155819e-06
    0.0028652972
    0.0041707676
    0.0032141193
   0.00052828749
   -0.0024237069
   -0.0040455412
   -0.0034706735
   -0.0010251607
    0.0019568841
    0.0038609513
    0.0036661070
    0.0014922508
   -0.0014726072
   -0.0036214497
   -0.0037991554
   -0.0019233017
   0.00097870070
    0.0033321787
    0.0038695109
    0.0023127590
  -0.00048291898
   -0.0029988748
   -0.0038777951
   -0.0026558244
  -7.1525272e-06
    0.0026277847
    0.0038255427
    0.0029485229
   0.00048422226
   -0.0022255408
   -0.0037151344
   -0.0031877176
  -0.00094136801
    0.0017990777
    0.0035497604
    0.0033711500
    0.0013721395
   -0.0013555182
   -0.0033333561
   -0.0034974590
   -0.0017706543
   0.00090204622
    0.0030705014
    0.0035661503
    0.0021316376
  -0.00044583550
   -0.0027663763
   -0.0035776216
   -0.0024505238
  -6.0942505e-06
    0.0024266316
    0.0035330966
    0.0027234684
   0.00044693915
   -0.0020573308
   -0.0034346216
   -0.0029474189
  -0.00087023407
    0.0016648275
    0.0032849958
    0.0031201241
    0.0012699260
   -0.0012556750
   -0.0030877197
   -0.0032401518
   -0.0016404534
   0.00083652923
    0.0028469336
    0.0033069003
    0.0019768273
  -0.00041403756
   -0.0025673320
   -0.0033205789
   -0.0022746838
  -5.2528908e-06
    0.0022540857
    0.0032821880
    0.0025303329
   0.00041498514
   -0.0019127624
   -0.0031934967
   -0.0027408105
  -0.00080909592
    0.0015492207
    0.0030569843
    0.0029038898
    0.0011818823
   -0.0011695335
   -0.0028758034
   -0.0030181122
   -0.0015280900
   0.00077988422
    0.0026537129
    0.0030827896
    0.0018429806
  -0.00038647318
   -0.0023950085
   -0.0030979962
   -0.0021223888
  -4.5725722e-06
    0.0021044513
    0.0030645571
    0.0023627794
   0.00038729738
   -0.0017871763
   -0.0029840072
   -0.0025612720
  -0.00075598657
    0.0014486244
    0.0028585688
    0.0027156831
    0.0011052548
   -0.0010944514
   -0.0026911063
   -0.0028245516
   -0.0014301318
   0.00073042403
    0.0024850526
    0.0028871264
    0.0017261084
  -0.00036235072
   -0.0022443649
   -0.0029033811
   -0.0019892098
  -4.0192730e-06
    0.0019734431
    0.0028739889
    0.0022160352
   0.00036307153
   -0.0016770649
   -0.0028003081
   -0.0024038057
  -0.00070941604
    0.0013602989
    0.0026843422
    0.0025503884
    0.0010379580
   -0.0010284294
   -0.0025287031
   -0.0026543227
   -0.0013439759
   0.00068686460
    0.0023365525
    0.0027148210
    0.0016231777
  -0.00034106030
   -0.0021115491
   -0.0027317712
   -0.0018717570
  -3.5597703e-06
    0.0018577915
    0.0027057354
    0.0020864541
   0.00034169869
   -0.0015797341
   -0.0026379156
   -0.0022645814
  -0.00066825210
    0.0012821232
    0.0025301321
    0.0024040608
   0.00097838665
  -0.00096991788
   -0.0023847838
   -0.0025034444
   -0.0012676099
   0.00064820757
    0.0022047977
    0.0025619212
    0.0015318290
  -0.00032213516
   -0.0019935758
   -0.0025793157
   -0.0017673996
  -3.1726905e-06
    0.0017549468
    0.0025560939
    0.0019711900
   0.00032270049
   -0.0014930836
   -0.0024933284
   -0.0021406041
  -0.00063160476
    0.0012124445
    0.0023926789
    0.0022736153
   0.00092528448
  -0.00091770393
   -0.0022563636
   -0.0023687967
   -0.0011994574
   0.00061366743
    0.0020871064
    0.0024253243
    0.0014502139
  -0.00030519871
   -0.0018880855
   -0.0024429754
   -0.0016740631
  -2.8453514e-06
    0.0016628899
    0.0024221345
    0.0018679921
   0.00030570208
   -0.0014154441
   -0.0023637648
   -0.0020294924
  -0.00059876305
    0.0011499528
    0.0022693924
    0.0021565961
   0.00087764617
  -0.00087082938
   -0.0021410721
   -0.0022478965
   -0.0011382595
   0.00058262444
    0.0019813469
    0.0023025603
    0.0013768582
  -0.00028995410
   -0.0017932007
   -0.0023203292
   -0.0015900944
  -2.5688154e-06
    0.0015800088
    0.0023015184
    0.0017750648
   0.00029040739
   -0.0013454787
   -0.0022470025
   -0.0019293498
  -0.00056917236
    0.0010935829
    0.0021581859
    0.0020510329
   0.00083467549
  -0.00082850654
   -0.0020369856
   -0.0021387356
   -0.0010830030
   0.00055456850
    0.0018857847
    0.0021916209
    0.0013105625
  -0.00027616167
   -0.0017073961
   -0.0022094069
   -0.0015141443
  -2.3286900e-06
    0.0015049982
    0.0021923447
    0.0016909437
   0.00027656839
   -0.0012821053
   -0.0021412326
   -0.0018386241
  -0.00054236690
    0.0010424828
    0.0020573698
    0.0019553215
   0.00079571495
  -0.00079010826
   -0.0019425509
   -0.0020396849
   -0.0010328602
   0.00052909490
    0.0017990221
    0.0020908865
    0.0012503634
  -0.00026361723
   -0.0016294248
   -0.0021086041
   -0.0014451180
  -2.1202039e-06
    0.0014367872
    0.0020930596
    0.0016144351
   0.00026398869
   -0.0012244329
   -0.0020449720
   -0.0017560471
  -0.00051797188
   0.00099594593
    0.0019655533
    0.0018681453
   0.00076022949
  -0.00075511238
   -0.0018564862
   -0.0019494060
  -0.00098715947
   0.00050585375
    0.0017198868
    0.0019990004
    0.0011954474
  -0.00025216626
   -0.0015582664
   -0.0020165996
   -0.0013821114
  -1.9380859e-06
    0.0013744923
    0.0020023794
    0.0015445526
   0.00025250590
   -0.0011717235
   -0.0019569926
   -0.0016805683
  -0.00049567731
   0.00095338523
    0.0018815805
    0.0017884094
   0.00072777319
  -0.00072308504
   -0.0017777235
   -0.0018667790
  -0.00094533057
   0.00048456909
    0.0016474204
    0.0019148504
    0.0011451523
  -0.00024166833
   -0.0014930622
   -0.0019322870
   -0.0013243680
  -1.7775860e-06
    0.0013173745
    0.0019192287
    0.0014804663
   0.00024197715
   -0.0011233680
   -0.0018762733
   -0.0016113115
  -0.00047522238
   0.00091431443
    0.0018044906
    0.0017152035
   0.00069797659
  -0.00069366228
   -0.0017053702
   -0.0017908696
  -0.00090690001
   0.00046500597
    0.0015808164
    0.0018375009
    0.0010989192
  -0.00023201012
   -0.0014330977
   -0.0018547447
   -0.0012712597
  -1.6393332e-06
    0.0012648120
    0.0018427073
    0.0014214861
   0.00023229176
   -0.0010788447
   -0.0018019489
   -0.0015475376
  -0.00045639031
   0.00087831741
    0.0017334659
    0.0016477517
   0.00067052037
  -0.00066654369
   -0.0016386791
   -0.0017208950
  -0.00087147383
   0.00044696014
    0.0015193886
    0.0017661587
    0.0010562761
  -0.00022309193
   -0.0013777615
   -0.0017831837
   -0.0012222451
  -1.5159128e-06
    0.0012162832
    0.0017720536
    0.0013670250
   0.00022335198
   -0.0010377156
   -0.0017332873
   -0.0014886182
  -0.00043899206
   0.00084504950
    0.0016678228
    0.0015854069
   0.00064514565
  -0.00064146205
   -0.0015770039
   -0.0016561794
  -0.00083870866
   0.00043026379
    0.0014625556
    0.0017001471
    0.0010168156
  -0.00021483751
   -0.0013265427
   -0.0017169414
   -0.0011768700
  -1.4048472e-06
    0.0011713427
    0.0017066202
    0.0013165851
   0.00021507610
  -0.00099960651
   -0.0016696660
   -0.0014340208
  -0.00042287179
   0.00081420939
    0.0016069691
    0.0015276065
   0.00062161898
  -0.00061820298
   -0.0015198071
   -0.0015961591
  -0.00080832189
   0.00041476713
    0.0014098199
    0.0016388929
   0.00098019969
  -0.00020716836
   -0.0012789914
   -0.0016554403
   -0.0011347401
  -1.3037364e-06
    0.0011296050
    0.0016458457
    0.0012697327
   0.00020738901
  -0.00096419967
   -0.0016105515
   -0.0013832873
  -0.00040789345
   0.00078554167
    0.0015504008
    0.0014738736
   0.00059974925
  -0.00059656981
   -0.0014666116
   -0.0015403338
  -0.00078005623
   0.00040035184
    0.0013607582
    0.0015819013
   0.00094612967
  -0.00020002927
   -0.0012347339
   -0.0015981963
   -0.0010955255
  -1.2147926e-06
    0.0010907395
    0.0015892528
    0.0012261035
   0.00020023612
  -0.00093121211
   -0.0015554778
   -0.0013360203
  -0.00039394031
   0.00075882310
    0.0014976788
    0.0014237920
   0.00057936628
  -0.00057639917
   -0.0014170143
   -0.0014882830
  -0.00075370345
   0.00038690085
    0.0013149919
    0.0015287362
   0.00091434607
  -0.00019336627
   -0.0011934356
   -0.0015447764
   -0.0010589283
  -1.1334273e-06
    0.0010544585
    0.0015364193
    0.0011853681
   0.00019355453
  -0.00090041220
   -0.0015040498
   -0.0012918787
  -0.00038091058
   0.00073386267
    0.0014484248
    0.0013770013
   0.00056032151
  -0.00055755023
   -0.0013706638
   -0.0014396359
  -0.00072907232
   0.00037432662
    0.0012722071
    0.0014790313
   0.00088462981
  -0.00018713372
   -0.0011548135
   -0.0014948165
   -0.0010247017
  -1.0629870e-06
    0.0010205127
    0.0014869873
    0.0011472562
   0.00018730905
  -0.00087158022
   -0.0014559107
   -0.0012505593
  -0.00036871506
   0.00071049177
    0.0014023077
    0.0013331900
   0.00054249214
  -0.00053989083
   -0.0013272453
   -0.0013940649
  -0.00070599808
   0.00036254448
    0.0012321179
    0.0014324557
   0.00085678358
  -0.00018129026
   -0.0011186118
   -0.0014479853
  -0.00099261665
  -9.9784828e-07
   0.00098868467
    0.0014406366
    0.0011115180
   0.00018145365
  -0.00084453714
   -0.0014107566
   -0.0012117996
  -0.00035727468
   0.00068856454
    0.0013590367
    0.0012920795
   0.00052576042
  -0.00052331837
   -0.0012864958
   -0.0013512928
  -0.00068434135
   0.00035148036
    0.0011944778
    0.0013887241
   0.00083063735
  -0.00017580009
   -0.0010846102
   -0.0014039986
  -0.00096247912
  -9.3775657e-07
   0.00095878266
    0.0013970888
    0.0010779395
   0.00017595323
  -0.00081912210
   -0.0013683197
   -0.0011753713
  -0.00034652393
   0.00066794923
    0.0013183555
    0.0012534280
   0.00051002957
  -0.00050773328
   -0.0012481743
   -0.0013110678
  -0.00066397454
   0.00034107058
    0.0011590683
    0.0013475830
   0.00080603980
  -0.00017063171
   -0.0010526129
   -0.0013626034
  -0.00093411541
  -8.8101785e-07
   0.00093063733
    0.0013560965
    0.0010463293
   0.00017077463
  -0.00079519432
   -0.0013283638
   -0.0011410713
  -0.00033640310
   0.00064853103
    0.0012800378
    0.0012170210
   0.00049521221
  -0.00049304984
   -0.0012120696
   -0.0012731679
  -0.00064478415
   0.00033126073
    0.0011256989
    0.0013088103
   0.00078285768
  -0.00016575868
   -0.0010224504
   -0.0013235810
  -0.00090737815
  -8.3218553e-07
   0.00090409425
    0.0013174387
    0.0010165187
   0.00016589204
  -0.00077262340
   -0.0012906725
   -0.0011087132
  -0.00032685324
   0.00063021290
    0.0012438868
    0.0011826706
   0.00048123250
  -0.00047919062
   -0.0011779931
   -0.0012373950
  -0.00062666889
   0.00032200222
    0.0010941991
    0.0012722069
   0.00076097070
  -0.00016115823
  -0.00099397030
   -0.0012867322
  -0.00088212768
  -7.8391254e-07
   0.00087902833
    0.0012809292
   0.00098836416
   0.00016128325
  -0.00075129866
   -0.0012550636
   -0.0010781432
  -0.00031783391
   0.00061289925
    0.0012097216
    0.0011502075
   0.00046802219
  -0.00046608830
   -0.0011457812
   -0.0012035804
  -0.00060954795
   0.00031324281
    0.0010644110
    0.0012375941
   0.00074027556
  -0.00015680350
  -0.00096703105
   -0.0012518783
  -0.00085824562
  -7.4315958e-07
   0.00085530971
    0.0012463836
   0.00096172380
   0.00015692288
  -0.00073111747
   -0.0012213630
   -0.0010492100
  -0.00030929678
   0.00059651099
    0.0011773797
    0.0011194737
   0.00045551207
  -0.00045368804
   -0.0011152866
   -0.0011715649
  -0.00059333627
   0.00030494913
    0.0010362028
    0.0012048146
   0.00072067463
  -0.00015268005
  -0.00094151511
   -0.0012188630
  -0.00083562116
  -7.0297817e-07
   0.00083284004
    0.0012136538
   0.00093648106
   0.00015278894
  -0.00071199687
   -0.0011894300
   -0.0010217928
  -0.00030120742
   0.00058097822
    0.0011467267
    0.0010903457
   0.00044365961
  -0.00044192536
   -0.0010863698
   -0.0011412073
  -0.00057796480
   0.00029708241
    0.0010094504
    0.0011737262
   0.00070208482
  -0.00014876809
  -0.00091731185
   -0.0011875460
  -0.00081416132
  -6.6858074e-07
   0.00081151860
    0.0011825982
   0.00091253047
   0.00014886983
  -0.00069384715
   -0.0011591203
  -0.00099576891
  -0.00029352881
   0.00056623370
    0.0011176277
    0.0010626927
   0.00043240610
  -0.00043075862
   -0.0010589150
   -0.0011123826
  -0.00056336836
   0.00028961280
   0.00098404568
    0.0011442028
   0.00068443069
  -0.00014505055
  -0.00089432008
   -0.0011577955
  -0.00079377291
  -6.3320484e-07
   0.00079126481
    0.0011530946
   0.00088977572
   0.00014514701
  -0.00067660024
   -0.0011303178
  -0.00097103840
  -0.00028623244
   0.00055221877
    0.0010899686
    0.0010364070
   0.00042170796
  -0.00042014439
   -0.0010328162
   -0.0010849808
  -0.00054949362
   0.00028250738
   0.00095988660
    0.0011161268
   0.00066764154
  -0.00014151527
  -0.00087245366
   -0.0011295001
  -0.00077438154
  -6.0118230e-07
   0.00077199669
    0.0011250265
   0.00086812698
   0.00014160405
  -0.00066019240
   -0.0011029150
  -0.00094750978
  -0.00027929307
   0.00053887845
    0.0010636441
    0.0010113900
   0.00041152746
  -0.00041003856
   -0.0010079701
   -0.0010588932
  -0.00053628243
   0.00027574552
   0.00093688807
    0.0010893975
   0.00065165722
  -0.00013814849
  -0.00085163239
   -0.0011025570
  -0.00075591763
  -5.7386929e-07
   0.00075364304
    0.0010982920
   0.00084750783
   0.00013823254
  -0.00064455775
   -0.0010768050
  -0.00092508991
  -0.00027267815
   0.00052617070
    0.0010385634
   0.00098755340
   0.00040182688
  -0.00040040847
  -0.00098429316
   -0.0010340331
  -0.00052369425
   0.00026929723
   0.00091496383
    0.0010639175
   0.00063642055
  -0.00013493678
  -0.00083177936
   -0.0010768664
  -0.00073831090
  -5.4636461e-07
   0.00073614265
    0.0010727980
   0.00082784356
   0.00013501510
  -0.00062964960
   -0.0010519057
  -0.00090370905
  -0.00026637135
   0.00051404681
    0.0010146365
   0.00096481264
   0.00039257093
  -0.00039122270
  -0.00096170524
   -0.0010103152
  -0.00051168422
   0.00026314391
   0.00089404336
    0.0010396038
   0.00062188158
  -0.00013187005
  -0.00081283058
   -0.0010523461
  -0.00072150618
  -5.2096733e-07
   0.00071943695
    0.0010484618
   0.00080907268
   0.00013194567
  -0.00061541419
   -0.0010281310
  -0.00088329388
  -0.00026034942
   0.00050246991
   0.00099178938
   0.00094309903
   0.00038373646
  -0.00038244362
  -0.00094012567
  -0.00098765692
  -0.00050021035
   0.00025726605
   0.00087405722
    0.0010163746
   0.00060799010
  -0.00012894109
  -0.00079472659
   -0.0010289174
  -0.00070544866
  -4.9613861e-07
   0.00070347397
    0.0010252068
   0.00079113595
   0.00012901488
  -0.00060180566
   -0.0010054046
  -0.00086377825
  -0.00025459201
   0.00049140360
   0.00096994786
   0.00092233956
   0.00037528850
  -0.00037405235
  -0.00091949525
  -0.00096599375
  -0.00048923990
   0.00025164570
   0.00085494623
   0.00099416200
   0.00059470637
  -0.00012613945
  -0.00077741245
   -0.0010065112
  -0.00069009322
  -4.7667777e-07
   0.00068819963
    0.0010029562
   0.00077397242
   0.00012620679
  -0.00058879017
  -0.00098366476
  -0.00084510911
  -0.00024908572
   0.00048081295
   0.00094904691
   0.00090247400
   0.00036720437
  -0.00036602150
  -0.00089975108
  -0.00094526101
  -0.00047874115
   0.00024626460
   0.00083665187
   0.00097289841
   0.00058198995
  -0.00012345714
  -0.00076083615
  -0.00098505887
  -0.00067539042
  -4.5658723e-07
   0.00067357631
   0.00098165265
   0.00075753933
   0.00012351981
  -0.00057632421
  -0.00096284352
  -0.00082722823
  -0.00024381103
   0.00047067032
   0.00092902830
   0.00088344611
   0.00035946074
  -0.00035832872
  -0.00088083712
  -0.00092539897
  -0.00046868225
   0.00024111054
   0.00081912575
   0.00095252649
   0.00056980613
  -0.00012088739
  -0.00074495355
  -0.00096450360
  -0.00066130214
  -4.3771963e-07
   0.00065956278
   0.00096123747
   0.00074179206
   0.00012094688
  -0.00056437424
  -0.00094288589
  -0.00081008992
  -0.00023875734
   0.00046094457
   0.00090983519
   0.00086520329
   0.00035203687
  -0.00035095260
  -0.00086270236
  -0.00090635564
  -0.00045903936
   0.00023616539
   0.00080231677
   0.00093298931
   0.00055812274
  -0.00011841994
  -0.00072971671
  -0.00094478440
  -0.00064778582
  -4.1744058e-07
   0.00064612147
   0.00094165378
   0.00072668502
   0.00011847781
  -0.00055291032
  -0.00092373845
  -0.00079364613
  -0.00023390718
   0.00045161444
   0.00089142070
   0.00084770008
   0.00034491495
  -0.00034387209
  -0.00084529664
  -0.00088807700
  -0.00044978172
   0.00023142216
   0.00078618580
   0.00091423776
   0.00054690721
  -0.00011605446
  -0.00071509492
  -0.00092585981
  -0.00063481490
  -4.0144679e-07
   0.00063321499
   0.00092285075
   0.00071217993
   0.00011610632
  -0.00054190435
  -0.00090535498
  -0.00077785853
  -0.00022925200
   0.00044265280
   0.00087373510
   0.00083088911
   0.00033807314
  -0.00033707450
  -0.00082858267
  -0.00087052440
  -0.00044089304
   0.00022686372
   0.00077069001
   0.00089622593
   0.00053613576
  -0.00011377839
  -0.00070104376
  -0.00090767450
  -0.00062234948
  -3.8309694e-07
   0.00062081674
   0.00090478609
   0.00069824423
   0.00011382925
  -0.00053132677
  -0.00088768765
  -0.00076268530
  -0.00022477674
   0.00043404182
   0.00085673950
   0.00081473349
   0.00033149841
  -0.00033054031
  -0.00081251745
  -0.00085365330
  -0.00043235011
   0.00022248036
   0.00075579263
   0.00087890977
   0.00052578002
  -0.00011159077
  -0.00068753598
  -0.00089019275
  -0.00061036808
  -3.7022620e-07
   0.00060889049
   0.00088741168
   0.00068484123
   0.00011163876
  -0.00052115437
  -0.00087069644
  -0.00074809256
  -0.00022047303
   0.00042575914
   0.00084039238
   0.00079919479
   0.00032517629
  -0.00032425169
  -0.00079705959
  -0.00083741973
  -0.00042412845
   0.00021826565
   0.00074146151
   0.00086225029
   0.00051581644
  -0.00010948598
  -0.00067453867
  -0.00087337074
  -0.00059883774
  -3.5614587e-07
   0.00059741571
   0.00087069361
   0.00067194441
   0.00010953207
  -0.00051136312
  -0.00085434237
  -0.00073404663
  -0.00021633006
   0.00041778716
   0.00082465716
   0.00078423657
   0.00031908883
  -0.00031820045
  -0.00078218168
  -0.00082179469
  -0.00041621594
   0.00021420577
   0.00072766218
   0.00084620916
   0.00050622202
  -0.00010746052
  -0.00066202494
  -0.00085717364
  -0.00058773537
  -3.4266584e-07
   0.00058636608
   0.00085459466
   0.00065952502
   0.00010750357
  -0.00050193360
  -0.00083859266
  -0.00072052027
  -0.00021234192
   0.00041010647
   0.00080949918
   0.00076982753
   0.00031322523
  -0.00031237049
  -0.00076784862
  -0.00080674200
  -0.00040859366
   0.00021029343
   0.00071436636
   0.00083075368
   0.00049697849
  -0.00010550727
  -0.00064996494
  -0.00084156405
  -0.00057703529
  -3.2904570e-07
   0.00057571733
   0.00083907859
   0.00064755411
   0.00010554673
  -0.00049284663
  -0.00082341271
  -0.00070748148
  -0.00020849529
   0.00040270604
   0.00079489043
   0.00075593899
   0.00030757230
  -0.00030675212
  -0.00075403302
  -0.00079223118
  -0.00040124391
   0.00020652505
   0.00070155259
   0.00081585755
   0.00048807013
  -0.00010362220
  -0.00063833713
  -0.00082651494
  -0.00056672015
  -3.1732906e-07
   0.00056544931
   0.00082411881
   0.00063601413
   0.00010366373
  -0.00048408066
  -0.00080877298
  -0.00069490917
  -0.00020478999
   0.00039556370
   0.00078079728
   0.00074254335
   0.00030212350
  -0.00030132664
  -0.00074070004
  -0.00077822923
  -0.00039415320
   0.00020288647
   0.00068918473
   0.00080147935
   0.00047946927
  -0.00010180754
  -0.00062711979
  -0.00081199434
  -0.00055676626
  -3.0566906e-07
   0.00055554028
   0.00080968071
   0.00062487502
   0.00010184389
  -0.00047562237
  -0.00079464388
  -0.00068277316
  -0.00020121060
   0.00038867298
   0.00076719558
   0.00072961163
   0.00029685903
  -0.00029609673
  -0.00072783729
  -0.00076471878
  -0.00038731108
   0.00019937458
   0.00067724842
   0.00078760324
   0.00047117005
  -0.00010005290
  -0.00061628907
  -0.00079797566
  -0.00054715714
  -2.9570457e-07
   0.00054597192
   0.00079573953
   0.00061411905
   0.00010008596
  -0.00046745627
  -0.00078100224
  -0.00067105594
  -0.00019775528
   0.00038201905
   0.00075406281
   0.00071712779
   0.00029178115
  -0.00029103918
  -0.00071540895
  -0.00075166685
  -0.00038070203
   0.00019598112
   0.00066571696
   0.00077419839
   0.00046315340
  -9.8356311e-05
  -0.00060582391
  -0.00078443058
  -0.00053787248
  -2.8559607e-07
   0.00053672743
   0.00078226995
   0.00060372720
   9.8388686e-05
  -0.00045956399
  -0.00076781889
  -0.00065973249
  -0.00019441651
   0.00037558722
   0.00074136823
   0.00070505883
   0.00028686871
  -0.00028615596
  -0.00070340073
  -0.00073905394
  -0.00037431434
   0.00019270211
   0.00065457198
   0.00076124136
   0.00045540277
  -9.6719499e-05
  -0.00059571164
  -0.00077134038
  -0.00052889907
  -0.00021508586
  -0.00021508542
