  -0.00012644073
   7.8270693e-05
  -1.2007763e-07
  -7.8183064e-05
   0.00012670536
  -0.00012686511
   7.8532454e-05
  -1.1955523e-07
  -7.8442734e-05
   0.00012713132
  -0.00012729034
   7.8797485e-05
  -1.2080157e-07
  -7.8707407e-05
   0.00012755844
  -0.00012771902
   7.9063821e-05
  -1.2220987e-07
  -7.8973192e-05
   0.00012798951
  -0.00012815122
   7.9330920e-05
  -1.2159453e-07
  -7.9238668e-05
   0.00012842355
  -0.00012858478
   7.9600836e-05
  -1.2358758e-07
  -7.9508516e-05
   0.00012885875
  -0.00012902366
   7.9871984e-05
  -1.2446862e-07
  -7.9779670e-05
   0.00012929736
  -0.00012946442
   8.0145419e-05
  -1.2534496e-07
  -8.0051364e-05
   0.00012974030
  -0.00012990839
   8.0420351e-05
  -1.2654478e-07
  -8.0325506e-05
   0.00013018629
  -0.00013035507
   8.0697000e-05
  -1.2863023e-07
  -8.0602465e-05
   0.00013063492
  -0.00013080537
   8.0975853e-05
  -1.2913970e-07
  -8.0881157e-05
   0.00013108636
  -0.00013125685
   8.1258016e-05
  -1.2986682e-07
  -8.1161215e-05
   0.00013154037
  -0.00013171431
   8.1540210e-05
  -1.3113731e-07
  -8.1442878e-05
   0.00013200032
  -0.00013217184
   8.1824769e-05
  -1.3248867e-07
  -8.1726840e-05
   0.00013246041
  -0.00013263472
   8.2112723e-05
  -1.3280596e-07
  -8.2012408e-05
   0.00013292506
  -0.00013310079
   8.2401920e-05
  -1.3268667e-07
  -8.2300021e-05
   0.00013339225
  -0.00013356991
   8.2692748e-05
  -1.3430139e-07
  -8.2589720e-05
   0.00013386438
  -0.00013404212
   8.2984798e-05
  -1.3580421e-07
  -8.2882169e-05
   0.00013433700
  -0.00013451886
   8.3280492e-05
  -1.3704261e-07
  -8.3176762e-05
   0.00013481494
  -0.00013499859
   8.3576754e-05
  -1.3858329e-07
  -8.3473295e-05
   0.00013529696
  -0.00013547965
   8.3876726e-05
  -1.3929796e-07
  -8.3771297e-05
   0.00013578170
  -0.00013596587
   8.4177432e-05
  -1.4106313e-07
  -8.4072374e-05
   0.00013626915
  -0.00013645542
   8.4481694e-05
  -1.4134040e-07
  -8.4374529e-05
   0.00013676122
  -0.00013694820
   8.4786754e-05
  -1.4364661e-07
  -8.4680618e-05
   0.00013725567
  -0.00013744420
   8.5095768e-05
  -1.4343099e-07
  -8.4986726e-05
   0.00013775366
  -0.00013794505
   8.5405504e-05
  -1.4550350e-07
  -8.5295261e-05
   0.00013825741
  -0.00013844771
   8.5719979e-05
  -1.4633168e-07
  -8.5607758e-05
   0.00013876373
  -0.00013895577
   8.6033165e-05
  -1.4754185e-07
  -8.5920886e-05
   0.00013927363
  -0.00013946672
   8.6350435e-05
  -1.4838054e-07
  -8.6236110e-05
   0.00013978661
  -0.00013998280
   8.6670276e-05
  -1.4958639e-07
  -8.6555328e-05
   0.00014030361
  -0.00014050180
   8.6991880e-05
  -1.5142536e-07
  -8.6877044e-05
   0.00014082451
  -0.00014102377
   8.7316740e-05
  -1.5258179e-07
  -8.7199289e-05
   0.00014135023
  -0.00014155144
   8.7642589e-05
  -1.5429408e-07
  -8.7525369e-05
   0.00014188008
  -0.00014208089
   8.7972358e-05
  -1.5443113e-07
  -8.7852644e-05
   0.00014241303
  -0.00014261551
   8.8303566e-05
  -1.5645712e-07
  -8.8184261e-05
   0.00014294873
  -0.00014315354
   8.8639667e-05
  -1.5720520e-07
  -8.8517515e-05
   0.00014348948
  -0.00014369726
   8.8975946e-05
  -1.5807888e-07
  -8.8852968e-05
   0.00014403487
  -0.00014424389
   8.9314634e-05
  -1.6019169e-07
  -8.9191187e-05
   0.00014458518
  -0.00014479385
   8.9656627e-05
  -1.6132128e-07
  -8.9531692e-05
   0.00014513789
  -0.00014535031
   9.0000122e-05
  -1.6290300e-07
  -8.9874591e-05
   0.00014569561
  -0.00014590991
   9.0347453e-05
  -1.6477632e-07
  -9.0221158e-05
   0.00014625773
  -0.00014647369
   9.0696939e-05
  -1.6684749e-07
  -9.0570382e-05
   0.00014682423
  -0.00014704084
   9.1051353e-05
  -1.6671037e-07
  -9.0921053e-05
   0.00014739564
  -0.00014761341
   9.1405658e-05
  -1.6865543e-07
  -9.1275078e-05
   0.00014797033
  -0.00014819083
   9.1764286e-05
  -1.6967307e-07
  -9.1631546e-05
   0.00014855107
  -0.00014877141
   9.2125101e-05
  -1.7194445e-07
  -9.1991453e-05
   0.00014913467
  -0.00014935889
   9.2488993e-05
  -1.7271819e-07
  -9.2353827e-05
   0.00014972382
  -0.00014995017
   9.2854233e-05
  -1.7494053e-07
  -9.2718714e-05
   0.00015031854
  -0.00015054429
   9.3224218e-05
  -1.7774213e-07
  -9.3088615e-05
   0.00015091608
  -0.00015114452
   9.3597152e-05
  -1.7849481e-07
  -9.3458956e-05
   0.00015151840
  -0.00015175114
   9.3972838e-05
  -1.7946395e-07
  -9.3833220e-05
   0.00015212650
  -0.00015236114
   9.4350764e-05
  -1.8133716e-07
  -9.4209779e-05
   0.00015274028
  -0.00015297483
   9.4734143e-05
  -1.8229175e-07
  -9.4590823e-05
   0.00015335773
  -0.00015359493
   9.5117933e-05
  -1.8459304e-07
  -9.4974104e-05
   0.00015398047
  -0.00015422044
   9.5505810e-05
  -1.8569882e-07
  -9.5360834e-05
   0.00015460809
  -0.00015485029
   9.5896108e-05
  -1.8830244e-07
  -9.5750453e-05
   0.00015524107
  -0.00015548561
   9.6290779e-05
  -1.8944540e-07
  -9.6142447e-05
   0.00015588006
  -0.00015612642
   9.6687443e-05
  -1.9145735e-07
  -9.6538409e-05
   0.00015652403
  -0.00015677127
   9.7088435e-05
  -1.9400140e-07
  -9.6937945e-05
   0.00015717289
  -0.00015742298
   9.7493171e-05
  -1.9437170e-07
  -9.7340304e-05
   0.00015782710
  -0.00015807946
   9.7900583e-05
  -1.9663343e-07
  -9.7747311e-05
   0.00015848670
  -0.00015874050
   9.8312196e-05
  -1.9814718e-07
  -9.8156327e-05
   0.00015915234
  -0.00015940791
   9.8726796e-05
  -1.9978269e-07
  -9.8569355e-05
   0.00015982293
  -0.00016008149
   9.9144284e-05
  -2.0213753e-07
  -9.8986931e-05
   0.00016049801
  -0.00016076104
   9.9566062e-05
  -2.0297146e-07
  -9.9405836e-05
   0.00016118051
  -0.00016144623
   9.9990166e-05
  -2.0550431e-07
  -9.9828899e-05
   0.00016186970
  -0.00016213569
   0.00010041918
  -2.0789505e-07
  -0.00010025607
   0.00016256377
  -0.00016283288
   0.00010085048
  -2.1043928e-07
  -0.00010068657
   0.00016326390
  -0.00016353529
   0.00010128796
  -2.1104758e-07
  -0.00010112084
   0.00016396994
  -0.00016424410
   0.00010172736
  -2.1312214e-07
  -0.00010155887
   0.00016468211
  -0.00016495856
   0.00010217202
  -2.1445761e-07
  -0.00010200077
   0.00016540021
  -0.00016567987
   0.00010261956
  -2.1709789e-07
  -0.00010244630
   0.00016612673
  -0.00016640666
   0.00010307100
  -2.1892684e-07
  -0.00010289683
   0.00016685720
  -0.00016714057
   0.00010352556
  -2.2240956e-07
  -0.00010335181
   0.00016759440
  -0.00016787985
   0.00010398640
  -2.2334145e-07
  -0.00010380854
   0.00016833804
  -0.00016862822
   0.00010444947
  -2.2533490e-07
  -0.00010427015
   0.00016908940
  -0.00016938109
   0.00010491715
  -2.2862793e-07
  -0.00010473692
   0.00016984692
  -0.00017014175
   0.00010538908
  -2.2960657e-07
  -0.00010520588
   0.00017061221
  -0.00017090720
   0.00010586650
  -2.3204267e-07
  -0.00010568120
   0.00017138204
  -0.00017168193
   0.00010634735
  -2.3453437e-07
  -0.00010615935
   0.00017216148
  -0.00017246366
   0.00010683087
  -2.3746118e-07
  -0.00010664273
   0.00017294672
  -0.00017325135
   0.00010732110
  -2.3947832e-07
  -0.00010713049
   0.00017373869
  -0.00017404716
   0.00010781501
  -2.4144976e-07
  -0.00010762138
   0.00017453882
  -0.00017485077
   0.00010831325
  -2.4383301e-07
  -0.00010811793
   0.00017534643
  -0.00017566021
   0.00010881683
  -2.4737952e-07
  -0.00010861992
   0.00017616140
  -0.00017647869
   0.00010932448
  -2.4865260e-07
  -0.00010912533
   0.00017698409
  -0.00017730323
   0.00010983684
  -2.5195030e-07
  -0.00010963649
   0.00017781299
  -0.00017813702
   0.00011035505
  -2.5348052e-07
  -0.00011015090
   0.00017865152
  -0.00017897793
   0.00011087782
  -2.5554795e-07
  -0.00011067166
   0.00017949637
  -0.00017982736
   0.00011140392
  -2.5970642e-07
  -0.00011119613
   0.00018035130
  -0.00018068439
   0.00011193701
  -2.6253180e-07
  -0.00011172730
   0.00018121387
  -0.00018154924
   0.00011247439
  -2.6383558e-07
  -0.00011226130
   0.00018208358
  -0.00018242309
   0.00011301751
  -2.6772425e-07
  -0.00011280322
   0.00018296213
  -0.00018330531
   0.00011356500
  -2.6986780e-07
  -0.00011334789
   0.00018384920
  -0.00018419565
   0.00011411941
  -2.7288670e-07
  -0.00011389904
   0.00018474590
  -0.00018509488
   0.00011467799
  -2.7514537e-07
  -0.00011445448
   0.00018565092
  -0.00018600384
   0.00011524123
  -2.7821126e-07
  -0.00011501598
   0.00018656463
  -0.00018692113
   0.00011581068
  -2.8204222e-07
  -0.00011558444
   0.00018748674
  -0.00018784743
   0.00011638666
  -2.8382100e-07
  -0.00011615747
   0.00018841713
  -0.00018878331
   0.00011696768
  -2.8766037e-07
  -0.00011673576
   0.00018935972
  -0.00018972646
   0.00011755631
  -2.9015517e-07
  -0.00011732029
   0.00019030985
  -0.00019068202
   0.00011814835
  -2.9361682e-07
  -0.00011791106
   0.00019127011
  -0.00019164574
   0.00011874666
  -2.9724985e-07
  -0.00011850715
   0.00019223982
  -0.00019261966
   0.00011935150
  -3.0119566e-07
  -0.00011910930
   0.00019321977
  -0.00019360426
   0.00011996359
  -3.0237369e-07
  -0.00011971732
   0.00019420971
  -0.00019459731
   0.00012058115
  -3.0580030e-07
  -0.00012033131
   0.00019520968
  -0.00019560235
   0.00012120479
  -3.0968147e-07
  -0.00012095350
   0.00019622020
  -0.00019661598
   0.00012183462
  -3.1399285e-07
  -0.00012158023
   0.00019724179
  -0.00019764124
   0.00012247236
  -3.1677549e-07
  -0.00012221494
   0.00019827204
  -0.00019867810
   0.00012311656
  -3.1931725e-07
  -0.00012285545
   0.00019931517
  -0.00019972433
   0.00012376637
  -3.2309962e-07
  -0.00012350269
   0.00020036835
  -0.00020078211
   0.00012442378
  -3.2710576e-07
  -0.00012415700
   0.00020143281
  -0.00020185179
   0.00012508758
  -3.3187682e-07
  -0.00012481891
   0.00020250923
  -0.00020293185
   0.00012575995
  -3.3422302e-07
  -0.00012548642
   0.00020359686
  -0.00020402368
   0.00012643893
  -3.3917523e-07
  -0.00012616302
   0.00020469609
  -0.00020512811
   0.00012712463
  -3.4252954e-07
  -0.00012684492
   0.00020580764
  -0.00020624418
   0.00012781869
  -3.4659647e-07
  -0.00012753600
   0.00020693100
  -0.00020737218
   0.00012852024
  -3.4960211e-07
  -0.00012823355
   0.00020806633
  -0.00020851226
   0.00012922915
  -3.5518848e-07
  -0.00012893961
   0.00020921471
  -0.00020966645
   0.00012994513
  -3.5862947e-07
  -0.00012965157
   0.00021037563
  -0.00021083276
   0.00013067135
  -3.6238239e-07
  -0.00013037363
   0.00021154929
  -0.00021201291
   0.00013140287
  -3.6654243e-07
  -0.00013110213
   0.00021273649
  -0.00021320470
   0.00013214548
  -3.7128924e-07
  -0.00013184098
   0.00021393724
  -0.00021441015
   0.00013289494
  -3.7599112e-07
  -0.00013258740
   0.00021515113
  -0.00021562970
   0.00013365301
  -3.8026646e-07
  -0.00013334133
   0.00021637882
  -0.00021686399
   0.00013441950
  -3.8479050e-07
  -0.00013410382
   0.00021762112
  -0.00021811175
   0.00013519586
  -3.8928025e-07
  -0.00013487622
   0.00021887754
  -0.00021937325
   0.00013598057
  -3.9540716e-07
  -0.00013565753
   0.00022014954
  -0.00022065010
   0.00013677366
  -3.9989627e-07
  -0.00013644717
   0.00022143415
  -0.00022194235
   0.00013757775
  -4.0452179e-07
  -0.00013724595
   0.00022273592
  -0.00022324842
   0.00013839116
  -4.0994168e-07
  -0.00013805467
   0.00022405160
  -0.00022457298
   0.00013921298
  -4.1457558e-07
  -0.00013887306
   0.00022538386
  -0.00022591061
   0.00014004563
  -4.1919136e-07
  -0.00013970051
   0.00022673168
  -0.00022726515
   0.00014088790
  -4.2448791e-07
  -0.00014053828
   0.00022809587
  -0.00022863610
   0.00014173985
  -4.3015233e-07
  -0.00014138635
   0.00022947595
  -0.00023002324
   0.00014260339
  -4.3589015e-07
  -0.00014224357
   0.00023087508
  -0.00023142801
   0.00014347646
  -4.4104271e-07
  -0.00014311266
   0.00023228949
  -0.00023284946
   0.00014436014
  -4.4720130e-07
  -0.00014399161
   0.00023372193
  -0.00023428875
   0.00014525659
  -4.5144225e-07
  -0.00014488254
   0.00023517139
  -0.00023574478
   0.00014616264
  -4.5876631e-07
  -0.00014578501
   0.00023663840
  -0.00023722079
   0.00014708001
  -4.6417331e-07
  -0.00014669591
   0.00023812602
  -0.00023871416
   0.00014801027
  -4.7009645e-07
  -0.00014762103
   0.00023963085
  -0.00024022680
   0.00014895131
  -4.7669021e-07
  -0.00014855770
   0.00024115467
  -0.00024175916
   0.00014990392
  -4.8262268e-07
  -0.00014950449
   0.00024269837
  -0.00024331137
   0.00015086967
  -4.8898120e-07
  -0.00015046474
   0.00024426253
  -0.00024488276
   0.00015184706
  -4.9595569e-07
  -0.00015143756
   0.00024584555
  -0.00024647495
   0.00015283799
  -5.0303516e-07
  -0.00015242199
   0.00024745094
  -0.00024808762
   0.00015384258
  -5.0955314e-07
  -0.00015341962
   0.00024907728
  -0.00024972229
   0.00015485915
  -5.1630591e-07
  -0.00015443072
   0.00025072396
  -0.00025137889
   0.00015588886
  -5.2449420e-07
  -0.00015545518
   0.00025239361
  -0.00025305718
   0.00015693348
  -5.3167121e-07
  -0.00015649350
   0.00025408615
  -0.00025475694
   0.00015799276
  -5.3822193e-07
  -0.00015754702
   0.00025579857
  -0.00025648066
   0.00015906587
  -5.4521837e-07
  -0.00015861177
   0.00025753720
  -0.00025822800
   0.00016015265
  -5.5377387e-07
  -0.00015969245
   0.00025929973
  -0.00025999805
   0.00016125580
  -5.6230477e-07
  -0.00016078903
   0.00026108578
  -0.00026179399
   0.00016237243
  -5.6970009e-07
  -0.00016189893
   0.00026289438
  -0.00026361666
   0.00016350645
  -5.7741175e-07
  -0.00016302590
   0.00026473076
  -0.00026546173
   0.00016465558
  -5.8644241e-07
  -0.00016416819
   0.00026659272
  -0.00026733366
   0.00016582111
  -5.9528141e-07
  -0.00016532745
   0.00026848055
  -0.00026923087
   0.00016700361
  -6.0443729e-07
  -0.00016650116
   0.00027039491
  -0.00027115858
   0.00016820352
  -6.1204075e-07
  -0.00016769269
   0.00027233751
  -0.00027311240
   0.00016941913
  -6.2181288e-07
  -0.00016890164
   0.00027430833
  -0.00027509381
   0.00017065382
  -6.3094603e-07
  -0.00017012760
   0.00027630820
  -0.00027710487
   0.00017190569
  -6.3986189e-07
  -0.00017137159
   0.00027833615
  -0.00027914459
   0.00017317758
  -6.5061860e-07
  -0.00017263497
   0.00028039439
  -0.00028121707
   0.00017446614
  -6.6001065e-07
  -0.00017391500
   0.00028248415
  -0.00028331890
   0.00017577613
  -6.7001594e-07
  -0.00017521664
   0.00028460504
  -0.00028545128
   0.00017710507
  -6.8011715e-07
  -0.00017653567
   0.00028675833
  -0.00028761725
   0.00017845368
  -6.9120482e-07
  -0.00017787565
   0.00028894423
  -0.00028981624
   0.00017982274
  -7.0336736e-07
  -0.00017923749
   0.00029116223
  -0.00029204922
   0.00018121500
  -7.1301165e-07
  -0.00018061762
   0.00029341635
  -0.00029431776
   0.00018262691
  -7.2403604e-07
  -0.00018202063
   0.00029570535
  -0.00029661912
   0.00018406198
  -7.3759133e-07
  -0.00018344692
   0.00029802929
  -0.00029895848
   0.00018552067
  -7.4912609e-07
  -0.00018489428
   0.00030039164
  -0.00030133466
   0.00018700088
  -7.6231496e-07
  -0.00018636527
   0.00030279091
  -0.00030374895
   0.00018850622
  -7.7447805e-07
  -0.00018785952
   0.00030522869
  -0.00030620278
   0.00019003535
  -7.8572286e-07
  -0.00018937634
   0.00030770531
  -0.00030869723
   0.00019158886
  -8.0051425e-07
  -0.00019091955
   0.00031022467
  -0.00031123107
   0.00019316957
  -8.1274718e-07
  -0.00019248838
   0.00031278299
  -0.00031380821
   0.00019477431
  -8.2750855e-07
  -0.00019408236
   0.00031538507
  -0.00031642739
   0.00019640800
  -8.4240853e-07
  -0.00019570405
   0.00031803130
  -0.00031909050
   0.00019806888
  -8.5654316e-07
  -0.00019735186
   0.00032072193
  -0.00032179969
   0.00019975744
  -8.7113029e-07
  -0.00019902764
   0.00032345769
  -0.00032455535
   0.00020147628
  -8.8611737e-07
  -0.00020073242
   0.00032624234
  -0.00032735810
   0.00020322333
  -9.0137111e-07
  -0.00020246677
   0.00032907279
  -0.00033021067
   0.00020500151
  -9.1779483e-07
  -0.00020423133
   0.00033195507
  -0.00033311148
   0.00020681100
  -9.3516964e-07
  -0.00020602665
   0.00033488741
  -0.00033606524
   0.00020865366
  -9.5225613e-07
  -0.00020785529
   0.00033787234
  -0.00033907006
   0.00021052972
  -9.6926136e-07
  -0.00020971548
   0.00034091075
  -0.00034213030
   0.00021243929
  -9.8618149e-07
  -0.00021160886
   0.00034400420
  -0.00034524622
   0.00021438263
  -1.0059310e-06
  -0.00021353743
   0.00034715480
  -0.00034841914
   0.00021636273
  -1.0254762e-06
  -0.00021550149
   0.00035036293
  -0.00035165253
   0.00021837965
  -1.0439530e-06
  -0.00021750147
   0.00035363215
  -0.00035494426
   0.00022043410
  -1.0641040e-06
  -0.00021953882
   0.00035696144
  -0.00035830033
   0.00022252769
  -1.0845148e-06
  -0.00022161553
   0.00036035473
  -0.00036171817
   0.00022466211
  -1.1062759e-06
  -0.00022373246
   0.00036381192
  -0.00036520319
   0.00022683839
  -1.1271146e-06
  -0.00022588888
   0.00036733752
  -0.00036875541
   0.00022905562
  -1.1501906e-06
  -0.00022808727
   0.00037093130
  -0.00037237835
   0.00023131803
  -1.1730200e-06
  -0.00023032883
   0.00037459785
  -0.00037607247
   0.00023362410
  -1.1972764e-06
  -0.00023261589
   0.00037833623
  -0.00037983988
   0.00023597787
  -1.2221129e-06
  -0.00023494875
   0.00038214920
  -0.00038368545
   0.00023837800
  -1.2476813e-06
  -0.00023732708
   0.00038604133
  -0.00038760845
   0.00024083042
  -1.2725727e-06
  -0.00023975617
   0.00039001208
  -0.00039161322
   0.00024333143
  -1.2999683e-06
  -0.00024223492
   0.00039406653
  -0.00039570107
   0.00024588569
  -1.3268180e-06
  -0.00024476526
   0.00039820561
  -0.00039987445
   0.00024849402
  -1.3558126e-06
  -0.00024734841
   0.00040243357
  -0.00040413751
   0.00025115777
  -1.3863025e-06
  -0.00024998882
   0.00040675037
  -0.00040849260
   0.00025388026
  -1.4156250e-06
  -0.00025268345
   0.00041116208
  -0.00041294324
   0.00025666079
  -1.4482169e-06
  -0.00025543850
   0.00041567124
  -0.00041748984
   0.00025950494
  -1.4799034e-06
  -0.00025825346
   0.00042027896
  -0.00042214079
   0.00026240986
  -1.5135652e-06
  -0.00026113051
   0.00042499099
  -0.00042689414
   0.00026538328
  -1.5485430e-06
  -0.00026407458
   0.00042980899
  -0.00043175564
   0.00026842453
  -1.5840214e-06
  -0.00026708408
   0.00043473755
  -0.00043673029
   0.00027153515
  -1.6223173e-06
  -0.00027016315
   0.00043978194
  -0.00044182045
   0.00027471891
  -1.6614750e-06
  -0.00027331531
   0.00044494309
  -0.00044703065
   0.00027797913
  -1.7007707e-06
  -0.00027654048
   0.00045022736
  -0.00045236606
   0.00028131653
  -1.7416121e-06
  -0.00027984265
   0.00045563900
  -0.00045782849
   0.00028473578
  -1.7858557e-06
  -0.00028322583
   0.00046118207
  -0.00046342550
   0.00028824000
  -1.8286526e-06
  -0.00028669048
   0.00046686108
  -0.00046916135
   0.00029183070
  -1.8748796e-06
  -0.00029024189
   0.00047268208
  -0.00047504118
   0.00029551085
  -1.9233879e-06
  -0.00029388270
   0.00047864936
  -0.00048106978
   0.00029928588
  -1.9737154e-06
  -0.00029761456
   0.00048477171
  -0.00048725227
   0.00030315966
  -2.0250914e-06
  -0.00030144363
   0.00049105075
  -0.00049359686
   0.00030713471
  -2.0780928e-06
  -0.00030537230
   0.00049749431
  -0.00050010960
   0.00031121410
  -2.1338450e-06
  -0.00030940402
   0.00050411061
  -0.00050679501
   0.00031540416
  -2.1919951e-06
  -0.00031354453
   0.00051090450
  -0.00051366155
   0.00031970806
  -2.2536425e-06
  -0.00031779732
   0.00051788334
  -0.00052071918
   0.00032413055
  -2.3162980e-06
  -0.00032216692
   0.00052505599
  -0.00052797093
   0.00032867790
  -2.3827114e-06
  -0.00032665818
   0.00053243058
  -0.00053542685
   0.00033335730
  -2.4498472e-06
  -0.00033127616
   0.00054001562
  -0.00054309813
   0.00033816714
  -2.5222998e-06
  -0.00033602626
   0.00054781839
  -0.00055099351
   0.00034312001
  -2.5970336e-06
  -0.00034091540
   0.00055585191
  -0.00055911911
   0.00034822059
  -2.6750851e-06
  -0.00034594965
   0.00056412175
  -0.00056749054
   0.00035347443
  -2.7561803e-06
  -0.00035113359
   0.00057264341
  -0.00057611442
   0.00035888972
  -2.8424354e-06
  -0.00035647635
   0.00058142664
  -0.00058500524
   0.00036447272
  -2.9312686e-06
  -0.00036198281
   0.00059048337
  -0.00059417493
   0.00037023239
  -3.0233433e-06
  -0.00036766132
   0.00059982640
  -0.00060363613
   0.00037617705
  -3.1230413e-06
  -0.00037352436
   0.00060946875
  -0.00061340374
   0.00038231551
  -3.2261161e-06
  -0.00037957387
   0.00061942860
  -0.00062349272
   0.00038865761
  -3.3341122e-06
  -0.00038582381
   0.00062971854
  -0.00063391787
   0.00039521495
  -3.4473732e-06
  -0.00039228338
   0.00064035458
  -0.00064469997
   0.00040199602
  -3.5660849e-06
  -0.00039896200
   0.00065135687
  -0.00065585397
   0.00040901388
  -3.6938496e-06
  -0.00040587360
   0.00066274502
  -0.00066740091
   0.00041628181
  -3.8249945e-06
  -0.00041302859
   0.00067453723
  -0.00067936035
   0.00042381212
  -3.9641092e-06
  -0.00042043781
   0.00068675689
  -0.00069175807
   0.00043162005
  -4.1127793e-06
  -0.00042812123
   0.00069942645
  -0.00070461757
   0.00043972046
  -4.2673695e-06
  -0.00043608762
   0.00071257520
  -0.00071796081
   0.00044813048
  -4.4341091e-06
  -0.00044435794
   0.00072622521
  -0.00073182247
   0.00045686939
  -4.6078008e-06
  -0.00045294687
   0.00074041025
  -0.00074622740
   0.00046595638
  -4.7929536e-06
  -0.00046187596
   0.00075515847
  -0.00076121266
   0.00047541101
  -4.9895817e-06
  -0.00047116378
   0.00077050683
  -0.00077681091
   0.00048525826
  -5.1979065e-06
  -0.00048083119
   0.00078649338
  -0.00079306350
   0.00049551996
  -5.4194392e-06
  -0.00049090487
   0.00080315553
  -0.00081000887
   0.00050622740
  -5.6562154e-06
  -0.00050141098
   0.00082053877
  -0.00082769549
   0.00051740558
  -5.9082134e-06
  -0.00051237347
   0.00083869320
  -0.00084617051
   0.00052909054
  -6.1763599e-06
  -0.00052382791
   0.00085766661
  -0.00086548963
   0.00054131443
  -6.4648569e-06
  -0.00053580431
   0.00087752093
  -0.00088571137
   0.00055411722
  -6.7744172e-06
  -0.00054834396
   0.00089831508
  -0.00090690154
   0.00056753961
  -7.1044599e-06
  -0.00056148337
   0.00092011897
  -0.00092912822
   0.00058162813
  -7.4618892e-06
  -0.00057526792
   0.00094300780
  -0.00095247377
   0.00059643359
  -7.8451091e-06
  -0.00058974635
   0.00096706332
  -0.00097702257
   0.00061201242
  -8.2591439e-06
  -0.00060497155
   0.00099237991
   -0.0010028691
   0.00062842805
  -8.7061675e-06
  -0.00062100483
    0.0010190557
   -0.0010301214
   0.00064574820
  -9.1902924e-06
  -0.00063791056
    0.0010472068
   -0.0010588952
   0.00066404892
  -9.7169298e-06
  -0.00065576228
    0.0010769572
   -0.0010893230
   0.00068341735
  -1.0288978e-05
  -0.00067464091
    0.0011084468
   -0.0011215529
   0.00070394847
  -1.0913639e-05
  -0.00069463979
    0.0011418328
   -0.0011557465
   0.00072575315
  -1.1596000e-05
  -0.00071585925
    0.0011772940
   -0.0011920901
   0.00074895126
  -1.2345207e-05
  -0.00073841750
    0.0012150261
   -0.0012307960
   0.00077367997
  -1.3168882e-05
  -0.00076244213
    0.0012552598
   -0.0012720969
   0.00080009706
  -1.4079139e-05
  -0.00078808403
    0.0012982469
   -0.0013162673
   0.00082838178
  -1.5085190e-05
  -0.00081550721
    0.0013442852
   -0.0013636145
   0.00085873895
  -1.6204284e-05
  -0.00084490921
    0.0013937068
   -0.0014144974
   0.00089140407
  -1.7451169e-05
  -0.00087650854
    0.0014469017
   -0.0014693221
   0.00092665521
  -1.8848621e-05
  -0.00091056562
    0.0015043177
   -0.0015285702
   0.00096480495
  -2.0419827e-05
  -0.00094737275
    0.0015664790
   -0.0015927962
    0.0010062323
  -2.2196493e-05
  -0.00098728217
    0.0016339994
   -0.0016626554
    0.0010513749
  -2.4214819e-05
   -0.0010306989
    0.0017076034
   -0.0017389246
    0.0011007550
  -2.6522789e-05
   -0.0010781095
    0.0017881501
   -0.0018225270
    0.0011550027
  -2.9174049e-05
   -0.0011300875
    0.0018766736
   -0.0019145739
    0.0012148709
  -3.2245932e-05
   -0.0011873327
    0.0019744153
   -0.0020164135
    0.0012812838
  -3.5826339e-05
   -0.0012506807
    0.0020828995
   -0.0021296960
    0.0013553711
  -4.0041215e-05
   -0.0013211670
    0.0022039980
   -0.0022564631
    0.0014385492
  -4.5043407e-05
   -0.0014000654
    0.0023400478
   -0.0023992776
    0.0015325946
  -5.1045761e-05
   -0.0014889780
    0.0024939972
   -0.0025613919
    0.0016397886
  -5.8333068e-05
   -0.0015899401
    0.0026696305
   -0.0027470001
    0.0017630917
  -6.7298075e-05
   -0.0017055718
    0.0028718753
   -0.0029616103
    0.0019064275
  -7.8499261e-05
   -0.0018393207
    0.0031072738
   -0.0032125940
    0.0020751033
  -9.2749317e-05
   -0.0019957955
    0.0033847085
   -0.0035100568
    0.0022764821
  -0.00011126306
   -0.0021813171
    0.0037165420
   -0.0038682266
    0.0025210792
  -0.00013592534
   -0.0024047742
    0.0041205145
   -0.0043077980
    0.0028244522
  -0.00016979844
   -0.0026790919
    0.0046230143
   -0.0048600814
    0.0032106260
  -0.00021810957
   -0.0030237753
    0.0052650990
   -0.0055748000
    0.0037187439
  -0.00029040600
   -0.0034696995
    0.0061143074
   -0.0065359732
    0.0044171367
  -0.00040565368
   -0.0040686850
    0.0072901349
   -0.0078976360
    0.0054365895
  -0.00060608344
   -0.0049144856
    0.0090258807
   -0.0099759605
    0.0070622204
   -0.0010022287
   -0.0061940011
     0.011846466
    -0.013538807
     0.010052529
   -0.0019659284
   -0.0083261006
     0.017231220
    -0.021060370
     0.017275564
   -0.0054765470
    -0.012221970
     0.031590568
    -0.047385837
     0.054843348
    -0.051114585
     0.036199549
       1.0000000
       1.0000000
     0.036199548
    -0.051114585
     0.054843349
    -0.047385838
     0.031590567
    -0.012221969
   -0.0054765473
     0.017275563
    -0.021060368
     0.017231221
   -0.0083261016
   -0.0019659299
     0.010052528
    -0.013538807
     0.011846466
   -0.0061940008
   -0.0010022286
    0.0070622207
   -0.0099759602
    0.0090258810
   -0.0049144856
  -0.00060608407
    0.0054365900
   -0.0078976347
    0.0072901348
   -0.0040686855
  -0.00040565389
    0.0044171360
   -0.0065359732
    0.0061143076
   -0.0034696998
  -0.00029040545
    0.0037187451
   -0.0055747996
    0.0052650987
   -0.0030237758
  -0.00021811035
    0.0032106256
   -0.0048600813
    0.0046230144
   -0.0026790914
  -0.00016979786
    0.0028244518
   -0.0043077988
    0.0041205143
   -0.0024047739
  -0.00013592511
    0.0025210793
   -0.0038682267
    0.0037165416
   -0.0021813168
  -0.00011126279
    0.0022764819
   -0.0035100566
    0.0033847085
   -0.0019957960
  -9.2749103e-05
    0.0020751036
   -0.0032125940
    0.0031072746
   -0.0018393201
  -7.8500076e-05
    0.0019064271
   -0.0029616101
    0.0028718744
   -0.0017055721
  -6.7296472e-05
    0.0017630926
   -0.0027470006
    0.0026696299
   -0.0015899404
  -5.8332560e-05
    0.0016397886
   -0.0025613931
    0.0024939968
   -0.0014889777
  -5.1045641e-05
    0.0015325953
   -0.0023992772
    0.0023400473
   -0.0014000654
  -4.5043156e-05
    0.0014385489
   -0.0022564632
    0.0022039983
   -0.0013211670
  -4.0041692e-05
    0.0013553712
   -0.0021296952
    0.0020828990
   -0.0012506820
  -3.5826949e-05
    0.0012812838
   -0.0020164129
    0.0019744162
   -0.0011873321
  -3.2245093e-05
    0.0012148713
   -0.0019145746
    0.0018766727
   -0.0011300881
  -2.9173926e-05
    0.0011550034
   -0.0018225270
    0.0017881499
   -0.0010781088
  -2.6522136e-05
    0.0011007545
   -0.0017389255
    0.0017076033
   -0.0010306990
  -2.4215029e-05
    0.0010513753
   -0.0016626552
    0.0016339997
  -0.00098728156
  -2.2196669e-05
    0.0010062317
   -0.0015927958
    0.0015664798
  -0.00094737341
  -2.0420703e-05
   0.00096480585
   -0.0015285697
    0.0015043170
  -0.00091056534
  -1.8847978e-05
   0.00092665487
   -0.0014693225
    0.0014469015
  -0.00087650921
  -1.7451617e-05
   0.00089140439
   -0.0014144974
    0.0013937069
  -0.00084490816
  -1.6203830e-05
   0.00085873814
   -0.0013636151
    0.0013442854
  -0.00081550726
  -1.5085962e-05
   0.00082838121
   -0.0013162668
    0.0012982484
  -0.00078808294
  -1.4080090e-05
   0.00080009593
   -0.0012720967
    0.0012552602
  -0.00076244213
  -1.3169823e-05
   0.00077367919
   -0.0012307949
    0.0012150271
  -0.00073841828
  -1.2345972e-05
   0.00074895136
   -0.0011920900
    0.0011772941
  -0.00071585886
  -1.1595660e-05
   0.00072575342
   -0.0011557464
    0.0011418328
  -0.00069463945
  -1.0913535e-05
   0.00070394806
   -0.0011215532
    0.0011084469
  -0.00067464064
  -1.0289328e-05
   0.00068341686
   -0.0010893234
    0.0010769568
  -0.00065576195
  -9.7167638e-06
   0.00066404792
   -0.0010588954
    0.0010472075
  -0.00063791028
  -9.1904713e-06
   0.00064574785
   -0.0010301212
    0.0010190559
  -0.00062100488
  -8.7056393e-06
   0.00062842827
   -0.0010028694
   0.00099237959
  -0.00060497122
  -8.2578043e-06
   0.00061201262
  -0.00097702368
   0.00096706328
  -0.00058974611
  -7.8454545e-06
   0.00059643380
  -0.00095247343
   0.00094300775
  -0.00057526789
  -7.4622525e-06
   0.00058162735
  -0.00092912823
   0.00092011941
  -0.00056148376
  -7.1050740e-06
   0.00056754005
  -0.00090690062
   0.00089831534
  -0.00054834390
  -6.7744677e-06
   0.00055411640
  -0.00088571181
   0.00087752083
  -0.00053580515
  -6.4647762e-06
   0.00054131530
  -0.00086548934
   0.00085766742
  -0.00052382764
  -6.1771827e-06
   0.00052909101
  -0.00084616981
   0.00083869264
  -0.00051237393
  -5.9084931e-06
   0.00051740557
  -0.00082769494
   0.00082053897
  -0.00050141075
  -5.6558282e-06
   0.00050622676
  -0.00081000984
   0.00080315555
  -0.00049090452
  -5.4193378e-06
   0.00049551989
  -0.00079306393
   0.00078649348
  -0.00048083039
  -5.1981744e-06
   0.00048525734
  -0.00077681070
   0.00077050785
  -0.00047116294
  -4.9898205e-06
   0.00047541001
  -0.00076121314
   0.00075515826
  -0.00046187579
  -4.7923850e-06
   0.00046595594
  -0.00074622798
   0.00074041041
  -0.00045294684
  -4.6073736e-06
   0.00045686992
  -0.00073182252
   0.00072622548
  -0.00044435735
  -4.4335415e-06
   0.00044813011
  -0.00071796231
   0.00071257504
  -0.00043608690
  -4.2676756e-06
   0.00043972032
  -0.00070461745
   0.00069942658
  -0.00042812042
  -4.1129296e-06
   0.00043161859
  -0.00069175815
   0.00068675809
  -0.00042043807
  -3.9650198e-06
   0.00042381219
  -0.00067936052
   0.00067453773
  -0.00041302709
  -3.8252490e-06
   0.00041628098
  -0.00066740062
   0.00066274496
  -0.00040587348
  -3.6932698e-06
   0.00040901369
  -0.00065585422
   0.00065135707
  -0.00039896221
  -3.5662697e-06
   0.00040199658
  -0.00064469985
   0.00064035392
  -0.00039228341
  -3.4472611e-06
   0.00039521430
  -0.00063391839
   0.00062971852
  -0.00038582363
  -3.3336959e-06
   0.00038865835
  -0.00062349214
   0.00061942824
  -0.00037957469
  -3.2263246e-06
   0.00038231576
  -0.00061340339
   0.00060946954
  -0.00037352395
  -3.1237187e-06
   0.00037617693
  -0.00060363556
   0.00059982573
  -0.00036766280
  -3.0239039e-06
   0.00037023334
  -0.00059417361
   0.00059048347
  -0.00036198338
  -2.9316994e-06
   0.00036447220
  -0.00058500520
   0.00058142764
  -0.00035647540
  -2.8425981e-06
   0.00035888910
  -0.00057611435
   0.00057264354
  -0.00035113408
  -2.7565674e-06
   0.00035347503
  -0.00056748934
   0.00056412186
  -0.00034595054
  -2.6754376e-06
   0.00034822038
  -0.00055912003
   0.00055585099
  -0.00034091499
  -2.5959014e-06
   0.00034312011
  -0.00055099354
   0.00054781883
  -0.00033602633
  -2.5220293e-06
   0.00033816716
  -0.00054309933
   0.00054001540
  -0.00033127549
  -2.4502617e-06
   0.00033335644
  -0.00053542683
   0.00053243140
  -0.00032665769
  -2.3828163e-06
   0.00032867776
  -0.00052797071
   0.00052505688
  -0.00032216692
  -2.3171753e-06
   0.00032413117
  -0.00052071872
   0.00051788264
  -0.00031779721
  -2.2537744e-06
   0.00031970727
  -0.00051366182
   0.00051090441
  -0.00031354452
  -2.1919485e-06
   0.00031540453
  -0.00050679464
   0.00050411017
  -0.00030940392
  -2.1333348e-06
   0.00031121391
  -0.00050010943
   0.00049749418
  -0.00030537291
  -2.0775798e-06
   0.00030713540
  -0.00049359667
   0.00049105098
  -0.00030144384
  -2.0253018e-06
   0.00030315928
  -0.00048725334
   0.00048477136
  -0.00029761394
  -1.9729064e-06
   0.00029928685
  -0.00048106940
   0.00047864927
  -0.00029388272
  -1.9237453e-06
   0.00029551066
  -0.00047504124
   0.00047268115
  -0.00029024313
  -1.8752146e-06
   0.00029183166
  -0.00046916022
   0.00046686115
  -0.00028669079
  -1.8285894e-06
   0.00028824001
  -0.00046342602
   0.00046118137
  -0.00028322568
  -1.7848381e-06
   0.00028473631
  -0.00045782889
   0.00045563886
  -0.00027984235
  -1.7414992e-06
   0.00028131700
  -0.00045236575
   0.00045022673
  -0.00027654070
  -1.7005558e-06
   0.00027797861
  -0.00044703143
   0.00044494299
  -0.00027331436
  -1.6602724e-06
   0.00027471900
  -0.00044182170
   0.00043978067
  -0.00027016300
  -1.6215860e-06
   0.00027153506
  -0.00043673044
   0.00043473802
  -0.00026708390
  -1.5845281e-06
   0.00026842426
  -0.00043175524
   0.00042980975
  -0.00026407394
  -1.5488560e-06
   0.00026538258
  -0.00042689448
   0.00042499020
  -0.00026113122
  -1.5131183e-06
   0.00026241082
  -0.00042214024
   0.00042027885
  -0.00025825369
  -1.4801269e-06
   0.00025950440
  -0.00041749029
   0.00041567134
  -0.00025543769
  -1.4475523e-06
   0.00025666076
  -0.00041294250
   0.00041116283
  -0.00025268451
  -1.4168221e-06
   0.00025387987
  -0.00040849257
   0.00040675142
  -0.00024998804
  -1.3865744e-06
   0.00025115736
  -0.00040413862
   0.00040243277
  -0.00024734748
  -1.3552254e-06
   0.00024849332
  -0.00039987480
   0.00039820658
  -0.00024476409
  -1.3272877e-06
   0.00024588479
  -0.00039570097
   0.00039406656
  -0.00024223500
  -1.3002438e-06
   0.00024333109
  -0.00039161246
   0.00039001278
  -0.00023975652
  -1.2730808e-06
   0.00024083014
  -0.00038760844
   0.00038604114
  -0.00023732700
  -1.2463181e-06
   0.00023837877
  -0.00038368658
   0.00038214825
  -0.00023494828
  -1.2216006e-06
   0.00023597727
  -0.00037984079
   0.00037833607
  -0.00023261534
  -1.1965949e-06
   0.00023362437
  -0.00037607253
   0.00037459767
  -0.00023032906
  -1.1729125e-06
   0.00023131799
  -0.00037237880
   0.00037093147
  -0.00022808678
  -1.1501490e-06
   0.00022905553
  -0.00036875567
   0.00036733743
  -0.00022588859
  -1.1271227e-06
   0.00022683815
  -0.00036520339
   0.00036381197
  -0.00022373194
  -1.1056361e-06
   0.00022466235
  -0.00036171900
   0.00036035372
  -0.00022161560
  -1.0843871e-06
   0.00022252834
  -0.00035829956
   0.00035696074
  -0.00021953968
  -1.0639691e-06
   0.00022043438
  -0.00035494447
   0.00035363214
  -0.00021750036
  -1.0435802e-06
   0.00021837910
  -0.00035165209
   0.00035036305
  -0.00021550132
  -1.0249549e-06
   0.00021636147
  -0.00034842015
   0.00034715523
  -0.00021353736
  -1.0059735e-06
   0.00021438244
  -0.00034524612
   0.00034400497
  -0.00021160913
  -9.8708496e-07
   0.00021243939
  -0.00034212965
   0.00034091094
  -0.00020971552
  -9.6890182e-07
   0.00021052970
  -0.00033907064
   0.00033787224
  -0.00020785482
  -9.5147777e-07
   0.00020865434
  -0.00033606510
   0.00033488654
  -0.00020602817
  -9.3510286e-07
   0.00020681213
  -0.00033311198
   0.00033195405
  -0.00020423150
  -9.1774174e-07
   0.00020500211
  -0.00033020958
   0.00032907329
  -0.00020246733
  -9.0187553e-07
   0.00020322354
  -0.00032735866
   0.00032624154
  -0.00020073157
  -8.8521686e-07
   0.00020147581
  -0.00032455578
   0.00032345776
  -0.00019902783
  -8.7098590e-07
   0.00019975822
  -0.00032179962
   0.00032072161
  -0.00019735158
  -8.5676260e-07
   0.00019806803
  -0.00031909095
   0.00031803196
  -0.00019570237
  -8.4187982e-07
   0.00019640694
  -0.00031642793
   0.00031538489
  -0.00019408282
  -8.2726704e-07
   0.00019477488
  -0.00031380829
   0.00031278305
  -0.00019248804
  -8.1325583e-07
   0.00019316892
  -0.00031123123
   0.00031022431
  -0.00019091952
  -8.0014498e-07
   0.00019158897
  -0.00030869664
   0.00030770591
  -0.00018937682
  -7.8655681e-07
   0.00019003528
  -0.00030620232
   0.00030522904
  -0.00018785887
  -7.7412191e-07
   0.00018850519
  -0.00030374983
   0.00030279134
  -0.00018636450
  -7.6185206e-07
   0.00018700055
  -0.00030133559
   0.00030039134
  -0.00018489350
  -7.4826757e-07
   0.00018552019
  -0.00029895954
   0.00029802966
  -0.00018344584
  -7.3725635e-07
   0.00018406141
  -0.00029662050
   0.00029570444
  -0.00018202071
  -7.2395136e-07
   0.00018262830
  -0.00029431641
   0.00029341555
  -0.00018061842
  -7.1284804e-07
   0.00018121525
  -0.00029204880
   0.00029116253
  -0.00017923698
  -7.0287396e-07
   0.00017982231
  -0.00028981716
   0.00028894306
  -0.00017787641
  -6.9093787e-07
   0.00017845399
  -0.00028761706
   0.00028675867
  -0.00017653571
  -6.8052548e-07
   0.00017710509
  -0.00028545079
   0.00028460524
  -0.00017521652
  -6.7009390e-07
   0.00017577604
  -0.00028331794
   0.00028248434
  -0.00017391622
  -6.5996366e-07
   0.00017446713
  -0.00028121649
   0.00028039470
  -0.00017263522
  -6.5146289e-07
   0.00017317630
  -0.00027914517
   0.00027833703
  -0.00017137134
  -6.4081336e-07
   0.00017190555
  -0.00027710407
   0.00027630863
  -0.00017012763
  -6.3098572e-07
   0.00017065356
  -0.00027509406
   0.00027430854
  -0.00016890123
  -6.2135934e-07
   0.00016941950
  -0.00027311209
   0.00027233782
  -0.00016769331
  -6.1370327e-07
   0.00016820254
  -0.00027115769
   0.00027039610
  -0.00016650150
  -6.0490955e-07
   0.00016700402
  -0.00026923092
   0.00026848050
  -0.00016532702
  -5.9556120e-07
   0.00016582076
  -0.00026733322
   0.00026659308
  -0.00016416835
  -5.8662978e-07
   0.00016465590
  -0.00026546143
   0.00026473041
  -0.00016302634
  -5.7787049e-07
   0.00016350628
  -0.00026361589
   0.00026289425
  -0.00016190017
  -5.6913307e-07
   0.00016237363
  -0.00026179485
   0.00026108494
  -0.00016078800
  -5.6160161e-07
   0.00016125477
  -0.00025999877
   0.00025930005
  -0.00015969219
  -5.5271205e-07
   0.00016015357
  -0.00025822886
   0.00025753669
  -0.00015861202
  -5.4618169e-07
   0.00015906601
  -0.00025647997
   0.00025579943
  -0.00015754581
  -5.3843858e-07
   0.00015799222
  -0.00025475705
   0.00025408526
  -0.00015649394
  -5.3144159e-07
   0.00015693387
  -0.00025305646
   0.00025239324
  -0.00015545623
  -5.2446633e-07
   0.00015588947
  -0.00025137851
   0.00025072382
  -0.00015443107
  -5.1616260e-07
   0.00015485936
  -0.00024972257
   0.00024907701
  -0.00015341936
  -5.0915010e-07
   0.00015384243
  -0.00024808793
   0.00024745163
  -0.00015242107
  -5.0345390e-07
   0.00015283719
  -0.00024647513
   0.00024584536
  -0.00015143780
  -4.9584596e-07
   0.00015184784
  -0.00024488188
   0.00024426212
  -0.00015046570
  -4.8936139e-07
   0.00015086966
  -0.00024331066
   0.00024269894
  -0.00014950532
  -4.8305347e-07
   0.00014990488
  -0.00024175873
   0.00024115431
  -0.00014855781
  -4.7676663e-07
   0.00014895123
  -0.00024022705
   0.00023963037
  -0.00014762099
  -4.6996868e-07
   0.00014801030
  -0.00023871379
   0.00023812581
  -0.00014669648
  -4.6377301e-07
   0.00014708095
  -0.00023722055
   0.00023663808
  -0.00014578485
  -4.5872408e-07
   0.00014616207
  -0.00023574488
   0.00023517141
  -0.00014488291
  -4.5168036e-07
   0.00014525664
  -0.00023428851
   0.00023372136
  -0.00014399219
  -4.4617645e-07
   0.00014436089
  -0.00023284997
   0.00023228885
  -0.00014311326
  -4.4093233e-07
   0.00014347717
  -0.00023142762
   0.00023087495
  -0.00014224394
  -4.3577779e-07
   0.00014260351
  -0.00023002313
   0.00022947676
  -0.00014138657
  -4.3095024e-07
   0.00014174052
  -0.00022863555
   0.00022809561
  -0.00014053846
  -4.2467888e-07
   0.00014088794
  -0.00022726531
   0.00022673164
  -0.00013970000
  -4.1937760e-07
   0.00014004556
  -0.00022591000
   0.00022538370
  -0.00013887302
  -4.1413782e-07
   0.00013921269
  -0.00022457295
   0.00022405166
  -0.00013805498
  -4.0948092e-07
   0.00013839093
  -0.00022324949
   0.00022273601
  -0.00013724559
  -4.0447759e-07
   0.00013757763
  -0.00022194330
   0.00022143374
  -0.00013644640
  -3.9882597e-07
   0.00013677467
  -0.00022065033
   0.00022014860
  -0.00013565743
  -3.9482754e-07
   0.00013598068
  -0.00021937378
   0.00021887710
  -0.00013487622
  -3.8979632e-07
   0.00013519569
  -0.00021811110
   0.00021762054
  -0.00013410541
  -3.8477129e-07
   0.00013442107
  -0.00021686311
   0.00021637886
  -0.00013334154
  -3.8083366e-07
   0.00013365301
  -0.00021562951
   0.00021515081
  -0.00013258737
  -3.7639326e-07
   0.00013289432
  -0.00021440958
   0.00021393761
  -0.00013184133
  -3.7128142e-07
   0.00013214553
  -0.00021320487
   0.00021273633
  -0.00013110216
  -3.6634203e-07
   0.00013140343
  -0.00021201208
   0.00021154948
  -0.00013037432
  -3.6313635e-07
   0.00013067127
  -0.00021083214
   0.00021037552
  -0.00012965263
  -3.5862571e-07
   0.00012994596
  -0.00020966642
   0.00020921433
  -0.00012893973
  -3.5476189e-07
   0.00012922979
  -0.00020851239
   0.00020806614
  -0.00012823363
  -3.5019089e-07
   0.00012852034
  -0.00020737157
   0.00020693093
  -0.00012753616
  -3.4643800e-07
   0.00012781915
  -0.00020624386
   0.00020580712
  -0.00012684563
  -3.4246246e-07
   0.00012712510
  -0.00020512838
   0.00020469595
  -0.00012616204
  -3.3893004e-07
   0.00012643841
  -0.00020402371
   0.00020359680
  -0.00012548672
  -3.3495112e-07
   0.00012575939
  -0.00020293147
   0.00020250978
  -0.00012481820
  -3.3110501e-07
   0.00012508785
  -0.00020185201
   0.00020143195
  -0.00012415750
  -3.2656713e-07
   0.00012442423
  -0.00020078244
   0.00020036776
  -0.00012350294
  -3.2296884e-07
   0.00012376727
  -0.00019972353
   0.00019931468
  -0.00012285568
  -3.1968291e-07
   0.00012311538
  -0.00019867750
   0.00019827363
  -0.00012221492
  -3.1761751e-07
   0.00012247162
  -0.00019764182
   0.00019724146
  -0.00012157978
  -3.1296751e-07
   0.00012183508
  -0.00019661629
   0.00019621972
  -0.00012095326
  -3.0914185e-07
   0.00012120474
  -0.00019560245
   0.00019520930
  -0.00012033225
  -3.0672698e-07
   0.00012058090
  -0.00019459629
   0.00019421070
  -0.00011971695
  -3.0208809e-07
   0.00011996325
  -0.00019360452
   0.00019321968
  -0.00011910955
  -3.0065025e-07
   0.00011935162
  -0.00019262009
   0.00019224030
  -0.00011850678
  -2.9724696e-07
   0.00011874658
  -0.00019164645
   0.00019126974
  -0.00011791054
  -2.9335998e-07
   0.00011814785
  -0.00019068218
   0.00019031058
  -0.00011731999
  -2.9090215e-07
   0.00011755540
  -0.00018972683
   0.00018936014
  -0.00011673539
  -2.8793836e-07
   0.00011696788
  -0.00018878212
   0.00018841813
  -0.00011615786
  -2.8495769e-07
   0.00011638661
  -0.00018784695
   0.00018748639
  -0.00011558448
  -2.8127491e-07
   0.00011581113
  -0.00018692171
   0.00018656326
  -0.00011501643
  -2.7751537e-07
   0.00011524160
  -0.00018600390
   0.00018565042
  -0.00011445489
  -2.7482867e-07
   0.00011467806
  -0.00018509478
   0.00018474662
  -0.00011389858
  -2.7313591e-07
   0.00011411852
  -0.00018419601
   0.00018384979
  -0.00011334795
  -2.7012663e-07
   0.00011356559
  -0.00018330512
   0.00018296200
  -0.00011280243
  -2.6722900e-07
   0.00011301648
  -0.00018242394
   0.00018208386
  -0.00011226146
  -2.6431505e-07
   0.00011247465
  -0.00018154932
   0.00018121371
  -0.00011172632
  -2.6218778e-07
   0.00011193626
  -0.00018068416
   0.00018035161
  -0.00011119661
  -2.5929447e-07
   0.00011140458
  -0.00017982728
   0.00017949716
  -0.00011067137
  -2.5691307e-07
   0.00011087722
  -0.00017897739
   0.00017865106
  -0.00011015171
  -2.5310966e-07
   0.00011035578
  -0.00017813709
   0.00017781253
  -0.00010963646
  -2.5151145e-07
   0.00010983694
  -0.00017730374
   0.00017698389
  -0.00010912524
  -2.4936430e-07
   0.00010932438
  -0.00017647761
   0.00017616147
  -0.00010862001
  -2.4681925e-07
   0.00010881645
  -0.00017566086
   0.00017534643
  -0.00010811761
  -2.4366385e-07
   0.00010831308
  -0.00017485040
   0.00017453866
  -0.00010762258
  -2.4138445e-07
   0.00010781574
  -0.00017404715
   0.00017373891
  -0.00010713003
  -2.3935674e-07
   0.00010732069
  -0.00017325172
   0.00017294676
  -0.00010664279
  -2.3711604e-07
   0.00010683156
  -0.00017246339
   0.00017216157
  -0.00010615980
  -2.3539087e-07
   0.00010634711
  -0.00017168173
   0.00017138223
  -0.00010568103
  -2.3194146e-07
   0.00010586630
  -0.00017090762
   0.00017061202
  -0.00010520615
  -2.2961247e-07
   0.00010538988
  -0.00017014146
   0.00016984676
  -0.00010473618
  -2.2827010e-07
   0.00010491627
  -0.00016938163
   0.00016908969
  -0.00010426995
  -2.2555416e-07
   0.00010444935
  -0.00016862757
   0.00016833884
  -0.00010380881
  -2.2387994e-07
   0.00010398648
  -0.00016788039
   0.00016759359
  -0.00010335110
  -2.2123010e-07
   0.00010352567
  -0.00016714125
   0.00016685635
  -0.00010289705
  -2.1880324e-07
   0.00010307088
  -0.00016640638
   0.00016612701
  -0.00010244642
  -2.1700416e-07
   0.00010261957
  -0.00016567961
   0.00016540103
  -0.00010200064
  -2.1525545e-07
   0.00010217136
  -0.00016495837
   0.00016468257
  -0.00010155909
  -2.1324078e-07
   0.00010172809
  -0.00016424385
   0.00016396919
  -0.00010112121
  -2.1096584e-07
   0.00010128782
  -0.00016353487
   0.00016326429
  -0.00010068703
  -2.1013765e-07
   0.00010085121
  -0.00016283336
   0.00016256305
  -0.00010025573
  -2.0713105e-07
   0.00010041913
  -0.00016213557
   0.00016187062
  -9.9829337e-05
  -2.0670735e-07
   9.9990238e-05
  -0.00016144558
   0.00016118112
  -9.9406209e-05
  -2.0438738e-07
   9.9565266e-05
  -0.00016076085
   0.00016049944
  -9.8985451e-05
  -2.0255029e-07
   9.9143196e-05
  -0.00016008220
   0.00015982298
  -9.8568592e-05
  -2.0031331e-07
   9.8725395e-05
  -0.00015940818
   0.00015915322
  -9.8155303e-05
  -1.9814036e-07
   9.8311610e-05
  -0.00015874092
   0.00015848670
  -9.7746248e-05
  -1.9590823e-07
   9.7900118e-05
  -0.00015807992
   0.00015782663
  -9.7340386e-05
  -1.9392691e-07
   9.7493063e-05
  -0.00015742346
   0.00015717273
  -9.6937501e-05
  -1.9351708e-07
   9.7088160e-05
  -0.00015677185
   0.00015652340
  -9.6538739e-05
  -1.9072626e-07
   9.6688644e-05
  -0.00015612615
   0.00015587906
  -9.6143067e-05
  -1.8919146e-07
   9.6290462e-05
  -0.00015548605
   0.00015524145
  -9.5749753e-05
  -1.8771339e-07
   9.5896091e-05
  -0.00015485092
   0.00015460782
  -9.5360192e-05
  -1.8527745e-07
   9.5505348e-05
  -0.00015422051
   0.00015398074
  -9.4974043e-05
  -1.8438457e-07
   9.5117563e-05
  -0.00015359558
   0.00015335759
  -9.4590828e-05
  -1.8207826e-07
   9.4734159e-05
  -0.00015297499
   0.00015274056
  -9.4209630e-05
  -1.8115110e-07
   9.4351167e-05
  -0.00015236100
   0.00015212648
  -9.3833267e-05
  -1.7918431e-07
   9.3973377e-05
  -0.00015175082
   0.00015151820
  -9.3459693e-05
  -1.7894133e-07
   9.3596422e-05
  -0.00015114581
   0.00015091610
  -9.3087683e-05
  -1.7719705e-07
   9.3224140e-05
  -0.00015054505
   0.00015031855
  -9.2718293e-05
  -1.7522207e-07
   9.2854671e-05
  -0.00014994960
   0.00014972326
  -9.2354065e-05
  -1.7221527e-07
   9.2489401e-05
  -0.00014935889
   0.00014913432
  -9.1991573e-05
  -1.7158860e-07
   9.2125366e-05
  -0.00014877183
   0.00014855026
  -9.1631719e-05
  -1.6930563e-07
   9.1764281e-05
  -0.00014819073
   0.00014797084
  -9.1274801e-05
  -1.6846759e-07
   9.1405354e-05
  -0.00014761432
   0.00014739576
  -9.0920124e-05
  -1.6662933e-07
   9.1050492e-05
  -0.00014704142
   0.00014682481
  -9.0569643e-05
  -1.6635719e-07
   9.0697496e-05
  -0.00014647418
   0.00014625683
  -9.0221145e-05
  -1.6465714e-07
   9.0347266e-05
  -0.00014591032
   0.00014569524
  -8.9874596e-05
  -1.6270637e-07
   9.0000716e-05
  -0.00014534954
   0.00014513828
  -8.9531903e-05
  -1.6201479e-07
   8.9655947e-05
  -0.00014479468
   0.00014458497
  -8.9190253e-05
  -1.6029192e-07
   8.9313619e-05
  -0.00014424331
   0.00014403663
  -8.8852185e-05
  -1.5922222e-07
   8.8974639e-05
  -0.00014369658
   0.00014349067
  -8.8517867e-05
  -1.5843459e-07
   8.8638864e-05
  -0.00014315306
   0.00014294994
  -8.8184165e-05
  -1.5717684e-07
   8.8303686e-05
  -0.00014261523
   0.00014241247
  -8.7853102e-05
  -1.5399086e-07
   8.7972769e-05
  -0.00014208136
   0.00014187986
  -8.7524732e-05
  -1.5379694e-07
   8.7643088e-05
  -0.00014155063
   0.00014135040
  -8.7199965e-05
  -1.5342645e-07
   8.7315909e-05
  -0.00014102407
   0.00014082522
  -8.6876475e-05
  -1.5137610e-07
   8.6992366e-05
  -0.00014050140
   0.00014030338
  -8.6556082e-05
  -1.5057276e-07
   8.6670144e-05
  -0.00013998230
   0.00013978681
  -8.6236273e-05
  -1.4849043e-07
   8.6350865e-05
  -0.00013946678
   0.00013927290
  -8.5920736e-05
  -1.4687729e-07
   8.6033689e-05
  -0.00013895566
   0.00013876330
  -8.5607726e-05
  -1.4678155e-07
   8.5718611e-05
  -0.00013844750
   0.00013825847
  -8.5295287e-05
  -1.4518672e-07
   8.5405881e-05
  -0.00013794514
   0.00013775464
  -8.4986623e-05
  -1.4479807e-07
   8.5095576e-05
  -0.00013744439
   0.00013725584
  -8.4678717e-05
  -1.4289506e-07
   8.4786304e-05
  -0.00013694854
   0.00013676053
  -8.4374731e-05
  -1.4120535e-07
   8.4481916e-05
  -0.00013645520
   0.00013626914
  -8.4071968e-05
  -1.4131861e-07
   8.4176662e-05
  -0.00013596584
   0.00013578156
  -8.3771781e-05
  -1.3991720e-07
   8.3876462e-05
  -0.00013547912
   0.00013529687
  -8.3473640e-05
  -1.3829684e-07
   8.3577474e-05
  -0.00013499769
   0.00013481484
  -8.3176994e-05
  -1.3671376e-07
   8.3279784e-05
  -0.00013451958
   0.00013433727
  -8.2882195e-05
  -1.3594724e-07
   8.2985331e-05
  -0.00013404174
   0.00013386372
  -8.2590437e-05
  -1.3436160e-07
   8.2692886e-05
  -0.00013356935
   0.00013339253
  -8.2300948e-05
  -1.3325192e-07
   8.2402608e-05
  -0.00013310023
   0.00013292508
  -8.2012412e-05
  -1.3308205e-07
   8.2112254e-05
  -0.00013263459
   0.00013246121
  -8.1726089e-05
  -1.3206688e-07
   8.1824766e-05
  -0.00013217261
   0.00013199967
  -8.1442787e-05
  -1.3122610e-07
   8.1540280e-05
  -0.00013171366
   0.00013154080
  -8.1161096e-05
  -1.3006850e-07
   8.1257390e-05
  -0.00013125769
   0.00013108602
  -8.0880814e-05
  -1.2883703e-07
   8.0976955e-05
  -0.00013080419
   0.00013063417
  -8.0603109e-05
  -1.2842338e-07
   8.0696624e-05
  -0.00013035503
   0.00013018656
  -8.0325857e-05
  -1.2687451e-07
   8.0420403e-05
  -0.00012990782
   0.00012974091
  -8.0051529e-05
  -1.2619271e-07
   8.0144854e-05
  -0.00012946406
   0.00012929781
  -7.9779913e-05
  -1.2472121e-07
   7.9872433e-05
  -0.00012902329
   0.00012885855
  -7.9508521e-05
  -1.2360157e-07
   7.9600451e-05
  -0.00012858520
   0.00012842323
  -7.9238854e-05
  -1.2150673e-07
   7.9331687e-05
  -0.00012815101
   0.00012798883
  -7.8972528e-05
  -1.2164784e-07
   7.9062823e-05
  -0.00012771956
   0.00012755843
  -7.8707121e-05
  -1.2046320e-07
   7.8797414e-05
  -0.00012729031
   0.00012713048
  -7.8443779e-05
  -1.1888932e-07
   7.8533893e-05
  -0.00012686463
   0.00012670480
  -7.8182848e-05
  -1.1949490e-07
   7.8270030e-05
  -0.00012644138
   5.7178912e-08
