   4.1772283e-14
   4.3523226e-14
   4.5346320e-14
   4.7244487e-14
   4.9220762e-14
   5.1278301e-14
   5.3420388e-14
   5.5650433e-14
   5.7971985e-14
   6.0388731e-14
   6.2904503e-14
   6.5523288e-14
   6.8249226e-14
   7.1086624e-14
   7.4039957e-14
   7.7113876e-14
   8.0313215e-14
   8.3643000e-14
   8.7108452e-14
   9.0714999e-14
   9.4468281e-14
   9.8374159e-14
   1.0243872e-13
   1.0666830e-13
   1.1106948e-13
   1.1564908e-13
   1.2041421e-13
   1.2537224e-13
   1.3053085e-13
   1.3589799e-13
   1.4148195e-13
   1.4729131e-13
   1.5333501e-13
   1.5962233e-13
   1.6616290e-13
   1.7296673e-13
   1.8004423e-13
   1.8740619e-13
   1.9506385e-13
   2.0302884e-13
   2.1131328e-13
   2.1992974e-13
   2.2889128e-13
   2.3821145e-13
   2.4790433e-13
   2.5798456e-13
   2.6846731e-13
   2.7936837e-13
   2.9070410e-13
   3.0249150e-13
   3.1474824e-13
   3.2749265e-13
   3.4074375e-13
   3.5452132e-13
   3.6884587e-13
   3.8373870e-13
   3.9922192e-13
   4.1531849e-13
   4.3205224e-13
   4.4944791e-13
   4.6753117e-13
   4.8632869e-13
   5.0586812e-13
   5.2617819e-13
   5.4728870e-13
   5.6923059e-13
   5.9203596e-13
   6.1573813e-13
   6.4037168e-13
   6.6597249e-13
   6.9257781e-13
   7.2022628e-13
   7.4895800e-13
   7.7881458e-13
   8.0983918e-13
   8.4207661e-13
   8.7557335e-13
   9.1037762e-13
   9.4653944e-13
   9.8411073e-13
   1.0231453e-12
   1.0636991e-12
   1.1058300e-12
   1.1495981e-12
   1.1950658e-12
   1.2422978e-12
   1.2913612e-12
   1.3423255e-12
   1.3952629e-12
   1.4502484e-12
   1.5073594e-12
   1.5666766e-12
   1.6282834e-12
   1.6922665e-12
   1.7587156e-12
   1.8277239e-12
   1.8993879e-12
   1.9738078e-12
   2.0510873e-12
   2.1313342e-12
   2.2146600e-12
   2.3011804e-12
   2.3910155e-12
   2.4842896e-12
   2.5811317e-12
   2.6816754e-12
   2.7860593e-12
   2.8944271e-12
   3.0069277e-12
   3.1237154e-12
   3.2449503e-12
   3.3707981e-12
   3.5014307e-12
   3.6370263e-12
   3.7777694e-12
   3.9238516e-12
   4.0754709e-12
   4.2328330e-12
   4.3961507e-12
   4.5656448e-12
   4.7415439e-12
   4.9240850e-12
   5.1135136e-12
   5.3100840e-12
   5.5140599e-12
   5.7257143e-12
   5.9453301e-12
   6.1732005e-12
   6.4096291e-12
   6.6549305e-12
   6.9094305e-12
   7.1734668e-12
   7.4473890e-12
   7.7315594e-12
   8.0263530e-12
   8.3321585e-12
   8.6493784e-12
   8.9784296e-12
   9.3197438e-12
   9.6737681e-12
   1.0040966e-11
   1.0421816e-11
   1.0816815e-11
   1.1226478e-11
   1.1651337e-11
   1.2091944e-11
   1.2548869e-11
   1.3022703e-11
   1.3514058e-11
   1.4023569e-11
   1.4551891e-11
   1.5099704e-11
   1.5667710e-11
   1.6256638e-11
   1.6867241e-11
   1.7500299e-11
   1.8156619e-11
   1.8837038e-11
   1.9542421e-11
   2.0273662e-11
   2.1031690e-11
   2.1817462e-11
   2.2631972e-11
   2.3476247e-11
   2.4351351e-11
   2.5258383e-11
   2.6198483e-11
   2.7172829e-11
   2.8182640e-11
   2.9229177e-11
   3.0313747e-11
   3.1437700e-11
   3.2602432e-11
   3.3809392e-11
   3.5060073e-11
   3.6356024e-11
   3.7698846e-11
   3.9090195e-11
   4.0531785e-11
   4.2025387e-11
   4.3572836e-11
   4.5176027e-11
   4.6836923e-11
   4.8557552e-11
   5.0340012e-11
   5.2186475e-11
   5.4099183e-11
   5.6080460e-11
   5.8132705e-11
   6.0258401e-11
   6.2460115e-11
   6.4740502e-11
   6.7102308e-11
   6.9548371e-11
   7.2081625e-11
   7.4705106e-11
   7.7421950e-11
   8.0235403e-11
   8.3148817e-11
   8.6165661e-11
   8.9289517e-11
   9.2524093e-11
   9.5873218e-11
   9.9340852e-11
   1.0293109e-10
   1.0664816e-10
   1.1049643e-10
   1.1448043e-10
   1.1860483e-10
   1.2287445e-10
   1.2729429e-10
   1.3186950e-10
   1.3660541e-10
   1.4150753e-10
   1.4658155e-10
   1.5183335e-10
   1.5726901e-10
   1.6289480e-10
   1.6871722e-10
   1.7474297e-10
   1.8097897e-10
   1.8743238e-10
   1.9411059e-10
   2.0102124e-10
   2.0817223e-10
   2.1557169e-10
   2.2322806e-10
   2.3115002e-10
   2.3934656e-10
   2.4782697e-10
   2.5660082e-10
   2.6567802e-10
   2.7506879e-10
   2.8478369e-10
   2.9483363e-10
   3.0522987e-10
   3.1598405e-10
   3.2710817e-10
   3.3861463e-10
   3.5051626e-10
   3.6282627e-10
   3.7555831e-10
   3.8872650e-10
   4.0234538e-10
   4.1642999e-10
   4.3099585e-10
   4.4605898e-10
   4.6163591e-10
   4.7774373e-10
   4.9440006e-10
   5.1162310e-10
   5.2943162e-10
   5.4784502e-10
   5.6688330e-10
   5.8656713e-10
   6.0691781e-10
   6.2795736e-10
   6.4970848e-10
   6.7219460e-10
   6.9543991e-10
   7.1946938e-10
   7.4430875e-10
   7.6998460e-10
   7.9652436e-10
   8.2395632e-10
   8.5230970e-10
   8.8161460e-10
   9.1190212e-10
   9.4320433e-10
   9.7555432e-10
   1.0089862e-09
   1.0435352e-09
   1.0792377e-09
   1.1161311e-09
   1.1542540e-09
   1.1936465e-09
   1.2343495e-09
   1.2764055e-09
   1.3198583e-09
   1.3647530e-09
   1.4111361e-09
   1.4590556e-09
   1.5085611e-09
   1.5597036e-09
   1.6125358e-09
   1.6671119e-09
   1.7234879e-09
   1.7817216e-09
   1.8418725e-09
   1.9040019e-09
   1.9681731e-09
   2.0344515e-09
   2.1029041e-09
   2.1736005e-09
   2.2466120e-09
   2.3220124e-09
   2.3998777e-09
   2.4802861e-09
   2.5633184e-09
   2.6490579e-09
   2.7375903e-09
   2.8290040e-09
   2.9233901e-09
   3.0208426e-09
   3.1214582e-09
   3.2253367e-09
   3.3325809e-09
   3.4432968e-09
   3.5575934e-09
   3.6755834e-09
   3.7973826e-09
   3.9231104e-09
   4.0528900e-09
   4.1868482e-09
   4.3251156e-09
   4.4678268e-09
   4.6151205e-09
   4.7671396e-09
   4.9240313e-09
   5.0859472e-09
   5.2530435e-09
   5.4254810e-09
   5.6034256e-09
   5.7870480e-09
   5.9765239e-09
   6.1720345e-09
   6.3737664e-09
   6.5819115e-09
   6.7966679e-09
   7.0182391e-09
   7.2468352e-09
   7.4826721e-09
   7.7259724e-09
   7.9769652e-09
   8.2358864e-09
   8.5029791e-09
   8.7784932e-09
   9.0626864e-09
   9.3558238e-09
   9.6581784e-09
   9.9700313e-09
   1.0291672e-08
   1.0623398e-08
   1.0965516e-08
   1.1318341e-08
   1.1682199e-08
   1.2057425e-08
   1.2444361e-08
   1.2843363e-08
   1.3254795e-08
   1.3679033e-08
   1.4116463e-08
   1.4567481e-08
   1.5032498e-08
   1.5511935e-08
   1.6006223e-08
   1.6515810e-08
   1.7041154e-08
   1.7582727e-08
   1.8141015e-08
   1.8716517e-08
   1.9309747e-08
   1.9921234e-08
   2.0551523e-08
   2.1201173e-08
   2.1870760e-08
   2.2560876e-08
   2.3272131e-08
   2.4005152e-08
   2.4760584e-08
   2.5539089e-08
   2.6341350e-08
   2.7168069e-08
   2.8019966e-08
   2.8897785e-08
   2.9802289e-08
   3.0734261e-08
   3.1694511e-08
   3.2683867e-08
   3.3703183e-08
   3.4753338e-08
   3.5835232e-08
   3.6949795e-08
   3.8097980e-08
   3.9280768e-08
   4.0499169e-08
   4.1754217e-08
   4.3046981e-08
   4.4378554e-08
   4.5750065e-08
   4.7162670e-08
   4.8617560e-08
   5.0115959e-08
   5.1659124e-08
   5.3248348e-08
   5.4884959e-08
   5.6570323e-08
   5.8305843e-08
   6.0092962e-08
   6.1933161e-08
   6.3827964e-08
   6.5778936e-08
   6.7787685e-08
   6.9855864e-08
   7.1985171e-08
   7.4177352e-08
   7.6434198e-08
   7.8757552e-08
   8.1149307e-08
   8.3611406e-08
   8.6145847e-08
   8.8754682e-08
   9.1440019e-08
   9.4204023e-08
   9.7048918e-08
   9.9976989e-08
   1.0299058e-07
   1.0609211e-07
   1.0928405e-07
   1.1256893e-07
   1.1594938e-07
   1.1942808e-07
   1.2300777e-07
   1.2669129e-07
   1.3048155e-07
   1.3438151e-07
   1.3839426e-07
   1.4252292e-07
   1.4677073e-07
   1.5114101e-07
   1.5563716e-07
   1.6026267e-07
   1.6502113e-07
   1.6991622e-07
   1.7495173e-07
   1.8013153e-07
   1.8545962e-07
   1.9094007e-07
   1.9657709e-07
   2.0237499e-07
   2.0833819e-07
   2.1447123e-07
   2.2077876e-07
   2.2726558e-07
   2.3393658e-07
   2.4079680e-07
   2.4785141e-07
   2.5510572e-07
   2.6256516e-07
   2.7023532e-07
   2.7812192e-07
   2.8623085e-07
   2.9456814e-07
   3.0313998e-07
   3.1195271e-07
   3.2101285e-07
   3.3032708e-07
   3.3990226e-07
   3.4974541e-07
   3.5986376e-07
   3.7026470e-07
   3.8095581e-07
   3.9194489e-07
   4.0323992e-07
   4.1484909e-07
   4.2678080e-07
   4.3904366e-07
   4.5164651e-07
   4.6459840e-07
   4.7790862e-07
   4.9158671e-07
   5.0564243e-07
   5.2008579e-07
   5.3492707e-07
   5.5017680e-07
   5.6584577e-07
   5.8194506e-07
   5.9848601e-07
   6.1548027e-07
   6.3293974e-07
   6.5087667e-07
   6.6930359e-07
   6.8823335e-07
   7.0767911e-07
   7.2765438e-07
   7.4817299e-07
   7.6924912e-07
   7.9089732e-07
   8.1313247e-07
   8.3596984e-07
   8.5942509e-07
   8.8351423e-07
   9.0825371e-07
   9.3366035e-07
   9.5975142e-07
   9.8654458e-07
   1.0140580e-06
   1.0423101e-06
   1.0713200e-06
   1.1011072e-06
   1.1316916e-06
   1.1630937e-06
   1.1953343e-06
   1.2284351e-06
   1.2624179e-06
   1.2973052e-06
   1.3331201e-06
   1.3698863e-06
   1.4076279e-06
   1.4463698e-06
   1.4861372e-06
   1.5269562e-06
   1.5688534e-06
   1.6118560e-06
   1.6559920e-06
   1.7012900e-06
   1.7477791e-06
   1.7954895e-06
   1.8444517e-06
   1.8946972e-06
   1.9462582e-06
   1.9991676e-06
   2.0534591e-06
   2.1091673e-06
   2.1663274e-06
   2.2249757e-06
   2.2851491e-06
   2.3468857e-06
   2.4102242e-06
   2.4752043e-06
   2.5418666e-06
   2.6102529e-06
   2.6804056e-06
   2.7523683e-06
   2.8261857e-06
   2.9019033e-06
   2.9795680e-06
   3.0592274e-06
   3.1409306e-06
   3.2247275e-06
   3.3106694e-06
   3.3988086e-06
   3.4891988e-06
   3.5818947e-06
   3.6769527e-06
   3.7744299e-06
   3.8743852e-06
   3.9768786e-06
   4.0819717e-06
   4.1897271e-06
   4.3002094e-06
   4.4134842e-06
   4.5296188e-06
   4.6486820e-06
   4.7707442e-06
   4.8958773e-06
   5.0241551e-06
   5.1556527e-06
   5.2904471e-06
   5.4286170e-06
   5.5702430e-06
   5.7154073e-06
   5.8641941e-06
   6.0166895e-06
   6.1729814e-06
   6.3331597e-06
   6.4973165e-06
   6.6655457e-06
   6.8379435e-06
   7.0146081e-06
   7.1956400e-06
   7.3811418e-06
   7.5712184e-06
   7.7659771e-06
   7.9655276e-06
   8.1699820e-06
   8.3794547e-06
   8.5940627e-06
   8.8139258e-06
   9.0391662e-06
   9.2699087e-06
   9.5062811e-06
   9.7484137e-06
   9.9964399e-06
   1.0250496e-05
   1.0510721e-05
   1.0777257e-05
   1.1050249e-05
   1.1329846e-05
   1.1616200e-05
   1.1909464e-05
   1.2209799e-05
   1.2517364e-05
   1.2832325e-05
   1.3154852e-05
   1.3485115e-05
   1.3823291e-05
   1.4169560e-05
   1.4524105e-05
   1.4887114e-05
   1.5258778e-05
   1.5639292e-05
   1.6028857e-05
   1.6427675e-05
   1.6835956e-05
   1.7253911e-05
   1.7681757e-05
   1.8119717e-05
   1.8568016e-05
   1.9026886e-05
   1.9496561e-05
   1.9977284e-05
   2.0469299e-05
   2.0972857e-05
   2.1488215e-05
   2.2015633e-05
   2.2555380e-05
   2.3107726e-05
   2.3672950e-05
   2.4251335e-05
   2.4843171e-05
   2.5448754e-05
   2.6068385e-05
   2.6702371e-05
   2.7351028e-05
   2.8014674e-05
   2.8693637e-05
   2.9388251e-05
   3.0098855e-05
   3.0825798e-05
   3.1569434e-05
   3.2330123e-05
   3.3108235e-05
   3.3904146e-05
   3.4718240e-05
   3.5550908e-05
   3.6402550e-05
   3.7273572e-05
   3.8164391e-05
   3.9075430e-05
   4.0007121e-05
   4.0959905e-05
   4.1934231e-05
   4.2930559e-05
   4.3949355e-05
   4.4991097e-05
   4.6056269e-05
   4.7145369e-05
   4.8258902e-05
   4.9397383e-05
   5.0561337e-05
   5.1751300e-05
   5.2967818e-05
   5.4211449e-05
   5.5482760e-05
   5.6782329e-05
   5.8110746e-05
   5.9468614e-05
   6.0856544e-05
   6.2275161e-05
   6.3725102e-05
   6.5207017e-05
   6.6721566e-05
   6.8269424e-05
   6.9851277e-05
   7.1467826e-05
   7.3119783e-05
   7.4807877e-05
   7.6532848e-05
   7.8295450e-05
   8.0096453e-05
   8.1936639e-05
   8.3816808e-05
   8.5737773e-05
   8.7700362e-05
   8.9705420e-05
   9.1753805e-05
   9.3846395e-05
   9.5984081e-05
   9.8167773e-05
   0.00010039839
   0.00010267689
   0.00010500422
   0.00010738136
   0.00010980931
   0.00011228908
   0.00011482171
   0.00011740825
   0.00012004976
   0.00012274734
   0.00012550210
   0.00012831517
   0.00013118771
   0.00013412087
   0.00013711586
   0.00014017390
   0.00014329621
   0.00014648406
   0.00014973872
   0.00015306151
   0.00015645375
   0.00015991679
   0.00016345201
   0.00016706080
   0.00017074460
   0.00017450485
   0.00017834302
   0.00018226063
   0.00018625918
   0.00019034025
   0.00019450542
   0.00019875628
   0.00020309449
   0.00020752170
   0.00021203961
   0.00021664995
   0.00022135447
   0.00022615495
   0.00023105322
   0.00023605111
   0.00024115050
   0.00024635331
   0.00025166148
   0.00025707699
   0.00026260184
   0.00026823808
   0.00027398779
   0.00027985308
   0.00028583610
   0.00029193904
   0.00029816412
   0.00030451360
   0.00031098978
   0.00031759499
   0.00032433161
   0.00033120205
   0.00033820878
   0.00034535427
   0.00035264107
   0.00036007176
   0.00036764896
   0.00037537534
   0.00038325359
   0.00039128647
   0.00039947678
   0.00040782736
   0.00041634109
   0.00042502092
   0.00043386983
   0.00044289084
   0.00045208703
   0.00046146154
   0.00047101754
   0.00048075826
   0.00049068699
   0.00050080705
   0.00051112183
   0.00052163478
   0.00053234938
   0.00054326919
   0.00055439781
   0.00056573890
   0.00057729618
   0.00058907343
   0.00060107448
   0.00061330324
   0.00062576365
   0.00063845973
   0.00065139557
   0.00066457530
   0.00067800313
   0.00069168333
   0.00070562024
   0.00071981825
   0.00073428184
   0.00074901554
   0.00076402396
   0.00077931176
   0.00079488371
   0.00081074460
   0.00082689934
   0.00084335287
   0.00086011025
   0.00087717657
   0.00089455702
   0.00091225687
   0.00093028146
   0.00094863621
   0.00096732661
   0.00098635824
    0.0010057368
    0.0010254679
    0.0010455576
    0.0010660116
    0.0010868360
    0.0011080369
    0.0011296203
    0.0011515927
    0.0011739603
    0.0011967296
    0.0012199071
    0.0012434995
    0.0012675133
    0.0012919556
    0.0013168331
    0.0013421530
    0.0013679222
    0.0013941479
    0.0014208376
    0.0014479986
    0.0014756384
    0.0015037646
    0.0015323849
    0.0015615072
    0.0015911394
    0.0016212895
    0.0016519656
    0.0016831761
    0.0017149293
    0.0017472337
    0.0017800978
    0.0018135305
    0.0018475404
    0.0018821366
    0.0019173281
    0.0019531242
    0.0019895341
    0.0020265672
    0.0020642331
    0.0021025416
    0.0021415023
    0.0021811252
    0.0022214204
    0.0022623982
    0.0023040687
    0.0023464424
    0.0023895301
    0.0024333423
    0.0024778899
    0.0025231841
    0.0025692358
    0.0026160563
    0.0026636572
    0.0027120499
    0.0027612462
    0.0028112579
    0.0028620971
    0.0029137759
    0.0029663065
    0.0030197015
    0.0030739735
    0.0031291352
    0.0031851995
    0.0032421796
    0.0033000885
    0.0033589399
    0.0034187471
    0.0034795239
    0.0035412842
    0.0036040421
    0.0036678117
    0.0037326074
    0.0037984437
    0.0038653355
    0.0039332975
    0.0040023449
    0.0040724928
    0.0041437568
    0.0042161523
    0.0042896952
    0.0043644013
    0.0044402869
    0.0045173683
    0.0045956619
    0.0046751844
    0.0047559528
    0.0048379840
    0.0049212954
    0.0050059043
    0.0050918284
    0.0051790855
    0.0052676936
    0.0053576711
    0.0054490362
    0.0055418076
    0.0056360042
    0.0057316449
    0.0058287490
    0.0059273358
    0.0060274251
    0.0061290367
    0.0062321906
    0.0063369071
    0.0064432067
    0.0065511100
    0.0066606379
    0.0067718116
    0.0068846524
    0.0069991818
    0.0071154216
    0.0072333939
    0.0073531207
    0.0074746245
    0.0075979280
    0.0077230541
    0.0078500259
    0.0079788666
    0.0081095999
    0.0082422496
    0.0083768396
    0.0085133943
    0.0086519381
    0.0087924957
    0.0089350921
    0.0090797525
    0.0092265023
    0.0093753672
    0.0095263731
    0.0096795461
    0.0098349127
    0.0099924994
     0.010152333
     0.010314441
     0.010478850
     0.010645589
     0.010814684
     0.010986165
     0.011160059
     0.011336395
     0.011515202
     0.011696509
     0.011880345
     0.012066740
     0.012255725
     0.012447328
     0.012641580
     0.012838512
     0.013038155
     0.013240540
     0.013445698
     0.013653661
     0.013864462
     0.014078131
     0.014294701
     0.014514206
     0.014736678
     0.014962150
     0.015190656
     0.015422230
     0.015656904
     0.015894715
     0.016135696
     0.016379882
     0.016627308
     0.016878009
     0.017132021
     0.017389379
     0.017650120
     0.017914281
     0.018181897
     0.018453006
     0.018727644
     0.019005849
     0.019287659
     0.019573111
     0.019862244
     0.020155097
     0.020451707
     0.020752114
     0.021056357
     0.021364475
     0.021676508
     0.021992497
     0.022312480
     0.022636500
     0.022964596
     0.023296809
     0.023633182
     0.023973754
     0.024318569
     0.024667667
     0.025021092
     0.025378885
     0.025741090
     0.026107749
     0.026478906
     0.026854604
     0.027234886
     0.027619798
     0.028009382
     0.028403684
     0.028802748
     0.029206619
     0.029615342
     0.030028962
     0.030447526
     0.030871078
     0.031299665
     0.031733333
     0.032172129
     0.032616099
     0.033065291
     0.033519751
     0.033979526
     0.034444665
     0.034915215
     0.035391224
     0.035872741
     0.036359813
     0.036852489
     0.037350818
     0.037854849
     0.038364631
     0.038880213
     0.039401646
     0.039928978
     0.040462259
     0.041001540
     0.041546871
     0.042098303
     0.042655885
     0.043219668
     0.043789704
     0.044366043
     0.044948737
     0.045537837
     0.046133395
     0.046735461
     0.047344088
     0.047959328
     0.048581233
     0.049209855
     0.049845246
     0.050487458
     0.051136544
     0.051792557
     0.052455550
     0.053125574
     0.053802684
     0.054486931
     0.055178370
     0.055877052
     0.056583033
     0.057296363
     0.058017098
     0.058745291
     0.059480994
     0.060224262
     0.060975148
     0.061733706
     0.062499989
     0.063274051
     0.064055945
     0.064845726
     0.065643447
     0.066449162
     0.067262924
     0.068084787
     0.068914806
     0.069753032
     0.070599522
     0.071454327
     0.072317501
     0.073189099
     0.074069173
     0.074957777
     0.075854964
     0.076760788
     0.077675302
     0.078598559
     0.079530612
     0.080471514
     0.081421318
     0.082380076
     0.083347842
     0.084324667
     0.085310605
     0.086305707
     0.087310025
     0.088323612
     0.089346519
     0.090378797
     0.091420499
     0.092471675
     0.093532376
     0.094602654
     0.095682559
     0.096772140
     0.097871450
     0.098980536
      0.10009945
      0.10122824
      0.10236696
      0.10351565
      0.10467436
      0.10584315
      0.10702205
      0.10821113
      0.10941042
      0.11061997
      0.11183983
      0.11307005
      0.11431066
      0.11556173
      0.11682329
      0.11809538
      0.11937806
      0.12067137
      0.12197535
      0.12329004
      0.12461549
      0.12595174
      0.12729884
      0.12865682
      0.13002572
      0.13140559
      0.13279647
      0.13419839
      0.13561141
      0.13703554
      0.13847084
      0.13991735
      0.14137509
      0.14284410
      0.14432443
      0.14581611
      0.14731917
      0.14883365
      0.15035958
      0.15189700
      0.15344593
      0.15500641
      0.15657848
      0.15816216
      0.15975748
      0.16136447
      0.16298317
      0.16461359
      0.16625578
      0.16790974
      0.16957552
      0.17125313
      0.17294261
      0.17464397
      0.17635724
      0.17808243
      0.17981958
      0.18156871
      0.18332983
      0.18510296
      0.18688812
      0.18868533
      0.19049461
      0.19231597
      0.19414943
      0.19599500
      0.19785269
      0.19972253
      0.20160451
      0.20349866
      0.20540498
      0.20732348
      0.20925417
      0.21119705
      0.21315213
      0.21511943
      0.21709893
      0.21909066
      0.22109459
      0.22311075
      0.22513913
      0.22717973
      0.22923255
      0.23129758
      0.23337483
      0.23546428
      0.23756593
      0.23967978
      0.24180582
      0.24394403
      0.24609441
      0.24825696
      0.25043164
      0.25261846
      0.25481740
      0.25702843
      0.25925156
      0.26148675
      0.26373399
      0.26599326
      0.26826454
      0.27054780
      0.27284303
      0.27515019
      0.27746926
      0.27980022
      0.28214304
      0.28449768
      0.28686411
      0.28924231
      0.29163224
      0.29403386
      0.29644714
      0.29887205
      0.30130854
      0.30375657
      0.30621611
      0.30868712
      0.31116954
      0.31366333
      0.31616845
      0.31868485
      0.32121249
      0.32375131
      0.32630125
      0.32886228
      0.33143433
      0.33401735
      0.33661129
      0.33921607
      0.34183166
      0.34445798
      0.34709497
      0.34974257
      0.35240072
      0.35506935
      0.35774839
      0.36043778
      0.36313743
      0.36584729
      0.36856728
      0.37129732
      0.37403735
      0.37678727
      0.37954702
      0.38231651
      0.38509567
      0.38788440
      0.39068264
      0.39349028
      0.39630725
      0.39913346
      0.40196881
      0.40481322
      0.40766659
      0.41052884
      0.41339986
      0.41627955
      0.41916783
      0.42206460
      0.42496974
      0.42788316
      0.43080476
      0.43373443
      0.43667206
      0.43961756
      0.44257080
      0.44553168
      0.44850009
      0.45147591
      0.45445903
      0.45744934
      0.46044671
      0.46345103
      0.46646218
      0.46948004
      0.47250449
      0.47553539
      0.47857263
      0.48161609
      0.48466562
      0.48772111
      0.49078242
      0.49384943
      0.49692199
      0.49999998
      0.50308325
      0.50617168
      0.50926512
      0.51236344
      0.51546649
      0.51857414
      0.52168623
      0.52480263
      0.52792319
      0.53104776
      0.53417620
      0.53730835
      0.54044407
      0.54358320
      0.54672560
      0.54987110
      0.55301956
      0.55617081
      0.55932471
      0.56248109
      0.56563978
      0.56880065
      0.57196351
      0.57512821
      0.57829458
      0.58146247
      0.58463169
      0.58780210
      0.59097352
      0.59414577
      0.59731870
      0.60049213
      0.60366588
      0.60683980
      0.61001369
      0.61318740
      0.61636074
      0.61953353
      0.62270561
      0.62587679
      0.62904689
      0.63221573
      0.63538314
      0.63854894
      0.64171293
      0.64487494
      0.64803479
      0.65119229
      0.65434725
      0.65749949
      0.66064883
      0.66379508
      0.66693804
      0.67007754
      0.67321338
      0.67634538
      0.67947334
      0.68259707
      0.68571639
      0.68883110
      0.69194101
      0.69504593
      0.69814566
      0.70124001
      0.70432879
      0.70741180
      0.71048885
      0.71355975
      0.71662429
      0.71968229
      0.72273355
      0.72577787
      0.72881505
      0.73184491
      0.73486723
      0.73788183
      0.74088851
      0.74388707
      0.74687731
      0.74985904
      0.75283206
      0.75579617
      0.75875117
      0.76169687
      0.76463306
      0.76755955
      0.77047615
      0.77338265
      0.77627885
      0.77916457
      0.78203959
      0.78490374
      0.78775680
      0.79059858
      0.79342888
      0.79624751
      0.79905428
      0.80184898
      0.80463142
      0.80740141
      0.81015874
      0.81290324
      0.81563469
      0.81835291
      0.82105771
      0.82374889
      0.82642626
      0.82908963
      0.83173881
      0.83437360
      0.83699382
      0.83959927
      0.84218978
      0.84476514
      0.84732517
      0.84986970
      0.85239852
      0.85491145
      0.85740831
      0.85988892
      0.86235309
      0.86480064
      0.86723139
      0.86964515
      0.87204176
      0.87442102
      0.87678277
      0.87912682
      0.88145300
      0.88376113
      0.88605104
      0.88832257
      0.89057552
      0.89280975
      0.89502506
      0.89722131
      0.89939832
      0.90155592
      0.90369395
      0.90581224
      0.90791064
      0.90998898
      0.91204710
      0.91408485
      0.91610206
      0.91809858
      0.92007426
      0.92202894
      0.92396247
      0.92587471
      0.92776549
      0.92963468
      0.93148213
      0.93330769
      0.93511122
      0.93689258
      0.93865163
      0.94038823
      0.94210225
      0.94379354
      0.94546198
      0.94710744
      0.94872978
      0.95032887
      0.95190459
      0.95345682
      0.95498542
      0.95649028
      0.95797128
      0.95942831
      0.96086123
      0.96226995
      0.96365434
      0.96501430
      0.96634971
      0.96766047
      0.96894648
      0.97020763
      0.97144382
      0.97265495
      0.97384092
      0.97500163
      0.97613700
      0.97724693
      0.97833134
      0.97939012
      0.98042321
      0.98143051
      0.98241194
      0.98336742
      0.98429688
      0.98520024
      0.98607743
      0.98692837
      0.98775300
      0.98855124
      0.98932304
      0.99006833
      0.99078705
      0.99147914
      0.99214454
      0.99278321
      0.99339508
      0.99398011
      0.99453825
      0.99506946
      0.99557368
      0.99605089
      0.99650104
      0.99692409
      0.99732001
      0.99768876
      0.99803032
      0.99834466
      0.99863176
      0.99889158
      0.99912411
      0.99932933
      0.99950722
      0.99965776
      0.99978096
      0.99987678
      0.99994523
      0.99998631
       1.0000000
      0.99998631
      0.99994523
      0.99987678
      0.99978096
      0.99965776
      0.99950722
      0.99932933
      0.99912411
      0.99889158
      0.99863176
      0.99834466
      0.99803032
      0.99768876
      0.99732001
      0.99692409
      0.99650104
      0.99605089
      0.99557368
      0.99506946
      0.99453825
      0.99398011
      0.99339508
      0.99278321
      0.99214454
      0.99147914
      0.99078705
      0.99006833
      0.98932304
      0.98855124
      0.98775300
      0.98692837
      0.98607743
      0.98520024
      0.98429688
      0.98336742
      0.98241194
      0.98143051
      0.98042321
      0.97939012
      0.97833134
      0.97724693
      0.97613700
      0.97500163
      0.97384092
      0.97265495
      0.97144382
      0.97020763
      0.96894648
      0.96766047
      0.96634971
      0.96501430
      0.96365434
      0.96226995
      0.96086123
      0.95942831
      0.95797128
      0.95649028
      0.95498542
      0.95345682
      0.95190459
      0.95032887
      0.94872978
      0.94710744
      0.94546198
      0.94379354
      0.94210225
      0.94038823
      0.93865163
      0.93689258
      0.93511122
      0.93330769
      0.93148213
      0.92963468
      0.92776549
      0.92587471
      0.92396247
      0.92202894
      0.92007426
      0.91809858
      0.91610206
      0.91408485
      0.91204710
      0.90998898
      0.90791064
      0.90581224
      0.90369395
      0.90155592
      0.89939832
      0.89722131
      0.89502506
      0.89280975
      0.89057552
      0.88832257
      0.88605104
      0.88376113
      0.88145300
      0.87912682
      0.87678277
      0.87442102
      0.87204176
      0.86964515
      0.86723139
      0.86480064
      0.86235309
      0.85988892
      0.85740831
      0.85491145
      0.85239852
      0.84986970
      0.84732517
      0.84476514
      0.84218978
      0.83959927
      0.83699382
      0.83437360
      0.83173881
      0.82908963
      0.82642626
      0.82374889
      0.82105771
      0.81835291
      0.81563469
      0.81290324
      0.81015874
      0.80740141
      0.80463142
      0.80184898
      0.79905428
      0.79624751
      0.79342888
      0.79059858
      0.78775680
      0.78490374
      0.78203959
      0.77916457
      0.77627885
      0.77338265
      0.77047615
      0.76755955
      0.76463306
      0.76169687
      0.75875117
      0.75579617
      0.75283206
      0.74985904
      0.74687731
      0.74388707
      0.74088851
      0.73788183
      0.73486723
      0.73184491
      0.72881505
      0.72577787
      0.72273355
      0.71968229
      0.71662429
      0.71355975
      0.71048885
      0.70741180
      0.70432879
      0.70124001
      0.69814566
      0.69504593
      0.69194101
      0.68883110
      0.68571639
      0.68259707
      0.67947334
      0.67634538
      0.67321338
      0.67007754
      0.66693804
      0.66379508
      0.66064883
      0.65749949
      0.65434725
      0.65119229
      0.64803479
      0.64487494
      0.64171293
      0.63854894
      0.63538314
      0.63221573
      0.62904689
      0.62587679
      0.62270561
      0.61953353
      0.61636074
      0.61318740
      0.61001369
      0.60683980
      0.60366588
      0.60049213
      0.59731870
      0.59414577
      0.59097352
      0.58780210
      0.58463169
      0.58146247
      0.57829458
      0.57512821
      0.57196351
      0.56880065
      0.56563978
      0.56248109
      0.55932471
      0.55617081
      0.55301956
      0.54987110
      0.54672560
      0.54358320
      0.54044407
      0.53730835
      0.53417620
      0.53104776
      0.52792319
      0.52480263
      0.52168623
      0.51857414
      0.51546649
      0.51236344
      0.50926512
      0.50617168
      0.50308325
      0.49999998
      0.49692199
      0.49384943
      0.49078242
      0.48772111
      0.48466562
      0.48161609
      0.47857263
      0.47553539
      0.47250449
      0.46948004
      0.46646218
      0.46345103
      0.46044671
      0.45744934
      0.45445903
      0.45147591
      0.44850009
      0.44553168
      0.44257080
      0.43961756
      0.43667206
      0.43373443
      0.43080476
      0.42788316
      0.42496974
      0.42206460
      0.41916783
      0.41627955
      0.41339986
      0.41052884
      0.40766659
      0.40481322
      0.40196881
      0.39913346
      0.39630725
      0.39349028
      0.39068264
      0.38788440
      0.38509567
      0.38231651
      0.37954702
      0.37678727
      0.37403735
      0.37129732
      0.36856728
      0.36584729
      0.36313743
      0.36043778
      0.35774839
      0.35506935
      0.35240072
      0.34974257
      0.34709497
      0.34445798
      0.34183166
      0.33921607
      0.33661129
      0.33401735
      0.33143433
      0.32886228
      0.32630125
      0.32375131
      0.32121249
      0.31868485
      0.31616845
      0.31366333
      0.31116954
      0.30868712
      0.30621611
      0.30375657
      0.30130854
      0.29887205
      0.29644714
      0.29403386
      0.29163224
      0.28924231
      0.28686411
      0.28449768
      0.28214304
      0.27980022
      0.27746926
      0.27515019
      0.27284303
      0.27054780
      0.26826454
      0.26599326
      0.26373399
      0.26148675
      0.25925156
      0.25702843
      0.25481740
      0.25261846
      0.25043164
      0.24825696
      0.24609441
      0.24394403
      0.24180582
      0.23967978
      0.23756593
      0.23546428
      0.23337483
      0.23129758
      0.22923255
      0.22717973
      0.22513913
      0.22311075
      0.22109459
      0.21909066
      0.21709893
      0.21511943
      0.21315213
      0.21119705
      0.20925417
      0.20732348
      0.20540498
      0.20349866
      0.20160451
      0.19972253
      0.19785269
      0.19599500
      0.19414943
      0.19231597
      0.19049461
      0.18868533
      0.18688812
      0.18510296
      0.18332983
      0.18156871
      0.17981958
      0.17808243
      0.17635724
      0.17464397
      0.17294261
      0.17125313
      0.16957552
      0.16790974
      0.16625578
      0.16461359
      0.16298317
      0.16136447
      0.15975748
      0.15816216
      0.15657848
      0.15500641
      0.15344593
      0.15189700
      0.15035958
      0.14883365
      0.14731917
      0.14581611
      0.14432443
      0.14284410
      0.14137509
      0.13991735
      0.13847084
      0.13703554
      0.13561141
      0.13419839
      0.13279647
      0.13140559
      0.13002572
      0.12865682
      0.12729884
      0.12595174
      0.12461549
      0.12329004
      0.12197535
      0.12067137
      0.11937806
      0.11809538
      0.11682329
      0.11556173
      0.11431066
      0.11307005
      0.11183983
      0.11061997
      0.10941042
      0.10821113
      0.10702205
      0.10584315
      0.10467436
      0.10351565
      0.10236696
      0.10122824
      0.10009945
     0.098980536
     0.097871450
     0.096772140
     0.095682559
     0.094602654
     0.093532376
     0.092471675
     0.091420499
     0.090378797
     0.089346519
     0.088323612
     0.087310025
     0.086305707
     0.085310605
     0.084324667
     0.083347842
     0.082380076
     0.081421318
     0.080471514
     0.079530612
     0.078598559
     0.077675302
     0.076760788
     0.075854964
     0.074957777
     0.074069173
     0.073189099
     0.072317501
     0.071454327
     0.070599522
     0.069753032
     0.068914806
     0.068084787
     0.067262924
     0.066449162
     0.065643447
     0.064845726
     0.064055945
     0.063274051
     0.062499989
     0.061733706
     0.060975148
     0.060224262
     0.059480994
     0.058745291
     0.058017098
     0.057296363
     0.056583033
     0.055877052
     0.055178370
     0.054486931
     0.053802684
     0.053125574
     0.052455550
     0.051792557
     0.051136544
     0.050487458
     0.049845246
     0.049209855
     0.048581233
     0.047959328
     0.047344088
     0.046735461
     0.046133395
     0.045537837
     0.044948737
     0.044366043
     0.043789704
     0.043219668
     0.042655885
     0.042098303
     0.041546871
     0.041001540
     0.040462259
     0.039928978
     0.039401646
     0.038880213
     0.038364631
     0.037854849
     0.037350818
     0.036852489
     0.036359813
     0.035872741
     0.035391224
     0.034915215
     0.034444665
     0.033979526
     0.033519751
     0.033065291
     0.032616099
     0.032172129
     0.031733333
     0.031299665
     0.030871078
     0.030447526
     0.030028962
     0.029615342
     0.029206619
     0.028802748
     0.028403684
     0.028009382
     0.027619798
     0.027234886
     0.026854604
     0.026478906
     0.026107749
     0.025741090
     0.025378885
     0.025021092
     0.024667667
     0.024318569
     0.023973754
     0.023633182
     0.023296809
     0.022964596
     0.022636500
     0.022312480
     0.021992497
     0.021676508
     0.021364475
     0.021056357
     0.020752114
     0.020451707
     0.020155097
     0.019862244
     0.019573111
     0.019287659
     0.019005849
     0.018727644
     0.018453006
     0.018181897
     0.017914281
     0.017650120
     0.017389379
     0.017132021
     0.016878009
     0.016627308
     0.016379882
     0.016135696
     0.015894715
     0.015656904
     0.015422230
     0.015190656
     0.014962150
     0.014736678
     0.014514206
     0.014294701
     0.014078131
     0.013864462
     0.013653661
     0.013445698
     0.013240540
     0.013038155
     0.012838512
     0.012641580
     0.012447328
     0.012255725
     0.012066740
     0.011880345
     0.011696509
     0.011515202
     0.011336395
     0.011160059
     0.010986165
     0.010814684
     0.010645589
     0.010478850
     0.010314441
     0.010152333
    0.0099924994
    0.0098349127
    0.0096795461
    0.0095263731
    0.0093753672
    0.0092265023
    0.0090797525
    0.0089350921
    0.0087924957
    0.0086519381
    0.0085133943
    0.0083768396
    0.0082422496
    0.0081095999
    0.0079788666
    0.0078500259
    0.0077230541
    0.0075979280
    0.0074746245
    0.0073531207
    0.0072333939
    0.0071154216
    0.0069991818
    0.0068846524
    0.0067718116
    0.0066606379
    0.0065511100
    0.0064432067
    0.0063369071
    0.0062321906
    0.0061290367
    0.0060274251
    0.0059273358
    0.0058287490
    0.0057316449
    0.0056360042
    0.0055418076
    0.0054490362
    0.0053576711
    0.0052676936
    0.0051790855
    0.0050918284
    0.0050059043
    0.0049212954
    0.0048379840
    0.0047559528
    0.0046751844
    0.0045956619
    0.0045173683
    0.0044402869
    0.0043644013
    0.0042896952
    0.0042161523
    0.0041437568
    0.0040724928
    0.0040023449
    0.0039332975
    0.0038653355
    0.0037984437
    0.0037326074
    0.0036678117
    0.0036040421
    0.0035412842
    0.0034795239
    0.0034187471
    0.0033589399
    0.0033000885
    0.0032421796
    0.0031851995
    0.0031291352
    0.0030739735
    0.0030197015
    0.0029663065
    0.0029137759
    0.0028620971
    0.0028112579
    0.0027612462
    0.0027120499
    0.0026636572
    0.0026160563
    0.0025692358
    0.0025231841
    0.0024778899
    0.0024333423
    0.0023895301
    0.0023464424
    0.0023040687
    0.0022623982
    0.0022214204
    0.0021811252
    0.0021415023
    0.0021025416
    0.0020642331
    0.0020265672
    0.0019895341
    0.0019531242
    0.0019173281
    0.0018821366
    0.0018475404
    0.0018135305
    0.0017800978
    0.0017472337
    0.0017149293
    0.0016831761
    0.0016519656
    0.0016212895
    0.0015911394
    0.0015615072
    0.0015323849
    0.0015037646
    0.0014756384
    0.0014479986
    0.0014208376
    0.0013941479
    0.0013679222
    0.0013421530
    0.0013168331
    0.0012919556
    0.0012675133
    0.0012434995
    0.0012199071
    0.0011967296
    0.0011739603
    0.0011515927
    0.0011296203
    0.0011080369
    0.0010868360
    0.0010660116
    0.0010455576
    0.0010254679
    0.0010057368
   0.00098635824
   0.00096732661
   0.00094863621
   0.00093028146
   0.00091225687
   0.00089455702
   0.00087717657
   0.00086011025
   0.00084335287
   0.00082689934
   0.00081074460
   0.00079488371
   0.00077931176
   0.00076402396
   0.00074901554
   0.00073428184
   0.00071981825
   0.00070562024
   0.00069168333
   0.00067800313
   0.00066457530
   0.00065139557
   0.00063845973
   0.00062576365
   0.00061330324
   0.00060107448
   0.00058907343
   0.00057729618
   0.00056573890
   0.00055439781
   0.00054326919
   0.00053234938
   0.00052163478
   0.00051112183
   0.00050080705
   0.00049068699
   0.00048075826
   0.00047101754
   0.00046146154
   0.00045208703
   0.00044289084
   0.00043386983
   0.00042502092
   0.00041634109
   0.00040782736
   0.00039947678
   0.00039128647
   0.00038325359
   0.00037537534
   0.00036764896
   0.00036007176
   0.00035264107
   0.00034535427
   0.00033820878
   0.00033120205
   0.00032433161
   0.00031759499
   0.00031098978
   0.00030451360
   0.00029816412
   0.00029193904
   0.00028583610
   0.00027985308
   0.00027398779
   0.00026823808
   0.00026260184
   0.00025707699
   0.00025166148
   0.00024635331
   0.00024115050
   0.00023605111
   0.00023105322
   0.00022615495
   0.00022135447
   0.00021664995
   0.00021203961
   0.00020752170
   0.00020309449
   0.00019875628
   0.00019450542
   0.00019034025
   0.00018625918
   0.00018226063
   0.00017834302
   0.00017450485
   0.00017074460
   0.00016706080
   0.00016345201
   0.00015991679
   0.00015645375
   0.00015306151
   0.00014973872
   0.00014648406
   0.00014329621
   0.00014017390
   0.00013711586
   0.00013412087
   0.00013118771
   0.00012831517
   0.00012550210
   0.00012274734
   0.00012004976
   0.00011740825
   0.00011482171
   0.00011228908
   0.00010980931
   0.00010738136
   0.00010500422
   0.00010267689
   0.00010039839
   9.8167773e-05
   9.5984081e-05
   9.3846395e-05
   9.1753805e-05
   8.9705420e-05
   8.7700362e-05
   8.5737773e-05
   8.3816808e-05
   8.1936639e-05
   8.0096453e-05
   7.8295450e-05
   7.6532848e-05
   7.4807877e-05
   7.3119783e-05
   7.1467826e-05
   6.9851277e-05
   6.8269424e-05
   6.6721566e-05
   6.5207017e-05
   6.3725102e-05
   6.2275161e-05
   6.0856544e-05
   5.9468614e-05
   5.8110746e-05
   5.6782329e-05
   5.5482760e-05
   5.4211449e-05
   5.2967818e-05
   5.1751300e-05
   5.0561337e-05
   4.9397383e-05
   4.8258902e-05
   4.7145369e-05
   4.6056269e-05
   4.4991097e-05
   4.3949355e-05
   4.2930559e-05
   4.1934231e-05
   4.0959905e-05
   4.0007121e-05
   3.9075430e-05
   3.8164391e-05
   3.7273572e-05
   3.6402550e-05
   3.5550908e-05
   3.4718240e-05
   3.3904146e-05
   3.3108235e-05
   3.2330123e-05
   3.1569434e-05
   3.0825798e-05
   3.0098855e-05
   2.9388251e-05
   2.8693637e-05
   2.8014674e-05
   2.7351028e-05
   2.6702371e-05
   2.6068385e-05
   2.5448754e-05
   2.4843171e-05
   2.4251335e-05
   2.3672950e-05
   2.3107726e-05
   2.2555380e-05
   2.2015633e-05
   2.1488215e-05
   2.0972857e-05
   2.0469299e-05
   1.9977284e-05
   1.9496561e-05
   1.9026886e-05
   1.8568016e-05
   1.8119717e-05
   1.7681757e-05
   1.7253911e-05
   1.6835956e-05
   1.6427675e-05
   1.6028857e-05
   1.5639292e-05
   1.5258778e-05
   1.4887114e-05
   1.4524105e-05
   1.4169560e-05
   1.3823291e-05
   1.3485115e-05
   1.3154852e-05
   1.2832325e-05
   1.2517364e-05
   1.2209799e-05
   1.1909464e-05
   1.1616200e-05
   1.1329846e-05
   1.1050249e-05
   1.0777257e-05
   1.0510721e-05
   1.0250496e-05
   9.9964399e-06
   9.7484137e-06
   9.5062811e-06
   9.2699087e-06
   9.0391662e-06
   8.8139258e-06
   8.5940627e-06
   8.3794547e-06
   8.1699820e-06
   7.9655276e-06
   7.7659771e-06
   7.5712184e-06
   7.3811418e-06
   7.1956400e-06
   7.0146081e-06
   6.8379435e-06
   6.6655457e-06
   6.4973165e-06
   6.3331597e-06
   6.1729814e-06
   6.0166895e-06
   5.8641941e-06
   5.7154073e-06
   5.5702430e-06
   5.4286170e-06
   5.2904471e-06
   5.1556527e-06
   5.0241551e-06
   4.8958773e-06
   4.7707442e-06
   4.6486820e-06
   4.5296188e-06
   4.4134842e-06
   4.3002094e-06
   4.1897271e-06
   4.0819717e-06
   3.9768786e-06
   3.8743852e-06
   3.7744299e-06
   3.6769527e-06
   3.5818947e-06
   3.4891988e-06
   3.3988086e-06
   3.3106694e-06
   3.2247275e-06
   3.1409306e-06
   3.0592274e-06
   2.9795680e-06
   2.9019033e-06
   2.8261857e-06
   2.7523683e-06
   2.6804056e-06
   2.6102529e-06
   2.5418666e-06
   2.4752043e-06
   2.4102242e-06
   2.3468857e-06
   2.2851491e-06
   2.2249757e-06
   2.1663274e-06
   2.1091673e-06
   2.0534591e-06
   1.9991676e-06
   1.9462582e-06
   1.8946972e-06
   1.8444517e-06
   1.7954895e-06
   1.7477791e-06
   1.7012900e-06
   1.6559920e-06
   1.6118560e-06
   1.5688534e-06
   1.5269562e-06
   1.4861372e-06
   1.4463698e-06
   1.4076279e-06
   1.3698863e-06
   1.3331201e-06
   1.2973052e-06
   1.2624179e-06
   1.2284351e-06
   1.1953343e-06
   1.1630937e-06
   1.1316916e-06
   1.1011072e-06
   1.0713200e-06
   1.0423101e-06
   1.0140580e-06
   9.8654458e-07
   9.5975142e-07
   9.3366035e-07
   9.0825371e-07
   8.8351423e-07
   8.5942509e-07
   8.3596984e-07
   8.1313247e-07
   7.9089732e-07
   7.6924912e-07
   7.4817299e-07
   7.2765438e-07
   7.0767911e-07
   6.8823335e-07
   6.6930359e-07
   6.5087667e-07
   6.3293974e-07
   6.1548027e-07
   5.9848601e-07
   5.8194506e-07
   5.6584577e-07
   5.5017680e-07
   5.3492707e-07
   5.2008579e-07
   5.0564243e-07
   4.9158671e-07
   4.7790862e-07
   4.6459840e-07
   4.5164651e-07
   4.3904366e-07
   4.2678080e-07
   4.1484909e-07
   4.0323992e-07
   3.9194489e-07
   3.8095581e-07
   3.7026470e-07
   3.5986376e-07
   3.4974541e-07
   3.3990226e-07
   3.3032708e-07
   3.2101285e-07
   3.1195271e-07
   3.0313998e-07
   2.9456814e-07
   2.8623085e-07
   2.7812192e-07
   2.7023532e-07
   2.6256516e-07
   2.5510572e-07
   2.4785141e-07
   2.4079680e-07
   2.3393658e-07
   2.2726558e-07
   2.2077876e-07
   2.1447123e-07
   2.0833819e-07
   2.0237499e-07
   1.9657709e-07
   1.9094007e-07
   1.8545962e-07
   1.8013153e-07
   1.7495173e-07
   1.6991622e-07
   1.6502113e-07
   1.6026267e-07
   1.5563716e-07
   1.5114101e-07
   1.4677073e-07
   1.4252292e-07
   1.3839426e-07
   1.3438151e-07
   1.3048155e-07
   1.2669129e-07
   1.2300777e-07
   1.1942808e-07
   1.1594938e-07
   1.1256893e-07
   1.0928405e-07
   1.0609211e-07
   1.0299058e-07
   9.9976989e-08
   9.7048918e-08
   9.4204023e-08
   9.1440019e-08
   8.8754682e-08
   8.6145847e-08
   8.3611406e-08
   8.1149307e-08
   7.8757552e-08
   7.6434198e-08
   7.4177352e-08
   7.1985171e-08
   6.9855864e-08
   6.7787685e-08
   6.5778936e-08
   6.3827964e-08
   6.1933161e-08
   6.0092962e-08
   5.8305843e-08
   5.6570323e-08
   5.4884959e-08
   5.3248348e-08
   5.1659124e-08
   5.0115959e-08
   4.8617560e-08
   4.7162670e-08
   4.5750065e-08
   4.4378554e-08
   4.3046981e-08
   4.1754217e-08
   4.0499169e-08
   3.9280768e-08
   3.8097980e-08
   3.6949795e-08
   3.5835232e-08
   3.4753338e-08
   3.3703183e-08
   3.2683867e-08
   3.1694511e-08
   3.0734261e-08
   2.9802289e-08
   2.8897785e-08
   2.8019966e-08
   2.7168069e-08
   2.6341350e-08
   2.5539089e-08
   2.4760584e-08
   2.4005152e-08
   2.3272131e-08
   2.2560876e-08
   2.1870760e-08
   2.1201173e-08
   2.0551523e-08
   1.9921234e-08
   1.9309747e-08
   1.8716517e-08
   1.8141015e-08
   1.7582727e-08
   1.7041154e-08
   1.6515810e-08
   1.6006223e-08
   1.5511935e-08
   1.5032498e-08
   1.4567481e-08
   1.4116463e-08
   1.3679033e-08
   1.3254795e-08
   1.2843363e-08
   1.2444361e-08
   1.2057425e-08
   1.1682199e-08
   1.1318341e-08
   1.0965516e-08
   1.0623398e-08
   1.0291672e-08
   9.9700313e-09
   9.6581784e-09
   9.3558238e-09
   9.0626864e-09
   8.7784932e-09
   8.5029791e-09
   8.2358864e-09
   7.9769652e-09
   7.7259724e-09
   7.4826721e-09
   7.2468352e-09
   7.0182391e-09
   6.7966679e-09
   6.5819115e-09
   6.3737664e-09
   6.1720345e-09
   5.9765239e-09
   5.7870480e-09
   5.6034256e-09
   5.4254810e-09
   5.2530435e-09
   5.0859472e-09
   4.9240313e-09
   4.7671396e-09
   4.6151205e-09
   4.4678268e-09
   4.3251156e-09
   4.1868482e-09
   4.0528900e-09
   3.9231104e-09
   3.7973826e-09
   3.6755834e-09
   3.5575934e-09
   3.4432968e-09
   3.3325809e-09
   3.2253367e-09
   3.1214582e-09
   3.0208426e-09
   2.9233901e-09
   2.8290040e-09
   2.7375903e-09
   2.6490579e-09
   2.5633184e-09
   2.4802861e-09
   2.3998777e-09
   2.3220124e-09
   2.2466120e-09
   2.1736005e-09
   2.1029041e-09
   2.0344515e-09
   1.9681731e-09
   1.9040019e-09
   1.8418725e-09
   1.7817216e-09
   1.7234879e-09
   1.6671119e-09
   1.6125358e-09
   1.5597036e-09
   1.5085611e-09
   1.4590556e-09
   1.4111361e-09
   1.3647530e-09
   1.3198583e-09
   1.2764055e-09
   1.2343495e-09
   1.1936465e-09
   1.1542540e-09
   1.1161311e-09
   1.0792377e-09
   1.0435352e-09
   1.0089862e-09
   9.7555432e-10
   9.4320433e-10
   9.1190212e-10
   8.8161460e-10
   8.5230970e-10
   8.2395632e-10
   7.9652436e-10
   7.6998460e-10
   7.4430875e-10
   7.1946938e-10
   6.9543991e-10
   6.7219460e-10
   6.4970848e-10
   6.2795736e-10
   6.0691781e-10
   5.8656713e-10
   5.6688330e-10
   5.4784502e-10
   5.2943162e-10
   5.1162310e-10
   4.9440006e-10
   4.7774373e-10
   4.6163591e-10
   4.4605898e-10
   4.3099585e-10
   4.1642999e-10
   4.0234538e-10
   3.8872650e-10
   3.7555831e-10
   3.6282627e-10
   3.5051626e-10
   3.3861463e-10
   3.2710817e-10
   3.1598405e-10
   3.0522987e-10
   2.9483363e-10
   2.8478369e-10
   2.7506879e-10
   2.6567802e-10
   2.5660082e-10
   2.4782697e-10
   2.3934656e-10
   2.3115002e-10
   2.2322806e-10
   2.1557169e-10
   2.0817223e-10
   2.0102124e-10
   1.9411059e-10
   1.8743238e-10
   1.8097897e-10
   1.7474297e-10
   1.6871722e-10
   1.6289480e-10
   1.5726901e-10
   1.5183335e-10
   1.4658155e-10
   1.4150753e-10
   1.3660541e-10
   1.3186950e-10
   1.2729429e-10
   1.2287445e-10
   1.1860483e-10
   1.1448043e-10
   1.1049643e-10
   1.0664816e-10
   1.0293109e-10
   9.9340852e-11
   9.5873218e-11
   9.2524093e-11
   8.9289517e-11
   8.6165661e-11
   8.3148817e-11
   8.0235403e-11
   7.7421950e-11
   7.4705106e-11
   7.2081625e-11
   6.9548371e-11
   6.7102308e-11
   6.4740502e-11
   6.2460115e-11
   6.0258401e-11
   5.8132705e-11
   5.6080460e-11
   5.4099183e-11
   5.2186475e-11
   5.0340012e-11
   4.8557552e-11
   4.6836923e-11
   4.5176027e-11
   4.3572836e-11
   4.2025387e-11
   4.0531785e-11
   3.9090195e-11
   3.7698846e-11
   3.6356024e-11
   3.5060073e-11
   3.3809392e-11
   3.2602432e-11
   3.1437700e-11
   3.0313747e-11
   2.9229177e-11
   2.8182640e-11
   2.7172829e-11
   2.6198483e-11
   2.5258383e-11
   2.4351351e-11
   2.3476247e-11
   2.2631972e-11
   2.1817462e-11
   2.1031690e-11
   2.0273662e-11
   1.9542421e-11
   1.8837038e-11
   1.8156619e-11
   1.7500299e-11
   1.6867241e-11
   1.6256638e-11
   1.5667710e-11
   1.5099704e-11
   1.4551891e-11
   1.4023569e-11
   1.3514058e-11
   1.3022703e-11
   1.2548869e-11
   1.2091944e-11
   1.1651337e-11
   1.1226478e-11
   1.0816815e-11
   1.0421816e-11
   1.0040966e-11
   9.6737681e-12
   9.3197438e-12
   8.9784296e-12
   8.6493784e-12
   8.3321585e-12
   8.0263530e-12
   7.7315594e-12
   7.4473890e-12
   7.1734668e-12
   6.9094305e-12
   6.6549305e-12
   6.4096291e-12
   6.1732005e-12
   5.9453301e-12
   5.7257143e-12
   5.5140599e-12
   5.3100840e-12
   5.1135136e-12
   4.9240850e-12
   4.7415439e-12
   4.5656448e-12
   4.3961507e-12
   4.2328330e-12
   4.0754709e-12
   3.9238516e-12
   3.7777694e-12
   3.6370263e-12
   3.5014307e-12
   3.3707981e-12
   3.2449503e-12
   3.1237154e-12
   3.0069277e-12
   2.8944271e-12
   2.7860593e-12
   2.6816754e-12
   2.5811317e-12
   2.4842896e-12
   2.3910155e-12
   2.3011804e-12
   2.2146600e-12
   2.1313342e-12
   2.0510873e-12
   1.9738078e-12
   1.8993879e-12
   1.8277239e-12
   1.7587156e-12
   1.6922665e-12
   1.6282834e-12
   1.5666766e-12
   1.5073594e-12
   1.4502484e-12
   1.3952629e-12
   1.3423255e-12
   1.2913612e-12
   1.2422978e-12
   1.1950658e-12
   1.1495981e-12
   1.1058300e-12
   1.0636991e-12
   1.0231453e-12
   9.8411073e-13
   9.4653944e-13
   9.1037762e-13
   8.7557335e-13
   8.4207661e-13
   8.0983918e-13
   7.7881458e-13
   7.4895800e-13
   7.2022628e-13
   6.9257781e-13
   6.6597249e-13
   6.4037168e-13
   6.1573813e-13
   5.9203596e-13
   5.6923059e-13
   5.4728870e-13
   5.2617819e-13
   5.0586812e-13
   4.8632869e-13
   4.6753117e-13
   4.4944791e-13
   4.3205224e-13
   4.1531849e-13
   3.9922192e-13
   3.8373870e-13
   3.6884587e-13
   3.5452132e-13
   3.4074375e-13
   3.2749265e-13
   3.1474824e-13
   3.0249150e-13
   2.9070410e-13
   2.7936837e-13
   2.6846731e-13
   2.5798456e-13
   2.4790433e-13
   2.3821145e-13
   2.2889128e-13
   2.1992974e-13
   2.1131328e-13
   2.0302884e-13
   1.9506385e-13
   1.8740619e-13
   1.8004423e-13
   1.7296673e-13
   1.6616290e-13
   1.5962233e-13
   1.5333501e-13
   1.4729131e-13
   1.4148195e-13
   1.3589799e-13
   1.3053085e-13
   1.2537224e-13
   1.2041421e-13
   1.1564908e-13
   1.1106948e-13
   1.0666830e-13
   1.0243872e-13
   9.8374159e-14
   9.4468281e-14
   9.0714999e-14
   8.7108452e-14
   8.3643000e-14
   8.0313215e-14
   7.7113876e-14
   7.4039957e-14
   7.1086624e-14
   6.8249226e-14
   6.5523288e-14
   6.2904503e-14
   6.0388731e-14
   5.7971985e-14
   5.5650433e-14
   5.3420388e-14
   5.1278301e-14
   4.9220762e-14
   4.7244487e-14
   4.5346320e-14
   4.3523226e-14
   4.1772283e-14
