   3.1552825e-07
   -0.0050487798
   -0.0031227161
    0.0031242913
    0.0050590996
   3.1552825e-07
   -0.0050656770
   -0.0031331731
    0.0031347623
    0.0050760647
   3.1552825e-07
   -0.0050826876
   -0.0031437003
    0.0031453038
    0.0050931440
   3.1552825e-07
   -0.0050998129
   -0.0031542986
    0.0031559163
    0.0051103386
   3.1552825e-07
   -0.0051170540
   -0.0031649686
    0.0031666007
    0.0051276497
   3.1552825e-07
   -0.0051344120
   -0.0031757110
    0.0031773577
    0.0051450785
   3.1552825e-07
   -0.0051518882
   -0.0031865266
    0.0031881880
    0.0051626262
   3.1552825e-07
   -0.0051694838
   -0.0031974161
    0.0031990924
    0.0051802940
   3.1552825e-07
   -0.0051872000
   -0.0032083803
    0.0032100716
    0.0051980831
   3.1552825e-07
   -0.0052050380
   -0.0032194199
    0.0032211265
    0.0052159949
   3.1552825e-07
   -0.0052229992
   -0.0032305358
    0.0032322577
    0.0052340305
   3.1552825e-07
   -0.0052410847
   -0.0032417288
    0.0032434661
    0.0052521912
   3.1552825e-07
   -0.0052592959
   -0.0032529996
    0.0032547526
    0.0052704785
   3.1552825e-07
   -0.0052776341
   -0.0032643490
    0.0032661178
    0.0052888935
   3.1552825e-07
   -0.0052961006
   -0.0032757779
    0.0032775627
    0.0053074377
   3.1552825e-07
   -0.0053146968
   -0.0032872871
    0.0032890881
    0.0053261123
   3.1552825e-07
   -0.0053334240
   -0.0032988775
    0.0033006948
    0.0053449189
   3.1552825e-07
   -0.0053522837
   -0.0033105499
    0.0033123837
    0.0053638587
   3.1552825e-07
   -0.0053712773
   -0.0033223052
    0.0033241557
    0.0053829333
   3.1552825e-07
   -0.0053904061
   -0.0033341443
    0.0033360117
    0.0054021439
   3.1552825e-07
   -0.0054096717
   -0.0033460681
    0.0033479525
    0.0054214922
   3.1552825e-07
   -0.0054290754
   -0.0033580774
    0.0033599791
    0.0054409796
   3.1552825e-07
   -0.0054486189
   -0.0033701733
    0.0033720924
    0.0054606077
   3.1552825e-07
   -0.0054683036
   -0.0033823567
    0.0033842934
    0.0054803778
   3.1552825e-07
   -0.0054881310
   -0.0033946285
    0.0033965830
    0.0055002916
   3.1552825e-07
   -0.0055081027
   -0.0034069896
    0.0034089621
    0.0055203507
   3.1552825e-07
   -0.0055282203
   -0.0034194411
    0.0034214318
    0.0055405566
   3.1552825e-07
   -0.0055484854
   -0.0034319840
    0.0034339931
    0.0055609109
   3.1552825e-07
   -0.0055688996
   -0.0034446192
    0.0034466469
    0.0055814154
   3.1552825e-07
   -0.0055894646
   -0.0034573479
    0.0034593943
    0.0056020716
   3.1552825e-07
   -0.0056101820
   -0.0034701709
    0.0034722364
    0.0056228814
   3.1552825e-07
   -0.0056310536
   -0.0034830894
    0.0034851742
    0.0056438462
   3.1552825e-07
   -0.0056520810
   -0.0034961045
    0.0034982087
    0.0056649681
   3.1552825e-07
   -0.0056732661
   -0.0035092172
    0.0035113410
    0.0056862486
   3.1552825e-07
   -0.0056946106
   -0.0035224287
    0.0035245724
    0.0057076896
   3.1552825e-07
   -0.0057161163
   -0.0035357400
    0.0035379038
    0.0057292929
   3.1552825e-07
   -0.0057377850
   -0.0035491523
    0.0035513364
    0.0057510603
   3.1552825e-07
   -0.0057596187
   -0.0035626668
    0.0035648715
    0.0057729938
   3.1552825e-07
   -0.0057816191
   -0.0035762845
    0.0035785101
    0.0057950953
   3.1552825e-07
   -0.0058037883
   -0.0035900068
    0.0035922534
    0.0058173666
   3.1552825e-07
   -0.0058261281
   -0.0036038348
    0.0036061027
    0.0058398097
   3.1552825e-07
   -0.0058486406
   -0.0036177698
    0.0036200592
    0.0058624268
   3.1552825e-07
   -0.0058713277
   -0.0036318129
    0.0036341241
    0.0058852196
   3.1552825e-07
   -0.0058941915
   -0.0036459655
    0.0036482988
    0.0059081905
   3.1552825e-07
   -0.0059172341
   -0.0036602289
    0.0036625844
    0.0059313413
   3.1552825e-07
   -0.0059404575
   -0.0036746043
    0.0036769824
    0.0059546743
   3.1552825e-07
   -0.0059638639
   -0.0036890930
    0.0036914940
    0.0059781916
   3.1552825e-07
   -0.0059874556
   -0.0037036965
    0.0037061206
    0.0060018953
   3.1552825e-07
   -0.0060112346
   -0.0037184161
    0.0037208635
    0.0060257878
   3.1552825e-07
   -0.0060352032
   -0.0037332531
    0.0037357242
    0.0060498713
   3.1552825e-07
   -0.0060593637
   -0.0037482090
    0.0037507041
    0.0060741481
   3.1552825e-07
   -0.0060837185
   -0.0037632853
    0.0037658045
    0.0060986205
   3.1552825e-07
   -0.0061082698
   -0.0037784833
    0.0037810271
    0.0061232909
   3.1552825e-07
   -0.0061330201
   -0.0037938046
    0.0037963732
    0.0061481617
   3.1552825e-07
   -0.0061579717
   -0.0038092506
    0.0038118444
    0.0061732354
   3.1552825e-07
   -0.0061831272
   -0.0038248230
    0.0038274422
    0.0061985144
   3.1552825e-07
   -0.0062084891
   -0.0038405232
    0.0038431681
    0.0062240013
   3.1552825e-07
   -0.0062340599
   -0.0038563528
    0.0038590238
    0.0062496987
   3.1552825e-07
   -0.0062598422
   -0.0038723134
    0.0038750109
    0.0062756092
   3.1552825e-07
   -0.0062858386
   -0.0038884068
    0.0038911310
    0.0063017354
   3.1552825e-07
   -0.0063120518
   -0.0039046345
    0.0039073857
    0.0063280800
   3.1552825e-07
   -0.0063384846
   -0.0039209982
    0.0039237768
    0.0063546458
   3.1552825e-07
   -0.0063651397
   -0.0039374996
    0.0039403060
    0.0063814357
   3.1552825e-07
   -0.0063920200
   -0.0039541405
    0.0039569751
    0.0064084523
   3.1552825e-07
   -0.0064191282
   -0.0039709227
    0.0039737858
    0.0064356988
   3.1552825e-07
   -0.0064464673
   -0.0039878480
    0.0039907399
    0.0064631778
   3.1552825e-07
   -0.0064740403
   -0.0040049182
    0.0040078392
    0.0064908926
   3.1552825e-07
   -0.0065018501
   -0.0040221351
    0.0040250858
    0.0065188461
   3.1552825e-07
   -0.0065299000
   -0.0040395008
    0.0040424814
    0.0065470413
   3.1552825e-07
   -0.0065581928
   -0.0040570170
    0.0040600280
    0.0065754816
   3.1552825e-07
   -0.0065867320
   -0.0040746858
    0.0040777275
    0.0066041700
   3.1552825e-07
   -0.0066155206
   -0.0040925092
    0.0040955821
    0.0066331098
   3.1552825e-07
   -0.0066445619
   -0.0041104893
    0.0041135937
    0.0066623044
   3.1552825e-07
   -0.0066738593
   -0.0041286280
    0.0041317644
    0.0066917572
   3.1552825e-07
   -0.0067034163
   -0.0041469275
    0.0041500964
    0.0067214715
   3.1552825e-07
   -0.0067332362
   -0.0041653900
    0.0041685917
    0.0067514508
   3.1552825e-07
   -0.0067633226
   -0.0041840176
    0.0041872526
    0.0067816988
   3.1552825e-07
   -0.0067936790
   -0.0042028126
    0.0042060813
    0.0068122191
   3.1552825e-07
   -0.0068243092
   -0.0042217772
    0.0042250801
    0.0068430153
   3.1552825e-07
   -0.0068552169
   -0.0042409137
    0.0042442513
    0.0068740912
   3.1552825e-07
   -0.0068864057
   -0.0042602246
    0.0042635973
    0.0069054507
   3.1552825e-07
   -0.0069178797
   -0.0042797121
    0.0042831205
    0.0069370976
   3.1552825e-07
   -0.0069496427
   -0.0042993787
    0.0043028232
    0.0069690359
   3.1552825e-07
   -0.0069816987
   -0.0043192269
    0.0043227080
    0.0070012696
   3.1552825e-07
   -0.0070140518
   -0.0043392592
    0.0043427775
    0.0070338030
   3.1552825e-07
   -0.0070467061
   -0.0043594783
    0.0043630342
    0.0070666401
   3.1552825e-07
   -0.0070796659
   -0.0043798866
    0.0043834807
    0.0070997852
   3.1552825e-07
   -0.0071129355
   -0.0044004870
    0.0044041198
    0.0071332427
   3.1552825e-07
   -0.0071465192
   -0.0044212820
    0.0044249541
    0.0071670171
   3.1552825e-07
   -0.0071804215
   -0.0044422745
    0.0044459864
    0.0072011128
   3.1552825e-07
   -0.0072146471
   -0.0044634674
    0.0044672197
    0.0072355345
   3.1552825e-07
   -0.0072492005
   -0.0044848634
    0.0044886567
    0.0072702868
   3.1552825e-07
   -0.0072840864
   -0.0045064656
    0.0045103005
    0.0073053746
   3.1552825e-07
   -0.0073193097
   -0.0045282768
    0.0045321539
    0.0073408027
   3.1552825e-07
   -0.0073548754
   -0.0045503003
    0.0045542202
    0.0073765761
   3.1552825e-07
   -0.0073907883
   -0.0045725390
    0.0045765023
    0.0074126999
   3.1552825e-07
   -0.0074270537
   -0.0045949962
    0.0045990036
    0.0074491793
   3.1552825e-07
   -0.0074636767
   -0.0046176751
    0.0046217272
    0.0074860194
   3.1552825e-07
   -0.0075006627
   -0.0046405790
    0.0046446765
    0.0075232258
   3.1552825e-07
   -0.0075380171
   -0.0046637112
    0.0046678548
    0.0075608039
   3.1552825e-07
   -0.0075757454
   -0.0046870752
    0.0046912656
    0.0075987592
   3.1552825e-07
   -0.0076138533
   -0.0047106745
    0.0047149124
    0.0076370976
   3.1552825e-07
   -0.0076523464
   -0.0047345126
    0.0047387987
    0.0076758248
   3.1552825e-07
   -0.0076912308
   -0.0047585933
    0.0047629283
    0.0077149467
   3.1552825e-07
   -0.0077305124
   -0.0047829202
    0.0047873049
    0.0077544695
   3.1552825e-07
   -0.0077701972
   -0.0048074971
    0.0048119323
    0.0077943993
   3.1552825e-07
   -0.0078102916
   -0.0048323279
    0.0048368143
    0.0078347425
   3.1552825e-07
   -0.0078508019
   -0.0048574165
    0.0048619550
    0.0078755055
   3.1552825e-07
   -0.0078917347
   -0.0048827670
    0.0048873584
    0.0079166949
   3.1552825e-07
   -0.0079330965
   -0.0049083836
    0.0049130286
    0.0079583173
   3.1552825e-07
   -0.0079748941
   -0.0049342703
    0.0049389700
    0.0080003798
   3.1552825e-07
   -0.0080171346
   -0.0049604316
    0.0049651866
    0.0080428893
   3.1552825e-07
   -0.0080598248
   -0.0049868718
    0.0049916831
    0.0080858529
   3.1552825e-07
   -0.0081029722
   -0.0050135953
    0.0050184639
    0.0081292780
   3.1552825e-07
   -0.0081465840
   -0.0050406069
    0.0050455336
    0.0081731721
   3.1552825e-07
   -0.0081906677
   -0.0050679110
    0.0050728969
    0.0082175427
   3.1552825e-07
   -0.0082352312
   -0.0050955127
    0.0051005586
    0.0082623978
   3.1552825e-07
   -0.0082802822
   -0.0051234166
    0.0051285236
    0.0083077452
   3.1552825e-07
   -0.0083258289
   -0.0051516278
    0.0051567969
    0.0083535932
   3.1552825e-07
   -0.0083718793
   -0.0051801515
    0.0051853836
    0.0083999500
   3.1552825e-07
   -0.0084184421
   -0.0052089928
    0.0052142891
    0.0084468241
   3.1552825e-07
   -0.0084655256
   -0.0052381570
    0.0052435186
    0.0084942244
   3.1552825e-07
   -0.0085131388
   -0.0052676497
    0.0052730776
    0.0085421597
   3.1552825e-07
   -0.0085612906
   -0.0052974764
    0.0053029718
    0.0085906390
   3.1552825e-07
   -0.0086099902
   -0.0053276428
    0.0053332069
    0.0086396718
   3.1552825e-07
   -0.0086592470
   -0.0053581548
    0.0053637886
    0.0086892675
   3.1552825e-07
   -0.0087090706
   -0.0053890183
    0.0053947231
    0.0087394359
   3.1552825e-07
   -0.0087594709
   -0.0054202394
    0.0054260165
    0.0087901870
   3.1552825e-07
   -0.0088104579
   -0.0054518244
    0.0054576751
    0.0088415310
   3.1552825e-07
   -0.0088620419
   -0.0054837796
    0.0054897052
    0.0088934783
   3.1552825e-07
   -0.0089142336
   -0.0055161117
    0.0055221134
    0.0089460397
   3.1552825e-07
   -0.0089670436
   -0.0055488274
    0.0055549066
    0.0089992260
   3.1552825e-07
   -0.0090204830
   -0.0055819334
    0.0055880915
    0.0090530485
   3.1552825e-07
   -0.0090745633
   -0.0056154369
    0.0056216754
    0.0091075188
   3.1552825e-07
   -0.0091292958
   -0.0056493450
    0.0056556653
    0.0091626484
   3.1552825e-07
   -0.0091846926
   -0.0056836651
    0.0056900687
    0.0092184496
   3.1552825e-07
   -0.0092407658
   -0.0057184048
    0.0057248932
    0.0092749346
   3.1552825e-07
   -0.0092975279
   -0.0057535717
    0.0057601466
    0.0093321161
   3.1552825e-07
   -0.0093549916
   -0.0057891739
    0.0057958368
    0.0093900070
   3.1552825e-07
   -0.0094131700
   -0.0058252195
    0.0058319720
    0.0094486207
   3.1552825e-07
   -0.0094720766
   -0.0058617168
    0.0058685607
    0.0095079707
   3.1552825e-07
   -0.0095317250
   -0.0058986743
    0.0059056113
    0.0095680710
   3.1552825e-07
   -0.0095921295
   -0.0059361008
    0.0059431326
    0.0096289360
   3.1552825e-07
   -0.0096533044
   -0.0059740053
    0.0059811338
    0.0096905803
   3.1552825e-07
   -0.0097152646
   -0.0060123970
    0.0060196241
    0.0097530190
   3.1552825e-07
   -0.0097780253
   -0.0060512854
    0.0060586130
    0.0098162675
   3.1552825e-07
   -0.0098416022
   -0.0060906801
    0.0060981102
    0.0098803417
   3.1552825e-07
   -0.0099060112
   -0.0061305912
    0.0061381257
    0.0099452579
   3.1552825e-07
   -0.0099712689
   -0.0061710287
    0.0061786698
     0.010011033
   3.1552825e-07
    -0.010037392
   -0.0062120033
    0.0062197531
     0.010077683
   3.1552825e-07
    -0.010104398
   -0.0062535257
    0.0062613863
     0.010145228
   3.1552825e-07
    -0.010172304
   -0.0062956069
    0.0063035807
     0.010213683
   3.1552825e-07
    -0.010241130
   -0.0063382584
    0.0063463476
     0.010283069
   3.1552825e-07
    -0.010310893
   -0.0063814917
    0.0063896987
     0.010353404
   3.1552825e-07
    -0.010381613
   -0.0064253188
    0.0064336461
     0.010424708
   3.1552825e-07
    -0.010453310
   -0.0064697522
    0.0064782022
     0.010497001
   3.1552825e-07
    -0.010526004
   -0.0065148044
    0.0065233797
     0.010570303
   3.1552825e-07
    -0.010599716
   -0.0065604885
    0.0065691918
     0.010644636
   3.1552825e-07
    -0.010674468
   -0.0066068178
    0.0066156518
     0.010720023
   3.1552825e-07
    -0.010750282
   -0.0066538062
    0.0066627736
     0.010796484
   3.1552825e-07
    -0.010827180
   -0.0067014677
    0.0067105715
     0.010874044
   3.1552825e-07
    -0.010905186
   -0.0067498170
    0.0067590602
     0.010952727
   3.1552825e-07
    -0.010984325
   -0.0067988691
    0.0068082546
     0.011032557
   3.1552825e-07
    -0.011064620
   -0.0068486393
    0.0068581704
     0.011113559
   3.1552825e-07
    -0.011146098
   -0.0068991436
    0.0069088234
     0.011195759
   3.1552825e-07
    -0.011228785
   -0.0069503983
    0.0069602303
     0.011279184
   3.1552825e-07
    -0.011312708
   -0.0070024204
    0.0070124078
     0.011363862
   3.1552825e-07
    -0.011397895
   -0.0070552270
    0.0070653736
     0.011449821
   3.1552825e-07
    -0.011484375
   -0.0071088363
    0.0071191455
     0.011537090
   3.1552825e-07
    -0.011572176
   -0.0071632664
    0.0071737421
     0.011625700
   3.1552825e-07
    -0.011661331
   -0.0072185366
    0.0072291826
     0.011715681
   3.1552825e-07
    -0.011751870
   -0.0072746663
    0.0072854866
     0.011807066
   3.1552825e-07
    -0.011843826
   -0.0073316758
    0.0073426745
     0.011899888
   3.1552825e-07
    -0.011937232
   -0.0073895859
    0.0074007673
     0.011994182
   3.1552825e-07
    -0.012032124
   -0.0074484181
    0.0074597867
     0.012089981
   3.1552825e-07
    -0.012128536
   -0.0075081947
    0.0075197548
     0.012187323
   3.1552825e-07
    -0.012226505
   -0.0075689386
    0.0075806950
     0.012286245
   3.1552825e-07
    -0.012326070
   -0.0076306734
    0.0076426308
     0.012386787
   3.1552825e-07
    -0.012427270
   -0.0076934235
    0.0077055871
     0.012488987
   3.1552825e-07
    -0.012530146
   -0.0077572143
    0.0077695891
     0.012592888
   3.1552825e-07
    -0.012634739
   -0.0078220718
    0.0078346631
     0.012698532
   3.1552825e-07
    -0.012741093
   -0.0078880230
    0.0079008364
     0.012805964
   3.1552825e-07
    -0.012849252
   -0.0079550959
    0.0079681370
     0.012915229
   3.1552825e-07
    -0.012959264
   -0.0080233192
    0.0080365940
     0.013026375
   3.1552825e-07
    -0.013071176
   -0.0080927229
    0.0081062374
     0.013139450
   3.1552825e-07
    -0.013185037
   -0.0081633378
    0.0081770984
     0.013254506
   3.1552825e-07
    -0.013300899
   -0.0082351959
    0.0082492091
     0.013371594
   3.1552825e-07
    -0.013418816
   -0.0083083304
    0.0083226029
     0.013490770
   3.1552825e-07
    -0.013538842
   -0.0083827755
    0.0083973144
     0.013612089
   3.1552825e-07
    -0.013661034
   -0.0084585668
    0.0084733793
     0.013735609
   3.1552825e-07
    -0.013785453
   -0.0085357412
    0.0085508348
     0.013861393
   3.1552825e-07
    -0.013912158
   -0.0086143368
    0.0086297194
     0.013989501
   3.1552825e-07
    -0.014041214
   -0.0086943933
    0.0087100730
     0.014119999
   3.1552825e-07
    -0.014172687
   -0.0087759519
    0.0087919370
     0.014252955
   3.1552825e-07
    -0.014306646
   -0.0088590551
    0.0088753544
     0.014388438
   3.1552825e-07
    -0.014443160
   -0.0089437472
    0.0089603698
     0.014526522
   3.1552825e-07
    -0.014582305
   -0.0090300744
    0.0090470296
     0.014667282
   3.1552825e-07
    -0.014724158
   -0.0091180843
    0.0091353820
     0.014810796
   3.1552825e-07
    -0.014868797
   -0.0092078267
    0.0092254771
     0.014957147
   3.1552825e-07
    -0.015016305
   -0.0092993533
    0.0093173668
     0.015106419
   3.1552825e-07
    -0.015166770
   -0.0093927177
    0.0094111055
     0.015258700
   3.1552825e-07
    -0.015320281
   -0.0094879759
    0.0095067494
     0.015414083
   3.1552825e-07
    -0.015476931
   -0.0095851862
    0.0096043572
     0.015572664
   3.1552825e-07
    -0.015636818
   -0.0096844091
    0.0097039901
     0.015734540
   3.1552825e-07
    -0.015800043
   -0.0097857078
    0.0098057118
     0.015899818
   3.1552825e-07
    -0.015966711
   -0.0098891481
    0.0099095886
     0.016068605
   3.1552825e-07
    -0.016136933
   -0.0099947986
     0.010015690
     0.016241014
   3.1552825e-07
    -0.016310823
    -0.010102731
     0.010124087
     0.016417163
   3.1552825e-07
    -0.016488502
    -0.010213020
     0.010234857
     0.016597174
   3.1552825e-07
    -0.016670094
    -0.010325744
     0.010348077
     0.016781177
   3.1552825e-07
    -0.016855731
    -0.010440984
     0.010463830
     0.016969306
   3.1552825e-07
    -0.017045549
    -0.010558825
     0.010582202
     0.017161701
   3.1552825e-07
    -0.017239691
    -0.010679356
     0.010703283
     0.017358508
   3.1552825e-07
    -0.017438306
    -0.010802672
     0.010827167
     0.017559882
   3.1552825e-07
    -0.017641551
    -0.010928868
     0.010953951
     0.017765983
   3.1552825e-07
    -0.017849589
    -0.011058048
     0.011083741
     0.017976979
   3.1552825e-07
    -0.018062592
    -0.011190318
     0.011216642
     0.018193047
   3.1552825e-07
    -0.018280741
    -0.011325791
     0.011352770
     0.018414373
   3.1552825e-07
    -0.018504223
    -0.011464584
     0.011492242
     0.018641149
   3.1552825e-07
    -0.018733237
    -0.011606822
     0.011635183
     0.018873581
   3.1552825e-07
    -0.018967990
    -0.011752633
     0.011781725
     0.019111883
   3.1552825e-07
    -0.019208702
    -0.011902154
     0.011932006
     0.019356279
   3.1552825e-07
    -0.019455602
    -0.012055529
     0.012086169
     0.019607007
   3.1552825e-07
    -0.019708931
    -0.012212909
     0.012244369
     0.019864316
   3.1552825e-07
    -0.019968945
    -0.012374452
     0.012406764
     0.020128467
   3.1552825e-07
    -0.020235911
    -0.012540326
     0.012573525
     0.020399739
   3.1552825e-07
    -0.020510111
    -0.012710707
     0.012744830
     0.020678423
   3.1552825e-07
    -0.020791845
    -0.012885782
     0.012920867
     0.020964826
   3.1552825e-07
    -0.021081426
    -0.013065748
     0.013101835
     0.021259275
   3.1552825e-07
    -0.021379188
    -0.013250811
     0.013287944
     0.021562112
   3.1552825e-07
    -0.021685482
    -0.013441193
     0.013479417
     0.021873702
   3.1552825e-07
    -0.022000679
    -0.013637125
     0.013676488
     0.022194429
   3.1552825e-07
    -0.022325174
    -0.013838854
     0.013879407
     0.022524702
   3.1552825e-07
    -0.022659385
    -0.014046641
     0.014088438
     0.022864953
   3.1552825e-07
    -0.023003754
    -0.014260762
     0.014303862
     0.023215641
   3.1552825e-07
    -0.023358751
    -0.014481513
     0.014525975
     0.023577254
   3.1552825e-07
    -0.023724878
    -0.014709206
     0.014755096
     0.023950310
   3.1552825e-07
    -0.024102664
    -0.014944173
     0.014991560
     0.024335361
   3.1552825e-07
    -0.024492676
    -0.015186769
     0.015235726
     0.024732996
   3.1552825e-07
    -0.024895518
    -0.015437372
     0.015487977
     0.025143842
   3.1552825e-07
    -0.025311833
    -0.015696384
     0.015748722
     0.025568567
   3.1552825e-07
    -0.025742308
    -0.015964236
     0.016018396
     0.026007888
   3.1552825e-07
    -0.026187678
    -0.016241388
     0.016297467
     0.026462570
   3.1552825e-07
    -0.026648730
    -0.016528334
     0.016586434
     0.026933432
   3.1552825e-07
    -0.027126308
    -0.016825602
     0.016885832
     0.027421355
   3.1552825e-07
    -0.027621315
    -0.017133758
     0.017196238
     0.027927282
   3.1552825e-07
    -0.028134724
    -0.017453413
     0.017518270
     0.028452229
   3.1552825e-07
    -0.028667581
    -0.017785222
     0.017852593
     0.028997289
   3.1552825e-07
    -0.029221011
    -0.018129892
     0.018199925
     0.029563641
   3.1552825e-07
    -0.029796230
    -0.018488185
     0.018561040
     0.030152556
   3.1552825e-07
    -0.030394549
    -0.018860926
     0.018936774
     0.030765411
   3.1552825e-07
    -0.031017391
    -0.019249005
     0.019328035
     0.031403695
   3.1552825e-07
    -0.031666292
    -0.019653391
     0.019735805
     0.032069026
   3.1552825e-07
    -0.032342924
    -0.020075132
     0.020161151
     0.032763158
   3.1552825e-07
    -0.033049104
    -0.020515371
     0.020605235
     0.033488005
   3.1552825e-07
    -0.033786809
    -0.020975351
     0.021069323
     0.034245650
   3.1552825e-07
    -0.034558200
    -0.021456431
     0.021554797
     0.035038371
   3.1552825e-07
    -0.035365636
    -0.021960097
     0.022063171
     0.035868662
   3.1552825e-07
    -0.036211707
    -0.022487978
     0.022596104
     0.036739258
   3.1552825e-07
    -0.037099251
    -0.023041863
     0.023155419
     0.037653168
   3.1552825e-07
    -0.038031395
    -0.023623721
     0.023743127
     0.038613705
   3.1552825e-07
    -0.039011588
    -0.024235728
     0.024361444
     0.039624532
   3.1552825e-07
    -0.040043644
    -0.024880289
     0.025012826
     0.040689705
   3.1552825e-07
    -0.041131789
    -0.025560071
     0.025699999
     0.041813728
   3.1552825e-07
    -0.042280724
    -0.026278043
     0.026425995
     0.043001615
   3.1552825e-07
    -0.043495690
    -0.027037517
     0.027194200
     0.044258969
   3.1552825e-07
    -0.044782548
    -0.027842197
     0.028008405
     0.045592068
   3.1552825e-07
    -0.046147872
    -0.028696245
     0.028872870
     0.047007968
   3.1552825e-07
    -0.047599066
    -0.029604346
     0.029792396
     0.048514630
   3.1552825e-07
    -0.049144494
    -0.030571800
     0.030772418
     0.050121072
   3.1552825e-07
    -0.050793641
    -0.031604622
     0.031819107
     0.051837543
   3.1552825e-07
    -0.052557313
    -0.032709670
     0.032939507
     0.053675751
   3.1552825e-07
    -0.054447867
    -0.033894794
     0.034141688
     0.055649120
   3.1552825e-07
    -0.056479508
    -0.035169024
     0.035434944
     0.057773129
   3.1552825e-07
    -0.058668640
    -0.036542804
     0.036830030
     0.060065709
   3.1552825e-07
    -0.061034314
    -0.038028274
     0.038339468
     0.062547759
   3.1552825e-07
    -0.063598785
    -0.039639631
     0.039977918
     0.065243779
   3.1552825e-07
    -0.066388210
    -0.041393585
     0.041762658
     0.068182684
   3.1552825e-07
    -0.069433545
    -0.043309943
     0.043714196
     0.071398844
   3.1552825e-07
    -0.072771701
    -0.045412355
     0.045857061
     0.074933435
   3.1552825e-07
    -0.076447045
    -0.047729299
     0.048220840
     0.078836213
   3.1552825e-07
    -0.080513382
    -0.050295377
     0.050841552
     0.083167868
   3.1552825e-07
    -0.085036611
    -0.053153054
     0.053763495
     0.088003203
   3.1552825e-07
    -0.090098320
    -0.056355030
     0.057041773
     0.093435494
   3.1552825e-07
    -0.095800752
    -0.059967515
     0.060745800
     0.099582559
   3.1552825e-07
     -0.10227378
    -0.064074862
     0.064964277
      0.10659541
   3.1552825e-07
     -0.10968493
    -0.068786230
     0.069812376
      0.11467081
   3.1552825e-07
     -0.11825408
    -0.074245434
     0.075442427
      0.12407005
   3.1552825e-07
     -0.12827562
    -0.080645881
     0.082060206
      0.13514772
   3.1552825e-07
     -0.14015300
    -0.088253959
     0.089950635
      0.14839749
   3.1552825e-07
     -0.15445433
    -0.097447053
     0.099519879
      0.16452764
   3.1552825e-07
     -0.17200597
     -0.10877808
      0.11136751
      0.18459198
   3.1552825e-07
     -0.19405803
     -0.12309095
      0.12641721
      0.21022974
   3.1552825e-07
     -0.22259599
     -0.14174105
      0.14616994
      0.24413775
   3.1552825e-07
     -0.26097463
     -0.16705191
      0.17323850
      0.29108729
   3.1552825e-07
     -0.31534436
     -0.20336749
      0.21261094
      0.36039377
   3.1552825e-07
     -0.39832975
     -0.25985838
      0.27514364
      0.47301679
   3.1552825e-07
     -0.54059041
     -0.35980382
      0.38978694
      0.68802438
   3.1552825e-07
     -0.84091847
     -0.58468104
      0.66820636
       1.2613779
   3.1552825e-07
      -1.8920667
      -1.5591490
       2.3387229
       7.5682672
       10.000000
       7.5682672
       2.3387229
      -1.5591490
      -1.8920667
   3.1552825e-07
       1.2613779
      0.66820636
     -0.58468104
     -0.84091847
   3.1552825e-07
      0.68802438
      0.38978694
     -0.35980382
     -0.54059041
   3.1552825e-07
      0.47301679
      0.27514364
     -0.25985838
     -0.39832975
   3.1552825e-07
      0.36039377
      0.21261094
     -0.20336749
     -0.31534436
   3.1552825e-07
      0.29108729
      0.17323850
     -0.16705191
     -0.26097463
   3.1552825e-07
      0.24413775
      0.14616994
     -0.14174105
     -0.22259599
   3.1552825e-07
      0.21022974
      0.12641721
     -0.12309095
     -0.19405803
   3.1552825e-07
      0.18459198
      0.11136751
     -0.10877808
     -0.17200597
   3.1552825e-07
      0.16452764
     0.099519879
    -0.097447053
     -0.15445433
   3.1552825e-07
      0.14839749
     0.089950635
    -0.088253959
     -0.14015300
   3.1552825e-07
      0.13514772
     0.082060206
    -0.080645881
     -0.12827562
   3.1552825e-07
      0.12407005
     0.075442427
    -0.074245434
     -0.11825408
   3.1552825e-07
      0.11467081
     0.069812376
    -0.068786230
     -0.10968493
   3.1552825e-07
      0.10659541
     0.064964277
    -0.064074862
     -0.10227378
   3.1552825e-07
     0.099582559
     0.060745800
    -0.059967515
    -0.095800752
   3.1552825e-07
     0.093435494
     0.057041773
    -0.056355030
    -0.090098320
   3.1552825e-07
     0.088003203
     0.053763495
    -0.053153054
    -0.085036611
   3.1552825e-07
     0.083167868
     0.050841552
    -0.050295377
    -0.080513382
   3.1552825e-07
     0.078836213
     0.048220840
    -0.047729299
    -0.076447045
   3.1552825e-07
     0.074933435
     0.045857061
    -0.045412355
    -0.072771701
   3.1552825e-07
     0.071398844
     0.043714196
    -0.043309943
    -0.069433545
   3.1552825e-07
     0.068182684
     0.041762658
    -0.041393585
    -0.066388210
   3.1552825e-07
     0.065243779
     0.039977918
    -0.039639631
    -0.063598785
   3.1552825e-07
     0.062547759
     0.038339468
    -0.038028274
    -0.061034314
   3.1552825e-07
     0.060065709
     0.036830030
    -0.036542804
    -0.058668640
   3.1552825e-07
     0.057773129
     0.035434944
    -0.035169024
    -0.056479508
   3.1552825e-07
     0.055649120
     0.034141688
    -0.033894794
    -0.054447867
   3.1552825e-07
     0.053675751
     0.032939507
    -0.032709670
    -0.052557313
   3.1552825e-07
     0.051837543
     0.031819107
    -0.031604622
    -0.050793641
   3.1552825e-07
     0.050121072
     0.030772418
    -0.030571800
    -0.049144494
   3.1552825e-07
     0.048514630
     0.029792396
    -0.029604346
    -0.047599066
   3.1552825e-07
     0.047007968
     0.028872870
    -0.028696245
    -0.046147872
   3.1552825e-07
     0.045592068
     0.028008405
    -0.027842197
    -0.044782548
   3.1552825e-07
     0.044258969
     0.027194200
    -0.027037517
    -0.043495690
   3.1552825e-07
     0.043001615
     0.026425995
    -0.026278043
    -0.042280724
   3.1552825e-07
     0.041813728
     0.025699999
    -0.025560071
    -0.041131789
   3.1552825e-07
     0.040689705
     0.025012826
    -0.024880289
    -0.040043644
   3.1552825e-07
     0.039624532
     0.024361444
    -0.024235728
    -0.039011588
   3.1552825e-07
     0.038613705
     0.023743127
    -0.023623721
    -0.038031395
   3.1552825e-07
     0.037653168
     0.023155419
    -0.023041863
    -0.037099251
   3.1552825e-07
     0.036739258
     0.022596104
    -0.022487978
    -0.036211707
   3.1552825e-07
     0.035868662
     0.022063171
    -0.021960097
    -0.035365636
   3.1552825e-07
     0.035038371
     0.021554797
    -0.021456431
    -0.034558200
   3.1552825e-07
     0.034245650
     0.021069323
    -0.020975351
    -0.033786809
   3.1552825e-07
     0.033488005
     0.020605235
    -0.020515371
    -0.033049104
   3.1552825e-07
     0.032763158
     0.020161151
    -0.020075132
    -0.032342924
   3.1552825e-07
     0.032069026
     0.019735805
    -0.019653391
    -0.031666292
   3.1552825e-07
     0.031403695
     0.019328035
    -0.019249005
    -0.031017391
   3.1552825e-07
     0.030765411
     0.018936774
    -0.018860926
    -0.030394549
   3.1552825e-07
     0.030152556
     0.018561040
    -0.018488185
    -0.029796230
   3.1552825e-07
     0.029563641
     0.018199925
    -0.018129892
    -0.029221011
   3.1552825e-07
     0.028997289
     0.017852593
    -0.017785222
    -0.028667581
   3.1552825e-07
     0.028452229
     0.017518270
    -0.017453413
    -0.028134724
   3.1552825e-07
     0.027927282
     0.017196238
    -0.017133758
    -0.027621315
   3.1552825e-07
     0.027421355
     0.016885832
    -0.016825602
    -0.027126308
   3.1552825e-07
     0.026933432
     0.016586434
    -0.016528334
    -0.026648730
   3.1552825e-07
     0.026462570
     0.016297467
    -0.016241388
    -0.026187678
   3.1552825e-07
     0.026007888
     0.016018396
    -0.015964236
    -0.025742308
   3.1552825e-07
     0.025568567
     0.015748722
    -0.015696384
    -0.025311833
   3.1552825e-07
     0.025143842
     0.015487977
    -0.015437372
    -0.024895518
   3.1552825e-07
     0.024732996
     0.015235726
    -0.015186769
    -0.024492676
   3.1552825e-07
     0.024335361
     0.014991560
    -0.014944173
    -0.024102664
   3.1552825e-07
     0.023950310
     0.014755096
    -0.014709206
    -0.023724878
   3.1552825e-07
     0.023577254
     0.014525975
    -0.014481513
    -0.023358751
   3.1552825e-07
     0.023215641
     0.014303862
    -0.014260762
    -0.023003754
   3.1552825e-07
     0.022864953
     0.014088438
    -0.014046641
    -0.022659385
   3.1552825e-07
     0.022524702
     0.013879407
    -0.013838854
    -0.022325174
   3.1552825e-07
     0.022194429
     0.013676488
    -0.013637125
    -0.022000679
   3.1552825e-07
     0.021873702
     0.013479417
    -0.013441193
    -0.021685482
   3.1552825e-07
     0.021562112
     0.013287944
    -0.013250811
    -0.021379188
   3.1552825e-07
     0.021259275
     0.013101835
    -0.013065748
    -0.021081426
   3.1552825e-07
     0.020964826
     0.012920867
    -0.012885782
    -0.020791845
   3.1552825e-07
     0.020678423
     0.012744830
    -0.012710707
    -0.020510111
   3.1552825e-07
     0.020399739
     0.012573525
    -0.012540326
    -0.020235911
   3.1552825e-07
     0.020128467
     0.012406764
    -0.012374452
    -0.019968945
   3.1552825e-07
     0.019864316
     0.012244369
    -0.012212909
    -0.019708931
   3.1552825e-07
     0.019607007
     0.012086169
    -0.012055529
    -0.019455602
   3.1552825e-07
     0.019356279
     0.011932006
    -0.011902154
    -0.019208702
   3.1552825e-07
     0.019111883
     0.011781725
    -0.011752633
    -0.018967990
   3.1552825e-07
     0.018873581
     0.011635183
    -0.011606822
    -0.018733237
   3.1552825e-07
     0.018641149
     0.011492242
    -0.011464584
    -0.018504223
   3.1552825e-07
     0.018414373
     0.011352770
    -0.011325791
    -0.018280741
   3.1552825e-07
     0.018193047
     0.011216642
    -0.011190318
    -0.018062592
   3.1552825e-07
     0.017976979
     0.011083741
    -0.011058048
    -0.017849589
   3.1552825e-07
     0.017765983
     0.010953951
    -0.010928868
    -0.017641551
   3.1552825e-07
     0.017559882
     0.010827167
    -0.010802672
    -0.017438306
   3.1552825e-07
     0.017358508
     0.010703283
    -0.010679356
    -0.017239691
   3.1552825e-07
     0.017161701
     0.010582202
    -0.010558825
    -0.017045549
   3.1552825e-07
     0.016969306
     0.010463830
    -0.010440984
    -0.016855731
   3.1552825e-07
     0.016781177
     0.010348077
    -0.010325744
    -0.016670094
   3.1552825e-07
     0.016597174
     0.010234857
    -0.010213020
    -0.016488502
   3.1552825e-07
     0.016417163
     0.010124087
    -0.010102731
    -0.016310823
   3.1552825e-07
     0.016241014
     0.010015690
   -0.0099947986
    -0.016136933
   3.1552825e-07
     0.016068605
    0.0099095886
   -0.0098891481
    -0.015966711
   3.1552825e-07
     0.015899818
    0.0098057118
   -0.0097857078
    -0.015800043
   3.1552825e-07
     0.015734540
    0.0097039901
   -0.0096844091
    -0.015636818
   3.1552825e-07
     0.015572664
    0.0096043572
   -0.0095851862
    -0.015476931
   3.1552825e-07
     0.015414083
    0.0095067494
   -0.0094879759
    -0.015320281
   3.1552825e-07
     0.015258700
    0.0094111055
   -0.0093927177
    -0.015166770
   3.1552825e-07
     0.015106419
    0.0093173668
   -0.0092993533
    -0.015016305
   3.1552825e-07
     0.014957147
    0.0092254771
   -0.0092078267
    -0.014868797
   3.1552825e-07
     0.014810796
    0.0091353820
   -0.0091180843
    -0.014724158
   3.1552825e-07
     0.014667282
    0.0090470296
   -0.0090300744
    -0.014582305
   3.1552825e-07
     0.014526522
    0.0089603698
   -0.0089437472
    -0.014443160
   3.1552825e-07
     0.014388438
    0.0088753544
   -0.0088590551
    -0.014306646
   3.1552825e-07
     0.014252955
    0.0087919370
   -0.0087759519
    -0.014172687
   3.1552825e-07
     0.014119999
    0.0087100730
   -0.0086943933
    -0.014041214
   3.1552825e-07
     0.013989501
    0.0086297194
   -0.0086143368
    -0.013912158
   3.1552825e-07
     0.013861393
    0.0085508348
   -0.0085357412
    -0.013785453
   3.1552825e-07
     0.013735609
    0.0084733793
   -0.0084585668
    -0.013661034
   3.1552825e-07
     0.013612089
    0.0083973144
   -0.0083827755
    -0.013538842
   3.1552825e-07
     0.013490770
    0.0083226029
   -0.0083083304
    -0.013418816
   3.1552825e-07
     0.013371594
    0.0082492091
   -0.0082351959
    -0.013300899
   3.1552825e-07
     0.013254506
    0.0081770984
   -0.0081633378
    -0.013185037
   3.1552825e-07
     0.013139450
    0.0081062374
   -0.0080927229
    -0.013071176
   3.1552825e-07
     0.013026375
    0.0080365940
   -0.0080233192
    -0.012959264
   3.1552825e-07
     0.012915229
    0.0079681370
   -0.0079550959
    -0.012849252
   3.1552825e-07
     0.012805964
    0.0079008364
   -0.0078880230
    -0.012741093
   3.1552825e-07
     0.012698532
    0.0078346631
   -0.0078220718
    -0.012634739
   3.1552825e-07
     0.012592888
    0.0077695891
   -0.0077572143
    -0.012530146
   3.1552825e-07
     0.012488987
    0.0077055871
   -0.0076934235
    -0.012427270
   3.1552825e-07
     0.012386787
    0.0076426308
   -0.0076306734
    -0.012326070
   3.1552825e-07
     0.012286245
    0.0075806950
   -0.0075689386
    -0.012226505
   3.1552825e-07
     0.012187323
    0.0075197548
   -0.0075081947
    -0.012128536
   3.1552825e-07
     0.012089981
    0.0074597867
   -0.0074484181
    -0.012032124
   3.1552825e-07
     0.011994182
    0.0074007673
   -0.0073895859
    -0.011937232
   3.1552825e-07
     0.011899888
    0.0073426745
   -0.0073316758
    -0.011843826
   3.1552825e-07
     0.011807066
    0.0072854866
   -0.0072746663
    -0.011751870
   3.1552825e-07
     0.011715681
    0.0072291826
   -0.0072185366
    -0.011661331
   3.1552825e-07
     0.011625700
    0.0071737421
   -0.0071632664
    -0.011572176
   3.1552825e-07
     0.011537090
    0.0071191455
   -0.0071088363
    -0.011484375
   3.1552825e-07
     0.011449821
    0.0070653736
   -0.0070552270
    -0.011397895
   3.1552825e-07
     0.011363862
    0.0070124078
   -0.0070024204
    -0.011312708
   3.1552825e-07
     0.011279184
    0.0069602303
   -0.0069503983
    -0.011228785
   3.1552825e-07
     0.011195759
    0.0069088234
   -0.0068991436
    -0.011146098
   3.1552825e-07
     0.011113559
    0.0068581704
   -0.0068486393
    -0.011064620
   3.1552825e-07
     0.011032557
    0.0068082546
   -0.0067988691
    -0.010984325
   3.1552825e-07
     0.010952727
    0.0067590602
   -0.0067498170
    -0.010905186
   3.1552825e-07
     0.010874044
    0.0067105715
   -0.0067014677
    -0.010827180
   3.1552825e-07
     0.010796484
    0.0066627736
   -0.0066538062
    -0.010750282
   3.1552825e-07
     0.010720023
    0.0066156518
   -0.0066068178
    -0.010674468
   3.1552825e-07
     0.010644636
    0.0065691918
   -0.0065604885
    -0.010599716
   3.1552825e-07
     0.010570303
    0.0065233797
   -0.0065148044
    -0.010526004
   3.1552825e-07
     0.010497001
    0.0064782022
   -0.0064697522
    -0.010453310
   3.1552825e-07
     0.010424708
    0.0064336461
   -0.0064253188
    -0.010381613
   3.1552825e-07
     0.010353404
    0.0063896987
   -0.0063814917
    -0.010310893
   3.1552825e-07
     0.010283069
    0.0063463476
   -0.0063382584
    -0.010241130
   3.1552825e-07
     0.010213683
    0.0063035807
   -0.0062956069
    -0.010172304
   3.1552825e-07
     0.010145228
    0.0062613863
   -0.0062535257
    -0.010104398
   3.1552825e-07
     0.010077683
    0.0062197531
   -0.0062120033
    -0.010037392
   3.1552825e-07
     0.010011033
    0.0061786698
   -0.0061710287
   -0.0099712689
   3.1552825e-07
    0.0099452579
    0.0061381257
   -0.0061305912
   -0.0099060112
   3.1552825e-07
    0.0098803417
    0.0060981102
   -0.0060906801
   -0.0098416022
   3.1552825e-07
    0.0098162675
    0.0060586130
   -0.0060512854
   -0.0097780253
   3.1552825e-07
    0.0097530190
    0.0060196241
   -0.0060123970
   -0.0097152646
   3.1552825e-07
    0.0096905803
    0.0059811338
   -0.0059740053
   -0.0096533044
   3.1552825e-07
    0.0096289360
    0.0059431326
   -0.0059361008
   -0.0095921295
   3.1552825e-07
    0.0095680710
    0.0059056113
   -0.0058986743
   -0.0095317250
   3.1552825e-07
    0.0095079707
    0.0058685607
   -0.0058617168
   -0.0094720766
   3.1552825e-07
    0.0094486207
    0.0058319720
   -0.0058252195
   -0.0094131700
   3.1552825e-07
    0.0093900070
    0.0057958368
   -0.0057891739
   -0.0093549916
   3.1552825e-07
    0.0093321161
    0.0057601466
   -0.0057535717
   -0.0092975279
   3.1552825e-07
    0.0092749346
    0.0057248932
   -0.0057184048
   -0.0092407658
   3.1552825e-07
    0.0092184496
    0.0056900687
   -0.0056836651
   -0.0091846926
   3.1552825e-07
    0.0091626484
    0.0056556653
   -0.0056493450
   -0.0091292958
   3.1552825e-07
    0.0091075188
    0.0056216754
   -0.0056154369
   -0.0090745633
   3.1552825e-07
    0.0090530485
    0.0055880915
   -0.0055819334
   -0.0090204830
   3.1552825e-07
    0.0089992260
    0.0055549066
   -0.0055488274
   -0.0089670436
   3.1552825e-07
    0.0089460397
    0.0055221134
   -0.0055161117
   -0.0089142336
   3.1552825e-07
    0.0088934783
    0.0054897052
   -0.0054837796
   -0.0088620419
   3.1552825e-07
    0.0088415310
    0.0054576751
   -0.0054518244
   -0.0088104579
   3.1552825e-07
    0.0087901870
    0.0054260165
   -0.0054202394
   -0.0087594709
   3.1552825e-07
    0.0087394359
    0.0053947231
   -0.0053890183
   -0.0087090706
   3.1552825e-07
    0.0086892675
    0.0053637886
   -0.0053581548
   -0.0086592470
   3.1552825e-07
    0.0086396718
    0.0053332069
   -0.0053276428
   -0.0086099902
   3.1552825e-07
    0.0085906390
    0.0053029718
   -0.0052974764
   -0.0085612906
   3.1552825e-07
    0.0085421597
    0.0052730776
   -0.0052676497
   -0.0085131388
   3.1552825e-07
    0.0084942244
    0.0052435186
   -0.0052381570
   -0.0084655256
   3.1552825e-07
    0.0084468241
    0.0052142891
   -0.0052089928
   -0.0084184421
   3.1552825e-07
    0.0083999500
    0.0051853836
   -0.0051801515
   -0.0083718793
   3.1552825e-07
    0.0083535932
    0.0051567969
   -0.0051516278
   -0.0083258289
   3.1552825e-07
    0.0083077452
    0.0051285236
   -0.0051234166
   -0.0082802822
   3.1552825e-07
    0.0082623978
    0.0051005586
   -0.0050955127
   -0.0082352312
   3.1552825e-07
    0.0082175427
    0.0050728969
   -0.0050679110
   -0.0081906677
   3.1552825e-07
    0.0081731721
    0.0050455336
   -0.0050406069
   -0.0081465840
   3.1552825e-07
    0.0081292780
    0.0050184639
   -0.0050135953
   -0.0081029722
   3.1552825e-07
    0.0080858529
    0.0049916831
   -0.0049868718
   -0.0080598248
   3.1552825e-07
    0.0080428893
    0.0049651866
   -0.0049604316
   -0.0080171346
   3.1552825e-07
    0.0080003798
    0.0049389700
   -0.0049342703
   -0.0079748941
   3.1552825e-07
    0.0079583173
    0.0049130286
   -0.0049083836
   -0.0079330965
   3.1552825e-07
    0.0079166949
    0.0048873584
   -0.0048827670
   -0.0078917347
   3.1552825e-07
    0.0078755055
    0.0048619550
   -0.0048574165
   -0.0078508019
   3.1552825e-07
    0.0078347425
    0.0048368143
   -0.0048323279
   -0.0078102916
   3.1552825e-07
    0.0077943993
    0.0048119323
   -0.0048074971
   -0.0077701972
   3.1552825e-07
    0.0077544695
    0.0047873049
   -0.0047829202
   -0.0077305124
   3.1552825e-07
    0.0077149467
    0.0047629283
   -0.0047585933
   -0.0076912308
   3.1552825e-07
    0.0076758248
    0.0047387987
   -0.0047345126
   -0.0076523464
   3.1552825e-07
    0.0076370976
    0.0047149124
   -0.0047106745
   -0.0076138533
   3.1552825e-07
    0.0075987592
    0.0046912656
   -0.0046870752
   -0.0075757454
   3.1552825e-07
    0.0075608039
    0.0046678548
   -0.0046637112
   -0.0075380171
   3.1552825e-07
    0.0075232258
    0.0046446765
   -0.0046405790
   -0.0075006627
   3.1552825e-07
    0.0074860194
    0.0046217272
   -0.0046176751
   -0.0074636767
   3.1552825e-07
    0.0074491793
    0.0045990036
   -0.0045949962
   -0.0074270537
   3.1552825e-07
    0.0074126999
    0.0045765023
   -0.0045725390
   -0.0073907883
   3.1552825e-07
    0.0073765761
    0.0045542202
   -0.0045503003
   -0.0073548754
   3.1552825e-07
    0.0073408027
    0.0045321539
   -0.0045282768
   -0.0073193097
   3.1552825e-07
    0.0073053746
    0.0045103005
   -0.0045064656
   -0.0072840864
   3.1552825e-07
    0.0072702868
    0.0044886567
   -0.0044848634
   -0.0072492005
   3.1552825e-07
    0.0072355345
    0.0044672197
   -0.0044634674
   -0.0072146471
   3.1552825e-07
    0.0072011128
    0.0044459864
   -0.0044422745
   -0.0071804215
   3.1552825e-07
    0.0071670171
    0.0044249541
   -0.0044212820
   -0.0071465192
   3.1552825e-07
    0.0071332427
    0.0044041198
   -0.0044004870
   -0.0071129355
   3.1552825e-07
    0.0070997852
    0.0043834807
   -0.0043798866
   -0.0070796659
   3.1552825e-07
    0.0070666401
    0.0043630342
   -0.0043594783
   -0.0070467061
   3.1552825e-07
    0.0070338030
    0.0043427775
   -0.0043392592
   -0.0070140518
   3.1552825e-07
    0.0070012696
    0.0043227080
   -0.0043192269
   -0.0069816987
   3.1552825e-07
    0.0069690359
    0.0043028232
   -0.0042993787
   -0.0069496427
   3.1552825e-07
    0.0069370976
    0.0042831205
   -0.0042797121
   -0.0069178797
   3.1552825e-07
    0.0069054507
    0.0042635973
   -0.0042602246
   -0.0068864057
   3.1552825e-07
    0.0068740912
    0.0042442513
   -0.0042409137
   -0.0068552169
   3.1552825e-07
    0.0068430153
    0.0042250801
   -0.0042217772
   -0.0068243092
   3.1552825e-07
    0.0068122191
    0.0042060813
   -0.0042028126
   -0.0067936790
   3.1552825e-07
    0.0067816988
    0.0041872526
   -0.0041840176
   -0.0067633226
   3.1552825e-07
    0.0067514508
    0.0041685917
   -0.0041653900
   -0.0067332362
   3.1552825e-07
    0.0067214715
    0.0041500964
   -0.0041469275
   -0.0067034163
   3.1552825e-07
    0.0066917572
    0.0041317644
   -0.0041286280
   -0.0066738593
   3.1552825e-07
    0.0066623044
    0.0041135937
   -0.0041104893
   -0.0066445619
   3.1552825e-07
    0.0066331098
    0.0040955821
   -0.0040925092
   -0.0066155206
   3.1552825e-07
    0.0066041700
    0.0040777275
   -0.0040746858
   -0.0065867320
   3.1552825e-07
    0.0065754816
    0.0040600280
   -0.0040570170
   -0.0065581928
   3.1552825e-07
    0.0065470413
    0.0040424814
   -0.0040395008
   -0.0065299000
   3.1552825e-07
    0.0065188461
    0.0040250858
   -0.0040221351
   -0.0065018501
   3.1552825e-07
    0.0064908926
    0.0040078392
   -0.0040049182
   -0.0064740403
   3.1552825e-07
    0.0064631778
    0.0039907399
   -0.0039878480
   -0.0064464673
   3.1552825e-07
    0.0064356988
    0.0039737858
   -0.0039709227
   -0.0064191282
   3.1552825e-07
    0.0064084523
    0.0039569751
   -0.0039541405
   -0.0063920200
   3.1552825e-07
    0.0063814357
    0.0039403060
   -0.0039374996
   -0.0063651397
   3.1552825e-07
    0.0063546458
    0.0039237768
   -0.0039209982
   -0.0063384846
   3.1552825e-07
    0.0063280800
    0.0039073857
   -0.0039046345
   -0.0063120518
   3.1552825e-07
    0.0063017354
    0.0038911310
   -0.0038884068
   -0.0062858386
   3.1552825e-07
    0.0062756092
    0.0038750109
   -0.0038723134
   -0.0062598422
   3.1552825e-07
    0.0062496987
    0.0038590238
   -0.0038563528
   -0.0062340599
   3.1552825e-07
    0.0062240013
    0.0038431681
   -0.0038405232
   -0.0062084891
   3.1552825e-07
    0.0061985144
    0.0038274422
   -0.0038248230
   -0.0061831272
   3.1552825e-07
    0.0061732354
    0.0038118444
   -0.0038092506
   -0.0061579717
   3.1552825e-07
    0.0061481617
    0.0037963732
   -0.0037938046
   -0.0061330201
   3.1552825e-07
    0.0061232909
    0.0037810271
   -0.0037784833
   -0.0061082698
   3.1552825e-07
    0.0060986205
    0.0037658045
   -0.0037632853
   -0.0060837185
   3.1552825e-07
    0.0060741481
    0.0037507041
   -0.0037482090
   -0.0060593637
   3.1552825e-07
    0.0060498713
    0.0037357242
   -0.0037332531
   -0.0060352032
   3.1552825e-07
    0.0060257878
    0.0037208635
   -0.0037184161
   -0.0060112346
   3.1552825e-07
    0.0060018953
    0.0037061206
   -0.0037036965
   -0.0059874556
   3.1552825e-07
    0.0059781916
    0.0036914940
   -0.0036890930
   -0.0059638639
   3.1552825e-07
    0.0059546743
    0.0036769824
   -0.0036746043
   -0.0059404575
   3.1552825e-07
    0.0059313413
    0.0036625844
   -0.0036602289
   -0.0059172341
   3.1552825e-07
    0.0059081905
    0.0036482988
   -0.0036459655
   -0.0058941915
   3.1552825e-07
    0.0058852196
    0.0036341241
   -0.0036318129
   -0.0058713277
   3.1552825e-07
    0.0058624268
    0.0036200592
   -0.0036177698
   -0.0058486406
   3.1552825e-07
    0.0058398097
    0.0036061027
   -0.0036038348
   -0.0058261281
   3.1552825e-07
    0.0058173666
    0.0035922534
   -0.0035900068
   -0.0058037883
   3.1552825e-07
    0.0057950953
    0.0035785101
   -0.0035762845
   -0.0057816191
   3.1552825e-07
    0.0057729938
    0.0035648715
   -0.0035626668
   -0.0057596187
   3.1552825e-07
    0.0057510603
    0.0035513364
   -0.0035491523
   -0.0057377850
   3.1552825e-07
    0.0057292929
    0.0035379038
   -0.0035357400
   -0.0057161163
   3.1552825e-07
    0.0057076896
    0.0035245724
   -0.0035224287
   -0.0056946106
   3.1552825e-07
    0.0056862486
    0.0035113410
   -0.0035092172
   -0.0056732661
   3.1552825e-07
    0.0056649681
    0.0034982087
   -0.0034961045
   -0.0056520810
   3.1552825e-07
    0.0056438462
    0.0034851742
   -0.0034830894
   -0.0056310536
   3.1552825e-07
    0.0056228814
    0.0034722364
   -0.0034701709
   -0.0056101820
   3.1552825e-07
    0.0056020716
    0.0034593943
   -0.0034573479
   -0.0055894646
   3.1552825e-07
    0.0055814154
    0.0034466469
   -0.0034446192
   -0.0055688996
   3.1552825e-07
    0.0055609109
    0.0034339931
   -0.0034319840
   -0.0055484854
   3.1552825e-07
    0.0055405566
    0.0034214318
   -0.0034194411
   -0.0055282203
   3.1552825e-07
    0.0055203507
    0.0034089621
   -0.0034069896
   -0.0055081027
   3.1552825e-07
    0.0055002916
    0.0033965830
   -0.0033946285
   -0.0054881310
   3.1552825e-07
    0.0054803778
    0.0033842934
   -0.0033823567
   -0.0054683036
   3.1552825e-07
    0.0054606077
    0.0033720924
   -0.0033701733
   -0.0054486189
   3.1552825e-07
    0.0054409796
    0.0033599791
   -0.0033580774
   -0.0054290754
   3.1552825e-07
    0.0054214922
    0.0033479525
   -0.0033460681
   -0.0054096717
   3.1552825e-07
    0.0054021439
    0.0033360117
   -0.0033341443
   -0.0053904061
   3.1552825e-07
    0.0053829333
    0.0033241557
   -0.0033223052
   -0.0053712773
   3.1552825e-07
    0.0053638587
    0.0033123837
   -0.0033105499
   -0.0053522837
   3.1552825e-07
    0.0053449189
    0.0033006948
   -0.0032988775
   -0.0053334240
   3.1552825e-07
    0.0053261123
    0.0032890881
   -0.0032872871
   -0.0053146968
   3.1552825e-07
    0.0053074377
    0.0032775627
   -0.0032757779
   -0.0052961006
   3.1552825e-07
    0.0052888935
    0.0032661178
   -0.0032643490
   -0.0052776341
   3.1552825e-07
    0.0052704785
    0.0032547526
   -0.0032529996
   -0.0052592959
   3.1552825e-07
    0.0052521912
    0.0032434661
   -0.0032417288
   -0.0052410847
   3.1552825e-07
    0.0052340305
    0.0032322577
   -0.0032305358
   -0.0052229992
   3.1552825e-07
    0.0052159949
    0.0032211265
   -0.0032194199
   -0.0052050380
   3.1552825e-07
    0.0051980831
    0.0032100716
   -0.0032083803
   -0.0051872000
   3.1552825e-07
    0.0051802940
    0.0031990924
   -0.0031974161
   -0.0051694838
   3.1552825e-07
    0.0051626262
    0.0031881880
   -0.0031865266
   -0.0051518882
   3.1552825e-07
    0.0051450785
    0.0031773577
   -0.0031757110
   -0.0051344120
   3.1552825e-07
    0.0051276497
    0.0031666007
   -0.0031649686
   -0.0051170540
   3.1552825e-07
    0.0051103386
    0.0031559163
   -0.0031542986
   -0.0050998129
   3.1552825e-07
    0.0050931440
    0.0031453038
   -0.0031437003
   -0.0050826876
   3.1552825e-07
    0.0050760647
    0.0031347623
   -0.0031331731
   -0.0050656770
   3.1552825e-07
    0.0050590996
    0.0031242913
   -0.0031227161
   -0.0050487798
   3.1552825e-07
