   2.2966126e-07
   -0.0042946966
   -0.0050523187
   -0.0016428898
    0.0031264494
    0.0053229076
    0.0031310066
   -0.0016468539
   -0.0050724941
   -0.0043180106
  -2.2966127e-07
    0.0043235403
    0.0050862720
    0.0016539367
   -0.0031474900
   -0.0053587521
   -0.0031521038
    0.0016579603
    0.0051067219
    0.0043471657
   2.2966126e-07
   -0.0043527741
   -0.0051206847
   -0.0016651331
    0.0031688157
    0.0053950827
    0.0031734872
   -0.0016692174
   -0.0051414148
   -0.0043767172
  -2.2966126e-07
    0.0043824059
    0.0051555662
    0.0016764822
   -0.0031904324
   -0.0054319092
   -0.0031951628
    0.0016806285
    0.0051765823
    0.0044066733
   2.2966127e-07
   -0.0044124438
   -0.0051909263
   -0.0016879871
    0.0032123460
    0.0054692419
    0.0032171365
   -0.0016921966
   -0.0052122342
   -0.0044370423
  -2.2966126e-07
    0.0044428964
    0.0052267747
    0.0016996511
   -0.0032345627
   -0.0055070913
   -0.0032394145
    0.0017039251
    0.0052483805
    0.0044678328
   2.2966126e-07
   -0.0044737722
   -0.0052631218
   -0.0017114773
    0.0032570888
    0.0055454682
    0.0032620033
   -0.0017158172
   -0.0052850317
   -0.0044990536
  -2.2966127e-07
    0.0045050802
    0.0052999779
    0.0017234693
   -0.0032799308
   -0.0055843838
   -0.0032849093
    0.0017278765
    0.0053221984
    0.0045307138
   2.2966126e-07
   -0.0045368294
   -0.0053373538
   -0.0017356306
    0.0033030955
    0.0056238494
    0.0033081393
   -0.0017401064
   -0.0053598915
   -0.0045628228
  -2.2966126e-07
    0.0045690293
    0.0053752606
    0.0017479647
   -0.0033265897
   -0.0056638768
   -0.0033317002
    0.0017525108
    0.0053981224
    0.0045953902
   2.2966127e-07
   -0.0046016895
   -0.0054137098
   -0.0017604754
    0.0033504204
    0.0057044781
    0.0033555992
   -0.0017650932
   -0.0054369025
   -0.0046284258
  -2.2966126e-07
    0.0046348200
    0.0054527130
    0.0017731665
   -0.0033745951
   -0.0057456657
   -0.0033798435
    0.0017778575
    0.0054762438
    0.0046619398
   2.2966126e-07
   -0.0046684310
   -0.0054922822
   -0.0017860420
    0.0033991211
    0.0057874523
    0.0034044407
   -0.0017908078
   -0.0055161587
   -0.0046959428
  -2.2966127e-07
    0.0047025330
    0.0055324299
    0.0017991058
   -0.0034240062
   -0.0058298512
   -0.0034293986
    0.0018039482
    0.0055566596
    0.0047304454
   2.2966126e-07
   -0.0047371369
   -0.0055731690
   -0.0018123621
    0.0034492584
    0.0058728760
    0.0034547252
   -0.0018172827
   -0.0055977597
   -0.0047654588
  -2.2966126e-07
    0.0047722538
    0.0056145124
    0.0018258153
   -0.0034748857
   -0.0059165405
   -0.0034804286
    0.0018308159
    0.0056394723
    0.0048009944
   2.2966127e-07
   -0.0048078953
   -0.0056564739
   -0.0018394698
    0.0035008967
    0.0059608591
    0.0035065173
   -0.0018445520
   -0.0056818112
   -0.0048370640
  -2.2966126e-07
    0.0048440731
    0.0056990673
    0.0018533300
   -0.0035273001
   -0.0060058467
   -0.0035330002
    0.0018584959
    0.0057247907
    0.0048736797
   2.2966126e-07
   -0.0048807994
   -0.0057423070
   -0.0018674007
    0.0035541047
    0.0060515186
    0.0035598862
   -0.0018726521
   -0.0057684253
   -0.0049108539
  -2.2966127e-07
    0.0049180869
    0.0057862079
    0.0018816867
   -0.0035813198
   -0.0060978904
   -0.0035871845
    0.0018870257
    0.0058127302
    0.0049485996
   2.2966126e-07
   -0.0049559485
   -0.0058307852
   -0.0018961930
    0.0036089549
    0.0061449783
    0.0036149047
   -0.0019016215
   -0.0058577209
   -0.0049869301
  -2.2966126e-07
    0.0049943976
    0.0058760547
    0.0019109247
   -0.0036370197
   -0.0061927992
   -0.0036430567
    0.0019164449
    0.0059034135
    0.0050258590
   2.2966127e-07
   -0.0050334479
   -0.0059220327
   -0.0019258872
    0.0036655245
    0.0062413701
    0.0036716507
   -0.0019315012
   -0.0059498245
   -0.0050654005
  -2.2966126e-07
    0.0050731136
    0.0059687359
    0.0019410859
   -0.0036944795
   -0.0062907090
   -0.0037006971
    0.0019467959
    0.0059969711
    0.0051055692
   2.2966126e-07
   -0.0051134095
   -0.0060161815
   -0.0019565263
    0.0037238956
    0.0063408342
    0.0037302068
   -0.0019623347
   -0.0060448708
   -0.0051463800
  -2.2966127e-07
    0.0051543506
    0.0060643875
    0.0019722144
   -0.0037537839
   -0.0063917646
   -0.0037601909
    0.0019781235
    0.0060935418
    0.0051878485
   2.2966126e-07
   -0.0051959526
   -0.0061133723
   -0.0019881562
    0.0037841559
    0.0064435198
    0.0037906609
   -0.0019941685
   -0.0061430030
   -0.0052299908
  -2.2966126e-07
    0.0052382316
    0.0061631549
    0.0020043578
   -0.0038150232
   -0.0064961199
   -0.0038216288
    0.0020104758
    0.0061932736
    0.0052728234
   2.2966127e-07
   -0.0052812042
   -0.0062137549
   -0.0020208257
    0.0038463983
    0.0065495859
    0.0038531070
   -0.0020270520
   -0.0062443738
   -0.0053163633
  -2.2966126e-07
    0.0053248878
    0.0062651927
    0.0020375664
   -0.0038782937
   -0.0066039394
   -0.0038851080
    0.0020439038
    0.0062963243
    0.0053606283
   2.2966126e-07
   -0.0053693000
   -0.0063174892
   -0.0020545869
    0.0039107225
    0.0066592025
    0.0039176450
   -0.0020610381
   -0.0063491464
   -0.0054056367
  -2.2966127e-07
    0.0054144592
    0.0063706661
    0.0020718941
   -0.0039436981
   -0.0067153983
   -0.0039507316
    0.0020784621
    0.0064028623
    0.0054514072
   2.2966126e-07
   -0.0054603845
   -0.0064247459
   -0.0020894954
    0.0039772345
    0.0067725506
    0.0039843820
   -0.0020961831
   -0.0064574948
   -0.0054979595
  -2.2966126e-07
    0.0055070955
    0.0064797517
    0.0021073984
   -0.0040113462
   -0.0068306841
   -0.0040186104
    0.0021142090
    0.0065130676
    0.0055453137
   2.2966127e-07
   -0.0055546126
   -0.0065357075
   -0.0021256108
    0.0040460480
    0.0068898242
    0.0040534321
   -0.0021325474
   -0.0065696053
   -0.0055934908
  -2.2966126e-07
    0.0056029568
    0.0065926381
    0.0021441409
   -0.0040813555
   -0.0069499973
   -0.0040888626
    0.0021512068
    0.0066271331
    0.0056425123
   2.2966126e-07
   -0.0056521499
   -0.0066505693
   -0.0021629968
    0.0041172845
    0.0070112308
    0.0041249180
   -0.0021701956
   -0.0066856773
   -0.0056924007
  -2.2966127e-07
    0.0057022144
    0.0067095276
    0.0021821874
   -0.0041538518
   -0.0070735528
   -0.0041616149
    0.0021895225
    0.0067452651
    0.0057431792
   2.2966126e-07
   -0.0057531738
   -0.0067695406
   -0.0022017216
    0.0041910743
    0.0071369928
    0.0041989706
   -0.0022091967
   -0.0068059246
   -0.0057948717
  -2.2966126e-07
    0.0058050521
    0.0068306369
    0.0022216087
   -0.0042289700
   -0.0072015809
   -0.0042370031
    0.0022292277
    0.0068676850
    0.0058475033
   2.2966127e-07
   -0.0058578746
   -0.0068928461
   -0.0022418584
    0.0042675572
    0.0072673488
    0.0042757309
   -0.0022496252
   -0.0069305765
   -0.0059010997
  -2.2966126e-07
    0.0059116671
    0.0069561988
    0.0022624806
   -0.0043068550
   -0.0073343290
   -0.0043151731
    0.0022703993
    0.0069946306
    0.0059556877
   2.2966127e-07
   -0.0059664568
   -0.0070207269
   -0.0022834859
    0.0043468832
    0.0074025553
    0.0043553499
   -0.0022915607
   -0.0070598797
   -0.0060112951
  -2.2966126e-07
    0.0060222715
    0.0070864634
    0.0023048848
   -0.0043876625
   -0.0074720628
   -0.0043962819
    0.0023131203
    0.0071263575
    0.0060679507
   2.2966126e-07
   -0.0060791403
   -0.0071534425
   -0.0023266887
    0.0044292141
    0.0075428881
    0.0044379906
   -0.0023350893
   -0.0071940993
   -0.0061256845
  -2.2966127e-07
    0.0061370933
    0.0072216999
    0.0023489090
   -0.0044715602
   -0.0076150688
   -0.0044804983
    0.0023574796
    0.0072631412
    0.0061845274
   2.2966126e-07
   -0.0061961619
   -0.0072912724
   -0.0023715579
    0.0045147237
    0.0076886444
    0.0045238282
   -0.0023803034
   -0.0073335212
   -0.0062445118
  -2.2966126e-07
    0.0062563786
    0.0073621985
    0.0023946479
   -0.0045587287
   -0.0077636555
   -0.0045680044
    0.0024035734
    0.0074052784
    0.0063056712
   2.2966127e-07
   -0.0063177772
   -0.0074345180
   -0.0024181919
    0.0046035999
    0.0078401448
    0.0046130520
   -0.0024273028
   -0.0074784538
   -0.0063680405
  -2.2966126e-07
    0.0063803928
    0.0075082724
    0.0024422036
   -0.0046493632
   -0.0079181561
   -0.0046589968
    0.0024515054
    0.0075530898
    0.0064316560
   2.2966126e-07
   -0.0064442619
   -0.0075835049
   -0.0024666969
    0.0046960454
    0.0079977356
    0.0047058662
   -0.0024761955
   -0.0076292305
   -0.0064965553
  -2.2966127e-07
    0.0065094226
    0.0076602603
    0.0024916865
   -0.0047436745
   -0.0080789309
   -0.0047536881
    0.0025013879
    0.0077069220
    0.0065627777
   2.2966127e-07
   -0.0065759146
   -0.0077385854
   -0.0025171878
    0.0047922797
    0.0081617917
    0.0048024920
   -0.0025270982
   -0.0077862120
   -0.0066303641
  -2.2966127e-07
    0.0066437788
    0.0078185287
    0.0025432164
   -0.0048418911
   -0.0082463699
   -0.0048523085
    0.0025533424
    0.0078671505
    0.0066993572
   2.2966127e-07
   -0.0067130584
   -0.0079001410
   -0.0025697890
    0.0048925404
    0.0083327193
    0.0049031693
   -0.0025801373
   -0.0079497894
   -0.0067698011
  -2.2966126e-07
    0.0067837981
    0.0079834751
    0.0025969228
   -0.0049442606
   -0.0084208962
   -0.0049551077
    0.0026075006
    0.0080341828
    0.0068417423
   2.2966126e-07
   -0.0068560445
   -0.0080685860
   -0.0026246358
    0.0049970859
    0.0085109593
    0.0050081583
   -0.0026354504
   -0.0081203873
   -0.0069152290
  -2.2966127e-07
    0.0069298462
    0.0081555312
    0.0026529466
   -0.0050510521
   -0.0086029697
   -0.0050623571
    0.0026640059
    0.0082084616
    0.0069903114
   2.2966127e-07
   -0.0070052540
   -0.0082443706
   -0.0026818750
    0.0051061966
    0.0086969912
    0.0051177419
   -0.0026931869
   -0.0082984675
   -0.0070670422
  -2.2966126e-07
    0.0070823210
    0.0083351669
    0.0027114412
   -0.0051625584
   -0.0087930905
   -0.0051743520
    0.0027230142
    0.0083904690
    0.0071454763
   2.2966127e-07
   -0.0071611025
   -0.0084279853
   -0.0027416666
    0.0052201784
    0.0088913374
    0.0052322286
   -0.0027535095
   -0.0084845334
   -0.0072256709
  -2.2966126e-07
    0.0072416564
    0.0085228942
    0.0027725736
   -0.0052790989
   -0.0089918044
   -0.0052914146
    0.0027846956
    0.0085807307
    0.0073076861
   2.2966127e-07
   -0.0073240431
   -0.0086199651
   -0.0028041854
    0.0053393648
    0.0090945679
    0.0053519550
   -0.0028165961
   -0.0086791344
   -0.0073915845
  -2.2966127e-07
    0.0074083259
    0.0087192727
    0.0028365264
   -0.0054010224
   -0.0091997074
   -0.0054138968
    0.0028492359
    0.0087798212
    0.0074774317
   2.2966126e-07
   -0.0074945711
   -0.0088208951
   -0.0028696222
    0.0054641206
    0.0093073064
    0.0054772892
   -0.0028826409
   -0.0088828716
   -0.0075652966
  -2.2966126e-07
    0.0075828479
    0.0089249142
    0.0029034995
   -0.0055287105
   -0.0094174520
   -0.0055421838
    0.0029168386
    0.0089883697
    0.0076552509
   2.2966127e-07
   -0.0076732291
   -0.0090314159
   -0.0029381862
    0.0055948456
    0.0095302358
    0.0056086346
   -0.0029518573
   -0.0090964039
   -0.0077473703
  -2.2966127e-07
    0.0077657908
    0.0091404901
    0.0029737118
   -0.0056625821
   -0.0096457539
   -0.0056766983
    0.0029877269
    0.0092070666
    0.0078417337
   2.2966126e-07
   -0.0078606129
   -0.0092522312
   -0.0030101071
    0.0057319788
    0.0097641067
    0.0057464343
   -0.0030244790
   -0.0093204550
   -0.0079384241
  -2.2966127e-07
    0.0079577791
    0.0093667381
    0.0030474043
   -0.0058030974
   -0.0098853999
   -0.0058179051
    0.0030621465
    0.0094366710
    0.0080375289
   2.2966126e-07
   -0.0080573775
   -0.0094841149
   -0.0030856375
    0.0058760030
     0.010009745
    0.0058911761
   -0.0031007640
   -0.0095558218
   -0.0081391394
  -2.2966127e-07
    0.0081595006
    0.0096044708
    0.0031248424
   -0.0059507637
    -0.010137257
   -0.0059663163
    0.0031403678
    0.0096780199
    0.0082433520
   2.2966127e-07
   -0.0082642456
   -0.0097279207
   -0.0031650563
    0.0060274512
     0.010268061
    0.0060433981
   -0.0031809964
   -0.0098033838
   -0.0083502679
  -2.2966126e-07
    0.0083717148
    0.0098545854
    0.0032063189
   -0.0061061409
    -0.010402284
   -0.0061224977
    0.0032226899
    0.0099320381
    0.0084599937
   2.2966127e-07
   -0.0084820159
   -0.0099845922
   -0.0032486716
    0.0061869125
     0.010540062
    0.0062036955
   -0.0032654908
    -0.010064114
   -0.0085726417
  -2.2966126e-07
    0.0085952622
     0.010118075
    0.0032921582
   -0.0062698494
    -0.010681540
   -0.0062870760
    0.0033094438
     0.010199750
    0.0086883300
   2.2966126e-07
   -0.0087115734
    -0.010255175
   -0.0033368250
    0.0063550401
     0.010826867
    0.0063727284
   -0.0033545961
    -0.010339092
   -0.0088071836
  -2.2966127e-07
    0.0088310756
     0.010396042
    0.0033827205
   -0.0064425777
    -0.010976203
   -0.0064607470
    0.0034009974
     0.010482293
    0.0089293340
   2.2966126e-07
   -0.0089539019
    -0.010540833
   -0.0034298963
    0.0065325604
     0.011129716
    0.0065512310
   -0.0034487003
    -0.010629518
   -0.0090549205
  -2.2966126e-07
    0.0090801929
     0.010689714
    0.0034784066
   -0.0066250922
    -0.011287584
   -0.0066442856
    0.0034977603
     0.010780936
    0.0091840901
   2.2966127e-07
   -0.0092100975
    -0.010842860
   -0.0035283089
    0.0067202830
     0.011449996
    0.0067400219
   -0.0035482362
    -0.010936731
   -0.0093169982
  -2.2966126e-07
    0.0093437729
     0.011000459
    0.0035796639
   -0.0068182490
    -0.011617149
   -0.0068385576
    0.0036001901
     0.011097095
    0.0094538097
   2.2966126e-07
   -0.0094813856
    -0.011162707
   -0.0036325361
    0.0069191134
     0.011789255
    0.0069400171
   -0.0036536880
    -0.011262231
   -0.0095946991
  -2.2966127e-07
    0.0096231124
     0.011329812
    0.0036869936
   -0.0070230068
    -0.011966537
   -0.0070445326
    0.0037087997
     0.011432357
    0.0097398513
   2.2966126e-07
   -0.0097691404
    -0.011501997
   -0.0037431089
    0.0071300677
     0.012149232
    0.0071522443
   -0.0037655994
    -0.011607701
   -0.0098894630
  -2.2966126e-07
    0.0099196686
     0.011679495
    0.0038009588
   -0.0072404431
    -0.012337592
   -0.0072633012
    0.0038241658
     0.011788507
     0.010043743
   2.2966127e-07
    -0.010074908
    -0.011862559
   -0.0038606251
    0.0073542895
     0.012531885
    0.0073778613
   -0.0038845826
    -0.011975035
    -0.010202912
  -2.2966126e-07
     0.010235084
     0.012051452
    0.0039221946
   -0.0074717731
    -0.012732395
   -0.0074960933
    0.0039469389
     0.012167561
     0.010367208
   2.2966126e-07
    -0.010400434
    -0.012246458
   -0.0039857598
    0.0075930712
     0.012939426
    0.0076181765
   -0.0040113298
    -0.012366378
    -0.010536882
  -2.2966127e-07
     0.010571216
     0.012447879
    0.0040514195
   -0.0077183724
    -0.013153301
   -0.0077443022
    0.0040778563
     0.012571801
     0.010712202
   2.2966126e-07
    -0.010747699
    -0.012656036
   -0.0041192788
    0.0078478784
     0.013374365
    0.0078746745
   -0.0041466265
    -0.012784164
    -0.010893456
  -2.2966126e-07
     0.010930175
     0.012871273
    0.0041894502
   -0.0079818045
    -0.013602986
   -0.0080095116
    0.0042177559
     0.013003824
     0.011080948
   2.2966127e-07
    -0.011118954
    -0.013093959
   -0.0042620538
    0.0081203807
     0.013839560
    0.0081490469
   -0.0042913680
    -0.013231165
    -0.011275008
  -2.2966126e-07
     0.011314369
     0.013324485
    0.0043372185
   -0.0082638536
    -0.014084508
   -0.0082935303
    0.0043675951
     0.013466596
     0.011475986
   2.2966126e-07
    -0.011516775
    -0.013563274
   -0.0044150820
    0.0084124874
     0.014338283
    0.0084432296
   -0.0044465791
    -0.013710558
    -0.011684259
  -2.2966127e-07
     0.011726554
     0.013810777
    0.0044957925
   -0.0085665656
    -0.014601371
   -0.0085984327
    0.0045284723
     0.013963521
     0.011900232
   2.2966127e-07
    -0.011944118
    -0.014067482
   -0.0045795090
    0.0087263931
     0.014874293
    0.0087594485
   -0.0046134383
    -0.014225995
    -0.012124339
  -2.2966126e-07
     0.012169908
     0.014333910
    0.0046664026
   -0.0088922976
    -0.015157613
   -0.0089266100
    0.0047016535
     0.014498525
     0.012357050
   2.2966126e-07
    -0.012404398
    -0.014610625
   -0.0047566576
    0.0090646326
     0.015451936
    0.0091002759
   -0.0047933080
    -0.014781701
    -0.012598868
  -2.2966127e-07
     0.012648102
     0.014898235
    0.0048504729
   -0.0092437792
    -0.015757915
   -0.0092808332
    0.0048886067
     0.015076158
     0.012850340
   2.2966126e-07
    -0.012901573
    -0.015197394
   -0.0049480636
    0.0094301495
     0.016076256
    0.0094687006
   -0.0049877715
    -0.015382586
    -0.013112055
  -2.2966127e-07
     0.013165412
     0.015508815
    0.0050496620
   -0.0096241893
    -0.016407726
   -0.0096643310
    0.0050910425
     0.015701728
     0.013384652
   2.2966127e-07
    -0.013440267
    -0.015833266
   -0.0051555204
    0.0098263820
     0.016753151
    0.0098682159
   -0.0051986802
    -0.016034393
    -0.013668824
  -2.2966126e-07
     0.013726843
     0.016171582
    0.0052659123
    -0.010037253
    -0.017113434
    -0.010080889
    0.0053109674
     0.016381459
     0.013965325
   2.2966127e-07
    -0.014025905
    -0.016524672
   -0.0053811354
     0.010257372
     0.017489554
     0.010302931
   -0.0054282121
    -0.016743883
    -0.014274974
  -2.2966127e-07
     0.014338289
     0.016893524
    0.0055015138
    -0.010487362
    -0.017882577
    -0.010534975
    0.0055507501
     0.017122705
     0.014598667
   2.2966127e-07
    -0.014664905
    -0.017279220
   -0.0056274016
     0.010727902
     0.018293671
     0.010777712
   -0.0056789480
    -0.017519066
    -0.014937380
  -2.2966126e-07
     0.015006747
     0.017682938
    0.0057591857
    -0.010979735
    -0.018724110
    -0.011031899
    0.0058132072
     0.017934211
     0.015292184
   2.2966127e-07
    -0.015364907
    -0.018105973
   -0.0058972905
     0.011243675
     0.019175294
     0.011298365
   -0.0059539681
    -0.018369509
    -0.015664253
  -2.2966126e-07
     0.015740580
     0.018549745
    0.0060421817
    -0.011520618
    -0.019648758
    -0.011578023
    0.0061017147
     0.018826464
     0.016054879
   2.2966126e-07
    -0.016135084
    -0.019015817
   -0.0061943722
     0.011811547
     0.020146195
     0.011871877
   -0.0062569802
    -0.019306733
    -0.016465487
  -2.2966127e-07
     0.016549871
     0.019505914
    0.0063544278
    -0.012117551
    -0.020669473
    -0.012181036
    0.0064203535
     0.019812147
     0.016897648
   2.2966127e-07
    -0.016986547
    -0.020021942
   -0.0065229745
     0.012439831
     0.021220658
     0.012506727
   -0.0065924868
    -0.020344733
    -0.017353107
  -2.2966126e-07
     0.017446891
     0.020566014
    0.0067007063
    -0.012779722
    -0.021802046
    -0.012850313
    0.0067741040
     0.020906744
     0.017833798
   2.2966126e-07
    -0.017932880
    -0.021140482
   -0.0068883950
     0.013138708
     0.022416189
     0.013213311
   -0.0069660112
    -0.021500688
    -0.018341880
  -2.2966127e-07
     0.018446720
     0.021747965
    0.0070869015
    -0.013518445
    -0.023065933
    -0.013597413
    0.0071691082
     0.022129365
     0.018879761
   2.2966126e-07
    -0.018990875
    -0.022391394
   -0.0072971889
     0.013920785
     0.023754468
     0.014004516
   -0.0073844033
    -0.022795914
    -0.019450143
  -2.2966126e-07
     0.019568110
     0.023074056
    0.0075203378
    -0.014347809
    -0.024485375
    -0.014436748
    0.0076130294
     0.023503864
     0.020056062
   2.2966127e-07
    -0.020181534
    -0.023799653
   -0.0077575655
     0.014801859
     0.025262689
     0.014896512
   -0.0078562641
    -0.024257195
    -0.020700947
  -2.2966126e-07
     0.020834663
     0.024572367
    0.0080102479
    -0.015285586
    -0.026090974
    -0.015386522
    0.0081155540
     0.025060416
     0.021388682
   2.2966126e-07
    -0.021531479
    -0.025396940
   -0.0082799458
     0.015801998
     0.026975413
     0.015909867
   -0.0083925428
    -0.025918652
    -0.022123683
  -2.2966127e-07
     0.022276517
     0.026278776
    0.0085684381
    -0.016354522
    -0.027921919
    -0.016470067
    0.0086891068
     0.026837756
     0.022910998
   2.2966126e-07
    -0.023074964
    -0.027224053
   -0.0088777601
     0.016947083
     0.028937262
     0.017071158
   -0.0090073971
    -0.027824440
    -0.023756417
  -2.2966127e-07
     0.023932774
     0.028239873
    0.0092102523
    -0.017584199
    -0.030029234
    -0.017717785
    0.0093498920
     0.028886445
     0.024666620
   2.2966126e-07
    -0.024856824
    -0.029334439
   -0.0095686194
     0.018271089
     0.031206851
     0.018415329
   -0.0097194616
    -0.030032735
    -0.025649348
  -2.2966126e-07
     0.025855096
     0.030517277
    0.0099560040
    -0.019013824
    -0.032480600
    -0.019170048
     0.010119448
     0.031273760
     0.026713631
   2.2966127e-07
    -0.026936905
    -0.031799512
    -0.010376079
     0.019819502
     0.033862753
     0.019989273
    -0.010553769
    -0.032621770
    -0.027870059
  -2.2966127e-07
     0.028113195
     0.033194225
     0.010833166
    -0.020696479
    -0.035367764
    -0.020881642
     0.011027042
     0.034091222
     0.029131142
   2.2966127e-07
    -0.029396908
    -0.034716892
    -0.011332380
     0.021654658
     0.037012776
     0.021857411
    -0.011544754
    -0.035699302
    -0.030511758
  -2.2966127e-07
     0.030803466
     0.036385970
     0.011879827
    -0.022705864
    -0.038818278
    -0.022928844
     0.012113471
     0.037466598
     0.032029749
   2.2966126e-07
    -0.032351385
    -0.038223642
    -0.012482853
     0.023864336
     0.040808959
     0.024110734
    -0.012741124
    -0.039417987
    -0.033706693
  -2.2966127e-07
     0.034063106
     0.040256811
     0.013150374
    -0.025147375
    -0.043014848
    -0.025421090
     0.013437372
     0.041583814
     0.035568933
   2.2966126e-07
    -0.035966080
    -0.042518425
    -0.013893320
     0.026576214
     0.045472840
     0.026882061
    -0.014214111
    -0.044001482
    -0.037648980
  -2.2966126e-07
     0.038094259
     0.045049280
     0.014725243
    -0.028177201
    -0.048228769
    -0.028521200
     0.015086156
     0.046717627
     0.039987418
   2.2966127e-07
    -0.040490132
    -0.047900495
    -0.015663142
     0.029983444
     0.051340303
     0.030373214
    -0.016072194
    -0.049791160
    -0.042635582
  -2.2966126e-07
     0.043207600
     0.051137011
     0.016728647
    -0.032037118
    -0.054881013
    -0.032482452
     0.017196138
     0.053297584
     0.045659373
   2.2966126e-07
    -0.046316070
    -0.054842586
    -0.017949700
     0.034392802
     0.058946274
     0.034906501
    -0.018489098
    -0.057335286
    -0.049144811
  -2.2966126e-07
     0.049906474
     0.059127157
     0.019363046
    -0.037122404
    -0.063661975
    -0.037721527
     0.019992294
     0.062034905
     0.053206354
   2.2966127e-07
    -0.054100306
    -0.064137928
    -0.021017988
     0.040322627
     0.069197799
     0.041030416
    -0.021761543
    -0.067573742
    -0.057999707
  -2.2966127e-07
     0.059063649
     0.070076618
     0.022982266
    -0.044126666
    -0.075788066
    -0.044975631
     0.023874335
     0.074198626
     0.063742239
   2.2966126e-07
    -0.065029688
    -0.077227286
    -0.025351549
     0.048723213
     0.083765757
     0.049760253
    -0.026441492
    -0.082263702
    -0.070746866
  -2.2966126e-07
     0.072336410
     0.086003106
     0.028265495
    -0.054388725
    -0.093620552
    -0.055684070
     0.029627240
     0.092295869
     0.079481030
   2.2966127e-07
    -0.081492935
    -0.097029136
    -0.031936310
     0.061545160
      0.10610329
     0.063208919
    -0.033685796
     -0.10511475
    -0.090675522
  -2.2966126e-07
     0.093303525
      0.11129812
     0.036702891
    -0.070870213
     -0.12242688
    -0.073085284
     0.039032782
      0.12206875
      0.10554034
   2.2966127e-07
     -0.10911770
     -0.13048743
    -0.043141956
     0.083525641
      0.14468631
     0.086619562
    -0.046397499
     -0.14554353
     -0.12623450
  -2.2966126e-07
      0.13138665
      0.15767230
     0.052321049
     -0.10168343
     -0.17683882
     -0.10630578
     0.057187666
      0.18019676
      0.15702337
   2.2966127e-07
     -0.16507557
     -0.19916499
    -0.066461814
      0.12992888
      0.22736420
      0.13757214
    -0.074517328
     -0.23650828
     -0.20767602
  -2.2966127e-07
      0.22199823
      0.27029532
     0.091077220
     -0.17990159
     -0.31830988
     -0.19489378
      0.10691626
      0.34401207
      0.30656930
   2.2966127e-07
     -0.33883947
     -0.42045935
     -0.14465193
      0.29234021
      0.53051646
      0.33410349
     -0.18915971
     -0.63068885
     -0.58526854
  -2.2966127e-07
      0.71532792
      0.94603346
      0.35129722
     -0.77957420
      -1.5915494
      -1.1693618
      0.81969279
       3.7841335
       6.4379526
       7.5000000
       6.4379526
       3.7841335
      0.81969279
      -1.1693618
      -1.5915494
     -0.77957420
      0.35129722
      0.94603346
      0.71532792
  -2.2966127e-07
     -0.58526854
     -0.63068885
     -0.18915971
      0.33410349
      0.53051646
      0.29234021
     -0.14465193
     -0.42045935
     -0.33883947
   2.2966127e-07
      0.30656930
      0.34401207
      0.10691626
     -0.19489378
     -0.31830988
     -0.17990159
     0.091077220
      0.27029532
      0.22199823
  -2.2966127e-07
     -0.20767602
     -0.23650828
    -0.074517328
      0.13757214
      0.22736420
      0.12992888
    -0.066461814
     -0.19916499
     -0.16507557
   2.2966127e-07
      0.15702337
      0.18019676
     0.057187666
     -0.10630578
     -0.17683882
     -0.10168343
     0.052321049
      0.15767230
      0.13138665
  -2.2966126e-07
     -0.12623450
     -0.14554353
    -0.046397499
     0.086619562
      0.14468631
     0.083525641
    -0.043141956
     -0.13048743
     -0.10911770
   2.2966127e-07
      0.10554034
      0.12206875
     0.039032782
    -0.073085284
     -0.12242688
    -0.070870213
     0.036702891
      0.11129812
     0.093303525
  -2.2966126e-07
    -0.090675522
     -0.10511475
    -0.033685796
     0.063208919
      0.10610329
     0.061545160
    -0.031936310
    -0.097029136
    -0.081492935
   2.2966127e-07
     0.079481030
     0.092295869
     0.029627240
    -0.055684070
    -0.093620552
    -0.054388725
     0.028265495
     0.086003106
     0.072336410
  -2.2966126e-07
    -0.070746866
    -0.082263702
    -0.026441492
     0.049760253
     0.083765757
     0.048723213
    -0.025351549
    -0.077227286
    -0.065029688
   2.2966126e-07
     0.063742239
     0.074198626
     0.023874335
    -0.044975631
    -0.075788066
    -0.044126666
     0.022982266
     0.070076618
     0.059063649
  -2.2966127e-07
    -0.057999707
    -0.067573742
    -0.021761543
     0.041030416
     0.069197799
     0.040322627
    -0.021017988
    -0.064137928
    -0.054100306
   2.2966127e-07
     0.053206354
     0.062034905
     0.019992294
    -0.037721527
    -0.063661975
    -0.037122404
     0.019363046
     0.059127157
     0.049906474
  -2.2966126e-07
    -0.049144811
    -0.057335286
    -0.018489098
     0.034906501
     0.058946274
     0.034392802
    -0.017949700
    -0.054842586
    -0.046316070
   2.2966126e-07
     0.045659373
     0.053297584
     0.017196138
    -0.032482452
    -0.054881013
    -0.032037118
     0.016728647
     0.051137011
     0.043207600
  -2.2966126e-07
    -0.042635582
    -0.049791160
    -0.016072194
     0.030373214
     0.051340303
     0.029983444
    -0.015663142
    -0.047900495
    -0.040490132
   2.2966127e-07
     0.039987418
     0.046717627
     0.015086156
    -0.028521200
    -0.048228769
    -0.028177201
     0.014725243
     0.045049280
     0.038094259
  -2.2966126e-07
    -0.037648980
    -0.044001482
    -0.014214111
     0.026882061
     0.045472840
     0.026576214
    -0.013893320
    -0.042518425
    -0.035966080
   2.2966126e-07
     0.035568933
     0.041583814
     0.013437372
    -0.025421090
    -0.043014848
    -0.025147375
     0.013150374
     0.040256811
     0.034063106
  -2.2966127e-07
    -0.033706693
    -0.039417987
    -0.012741124
     0.024110734
     0.040808959
     0.023864336
    -0.012482853
    -0.038223642
    -0.032351385
   2.2966126e-07
     0.032029749
     0.037466598
     0.012113471
    -0.022928844
    -0.038818278
    -0.022705864
     0.011879827
     0.036385970
     0.030803466
  -2.2966127e-07
    -0.030511758
    -0.035699302
    -0.011544754
     0.021857411
     0.037012776
     0.021654658
    -0.011332380
    -0.034716892
    -0.029396908
   2.2966127e-07
     0.029131142
     0.034091222
     0.011027042
    -0.020881642
    -0.035367764
    -0.020696479
     0.010833166
     0.033194225
     0.028113195
  -2.2966127e-07
    -0.027870059
    -0.032621770
    -0.010553769
     0.019989273
     0.033862753
     0.019819502
    -0.010376079
    -0.031799512
    -0.026936905
   2.2966127e-07
     0.026713631
     0.031273760
     0.010119448
    -0.019170048
    -0.032480600
    -0.019013824
    0.0099560040
     0.030517277
     0.025855096
  -2.2966126e-07
    -0.025649348
    -0.030032735
   -0.0097194616
     0.018415329
     0.031206851
     0.018271089
   -0.0095686194
    -0.029334439
    -0.024856824
   2.2966126e-07
     0.024666620
     0.028886445
    0.0093498920
    -0.017717785
    -0.030029234
    -0.017584199
    0.0092102523
     0.028239873
     0.023932774
  -2.2966127e-07
    -0.023756417
    -0.027824440
   -0.0090073971
     0.017071158
     0.028937262
     0.016947083
   -0.0088777601
    -0.027224053
    -0.023074964
   2.2966126e-07
     0.022910998
     0.026837756
    0.0086891068
    -0.016470067
    -0.027921919
    -0.016354522
    0.0085684381
     0.026278776
     0.022276517
  -2.2966127e-07
    -0.022123683
    -0.025918652
   -0.0083925428
     0.015909867
     0.026975413
     0.015801998
   -0.0082799458
    -0.025396940
    -0.021531479
   2.2966126e-07
     0.021388682
     0.025060416
    0.0081155540
    -0.015386522
    -0.026090974
    -0.015285586
    0.0080102479
     0.024572367
     0.020834663
  -2.2966126e-07
    -0.020700947
    -0.024257195
   -0.0078562641
     0.014896512
     0.025262689
     0.014801859
   -0.0077575655
    -0.023799653
    -0.020181534
   2.2966127e-07
     0.020056062
     0.023503864
    0.0076130294
    -0.014436748
    -0.024485375
    -0.014347809
    0.0075203378
     0.023074056
     0.019568110
  -2.2966126e-07
    -0.019450143
    -0.022795914
   -0.0073844033
     0.014004516
     0.023754468
     0.013920785
   -0.0072971889
    -0.022391394
    -0.018990875
   2.2966126e-07
     0.018879761
     0.022129365
    0.0071691082
    -0.013597413
    -0.023065933
    -0.013518445
    0.0070869015
     0.021747965
     0.018446720
  -2.2966127e-07
    -0.018341880
    -0.021500688
   -0.0069660112
     0.013213311
     0.022416189
     0.013138708
   -0.0068883950
    -0.021140482
    -0.017932880
   2.2966126e-07
     0.017833798
     0.020906744
    0.0067741040
    -0.012850313
    -0.021802046
    -0.012779722
    0.0067007063
     0.020566014
     0.017446891
  -2.2966126e-07
    -0.017353107
    -0.020344733
   -0.0065924868
     0.012506727
     0.021220658
     0.012439831
   -0.0065229745
    -0.020021942
    -0.016986547
   2.2966127e-07
     0.016897648
     0.019812147
    0.0064203535
    -0.012181036
    -0.020669473
    -0.012117551
    0.0063544278
     0.019505914
     0.016549871
  -2.2966127e-07
    -0.016465487
    -0.019306733
   -0.0062569802
     0.011871877
     0.020146195
     0.011811547
   -0.0061943722
    -0.019015817
    -0.016135084
   2.2966126e-07
     0.016054879
     0.018826464
    0.0061017147
    -0.011578023
    -0.019648758
    -0.011520618
    0.0060421817
     0.018549745
     0.015740580
  -2.2966126e-07
    -0.015664253
    -0.018369509
   -0.0059539681
     0.011298365
     0.019175294
     0.011243675
   -0.0058972905
    -0.018105973
    -0.015364907
   2.2966127e-07
     0.015292184
     0.017934211
    0.0058132072
    -0.011031899
    -0.018724110
    -0.010979735
    0.0057591857
     0.017682938
     0.015006747
  -2.2966126e-07
    -0.014937380
    -0.017519066
   -0.0056789480
     0.010777712
     0.018293671
     0.010727902
   -0.0056274016
    -0.017279220
    -0.014664905
   2.2966127e-07
     0.014598667
     0.017122705
    0.0055507501
    -0.010534975
    -0.017882577
    -0.010487362
    0.0055015138
     0.016893524
     0.014338289
  -2.2966127e-07
    -0.014274974
    -0.016743883
   -0.0054282121
     0.010302931
     0.017489554
     0.010257372
   -0.0053811354
    -0.016524672
    -0.014025905
   2.2966127e-07
     0.013965325
     0.016381459
    0.0053109674
    -0.010080889
    -0.017113434
    -0.010037253
    0.0052659123
     0.016171582
     0.013726843
  -2.2966126e-07
    -0.013668824
    -0.016034393
   -0.0051986802
    0.0098682159
     0.016753151
    0.0098263820
   -0.0051555204
    -0.015833266
    -0.013440267
   2.2966127e-07
     0.013384652
     0.015701728
    0.0050910425
   -0.0096643310
    -0.016407726
   -0.0096241893
    0.0050496620
     0.015508815
     0.013165412
  -2.2966127e-07
    -0.013112055
    -0.015382586
   -0.0049877715
    0.0094687006
     0.016076256
    0.0094301495
   -0.0049480636
    -0.015197394
    -0.012901573
   2.2966126e-07
     0.012850340
     0.015076158
    0.0048886067
   -0.0092808332
    -0.015757915
   -0.0092437792
    0.0048504729
     0.014898235
     0.012648102
  -2.2966127e-07
    -0.012598868
    -0.014781701
   -0.0047933080
    0.0091002759
     0.015451936
    0.0090646326
   -0.0047566576
    -0.014610625
    -0.012404398
   2.2966126e-07
     0.012357050
     0.014498525
    0.0047016535
   -0.0089266100
    -0.015157613
   -0.0088922976
    0.0046664026
     0.014333910
     0.012169908
  -2.2966126e-07
    -0.012124339
    -0.014225995
   -0.0046134383
    0.0087594485
     0.014874293
    0.0087263931
   -0.0045795090
    -0.014067482
    -0.011944118
   2.2966127e-07
     0.011900232
     0.013963521
    0.0045284723
   -0.0085984327
    -0.014601371
   -0.0085665656
    0.0044957925
     0.013810777
     0.011726554
  -2.2966127e-07
    -0.011684259
    -0.013710558
   -0.0044465791
    0.0084432296
     0.014338283
    0.0084124874
   -0.0044150820
    -0.013563274
    -0.011516775
   2.2966126e-07
     0.011475986
     0.013466596
    0.0043675951
   -0.0082935303
    -0.014084508
   -0.0082638536
    0.0043372185
     0.013324485
     0.011314369
  -2.2966126e-07
    -0.011275008
    -0.013231165
   -0.0042913680
    0.0081490469
     0.013839560
    0.0081203807
   -0.0042620538
    -0.013093959
    -0.011118954
   2.2966127e-07
     0.011080948
     0.013003824
    0.0042177559
   -0.0080095116
    -0.013602986
   -0.0079818045
    0.0041894502
     0.012871273
     0.010930175
  -2.2966126e-07
    -0.010893456
    -0.012784164
   -0.0041466265
    0.0078746745
     0.013374365
    0.0078478784
   -0.0041192788
    -0.012656036
    -0.010747699
   2.2966126e-07
     0.010712202
     0.012571801
    0.0040778563
   -0.0077443022
    -0.013153301
   -0.0077183724
    0.0040514195
     0.012447879
     0.010571216
  -2.2966127e-07
    -0.010536882
    -0.012366378
   -0.0040113298
    0.0076181765
     0.012939426
    0.0075930712
   -0.0039857598
    -0.012246458
    -0.010400434
   2.2966126e-07
     0.010367208
     0.012167561
    0.0039469389
   -0.0074960933
    -0.012732395
   -0.0074717731
    0.0039221946
     0.012051452
     0.010235084
  -2.2966126e-07
    -0.010202912
    -0.011975035
   -0.0038845826
    0.0073778613
     0.012531885
    0.0073542895
   -0.0038606251
    -0.011862559
    -0.010074908
   2.2966127e-07
     0.010043743
     0.011788507
    0.0038241658
   -0.0072633012
    -0.012337592
   -0.0072404431
    0.0038009588
     0.011679495
    0.0099196686
  -2.2966126e-07
   -0.0098894630
    -0.011607701
   -0.0037655994
    0.0071522443
     0.012149232
    0.0071300677
   -0.0037431089
    -0.011501997
   -0.0097691404
   2.2966126e-07
    0.0097398513
     0.011432357
    0.0037087997
   -0.0070445326
    -0.011966537
   -0.0070230068
    0.0036869936
     0.011329812
    0.0096231124
  -2.2966127e-07
   -0.0095946991
    -0.011262231
   -0.0036536880
    0.0069400171
     0.011789255
    0.0069191134
   -0.0036325361
    -0.011162707
   -0.0094813856
   2.2966126e-07
    0.0094538097
     0.011097095
    0.0036001901
   -0.0068385576
    -0.011617149
   -0.0068182490
    0.0035796639
     0.011000459
    0.0093437729
  -2.2966126e-07
   -0.0093169982
    -0.010936731
   -0.0035482362
    0.0067400219
     0.011449996
    0.0067202830
   -0.0035283089
    -0.010842860
   -0.0092100975
   2.2966127e-07
    0.0091840901
     0.010780936
    0.0034977603
   -0.0066442856
    -0.011287584
   -0.0066250922
    0.0034784066
     0.010689714
    0.0090801929
  -2.2966126e-07
   -0.0090549205
    -0.010629518
   -0.0034487003
    0.0065512310
     0.011129716
    0.0065325604
   -0.0034298963
    -0.010540833
   -0.0089539019
   2.2966126e-07
    0.0089293340
     0.010482293
    0.0034009974
   -0.0064607470
    -0.010976203
   -0.0064425777
    0.0033827205
     0.010396042
    0.0088310756
  -2.2966127e-07
   -0.0088071836
    -0.010339092
   -0.0033545961
    0.0063727284
     0.010826867
    0.0063550401
   -0.0033368250
    -0.010255175
   -0.0087115734
   2.2966126e-07
    0.0086883300
     0.010199750
    0.0033094438
   -0.0062870760
    -0.010681540
   -0.0062698494
    0.0032921582
     0.010118075
    0.0085952622
  -2.2966126e-07
   -0.0085726417
    -0.010064114
   -0.0032654908
    0.0062036955
     0.010540062
    0.0061869125
   -0.0032486716
   -0.0099845922
   -0.0084820159
   2.2966127e-07
    0.0084599937
    0.0099320381
    0.0032226899
   -0.0061224977
    -0.010402284
   -0.0061061409
    0.0032063189
    0.0098545854
    0.0083717148
  -2.2966126e-07
   -0.0083502679
   -0.0098033838
   -0.0031809964
    0.0060433981
     0.010268061
    0.0060274512
   -0.0031650563
   -0.0097279207
   -0.0082642456
   2.2966127e-07
    0.0082433520
    0.0096780199
    0.0031403678
   -0.0059663163
    -0.010137257
   -0.0059507637
    0.0031248424
    0.0096044708
    0.0081595006
  -2.2966127e-07
   -0.0081391394
   -0.0095558218
   -0.0031007640
    0.0058911761
     0.010009745
    0.0058760030
   -0.0030856375
   -0.0094841149
   -0.0080573775
   2.2966126e-07
    0.0080375289
    0.0094366710
    0.0030621465
   -0.0058179051
   -0.0098853999
   -0.0058030974
    0.0030474043
    0.0093667381
    0.0079577791
  -2.2966127e-07
   -0.0079384241
   -0.0093204550
   -0.0030244790
    0.0057464343
    0.0097641067
    0.0057319788
   -0.0030101071
   -0.0092522312
   -0.0078606129
   2.2966126e-07
    0.0078417337
    0.0092070666
    0.0029877269
   -0.0056766983
   -0.0096457539
   -0.0056625821
    0.0029737118
    0.0091404901
    0.0077657908
  -2.2966127e-07
   -0.0077473703
   -0.0090964039
   -0.0029518573
    0.0056086346
    0.0095302358
    0.0055948456
   -0.0029381862
   -0.0090314159
   -0.0076732291
   2.2966127e-07
    0.0076552509
    0.0089883697
    0.0029168386
   -0.0055421838
   -0.0094174520
   -0.0055287105
    0.0029034995
    0.0089249142
    0.0075828479
  -2.2966126e-07
   -0.0075652966
   -0.0088828716
   -0.0028826409
    0.0054772892
    0.0093073064
    0.0054641206
   -0.0028696222
   -0.0088208951
   -0.0074945711
   2.2966126e-07
    0.0074774317
    0.0087798212
    0.0028492359
   -0.0054138968
   -0.0091997074
   -0.0054010224
    0.0028365264
    0.0087192727
    0.0074083259
  -2.2966127e-07
   -0.0073915845
   -0.0086791344
   -0.0028165961
    0.0053519550
    0.0090945679
    0.0053393648
   -0.0028041854
   -0.0086199651
   -0.0073240431
   2.2966127e-07
    0.0073076861
    0.0085807307
    0.0027846956
   -0.0052914146
   -0.0089918044
   -0.0052790989
    0.0027725736
    0.0085228942
    0.0072416564
  -2.2966126e-07
   -0.0072256709
   -0.0084845334
   -0.0027535095
    0.0052322286
    0.0088913374
    0.0052201784
   -0.0027416666
   -0.0084279853
   -0.0071611025
   2.2966127e-07
    0.0071454763
    0.0083904690
    0.0027230142
   -0.0051743520
   -0.0087930905
   -0.0051625584
    0.0027114412
    0.0083351669
    0.0070823210
  -2.2966126e-07
   -0.0070670422
   -0.0082984675
   -0.0026931869
    0.0051177419
    0.0086969912
    0.0051061966
   -0.0026818750
   -0.0082443706
   -0.0070052540
   2.2966127e-07
    0.0069903114
    0.0082084616
    0.0026640059
   -0.0050623571
   -0.0086029697
   -0.0050510521
    0.0026529466
    0.0081555312
    0.0069298462
  -2.2966127e-07
   -0.0069152290
   -0.0081203873
   -0.0026354504
    0.0050081583
    0.0085109593
    0.0049970859
   -0.0026246358
   -0.0080685860
   -0.0068560445
   2.2966126e-07
    0.0068417423
    0.0080341828
    0.0026075006
   -0.0049551077
   -0.0084208962
   -0.0049442606
    0.0025969228
    0.0079834751
    0.0067837981
  -2.2966126e-07
   -0.0067698011
   -0.0079497894
   -0.0025801373
    0.0049031693
    0.0083327193
    0.0048925404
   -0.0025697890
   -0.0079001410
   -0.0067130584
   2.2966127e-07
    0.0066993572
    0.0078671505
    0.0025533424
   -0.0048523085
   -0.0082463699
   -0.0048418911
    0.0025432164
    0.0078185287
    0.0066437788
  -2.2966127e-07
   -0.0066303641
   -0.0077862120
   -0.0025270982
    0.0048024920
    0.0081617917
    0.0047922797
   -0.0025171878
   -0.0077385854
   -0.0065759146
   2.2966127e-07
    0.0065627777
    0.0077069220
    0.0025013879
   -0.0047536881
   -0.0080789309
   -0.0047436745
    0.0024916865
    0.0076602603
    0.0065094226
  -2.2966127e-07
   -0.0064965553
   -0.0076292305
   -0.0024761955
    0.0047058662
    0.0079977356
    0.0046960454
   -0.0024666969
   -0.0075835049
   -0.0064442619
   2.2966126e-07
    0.0064316560
    0.0075530898
    0.0024515054
   -0.0046589968
   -0.0079181561
   -0.0046493632
    0.0024422036
    0.0075082724
    0.0063803928
  -2.2966126e-07
   -0.0063680405
   -0.0074784538
   -0.0024273028
    0.0046130520
    0.0078401448
    0.0046035999
   -0.0024181919
   -0.0074345180
   -0.0063177772
   2.2966127e-07
    0.0063056712
    0.0074052784
    0.0024035734
   -0.0045680044
   -0.0077636555
   -0.0045587287
    0.0023946479
    0.0073621985
    0.0062563786
  -2.2966126e-07
   -0.0062445118
   -0.0073335212
   -0.0023803034
    0.0045238282
    0.0076886444
    0.0045147237
   -0.0023715579
   -0.0072912724
   -0.0061961619
   2.2966126e-07
    0.0061845274
    0.0072631412
    0.0023574796
   -0.0044804983
   -0.0076150688
   -0.0044715602
    0.0023489090
    0.0072216999
    0.0061370933
  -2.2966127e-07
   -0.0061256845
   -0.0071940993
   -0.0023350893
    0.0044379906
    0.0075428881
    0.0044292141
   -0.0023266887
   -0.0071534425
   -0.0060791403
   2.2966126e-07
    0.0060679507
    0.0071263575
    0.0023131203
   -0.0043962819
   -0.0074720628
   -0.0043876625
    0.0023048848
    0.0070864634
    0.0060222715
  -2.2966126e-07
   -0.0060112951
   -0.0070598797
   -0.0022915607
    0.0043553499
    0.0074025553
    0.0043468832
   -0.0022834859
   -0.0070207269
   -0.0059664568
   2.2966127e-07
    0.0059556877
    0.0069946306
    0.0022703993
   -0.0043151731
   -0.0073343290
   -0.0043068550
    0.0022624806
    0.0069561988
    0.0059116671
  -2.2966126e-07
   -0.0059010997
   -0.0069305765
   -0.0022496252
    0.0042757309
    0.0072673488
    0.0042675572
   -0.0022418584
   -0.0068928461
   -0.0058578746
   2.2966127e-07
    0.0058475033
    0.0068676850
    0.0022292277
   -0.0042370031
   -0.0072015809
   -0.0042289700
    0.0022216087
    0.0068306369
    0.0058050521
  -2.2966126e-07
   -0.0057948717
   -0.0068059246
   -0.0022091967
    0.0041989706
    0.0071369928
    0.0041910743
   -0.0022017216
   -0.0067695406
   -0.0057531738
   2.2966126e-07
    0.0057431792
    0.0067452651
    0.0021895225
   -0.0041616149
   -0.0070735528
   -0.0041538518
    0.0021821874
    0.0067095276
    0.0057022144
  -2.2966127e-07
   -0.0056924007
   -0.0066856773
   -0.0021701956
    0.0041249180
    0.0070112308
    0.0041172845
   -0.0021629968
   -0.0066505693
   -0.0056521499
   2.2966126e-07
    0.0056425123
    0.0066271331
    0.0021512068
   -0.0040888626
   -0.0069499973
   -0.0040813555
    0.0021441409
    0.0065926381
    0.0056029568
  -2.2966126e-07
   -0.0055934908
   -0.0065696053
   -0.0021325474
    0.0040534321
    0.0068898242
    0.0040460480
   -0.0021256108
   -0.0065357075
   -0.0055546126
   2.2966127e-07
    0.0055453137
    0.0065130676
    0.0021142090
   -0.0040186104
   -0.0068306841
   -0.0040113462
    0.0021073984
    0.0064797517
    0.0055070955
  -2.2966126e-07
   -0.0054979595
   -0.0064574948
   -0.0020961831
    0.0039843820
    0.0067725506
    0.0039772345
   -0.0020894954
   -0.0064247459
   -0.0054603845
   2.2966126e-07
    0.0054514072
    0.0064028623
    0.0020784621
   -0.0039507316
   -0.0067153983
   -0.0039436981
    0.0020718941
    0.0063706661
    0.0054144592
  -2.2966127e-07
   -0.0054056367
   -0.0063491464
   -0.0020610381
    0.0039176450
    0.0066592025
    0.0039107225
   -0.0020545869
   -0.0063174892
   -0.0053693000
   2.2966126e-07
    0.0053606283
    0.0062963243
    0.0020439038
   -0.0038851080
   -0.0066039394
   -0.0038782937
    0.0020375664
    0.0062651927
    0.0053248878
  -2.2966126e-07
   -0.0053163633
   -0.0062443738
   -0.0020270520
    0.0038531070
    0.0065495859
    0.0038463983
   -0.0020208257
   -0.0062137549
   -0.0052812042
   2.2966127e-07
    0.0052728234
    0.0061932736
    0.0020104758
   -0.0038216288
   -0.0064961199
   -0.0038150232
    0.0020043578
    0.0061631549
    0.0052382316
  -2.2966126e-07
   -0.0052299908
   -0.0061430030
   -0.0019941685
    0.0037906609
    0.0064435198
    0.0037841559
   -0.0019881562
   -0.0061133723
   -0.0051959526
   2.2966126e-07
    0.0051878485
    0.0060935418
    0.0019781235
   -0.0037601909
   -0.0063917646
   -0.0037537839
    0.0019722144
    0.0060643875
    0.0051543506
  -2.2966127e-07
   -0.0051463800
   -0.0060448708
   -0.0019623347
    0.0037302068
    0.0063408342
    0.0037238956
   -0.0019565263
   -0.0060161815
   -0.0051134095
   2.2966126e-07
    0.0051055692
    0.0059969711
    0.0019467959
   -0.0037006971
   -0.0062907090
   -0.0036944795
    0.0019410859
    0.0059687359
    0.0050731136
  -2.2966126e-07
   -0.0050654005
   -0.0059498245
   -0.0019315012
    0.0036716507
    0.0062413701
    0.0036655245
   -0.0019258872
   -0.0059220327
   -0.0050334479
   2.2966127e-07
    0.0050258590
    0.0059034135
    0.0019164449
   -0.0036430567
   -0.0061927992
   -0.0036370197
    0.0019109247
    0.0058760547
    0.0049943976
  -2.2966126e-07
   -0.0049869301
   -0.0058577209
   -0.0019016215
    0.0036149047
    0.0061449783
    0.0036089549
   -0.0018961930
   -0.0058307852
   -0.0049559485
   2.2966126e-07
    0.0049485996
    0.0058127302
    0.0018870257
   -0.0035871845
   -0.0060978904
   -0.0035813198
    0.0018816867
    0.0057862079
    0.0049180869
  -2.2966127e-07
   -0.0049108539
   -0.0057684253
   -0.0018726521
    0.0035598862
    0.0060515186
    0.0035541047
   -0.0018674007
   -0.0057423070
   -0.0048807994
   2.2966126e-07
    0.0048736797
    0.0057247907
    0.0018584959
   -0.0035330002
   -0.0060058467
   -0.0035273001
    0.0018533300
    0.0056990673
    0.0048440731
  -2.2966126e-07
   -0.0048370640
   -0.0056818112
   -0.0018445520
    0.0035065173
    0.0059608591
    0.0035008967
   -0.0018394698
   -0.0056564739
   -0.0048078953
   2.2966127e-07
    0.0048009944
    0.0056394723
    0.0018308159
   -0.0034804286
   -0.0059165405
   -0.0034748857
    0.0018258153
    0.0056145124
    0.0047722538
  -2.2966126e-07
   -0.0047654588
   -0.0055977597
   -0.0018172827
    0.0034547252
    0.0058728760
    0.0034492584
   -0.0018123621
   -0.0055731690
   -0.0047371369
   2.2966126e-07
    0.0047304454
    0.0055566596
    0.0018039482
   -0.0034293986
   -0.0058298512
   -0.0034240062
    0.0017991058
    0.0055324299
    0.0047025330
  -2.2966127e-07
   -0.0046959428
   -0.0055161587
   -0.0017908078
    0.0034044407
    0.0057874523
    0.0033991211
   -0.0017860420
   -0.0054922822
   -0.0046684310
   2.2966126e-07
    0.0046619398
    0.0054762438
    0.0017778575
   -0.0033798435
   -0.0057456657
   -0.0033745951
    0.0017731665
    0.0054527130
    0.0046348200
  -2.2966126e-07
   -0.0046284258
   -0.0054369025
   -0.0017650932
    0.0033555992
    0.0057044781
    0.0033504204
   -0.0017604754
   -0.0054137098
   -0.0046016895
   2.2966127e-07
    0.0045953902
    0.0053981224
    0.0017525108
   -0.0033317002
   -0.0056638768
   -0.0033265897
    0.0017479647
    0.0053752606
    0.0045690293
  -2.2966126e-07
   -0.0045628228
   -0.0053598915
   -0.0017401064
    0.0033081393
    0.0056238494
    0.0033030955
   -0.0017356306
   -0.0053373538
   -0.0045368294
   2.2966126e-07
    0.0045307138
    0.0053221984
    0.0017278765
   -0.0032849093
   -0.0055843838
   -0.0032799308
    0.0017234693
    0.0052999779
    0.0045050802
  -2.2966127e-07
   -0.0044990536
   -0.0052850317
   -0.0017158172
    0.0032620033
    0.0055454682
    0.0032570888
   -0.0017114773
   -0.0052631218
   -0.0044737722
   2.2966126e-07
    0.0044678328
    0.0052483805
    0.0017039251
   -0.0032394145
   -0.0055070913
   -0.0032345627
    0.0016996511
    0.0052267747
    0.0044428964
  -2.2966126e-07
   -0.0044370423
   -0.0052122342
   -0.0016921966
    0.0032171365
    0.0054692419
    0.0032123460
   -0.0016879871
   -0.0051909263
   -0.0044124438
   2.2966127e-07
    0.0044066733
    0.0051765823
    0.0016806285
   -0.0031951628
   -0.0054319092
   -0.0031904324
    0.0016764822
    0.0051555662
    0.0043824059
  -2.2966126e-07
   -0.0043767172
   -0.0051414148
   -0.0016692174
    0.0031734872
    0.0053950827
    0.0031688157
   -0.0016651331
   -0.0051206847
   -0.0043527741
   2.2966126e-07
    0.0043471657
    0.0051067219
    0.0016579603
   -0.0031521038
   -0.0053587521
   -0.0031474900
    0.0016539367
    0.0050862720
    0.0043235403
  -2.2966127e-07
   -0.0043180106
   -0.0050724941
   -0.0016468539
    0.0031310066
    0.0053229076
    0.0031264494
   -0.0016428898
   -0.0050523187
   -0.0042946966
   2.2966126e-07
