   2.7827534e-09
  -6.6706601e-05
  -0.00013349451
  -0.00020035055
  -0.00026726431
  -0.00033422536
  -0.00040122323
  -0.00046824746
  -0.00053528753
  -0.00060233295
  -0.00066937318
  -0.00073639769
  -0.00080339592
  -0.00087035731
  -0.00093727129
   -0.0010041273
   -0.0010709147
   -0.0011376230
   -0.0012042415
   -0.0012707597
   -0.0013371670
   -0.0014034528
   -0.0014696065
   -0.0015356176
   -0.0016014755
   -0.0016671696
   -0.0017326894
   -0.0017980243
   -0.0018631639
   -0.0019280977
   -0.0019928151
   -0.0020573058
   -0.0021215592
   -0.0021855649
   -0.0022493126
   -0.0023127919
   -0.0023759925
   -0.0024389040
   -0.0025015162
   -0.0025638187
   -0.0026258015
   -0.0026874544
   -0.0027487671
   -0.0028097297
   -0.0028703320
   -0.0029305640
   -0.0029904158
   -0.0030498774
   -0.0031089390
   -0.0031675907
   -0.0032258228
   -0.0032836255
   -0.0033409891
   -0.0033979041
   -0.0034543609
   -0.0035103500
   -0.0035658619
   -0.0036208872
   -0.0036754167
   -0.0037294411
   -0.0037829512
   -0.0038359379
   -0.0038883921
   -0.0039403048
   -0.0039916672
   -0.0040424705
   -0.0040927058
   -0.0041423644
   -0.0041914378
   -0.0042399175
   -0.0042877950
   -0.0043350619
   -0.0043817100
   -0.0044277311
   -0.0044731170
   -0.0045178598
   -0.0045619515
   -0.0046053842
   -0.0046481503
   -0.0046902421
   -0.0047316520
   -0.0047723726
   -0.0048123964
   -0.0048517163
   -0.0048903250
   -0.0049282155
   -0.0049653808
   -0.0050018141
   -0.0050375086
   -0.0050724576
   -0.0051066546
   -0.0051400932
   -0.0051727671
   -0.0052046700
   -0.0052357957
   -0.0052661385
   -0.0052956922
   -0.0053244513
   -0.0053524099
   -0.0053795627
   -0.0054059042
   -0.0054314291
   -0.0054561321
   -0.0054800084
   -0.0055030528
   -0.0055252607
   -0.0055466273
   -0.0055671481
   -0.0055868187
   -0.0056056346
   -0.0056235918
   -0.0056406862
   -0.0056569138
   -0.0056722710
   -0.0056867539
   -0.0057003590
   -0.0057130830
   -0.0057249226
   -0.0057358747
   -0.0057459362
   -0.0057551043
   -0.0057633762
   -0.0057707493
   -0.0057772213
   -0.0057827897
   -0.0057874523
   -0.0057912072
   -0.0057940524
   -0.0057959861
   -0.0057970067
   -0.0057971127
   -0.0057963028
   -0.0057945757
   -0.0057919303
   -0.0057883659
   -0.0057838815
   -0.0057784765
   -0.0057721504
   -0.0057649028
   -0.0057567336
   -0.0057476427
   -0.0057376301
   -0.0057266960
   -0.0057148409
   -0.0057020651
   -0.0056883695
   -0.0056737546
   -0.0056582216
   -0.0056417714
   -0.0056244053
   -0.0056061246
   -0.0055869309
   -0.0055668259
   -0.0055458113
   -0.0055238890
   -0.0055010612
   -0.0054773302
   -0.0054526982
   -0.0054271678
   -0.0054007416
   -0.0053734226
   -0.0053452136
   -0.0053161177
   -0.0052861382
   -0.0052552785
   -0.0052235420
   -0.0051909325
   -0.0051574537
   -0.0051231096
   -0.0050879043
   -0.0050518421
   -0.0050149272
   -0.0049771642
   -0.0049385577
   -0.0048991126
   -0.0048588337
   -0.0048177261
   -0.0047757951
   -0.0047330459
   -0.0046894840
   -0.0046451150
   -0.0045999446
   -0.0045539788
   -0.0045072235
   -0.0044596848
   -0.0044113691
   -0.0043622827
   -0.0043124322
   -0.0042618241
   -0.0042104654
   -0.0041583628
   -0.0041055235
   -0.0040519546
   -0.0039976634
   -0.0039426572
   -0.0038869438
   -0.0038305305
   -0.0037734254
   -0.0037156362
   -0.0036571710
   -0.0035980379
   -0.0035382451
   -0.0034778010
   -0.0034167141
   -0.0033549930
   -0.0032926464
   -0.0032296830
   -0.0031661119
   -0.0031019420
   -0.0030371825
   -0.0029718426
   -0.0029059317
   -0.0028394592
   -0.0027724346
   -0.0027048677
   -0.0026367682
   -0.0025681458
   -0.0024990107
   -0.0024293728
   -0.0023592422
   -0.0022886292
   -0.0022175441
   -0.0021459973
   -0.0020739993
   -0.0020015607
   -0.0019286921
   -0.0018554043
   -0.0017817082
   -0.0017076146
   -0.0016331346
   -0.0015582792
   -0.0014830596
   -0.0014074869
   -0.0013315725
   -0.0012553278
   -0.0011787641
   -0.0011018929
   -0.0010247259
  -0.00094727472
  -0.00086955094
  -0.00079156638
  -0.00071333283
  -0.00063486217
  -0.00055616633
  -0.00047725728
  -0.00039814705
  -0.00031884773
  -0.00023937144
  -0.00015973037
  -7.9936728e-05
  -2.7827534e-09
   8.0059159e-05
   0.00016023675
   0.00024051762
   0.00032088933
   0.00040133944
   0.00048185547
   0.00056242489
   0.00064303518
   0.00072367375
   0.00080432801
   0.00088498535
   0.00096563313
    0.0010462587
    0.0011268494
    0.0012073925
    0.0012878753
    0.0013682851
    0.0014486093
    0.0015288350
    0.0016089495
    0.0016889401
    0.0017687941
    0.0018484987
    0.0019280412
    0.0020074088
    0.0020865889
    0.0021655687
    0.0022443355
    0.0023228766
    0.0024011794
    0.0024792312
    0.0025570193
    0.0026345311
    0.0027117541
    0.0027886755
    0.0028652830
    0.0029415640
    0.0030175060
    0.0030930964
    0.0031683230
    0.0032431733
    0.0033176350
    0.0033916957
    0.0034653432
    0.0035385653
    0.0036113498
    0.0036836845
    0.0037555574
    0.0038269564
    0.0038978697
    0.0039682851
    0.0040381910
    0.0041075755
    0.0041764268
    0.0042447333
    0.0043124833
    0.0043796654
    0.0044462680
    0.0045122797
    0.0045776893
    0.0046424854
    0.0047066568
    0.0047701925
    0.0048330815
    0.0048953127
    0.0049568754
    0.0050177588
    0.0050779522
    0.0051374449
    0.0051962265
    0.0052542866
    0.0053116149
    0.0053682011
    0.0054240351
    0.0054791069
    0.0055334065
    0.0055869243
    0.0056396503
    0.0056915751
    0.0057426891
    0.0057929829
    0.0058424473
    0.0058910731
    0.0059388512
    0.0059857727
    0.0060318288
    0.0060770108
    0.0061213102
    0.0061647183
    0.0062072270
    0.0062488280
    0.0062895132
    0.0063292748
    0.0063681047
    0.0064059955
    0.0064429395
    0.0064789292
    0.0065139574
    0.0065480170
    0.0065811009
    0.0066132023
    0.0066443144
    0.0066744306
    0.0067035445
    0.0067316497
    0.0067587401
    0.0067848097
    0.0068098527
    0.0068338632
    0.0068568358
    0.0068787649
    0.0068996455
    0.0069194722
    0.0069382403
    0.0069559448
    0.0069725811
    0.0069881448
    0.0070026315
    0.0070160371
    0.0070283575
    0.0070395888
    0.0070497275
    0.0070587699
    0.0070667128
    0.0070735528
    0.0070792871
    0.0070839126
    0.0070874268
    0.0070898270
    0.0070911110
    0.0070912765
    0.0070903215
    0.0070882442
    0.0070850428
    0.0070807158
    0.0070752619
    0.0070686800
    0.0070609690
    0.0070521281
    0.0070421567
    0.0070310542
    0.0070188205
    0.0070054552
    0.0069909586
    0.0069753307
    0.0069585721
    0.0069406832
    0.0069216649
    0.0069015180
    0.0068802437
    0.0068578431
    0.0068343179
    0.0068096696
    0.0067839000
    0.0067570111
    0.0067290050
    0.0066998841
    0.0066696510
    0.0066383082
    0.0066058587
    0.0065723055
    0.0065376518
    0.0065019011
    0.0064650568
    0.0064271228
    0.0063881029
    0.0063480013
    0.0063068222
    0.0062645701
    0.0062212496
    0.0061768655
    0.0061314227
    0.0060849264
    0.0060373819
    0.0059887947
    0.0059391704
    0.0058885149
    0.0058368341
    0.0057841343
    0.0057304218
    0.0056757030
    0.0056199846
    0.0055632735
    0.0055055767
    0.0054469013
    0.0053872547
    0.0053266443
    0.0052650779
    0.0052025632
    0.0051391083
    0.0050747212
    0.0050094103
    0.0049431840
    0.0048760510
    0.0048080200
    0.0047390999
    0.0046692999
    0.0045986291
    0.0045270969
    0.0044547130
    0.0043814869
    0.0043074286
    0.0042325479
    0.0041568550
    0.0040803603
    0.0040030740
    0.0039250068
    0.0038461694
    0.0037665725
    0.0036862273
    0.0036051447
    0.0035233360
    0.0034408127
    0.0033575861
    0.0032736681
    0.0031890702
    0.0031038045
    0.0030178830
    0.0029313177
    0.0028441211
    0.0027563054
    0.0026678831
    0.0025788670
    0.0024892697
    0.0023991041
    0.0023083833
    0.0022171201
    0.0021253279
    0.0020330200
    0.0019402097
    0.0018469106
    0.0017531363
    0.0016589004
    0.0015642168
    0.0014690994
    0.0013735621
    0.0012776191
    0.0011812846
    0.0010845727
   0.00098749796
   0.00089007467
   0.00079231738
   0.00069424070
   0.00059585929
   0.00049718792
   0.00039824139
   0.00029903462
   0.00019958256
   9.9900250e-05
   2.7827534e-09
  -0.00010009468
  -0.00020037692
  -0.00030082865
  -0.00040143454
  -0.00050217920
  -0.00060304718
  -0.00070402300
  -0.00080509111
  -0.00090623593
   -0.0010074418
   -0.0011086932
   -0.0012099742
   -0.0013112692
   -0.0014125624
   -0.0015138380
   -0.0016150801
   -0.0017162729
   -0.0018174005
   -0.0019184470
   -0.0020193965
   -0.0021202330
   -0.0022209405
   -0.0023215031
   -0.0024219049
   -0.0025221297
   -0.0026221617
   -0.0027219847
   -0.0028215829
   -0.0029209403
   -0.0030200407
   -0.0031188684
   -0.0032174071
   -0.0033156411
   -0.0034135544
   -0.0035111310
   -0.0036083550
   -0.0037052106
   -0.0038016818
   -0.0038977528
   -0.0039934078
   -0.0040886310
   -0.0041834068
   -0.0042777193
   -0.0043715529
   -0.0044648919
   -0.0045577209
   -0.0046500242
   -0.0047417863
   -0.0048329918
   -0.0049236254
   -0.0050136717
   -0.0051031154
   -0.0051919413
   -0.0052801342
   -0.0053676791
   -0.0054545610
   -0.0055407649
   -0.0056262759
   -0.0057110793
   -0.0057951603
   -0.0058785044
   -0.0059610968
   -0.0060429232
   -0.0061239692
   -0.0062042204
   -0.0062836627
   -0.0063622820
   -0.0064400643
   -0.0065169956
   -0.0065930621
   -0.0066682501
   -0.0067425461
   -0.0068159365
   -0.0068884079
   -0.0069599470
   -0.0070305408
   -0.0071001761
   -0.0071688401
   -0.0072365199
   -0.0073032028
   -0.0073688764
   -0.0074335281
   -0.0074971457
   -0.0075597171
   -0.0076212301
   -0.0076816730
   -0.0077410339
   -0.0077993012
   -0.0078564635
   -0.0079125095
   -0.0079674279
   -0.0080212077
   -0.0080738381
   -0.0081253083
   -0.0081756078
   -0.0082247261
   -0.0082726529
   -0.0083193783
   -0.0083648922
   -0.0084091848
   -0.0084522466
   -0.0084940681
   -0.0085346400
   -0.0085739533
   -0.0086119990
   -0.0086487683
   -0.0086842527
   -0.0087184438
   -0.0087513334
   -0.0087829134
   -0.0088131759
   -0.0088421133
   -0.0088697182
   -0.0088959831
   -0.0089209010
   -0.0089444650
   -0.0089666684
   -0.0089875045
   -0.0090069671
   -0.0090250500
   -0.0090417472
   -0.0090570531
   -0.0090709621
   -0.0090834687
   -0.0090945679
   -0.0091042548
   -0.0091125245
   -0.0091193725
   -0.0091247946
   -0.0091287865
   -0.0091313445
   -0.0091324647
   -0.0091321438
   -0.0091303783
   -0.0091271653
   -0.0091225020
   -0.0091163856
   -0.0091088137
   -0.0090997842
   -0.0090892951
   -0.0090773446
   -0.0090639311
   -0.0090490534
   -0.0090327103
   -0.0090149009
   -0.0089956246
   -0.0089748809
   -0.0089526696
   -0.0089289907
   -0.0089038445
   -0.0088772313
   -0.0088491519
   -0.0088196072
   -0.0087885982
   -0.0087561264
   -0.0087221934
   -0.0086868008
   -0.0086499508
   -0.0086116456
   -0.0085718877
   -0.0085306799
   -0.0084880249
   -0.0084439261
   -0.0083983868
   -0.0083514107
   -0.0083030015
   -0.0082531634
   -0.0082019006
   -0.0081492177
   -0.0080951195
   -0.0080396109
   -0.0079826972
   -0.0079243837
   -0.0078646761
   -0.0078035804
   -0.0077411027
   -0.0076772492
   -0.0076120265
   -0.0075454414
   -0.0074775010
   -0.0074082125
   -0.0073375833
   -0.0072656210
   -0.0071923337
   -0.0071177293
   -0.0070418163
   -0.0069646033
   -0.0068860988
   -0.0068063121
   -0.0067252522
   -0.0066429286
   -0.0065593510
   -0.0064745291
   -0.0063884731
   -0.0063011932
   -0.0062126999
   -0.0061230040
   -0.0060321163
   -0.0059400479
   -0.0058468101
   -0.0057524145
   -0.0056568729
   -0.0055601971
   -0.0054623992
   -0.0053634917
   -0.0052634870
   -0.0051623979
   -0.0050602372
   -0.0049570182
   -0.0048527541
   -0.0047474584
   -0.0046411449
   -0.0045338273
   -0.0044255199
   -0.0043162367
   -0.0042059923
   -0.0040948013
   -0.0039826785
   -0.0038696389
   -0.0037556975
   -0.0036408698
   -0.0035251712
   -0.0034086174
   -0.0032912243
   -0.0031730079
   -0.0030539842
   -0.0029341698
   -0.0028135810
   -0.0026922345
   -0.0025701471
   -0.0024473358
   -0.0023238178
   -0.0021996102
   -0.0020747305
   -0.0019491963
   -0.0018230253
   -0.0016962353
   -0.0015688442
   -0.0014408704
   -0.0013123319
   -0.0011832472
   -0.0010536349
  -0.00092351346
  -0.00079290179
  -0.00066181876
  -0.00053028337
  -0.00039831478
  -0.00026593222
  -0.00013315507
  -2.7827534e-09
   0.00013350505
   0.00026734874
   0.00040150851
   0.00053596447
   0.00067069664
   0.00080568493
   0.00094090919
    0.0010763492
    0.0012119845
    0.0013477947
    0.0014837594
    0.0016198580
    0.0017560697
    0.0018923739
    0.0020287498
    0.0021651764
    0.0023016329
    0.0024380983
    0.0025745516
    0.0027109715
    0.0028473371
    0.0029836270
    0.0031198201
    0.0032558950
    0.0033918305
    0.0035276051
    0.0036631975
    0.0037985863
    0.0039337499
    0.0040686669
    0.0042033158
    0.0043376752
    0.0044717233
    0.0046054388
    0.0047388001
    0.0048717855
    0.0050043736
    0.0051365428
    0.0052682715
    0.0053995382
    0.0055303213
    0.0056605993
    0.0057903507
    0.0059195540
    0.0060481878
    0.0061762305
    0.0063036609
    0.0064304575
    0.0065565989
    0.0066820639
    0.0068068312
    0.0069308795
    0.0070541878
    0.0071767349
    0.0072984997
    0.0074194613
    0.0075395986
    0.0076588908
    0.0077773172
    0.0078948569
    0.0080114892
    0.0081271937
    0.0082419498
    0.0083557370
    0.0084685351
    0.0085803238
    0.0086910829
    0.0088007923
    0.0089094322
    0.0090169826
    0.0091234239
    0.0092287363
    0.0093329003
    0.0094358966
    0.0095377058
    0.0096383087
    0.0097376864
    0.0098358198
    0.0099326903
     0.010028279
     0.010122568
     0.010215538
     0.010307171
     0.010397449
     0.010486355
     0.010573870
     0.010659976
     0.010744657
     0.010827895
     0.010909673
     0.010989973
     0.011068779
     0.011146075
     0.011221844
     0.011296069
     0.011368735
     0.011439825
     0.011509324
     0.011577217
     0.011643487
     0.011708120
     0.011771101
     0.011832415
     0.011892047
     0.011949983
     0.012006210
     0.012060712
     0.012113477
     0.012164490
     0.012213739
     0.012261210
     0.012306891
     0.012350769
     0.012392832
     0.012433067
     0.012471462
     0.012508007
     0.012542688
     0.012575496
     0.012606419
     0.012635447
     0.012662568
     0.012687773
     0.012711052
     0.012732395
     0.012751793
     0.012769236
     0.012784715
     0.012798222
     0.012809749
     0.012819286
     0.012826827
     0.012832364
     0.012835889
     0.012837395
     0.012836876
     0.012834324
     0.012829734
     0.012823100
     0.012814416
     0.012803676
     0.012790876
     0.012776011
     0.012759076
     0.012740066
     0.012718979
     0.012695810
     0.012670555
     0.012643213
     0.012613779
     0.012582252
     0.012548630
     0.012512910
     0.012475090
     0.012435171
     0.012393150
     0.012349027
     0.012302801
     0.012254473
     0.012204043
     0.012151511
     0.012096879
     0.012040146
     0.011981316
     0.011920389
     0.011857368
     0.011792255
     0.011725053
     0.011655765
     0.011584395
     0.011510945
     0.011435420
     0.011357825
     0.011278163
     0.011196441
     0.011112662
     0.011026834
     0.010938960
     0.010849049
     0.010757106
     0.010663138
     0.010567153
     0.010469157
     0.010369159
     0.010267166
     0.010163188
     0.010057233
    0.0099493092
    0.0098394271
    0.0097275960
    0.0096138260
    0.0094981273
    0.0093805107
    0.0092609870
    0.0091395675
    0.0090162639
    0.0088910880
    0.0087640520
    0.0086351684
    0.0085044500
    0.0083719101
    0.0082375620
    0.0081014195
    0.0079634967
    0.0078238079
    0.0076823678
    0.0075391914
    0.0073942939
    0.0072476909
    0.0070993984
    0.0069494325
    0.0067978096
    0.0066445466
    0.0064896604
    0.0063331686
    0.0061750887
    0.0060154387
    0.0058542368
    0.0056915015
    0.0055272517
    0.0053615064
    0.0051942851
    0.0050256074
    0.0048554932
    0.0046839627
    0.0045110365
    0.0043367353
    0.0041610801
    0.0039840923
    0.0038057934
    0.0036262053
    0.0034453501
    0.0032632502
    0.0030799281
    0.0028954068
    0.0027097094
    0.0025228593
    0.0023348801
    0.0021457958
    0.0019556305
    0.0017644086
    0.0015721546
    0.0013788935
    0.0011846503
   0.00098945043
   0.00079331938
   0.00059628297
   0.00039836720
   0.00019959832
   2.7827534e-09
  -0.00020039274
  -0.00040156135
  -0.00060347596
  -0.00080610925
   -0.0010094337
   -0.0012134216
   -0.0014180451
   -0.0016232759
   -0.0018290859
   -0.0020354465
   -0.0022423291
   -0.0024497047
   -0.0026575443
   -0.0028658187
   -0.0030744985
   -0.0032835541
   -0.0034929557
   -0.0037026736
   -0.0039126775
   -0.0041229373
   -0.0043334226
   -0.0045441028
   -0.0047549474
   -0.0049659254
   -0.0051770059
   -0.0053881578
   -0.0055993498
   -0.0058105507
   -0.0060217289
   -0.0062328528
   -0.0064438907
   -0.0066548107
   -0.0068655809
   -0.0070761692
   -0.0072865434
   -0.0074966713
   -0.0077065205
   -0.0079160586
   -0.0081252530
   -0.0083340711
   -0.0085424801
   -0.0087504474
   -0.0089579399
   -0.0091649248
   -0.0093713692
   -0.0095772398
   -0.0097825037
   -0.0099871277
    -0.010191078
    -0.010394323
    -0.010596827
    -0.010798559
    -0.010999484
    -0.011199570
    -0.011398782
    -0.011597087
    -0.011794452
    -0.011990844
    -0.012186228
    -0.012380572
    -0.012573842
    -0.012766004
    -0.012957025
    -0.013146872
    -0.013335510
    -0.013522908
    -0.013709030
    -0.013893844
    -0.014077317
    -0.014259415
    -0.014440105
    -0.014619354
    -0.014797129
    -0.014973396
    -0.015148122
    -0.015321275
    -0.015492821
    -0.015662728
    -0.015830963
    -0.015997494
    -0.016162287
    -0.016325310
    -0.016486531
    -0.016645917
    -0.016803437
    -0.016959057
    -0.017112747
    -0.017264474
    -0.017414207
    -0.017561913
    -0.017707561
    -0.017851121
    -0.017992560
    -0.018131847
    -0.018268952
    -0.018403844
    -0.018536492
    -0.018666865
    -0.018794933
    -0.018920667
    -0.019044035
    -0.019165009
    -0.019283558
    -0.019399653
    -0.019513264
    -0.019624363
    -0.019732921
    -0.019838909
    -0.019942297
    -0.020043059
    -0.020141166
    -0.020236590
    -0.020329303
    -0.020419278
    -0.020506487
    -0.020590904
    -0.020672502
    -0.020751254
    -0.020827134
    -0.020900116
    -0.020970174
    -0.021037282
    -0.021101416
    -0.021162549
    -0.021220658
    -0.021275718
    -0.021327705
    -0.021376593
    -0.021422361
    -0.021464984
    -0.021504440
    -0.021540705
    -0.021573756
    -0.021603572
    -0.021630131
    -0.021653411
    -0.021673390
    -0.021690048
    -0.021703363
    -0.021713315
    -0.021719885
    -0.021723052
    -0.021722797
    -0.021719100
    -0.021711943
    -0.021701308
    -0.021687176
    -0.021669529
    -0.021648350
    -0.021623621
    -0.021595326
    -0.021563449
    -0.021527974
    -0.021488883
    -0.021446163
    -0.021399798
    -0.021349774
    -0.021296076
    -0.021238690
    -0.021177603
    -0.021112802
    -0.021044273
    -0.020972005
    -0.020895984
    -0.020816201
    -0.020732642
    -0.020645298
    -0.020554158
    -0.020459212
    -0.020360450
    -0.020257862
    -0.020151440
    -0.020041176
    -0.019927060
    -0.019809086
    -0.019687246
    -0.019561533
    -0.019431941
    -0.019298463
    -0.019161094
    -0.019019828
    -0.018874661
    -0.018725588
    -0.018572606
    -0.018415709
    -0.018254897
    -0.018090164
    -0.017921510
    -0.017748933
    -0.017572430
    -0.017392001
    -0.017207645
    -0.017019361
    -0.016827151
    -0.016631015
    -0.016430953
    -0.016226967
    -0.016019060
    -0.015807233
    -0.015591490
    -0.015371833
    -0.015148267
    -0.014920794
    -0.014689421
    -0.014454152
    -0.014214991
    -0.013971946
    -0.013725023
    -0.013474227
    -0.013219567
    -0.012961050
    -0.012698684
    -0.012432477
    -0.012162438
    -0.011888577
    -0.011610904
    -0.011329428
    -0.011044161
    -0.010755113
    -0.010462296
    -0.010165721
   -0.0098654025
   -0.0095613518
   -0.0092535824
   -0.0089421082
   -0.0086269433
   -0.0083081022
   -0.0079855998
   -0.0076594518
   -0.0073296738
   -0.0069962821
   -0.0066592936
   -0.0063187253
   -0.0059745948
   -0.0056269200
   -0.0052757194
   -0.0049210119
   -0.0045628166
   -0.0042011532
   -0.0038360418
   -0.0034675030
   -0.0030955575
   -0.0027202269
   -0.0023415327
   -0.0019594971
   -0.0015741428
   -0.0011854926
  -0.00079357000
  -0.00039839866
  -2.7827534e-09
   0.00040159306
   0.00080636391
    0.0012142844
    0.0016253288
    0.0020394710
    0.0024566843
    0.0028769420
    0.0033002168
    0.0037264808
    0.0041557062
    0.0045878645
    0.0050229267
    0.0054608639
    0.0059016465
    0.0063452444
    0.0067916276
    0.0072407652
    0.0076926264
    0.0081471798
    0.0086043938
    0.0090642362
    0.0095266746
    0.0099916765
     0.010459209
     0.010929238
     0.011401730
     0.011876651
     0.012353967
     0.012833642
     0.013315643
     0.013799933
     0.014286477
     0.014775239
     0.015266183
     0.015759271
     0.016254468
     0.016751735
     0.017251036
     0.017752333
     0.018255587
     0.018760761
     0.019267815
     0.019776711
     0.020287409
     0.020799871
     0.021314056
     0.021829925
     0.022347437
     0.022866552
     0.023387229
     0.023909428
     0.024433106
     0.024958223
     0.025484738
     0.026012607
     0.026541790
     0.027072243
     0.027603924
     0.028136792
     0.028670801
     0.029205911
     0.029742076
     0.030279254
     0.030817401
     0.031356473
     0.031896426
     0.032437216
     0.032978798
     0.033521128
     0.034064162
     0.034607853
     0.035152158
     0.035697030
     0.036242426
     0.036788298
     0.037334603
     0.037881293
     0.038428324
     0.038975649
     0.039523222
     0.040070997
     0.040618928
     0.041166968
     0.041715072
     0.042263191
     0.042811281
     0.043359294
     0.043907183
     0.044454902
     0.045002403
     0.045549640
     0.046096566
     0.046643134
     0.047189296
     0.047735005
     0.048280215
     0.048824878
     0.049368947
     0.049912374
     0.050455113
     0.050997116
     0.051538336
     0.052078725
     0.052618237
     0.053156825
     0.053694440
     0.054231036
     0.054766566
     0.055300982
     0.055834238
     0.056366286
     0.056897080
     0.057426572
     0.057954716
     0.058481464
     0.059006771
     0.059530589
     0.060052872
     0.060573574
     0.061092647
     0.061610046
     0.062125724
     0.062639636
     0.063151735
     0.063661975
     0.064170312
     0.064676698
     0.065181088
     0.065683438
     0.066183701
     0.066681834
     0.067177790
     0.067671525
     0.068162995
     0.068652154
     0.069138960
     0.069623367
     0.070105331
     0.070584810
     0.071061758
     0.071536134
     0.072007893
     0.072476993
     0.072943392
     0.073407045
     0.073867912
     0.074325950
     0.074781117
     0.075233371
     0.075682672
     0.076128977
     0.076572246
     0.077012439
     0.077449514
     0.077883432
     0.078314153
     0.078741637
     0.079165845
     0.079586737
     0.080004276
     0.080418421
     0.080829136
     0.081236382
     0.081640121
     0.082040317
     0.082436931
     0.082829928
     0.083219271
     0.083604924
     0.083986851
     0.084365017
     0.084739386
     0.085109924
     0.085476596
     0.085839368
     0.086198207
     0.086553079
     0.086903951
     0.087250790
     0.087593565
     0.087932242
     0.088266790
     0.088597179
     0.088923377
     0.089245354
     0.089563079
     0.089876523
     0.090185658
     0.090490452
     0.090790879
     0.091086910
     0.091378518
     0.091665674
     0.091948352
     0.092226526
     0.092500169
     0.092769256
     0.093033761
     0.093293660
     0.093548928
     0.093799541
     0.094045476
     0.094286709
     0.094523218
     0.094754981
     0.094981975
     0.095204180
     0.095421574
     0.095634136
     0.095841848
     0.096044689
     0.096242640
     0.096435683
     0.096623798
     0.096806970
     0.096985179
     0.097158410
     0.097326646
     0.097489871
     0.097648070
     0.097801228
     0.097949330
     0.098092362
     0.098230311
     0.098363164
     0.098490908
     0.098613531
     0.098731022
     0.098843369
     0.098950562
     0.099052591
     0.099149445
     0.099241116
     0.099327596
     0.099408875
     0.099484946
     0.099555803
     0.099621438
     0.099681845
     0.099737018
     0.099786953
     0.099831644
     0.099871087
     0.099905279
     0.099934216
     0.099957895
     0.099976315
     0.099989473
     0.099997368
      0.10000000
     0.099997368
     0.099989473
     0.099976315
     0.099957895
     0.099934216
     0.099905279
     0.099871087
     0.099831644
     0.099786953
     0.099737018
     0.099681845
     0.099621438
     0.099555803
     0.099484946
     0.099408875
     0.099327596
     0.099241116
     0.099149445
     0.099052591
     0.098950562
     0.098843369
     0.098731022
     0.098613531
     0.098490908
     0.098363164
     0.098230311
     0.098092362
     0.097949330
     0.097801228
     0.097648070
     0.097489871
     0.097326646
     0.097158410
     0.096985179
     0.096806970
     0.096623798
     0.096435683
     0.096242640
     0.096044689
     0.095841848
     0.095634136
     0.095421574
     0.095204180
     0.094981975
     0.094754981
     0.094523218
     0.094286709
     0.094045476
     0.093799541
     0.093548928
     0.093293660
     0.093033761
     0.092769256
     0.092500169
     0.092226526
     0.091948352
     0.091665674
     0.091378518
     0.091086910
     0.090790879
     0.090490452
     0.090185658
     0.089876523
     0.089563079
     0.089245354
     0.088923377
     0.088597179
     0.088266790
     0.087932242
     0.087593565
     0.087250790
     0.086903951
     0.086553079
     0.086198207
     0.085839368
     0.085476596
     0.085109924
     0.084739386
     0.084365017
     0.083986851
     0.083604924
     0.083219271
     0.082829928
     0.082436931
     0.082040317
     0.081640121
     0.081236382
     0.080829136
     0.080418421
     0.080004276
     0.079586737
     0.079165845
     0.078741637
     0.078314153
     0.077883432
     0.077449514
     0.077012439
     0.076572246
     0.076128977
     0.075682672
     0.075233371
     0.074781117
     0.074325950
     0.073867912
     0.073407045
     0.072943392
     0.072476993
     0.072007893
     0.071536134
     0.071061758
     0.070584810
     0.070105331
     0.069623367
     0.069138960
     0.068652154
     0.068162995
     0.067671525
     0.067177790
     0.066681834
     0.066183701
     0.065683438
     0.065181088
     0.064676698
     0.064170312
     0.063661975
     0.063151735
     0.062639636
     0.062125724
     0.061610046
     0.061092647
     0.060573574
     0.060052872
     0.059530589
     0.059006771
     0.058481464
     0.057954716
     0.057426572
     0.056897080
     0.056366286
     0.055834238
     0.055300982
     0.054766566
     0.054231036
     0.053694440
     0.053156825
     0.052618237
     0.052078725
     0.051538336
     0.050997116
     0.050455113
     0.049912374
     0.049368947
     0.048824878
     0.048280215
     0.047735005
     0.047189296
     0.046643134
     0.046096566
     0.045549640
     0.045002403
     0.044454902
     0.043907183
     0.043359294
     0.042811281
     0.042263191
     0.041715072
     0.041166968
     0.040618928
     0.040070997
     0.039523222
     0.038975649
     0.038428324
     0.037881293
     0.037334603
     0.036788298
     0.036242426
     0.035697030
     0.035152158
     0.034607853
     0.034064162
     0.033521128
     0.032978798
     0.032437216
     0.031896426
     0.031356473
     0.030817401
     0.030279254
     0.029742076
     0.029205911
     0.028670801
     0.028136792
     0.027603924
     0.027072243
     0.026541790
     0.026012607
     0.025484738
     0.024958223
     0.024433106
     0.023909428
     0.023387229
     0.022866552
     0.022347437
     0.021829925
     0.021314056
     0.020799871
     0.020287409
     0.019776711
     0.019267815
     0.018760761
     0.018255587
     0.017752333
     0.017251036
     0.016751735
     0.016254468
     0.015759271
     0.015266183
     0.014775239
     0.014286477
     0.013799933
     0.013315643
     0.012833642
     0.012353967
     0.011876651
     0.011401730
     0.010929238
     0.010459209
    0.0099916765
    0.0095266746
    0.0090642362
    0.0086043938
    0.0081471798
    0.0076926264
    0.0072407652
    0.0067916276
    0.0063452444
    0.0059016465
    0.0054608639
    0.0050229267
    0.0045878645
    0.0041557062
    0.0037264808
    0.0033002168
    0.0028769420
    0.0024566843
    0.0020394710
    0.0016253288
    0.0012142844
   0.00080636391
   0.00040159306
  -2.7827534e-09
  -0.00039839866
  -0.00079357000
   -0.0011854926
   -0.0015741428
   -0.0019594971
   -0.0023415327
   -0.0027202269
   -0.0030955575
   -0.0034675030
   -0.0038360418
   -0.0042011532
   -0.0045628166
   -0.0049210119
   -0.0052757194
   -0.0056269200
   -0.0059745948
   -0.0063187253
   -0.0066592936
   -0.0069962821
   -0.0073296738
   -0.0076594518
   -0.0079855998
   -0.0083081022
   -0.0086269433
   -0.0089421082
   -0.0092535824
   -0.0095613518
   -0.0098654025
    -0.010165721
    -0.010462296
    -0.010755113
    -0.011044161
    -0.011329428
    -0.011610904
    -0.011888577
    -0.012162438
    -0.012432477
    -0.012698684
    -0.012961050
    -0.013219567
    -0.013474227
    -0.013725023
    -0.013971946
    -0.014214991
    -0.014454152
    -0.014689421
    -0.014920794
    -0.015148267
    -0.015371833
    -0.015591490
    -0.015807233
    -0.016019060
    -0.016226967
    -0.016430953
    -0.016631015
    -0.016827151
    -0.017019361
    -0.017207645
    -0.017392001
    -0.017572430
    -0.017748933
    -0.017921510
    -0.018090164
    -0.018254897
    -0.018415709
    -0.018572606
    -0.018725588
    -0.018874661
    -0.019019828
    -0.019161094
    -0.019298463
    -0.019431941
    -0.019561533
    -0.019687246
    -0.019809086
    -0.019927060
    -0.020041176
    -0.020151440
    -0.020257862
    -0.020360450
    -0.020459212
    -0.020554158
    -0.020645298
    -0.020732642
    -0.020816201
    -0.020895984
    -0.020972005
    -0.021044273
    -0.021112802
    -0.021177603
    -0.021238690
    -0.021296076
    -0.021349774
    -0.021399798
    -0.021446163
    -0.021488883
    -0.021527974
    -0.021563449
    -0.021595326
    -0.021623621
    -0.021648350
    -0.021669529
    -0.021687176
    -0.021701308
    -0.021711943
    -0.021719100
    -0.021722797
    -0.021723052
    -0.021719885
    -0.021713315
    -0.021703363
    -0.021690048
    -0.021673390
    -0.021653411
    -0.021630131
    -0.021603572
    -0.021573756
    -0.021540705
    -0.021504440
    -0.021464984
    -0.021422361
    -0.021376593
    -0.021327705
    -0.021275718
    -0.021220658
    -0.021162549
    -0.021101416
    -0.021037282
    -0.020970174
    -0.020900116
    -0.020827134
    -0.020751254
    -0.020672502
    -0.020590904
    -0.020506487
    -0.020419278
    -0.020329303
    -0.020236590
    -0.020141166
    -0.020043059
    -0.019942297
    -0.019838909
    -0.019732921
    -0.019624363
    -0.019513264
    -0.019399653
    -0.019283558
    -0.019165009
    -0.019044035
    -0.018920667
    -0.018794933
    -0.018666865
    -0.018536492
    -0.018403844
    -0.018268952
    -0.018131847
    -0.017992560
    -0.017851121
    -0.017707561
    -0.017561913
    -0.017414207
    -0.017264474
    -0.017112747
    -0.016959057
    -0.016803437
    -0.016645917
    -0.016486531
    -0.016325310
    -0.016162287
    -0.015997494
    -0.015830963
    -0.015662728
    -0.015492821
    -0.015321275
    -0.015148122
    -0.014973396
    -0.014797129
    -0.014619354
    -0.014440105
    -0.014259415
    -0.014077317
    -0.013893844
    -0.013709030
    -0.013522908
    -0.013335510
    -0.013146872
    -0.012957025
    -0.012766004
    -0.012573842
    -0.012380572
    -0.012186228
    -0.011990844
    -0.011794452
    -0.011597087
    -0.011398782
    -0.011199570
    -0.010999484
    -0.010798559
    -0.010596827
    -0.010394323
    -0.010191078
   -0.0099871277
   -0.0097825037
   -0.0095772398
   -0.0093713692
   -0.0091649248
   -0.0089579399
   -0.0087504474
   -0.0085424801
   -0.0083340711
   -0.0081252530
   -0.0079160586
   -0.0077065205
   -0.0074966713
   -0.0072865434
   -0.0070761692
   -0.0068655809
   -0.0066548107
   -0.0064438907
   -0.0062328528
   -0.0060217289
   -0.0058105507
   -0.0055993498
   -0.0053881578
   -0.0051770059
   -0.0049659254
   -0.0047549474
   -0.0045441028
   -0.0043334226
   -0.0041229373
   -0.0039126775
   -0.0037026736
   -0.0034929557
   -0.0032835541
   -0.0030744985
   -0.0028658187
   -0.0026575443
   -0.0024497047
   -0.0022423291
   -0.0020354465
   -0.0018290859
   -0.0016232759
   -0.0014180451
   -0.0012134216
   -0.0010094337
  -0.00080610925
  -0.00060347596
  -0.00040156135
  -0.00020039274
   2.7827534e-09
   0.00019959832
   0.00039836720
   0.00059628297
   0.00079331938
   0.00098945043
    0.0011846503
    0.0013788935
    0.0015721546
    0.0017644086
    0.0019556305
    0.0021457958
    0.0023348801
    0.0025228593
    0.0027097094
    0.0028954068
    0.0030799281
    0.0032632502
    0.0034453501
    0.0036262053
    0.0038057934
    0.0039840923
    0.0041610801
    0.0043367353
    0.0045110365
    0.0046839627
    0.0048554932
    0.0050256074
    0.0051942851
    0.0053615064
    0.0055272517
    0.0056915015
    0.0058542368
    0.0060154387
    0.0061750887
    0.0063331686
    0.0064896604
    0.0066445466
    0.0067978096
    0.0069494325
    0.0070993984
    0.0072476909
    0.0073942939
    0.0075391914
    0.0076823678
    0.0078238079
    0.0079634967
    0.0081014195
    0.0082375620
    0.0083719101
    0.0085044500
    0.0086351684
    0.0087640520
    0.0088910880
    0.0090162639
    0.0091395675
    0.0092609870
    0.0093805107
    0.0094981273
    0.0096138260
    0.0097275960
    0.0098394271
    0.0099493092
     0.010057233
     0.010163188
     0.010267166
     0.010369159
     0.010469157
     0.010567153
     0.010663138
     0.010757106
     0.010849049
     0.010938960
     0.011026834
     0.011112662
     0.011196441
     0.011278163
     0.011357825
     0.011435420
     0.011510945
     0.011584395
     0.011655765
     0.011725053
     0.011792255
     0.011857368
     0.011920389
     0.011981316
     0.012040146
     0.012096879
     0.012151511
     0.012204043
     0.012254473
     0.012302801
     0.012349027
     0.012393150
     0.012435171
     0.012475090
     0.012512910
     0.012548630
     0.012582252
     0.012613779
     0.012643213
     0.012670555
     0.012695810
     0.012718979
     0.012740066
     0.012759076
     0.012776011
     0.012790876
     0.012803676
     0.012814416
     0.012823100
     0.012829734
     0.012834324
     0.012836876
     0.012837395
     0.012835889
     0.012832364
     0.012826827
     0.012819286
     0.012809749
     0.012798222
     0.012784715
     0.012769236
     0.012751793
     0.012732395
     0.012711052
     0.012687773
     0.012662568
     0.012635447
     0.012606419
     0.012575496
     0.012542688
     0.012508007
     0.012471462
     0.012433067
     0.012392832
     0.012350769
     0.012306891
     0.012261210
     0.012213739
     0.012164490
     0.012113477
     0.012060712
     0.012006210
     0.011949983
     0.011892047
     0.011832415
     0.011771101
     0.011708120
     0.011643487
     0.011577217
     0.011509324
     0.011439825
     0.011368735
     0.011296069
     0.011221844
     0.011146075
     0.011068779
     0.010989973
     0.010909673
     0.010827895
     0.010744657
     0.010659976
     0.010573870
     0.010486355
     0.010397449
     0.010307171
     0.010215538
     0.010122568
     0.010028279
    0.0099326903
    0.0098358198
    0.0097376864
    0.0096383087
    0.0095377058
    0.0094358966
    0.0093329003
    0.0092287363
    0.0091234239
    0.0090169826
    0.0089094322
    0.0088007923
    0.0086910829
    0.0085803238
    0.0084685351
    0.0083557370
    0.0082419498
    0.0081271937
    0.0080114892
    0.0078948569
    0.0077773172
    0.0076588908
    0.0075395986
    0.0074194613
    0.0072984997
    0.0071767349
    0.0070541878
    0.0069308795
    0.0068068312
    0.0066820639
    0.0065565989
    0.0064304575
    0.0063036609
    0.0061762305
    0.0060481878
    0.0059195540
    0.0057903507
    0.0056605993
    0.0055303213
    0.0053995382
    0.0052682715
    0.0051365428
    0.0050043736
    0.0048717855
    0.0047388001
    0.0046054388
    0.0044717233
    0.0043376752
    0.0042033158
    0.0040686669
    0.0039337499
    0.0037985863
    0.0036631975
    0.0035276051
    0.0033918305
    0.0032558950
    0.0031198201
    0.0029836270
    0.0028473371
    0.0027109715
    0.0025745516
    0.0024380983
    0.0023016329
    0.0021651764
    0.0020287498
    0.0018923739
    0.0017560697
    0.0016198580
    0.0014837594
    0.0013477947
    0.0012119845
    0.0010763492
   0.00094090919
   0.00080568493
   0.00067069664
   0.00053596447
   0.00040150851
   0.00026734874
   0.00013350505
  -2.7827534e-09
  -0.00013315507
  -0.00026593222
  -0.00039831478
  -0.00053028337
  -0.00066181876
  -0.00079290179
  -0.00092351346
   -0.0010536349
   -0.0011832472
   -0.0013123319
   -0.0014408704
   -0.0015688442
   -0.0016962353
   -0.0018230253
   -0.0019491963
   -0.0020747305
   -0.0021996102
   -0.0023238178
   -0.0024473358
   -0.0025701471
   -0.0026922345
   -0.0028135810
   -0.0029341698
   -0.0030539842
   -0.0031730079
   -0.0032912243
   -0.0034086174
   -0.0035251712
   -0.0036408698
   -0.0037556975
   -0.0038696389
   -0.0039826785
   -0.0040948013
   -0.0042059923
   -0.0043162367
   -0.0044255199
   -0.0045338273
   -0.0046411449
   -0.0047474584
   -0.0048527541
   -0.0049570182
   -0.0050602372
   -0.0051623979
   -0.0052634870
   -0.0053634917
   -0.0054623992
   -0.0055601971
   -0.0056568729
   -0.0057524145
   -0.0058468101
   -0.0059400479
   -0.0060321163
   -0.0061230040
   -0.0062126999
   -0.0063011932
   -0.0063884731
   -0.0064745291
   -0.0065593510
   -0.0066429286
   -0.0067252522
   -0.0068063121
   -0.0068860988
   -0.0069646033
   -0.0070418163
   -0.0071177293
   -0.0071923337
   -0.0072656210
   -0.0073375833
   -0.0074082125
   -0.0074775010
   -0.0075454414
   -0.0076120265
   -0.0076772492
   -0.0077411027
   -0.0078035804
   -0.0078646761
   -0.0079243837
   -0.0079826972
   -0.0080396109
   -0.0080951195
   -0.0081492177
   -0.0082019006
   -0.0082531634
   -0.0083030015
   -0.0083514107
   -0.0083983868
   -0.0084439261
   -0.0084880249
   -0.0085306799
   -0.0085718877
   -0.0086116456
   -0.0086499508
   -0.0086868008
   -0.0087221934
   -0.0087561264
   -0.0087885982
   -0.0088196072
   -0.0088491519
   -0.0088772313
   -0.0089038445
   -0.0089289907
   -0.0089526696
   -0.0089748809
   -0.0089956246
   -0.0090149009
   -0.0090327103
   -0.0090490534
   -0.0090639311
   -0.0090773446
   -0.0090892951
   -0.0090997842
   -0.0091088137
   -0.0091163856
   -0.0091225020
   -0.0091271653
   -0.0091303783
   -0.0091321438
   -0.0091324647
   -0.0091313445
   -0.0091287865
   -0.0091247946
   -0.0091193725
   -0.0091125245
   -0.0091042548
   -0.0090945679
   -0.0090834687
   -0.0090709621
   -0.0090570531
   -0.0090417472
   -0.0090250500
   -0.0090069671
   -0.0089875045
   -0.0089666684
   -0.0089444650
   -0.0089209010
   -0.0088959831
   -0.0088697182
   -0.0088421133
   -0.0088131759
   -0.0087829134
   -0.0087513334
   -0.0087184438
   -0.0086842527
   -0.0086487683
   -0.0086119990
   -0.0085739533
   -0.0085346400
   -0.0084940681
   -0.0084522466
   -0.0084091848
   -0.0083648922
   -0.0083193783
   -0.0082726529
   -0.0082247261
   -0.0081756078
   -0.0081253083
   -0.0080738381
   -0.0080212077
   -0.0079674279
   -0.0079125095
   -0.0078564635
   -0.0077993012
   -0.0077410339
   -0.0076816730
   -0.0076212301
   -0.0075597171
   -0.0074971457
   -0.0074335281
   -0.0073688764
   -0.0073032028
   -0.0072365199
   -0.0071688401
   -0.0071001761
   -0.0070305408
   -0.0069599470
   -0.0068884079
   -0.0068159365
   -0.0067425461
   -0.0066682501
   -0.0065930621
   -0.0065169956
   -0.0064400643
   -0.0063622820
   -0.0062836627
   -0.0062042204
   -0.0061239692
   -0.0060429232
   -0.0059610968
   -0.0058785044
   -0.0057951603
   -0.0057110793
   -0.0056262759
   -0.0055407649
   -0.0054545610
   -0.0053676791
   -0.0052801342
   -0.0051919413
   -0.0051031154
   -0.0050136717
   -0.0049236254
   -0.0048329918
   -0.0047417863
   -0.0046500242
   -0.0045577209
   -0.0044648919
   -0.0043715529
   -0.0042777193
   -0.0041834068
   -0.0040886310
   -0.0039934078
   -0.0038977528
   -0.0038016818
   -0.0037052106
   -0.0036083550
   -0.0035111310
   -0.0034135544
   -0.0033156411
   -0.0032174071
   -0.0031188684
   -0.0030200407
   -0.0029209403
   -0.0028215829
   -0.0027219847
   -0.0026221617
   -0.0025221297
   -0.0024219049
   -0.0023215031
   -0.0022209405
   -0.0021202330
   -0.0020193965
   -0.0019184470
   -0.0018174005
   -0.0017162729
   -0.0016150801
   -0.0015138380
   -0.0014125624
   -0.0013112692
   -0.0012099742
   -0.0011086932
   -0.0010074418
  -0.00090623593
  -0.00080509111
  -0.00070402300
  -0.00060304718
  -0.00050217920
  -0.00040143454
  -0.00030082865
  -0.00020037692
  -0.00010009468
   2.7827534e-09
   9.9900250e-05
   0.00019958256
   0.00029903462
   0.00039824139
   0.00049718792
   0.00059585929
   0.00069424070
   0.00079231738
   0.00089007467
   0.00098749796
    0.0010845727
    0.0011812846
    0.0012776191
    0.0013735621
    0.0014690994
    0.0015642168
    0.0016589004
    0.0017531363
    0.0018469106
    0.0019402097
    0.0020330200
    0.0021253279
    0.0022171201
    0.0023083833
    0.0023991041
    0.0024892697
    0.0025788670
    0.0026678831
    0.0027563054
    0.0028441211
    0.0029313177
    0.0030178830
    0.0031038045
    0.0031890702
    0.0032736681
    0.0033575861
    0.0034408127
    0.0035233360
    0.0036051447
    0.0036862273
    0.0037665725
    0.0038461694
    0.0039250068
    0.0040030740
    0.0040803603
    0.0041568550
    0.0042325479
    0.0043074286
    0.0043814869
    0.0044547130
    0.0045270969
    0.0045986291
    0.0046692999
    0.0047390999
    0.0048080200
    0.0048760510
    0.0049431840
    0.0050094103
    0.0050747212
    0.0051391083
    0.0052025632
    0.0052650779
    0.0053266443
    0.0053872547
    0.0054469013
    0.0055055767
    0.0055632735
    0.0056199846
    0.0056757030
    0.0057304218
    0.0057841343
    0.0058368341
    0.0058885149
    0.0059391704
    0.0059887947
    0.0060373819
    0.0060849264
    0.0061314227
    0.0061768655
    0.0062212496
    0.0062645701
    0.0063068222
    0.0063480013
    0.0063881029
    0.0064271228
    0.0064650568
    0.0065019011
    0.0065376518
    0.0065723055
    0.0066058587
    0.0066383082
    0.0066696510
    0.0066998841
    0.0067290050
    0.0067570111
    0.0067839000
    0.0068096696
    0.0068343179
    0.0068578431
    0.0068802437
    0.0069015180
    0.0069216649
    0.0069406832
    0.0069585721
    0.0069753307
    0.0069909586
    0.0070054552
    0.0070188205
    0.0070310542
    0.0070421567
    0.0070521281
    0.0070609690
    0.0070686800
    0.0070752619
    0.0070807158
    0.0070850428
    0.0070882442
    0.0070903215
    0.0070912765
    0.0070911110
    0.0070898270
    0.0070874268
    0.0070839126
    0.0070792871
    0.0070735528
    0.0070667128
    0.0070587699
    0.0070497275
    0.0070395888
    0.0070283575
    0.0070160371
    0.0070026315
    0.0069881448
    0.0069725811
    0.0069559448
    0.0069382403
    0.0069194722
    0.0068996455
    0.0068787649
    0.0068568358
    0.0068338632
    0.0068098527
    0.0067848097
    0.0067587401
    0.0067316497
    0.0067035445
    0.0066744306
    0.0066443144
    0.0066132023
    0.0065811009
    0.0065480170
    0.0065139574
    0.0064789292
    0.0064429395
    0.0064059955
    0.0063681047
    0.0063292748
    0.0062895132
    0.0062488280
    0.0062072270
    0.0061647183
    0.0061213102
    0.0060770108
    0.0060318288
    0.0059857727
    0.0059388512
    0.0058910731
    0.0058424473
    0.0057929829
    0.0057426891
    0.0056915751
    0.0056396503
    0.0055869243
    0.0055334065
    0.0054791069
    0.0054240351
    0.0053682011
    0.0053116149
    0.0052542866
    0.0051962265
    0.0051374449
    0.0050779522
    0.0050177588
    0.0049568754
    0.0048953127
    0.0048330815
    0.0047701925
    0.0047066568
    0.0046424854
    0.0045776893
    0.0045122797
    0.0044462680
    0.0043796654
    0.0043124833
    0.0042447333
    0.0041764268
    0.0041075755
    0.0040381910
    0.0039682851
    0.0038978697
    0.0038269564
    0.0037555574
    0.0036836845
    0.0036113498
    0.0035385653
    0.0034653432
    0.0033916957
    0.0033176350
    0.0032431733
    0.0031683230
    0.0030930964
    0.0030175060
    0.0029415640
    0.0028652830
    0.0027886755
    0.0027117541
    0.0026345311
    0.0025570193
    0.0024792312
    0.0024011794
    0.0023228766
    0.0022443355
    0.0021655687
    0.0020865889
    0.0020074088
    0.0019280412
    0.0018484987
    0.0017687941
    0.0016889401
    0.0016089495
    0.0015288350
    0.0014486093
    0.0013682851
    0.0012878753
    0.0012073925
    0.0011268494
    0.0010462587
   0.00096563313
   0.00088498535
   0.00080432801
   0.00072367375
   0.00064303518
   0.00056242489
   0.00048185547
   0.00040133944
   0.00032088933
   0.00024051762
   0.00016023675
   8.0059159e-05
  -2.7827534e-09
  -7.9936728e-05
  -0.00015973037
  -0.00023937144
  -0.00031884773
  -0.00039814705
  -0.00047725728
  -0.00055616633
  -0.00063486217
  -0.00071333283
  -0.00079156638
  -0.00086955094
  -0.00094727472
   -0.0010247259
   -0.0011018929
   -0.0011787641
   -0.0012553278
   -0.0013315725
   -0.0014074869
   -0.0014830596
   -0.0015582792
   -0.0016331346
   -0.0017076146
   -0.0017817082
   -0.0018554043
   -0.0019286921
   -0.0020015607
   -0.0020739993
   -0.0021459973
   -0.0022175441
   -0.0022886292
   -0.0023592422
   -0.0024293728
   -0.0024990107
   -0.0025681458
   -0.0026367682
   -0.0027048677
   -0.0027724346
   -0.0028394592
   -0.0029059317
   -0.0029718426
   -0.0030371825
   -0.0031019420
   -0.0031661119
   -0.0032296830
   -0.0032926464
   -0.0033549930
   -0.0034167141
   -0.0034778010
   -0.0035382451
   -0.0035980379
   -0.0036571710
   -0.0037156362
   -0.0037734254
   -0.0038305305
   -0.0038869438
   -0.0039426572
   -0.0039976634
   -0.0040519546
   -0.0041055235
   -0.0041583628
   -0.0042104654
   -0.0042618241
   -0.0043124322
   -0.0043622827
   -0.0044113691
   -0.0044596848
   -0.0045072235
   -0.0045539788
   -0.0045999446
   -0.0046451150
   -0.0046894840
   -0.0047330459
   -0.0047757951
   -0.0048177261
   -0.0048588337
   -0.0048991126
   -0.0049385577
   -0.0049771642
   -0.0050149272
   -0.0050518421
   -0.0050879043
   -0.0051231096
   -0.0051574537
   -0.0051909325
   -0.0052235420
   -0.0052552785
   -0.0052861382
   -0.0053161177
   -0.0053452136
   -0.0053734226
   -0.0054007416
   -0.0054271678
   -0.0054526982
   -0.0054773302
   -0.0055010612
   -0.0055238890
   -0.0055458113
   -0.0055668259
   -0.0055869309
   -0.0056061246
   -0.0056244053
   -0.0056417714
   -0.0056582216
   -0.0056737546
   -0.0056883695
   -0.0057020651
   -0.0057148409
   -0.0057266960
   -0.0057376301
   -0.0057476427
   -0.0057567336
   -0.0057649028
   -0.0057721504
   -0.0057784765
   -0.0057838815
   -0.0057883659
   -0.0057919303
   -0.0057945757
   -0.0057963028
   -0.0057971127
   -0.0057970067
   -0.0057959861
   -0.0057940524
   -0.0057912072
   -0.0057874523
   -0.0057827897
   -0.0057772213
   -0.0057707493
   -0.0057633762
   -0.0057551043
   -0.0057459362
   -0.0057358747
   -0.0057249226
   -0.0057130830
   -0.0057003590
   -0.0056867539
   -0.0056722710
   -0.0056569138
   -0.0056406862
   -0.0056235918
   -0.0056056346
   -0.0055868187
   -0.0055671481
   -0.0055466273
   -0.0055252607
   -0.0055030528
   -0.0054800084
   -0.0054561321
   -0.0054314291
   -0.0054059042
   -0.0053795627
   -0.0053524099
   -0.0053244513
   -0.0052956922
   -0.0052661385
   -0.0052357957
   -0.0052046700
   -0.0051727671
   -0.0051400932
   -0.0051066546
   -0.0050724576
   -0.0050375086
   -0.0050018141
   -0.0049653808
   -0.0049282155
   -0.0048903250
   -0.0048517163
   -0.0048123964
   -0.0047723726
   -0.0047316520
   -0.0046902421
   -0.0046481503
   -0.0046053842
   -0.0045619515
   -0.0045178598
   -0.0044731170
   -0.0044277311
   -0.0043817100
   -0.0043350619
   -0.0042877950
   -0.0042399175
   -0.0041914378
   -0.0041423644
   -0.0040927058
   -0.0040424705
   -0.0039916672
   -0.0039403048
   -0.0038883921
   -0.0038359379
   -0.0037829512
   -0.0037294411
   -0.0036754167
   -0.0036208872
   -0.0035658619
   -0.0035103500
   -0.0034543609
   -0.0033979041
   -0.0033409891
   -0.0032836255
   -0.0032258228
   -0.0031675907
   -0.0031089390
   -0.0030498774
   -0.0029904158
   -0.0029305640
   -0.0028703320
   -0.0028097297
   -0.0027487671
   -0.0026874544
   -0.0026258015
   -0.0025638187
   -0.0025015162
   -0.0024389040
   -0.0023759925
   -0.0023127919
   -0.0022493126
   -0.0021855649
   -0.0021215592
   -0.0020573058
   -0.0019928151
   -0.0019280977
   -0.0018631639
   -0.0017980243
   -0.0017326894
   -0.0016671696
   -0.0016014755
   -0.0015356176
   -0.0014696065
   -0.0014034528
   -0.0013371670
   -0.0012707597
   -0.0012042415
   -0.0011376230
   -0.0010709147
   -0.0010041273
  -0.00093727129
  -0.00087035731
  -0.00080339592
  -0.00073639769
  -0.00066937318
  -0.00060233295
  -0.00053528753
  -0.00046824746
  -0.00040122323
  -0.00033422536
  -0.00026726431
  -0.00020035055
  -0.00013349451
  -6.6706601e-05
   2.7827534e-09
