   4.5720961e-08
   -0.0013201767
   -0.0025591547
   -0.0036388796
   -0.0044912509
   -0.0050623719
   -0.0053159571
   -0.0052356371
   -0.0048260146
   -0.0041124030
   -0.0031392627
   -0.0019674314
  -0.00067032100
   0.00067068104
    0.0019713182
    0.0031497585
    0.0041317427
    0.0048552635
    0.0052744809
    0.0053626255
    0.0051137081
    0.0045429237
    0.0036857252
    0.0025956215
    0.0013408378
   4.5720961e-08
   -0.0013425685
   -0.0026025898
   -0.0037006818
   -0.0045675812
   -0.0051484669
   -0.0054064261
   -0.0053247997
   -0.0049082572
   -0.0041825321
   -0.0031928331
   -0.0020010275
  -0.00068177479
   0.00068215037
    0.0020050513
    0.0032036933
    0.0042025407
    0.0049385160
    0.0053649834
    0.0054547035
    0.0052015723
    0.0046210341
    0.0037491404
    0.0026403113
    0.0013639390
   4.5720961e-08
   -0.0013657329
   -0.0026475247
   -0.0037646195
   -0.0046465509
   -0.0052375409
   -0.0055000277
   -0.0054170518
   -0.0049933514
   -0.0042550946
   -0.0032482636
   -0.0020357910
  -0.00069362683
   0.00069401877
    0.0020399589
    0.0032595075
    0.0042758073
    0.0050246733
    0.0054586460
    0.0055499988
    0.0052925086
    0.0047018775
    0.0038147761
    0.0026865669
    0.0013878502
   4.5720961e-08
   -0.0013897108
   -0.0026940385
   -0.0038308054
   -0.0047282992
   -0.0053297514
   -0.0055969275
   -0.0055125568
   -0.0050814483
   -0.0043302194
   -0.0033056527
   -0.0020717837
  -0.00070589827
   0.00070630744
    0.0020761035
    0.0033173008
    0.0043516738
    0.0051138901
    0.0055556370
    0.0056486829
    0.0053866811
    0.0047856000
    0.0038827508
    0.0027344722
    0.0014126147
   4.5720961e-08
   -0.0014145456
   -0.0027422159
   -0.0038993601
   -0.0048129755
   -0.0054252669
   -0.0056973028
   -0.0056114898
   -0.0051727096
   -0.0044080445
   -0.0033651063
   -0.0021090720
  -0.00071861175
   0.00071903911
    0.0021135520
    0.0033771805
    0.0044302811
    0.0052063325
    0.0056561371
    0.0057509400
    0.0054842656
    0.0048723580
    0.0039531920
    0.0027841169
    0.0014382792
   4.5720961e-08
   -0.0014402841
   -0.0027921477
   -0.0039704132
   -0.0049007399
   -0.0055242684
   -0.0058013442
   -0.0057140388
   -0.0052673089
   -0.0044887183
   -0.0034267376
   -0.0021477273
  -0.00073179162
   0.00073223816
    0.0021523763
    0.0034392618
    0.0045117806
    0.0053021784
    0.0057603403
    0.0058569676
    0.0055854511
    0.0049623199
    0.0040262363
    0.0028355976
    0.0014648934
   4.5720961e-08
   -0.0014669766
   -0.0028439316
   -0.0040441037
   -0.0049917645
   -0.0056269502
   -0.0059092562
   -0.0058204057
   -0.0053654328
   -0.0045724001
   -0.0034906685
   -0.0021878260
  -0.00074546401
   0.00074593082
    0.0021926536
    0.0035036681
    0.0045963347
    0.0054016195
    0.0058684549
    0.0059669782
    0.0056904405
    0.0050556663
    0.0041020308
    0.0028890181
    0.0014925112
   4.5720961e-08
   -0.0014946772
   -0.0028976726
   -0.0041205814
   -0.0050862344
   -0.0057335215
   -0.0060212588
   -0.0059308078
   -0.0054672820
   -0.0046592612
   -0.0035570304
   -0.0022294504
  -0.00075965706
   0.00076014531
    0.0022344670
    0.0035705327
    0.0046841186
    0.0055048618
    0.0059807056
    0.0060812005
    0.0057994525
    0.0051525920
    0.0041807337
    0.0029444900
    0.0015211905
   4.5720961e-08
   -0.0015234439
   -0.0029534837
   -0.0042000073
   -0.0051843489
   -0.0058442076
   -0.0061375892
   -0.0060454791
   -0.0055730726
   -0.0047494865
   -0.0036259643
   -0.0022726895
  -0.00077440107
   0.00077491202
    0.0022779062
    0.0036399990
    0.0047753209
    0.0056121276
    0.0060973341
    0.0061998812
    0.0059127228
    0.0052533067
    0.0042625158
    0.0030021339
    0.0015509935
   4.5720961e-08
   -0.0015533397
   -0.0030114869
   -0.0042825552
   -0.0052863232
   -0.0059592513
   -0.0062585031
   -0.0061646721
   -0.0056830382
   -0.0048432751
   -0.0036976230
   -0.0023176391
  -0.00078972878
   0.00079026380
    0.0023230677
    0.0037122220
    0.0048701451
    0.0057236568
    0.0062186019
    0.0063232864
    0.0060305058
    0.0053580372
    0.0043475614
    0.0030620799
    0.0015819877
   4.5720961e-08
   -0.0015844322
   -0.0030718140
   -0.0043684130
   -0.0053923896
   -0.0060789152
   -0.0063842770
   -0.0062886597
   -0.0057974307
   -0.0049408425
   -0.0037721711
   -0.0023644025
  -0.00080567553
   0.00080623609
    0.0023700562
    0.0037873689
    0.0049688115
    0.0058397086
    0.0063447912
    0.0064517040
    0.0061530768
    0.0054670285
    0.0044360697
    0.0031244686
    0.0016142459
   4.5720961e-08
   -0.0016167949
   -0.0031346074
   -0.0044577839
   -0.0055027994
   -0.0062034835
   -0.0065152097
   -0.0064177371
   -0.0059165229
   -0.0050424217
   -0.0038497870
   -0.0024130920
  -0.00082227962
   0.00082286731
    0.0024189848
    0.0038656211
    0.0050715584
    0.0059605639
    0.0064762080
    0.0065854458
    0.0062807337
    0.0055805461
    0.0045282566
    0.0031894526
    0.0016478471
   4.5720961e-08
   -0.0016505072
   -0.0032000216
   -0.0045508878
   -0.0056178250
   -0.0063332638
   -0.0066516254
   -0.0065522243
   -0.0060406107
   -0.0051482654
   -0.0039306641
   -0.0024638289
  -0.00083958253
   0.00084019908
    0.0024699761
    0.0039471751
    0.0051786443
    0.0060865272
    0.0066131838
    0.0067248497
    0.0064137998
    0.0056988777
    0.0046243564
    0.0032571971
    0.0016828769
   4.5720961e-08
   -0.0016856552
   -0.0032682241
   -0.0046479638
   -0.0057377620
   -0.0064685902
   -0.0067938758
   -0.0066924686
   -0.0061700149
   -0.0052586478
   -0.0040150123
   -0.0025167453
  -0.00085762933
   0.00085827663
    0.0025231634
    0.0040322443
    0.0052903500
    0.0062179293
    0.0067560790
    0.0068702833
    0.0065526263
    0.0058223364
    0.0047246236
    0.0033278819
    0.0017194285
   4.5720961e-08
   -0.0017223327
   -0.0033393971
   -0.0047492715
   -0.0058629318
   -0.0066098261
   -0.0069423434
   -0.0068388479
   -0.0063050849
   -0.0053738674
   -0.0041030600
   -0.0025719846
  -0.00087646905
   0.00087714915
    0.0025786917
    0.0041210611
    0.0054069809
    0.0063551303
    0.0069052859
    0.0070221462
    0.0066975956
    0.0059512627
    0.0048293353
    0.0034017027
    0.0017576031
   4.5720961e-08
   -0.0017606418
   -0.0034137389
   -0.0048550938
   -0.0059936847
   -0.0067573672
   -0.0070974450
   -0.0069917736
   -0.0064462009
   -0.0054942490
   -0.0041950561
   -0.0026297032
  -0.00089615511
   0.00089687025
    0.0026367190
    0.0042138786
    0.0055288702
    0.0064985227
    0.0070612320
    0.0071808746
    0.0068491246
    0.0060860281
    0.0049387936
    0.0034788729
    0.0017975113
   4.5720961e-08
   -0.0018006938
   -0.0034914661
   -0.0049657394
   -0.0061304025
   -0.0069116453
   -0.0072596353
   -0.0071516951
   -0.0065937784
   -0.0056201477
   -0.0042912721
   -0.0026900719
  -0.00091674587
   0.00091749848
    0.0026974179
    0.0043109734
    0.0056563817
    0.0066485352
    0.0072243846
    0.0073469447
    0.0070076688
    0.0062270384
    0.0050533289
    0.0035596258
    0.0018392740
   4.5720961e-08
   -0.0018426105
   -0.0035728153
   -0.0050815456
   -0.0062735030
   -0.0070731327
   -0.0074294117
   -0.0073191035
   -0.0067482713
   -0.0057519517
   -0.0043920053
   -0.0027532775
  -0.00093830515
   0.00093909791
    0.0027609773
    0.0044126482
    0.0057899136
    0.0068056372
    0.0073952548
    0.0075208780
    0.0071737270
    0.0063747379
    0.0051733027
    0.0036442167
    0.0018830235
   4.5720961e-08
   -0.0018865250
   -0.0036580456
   -0.0052028823
   -0.0064234439
   -0.0072423467
   -0.0076073191
   -0.0074945372
   -0.0069101775
   -0.0058900862
   -0.0044975815
   -0.0028195247
  -0.00096090293
   0.00096173878
    0.0028276042
    0.0045192348
    0.0059299026
    0.0069703433
    0.0075744036
    0.0077032465
    0.0073478462
    0.0065296144
    0.0052991118
    0.0037329260
    0.0019289051
   4.5720961e-08
   -0.0019325838
   -0.0037474417
   -0.0053301552
   -0.0065807277
   -0.0074198556
   -0.0077939560
   -0.0076785875
   -0.0070800438
   -0.0060350187
   -0.0046083585
   -0.0028890386
  -0.00098461610
   0.00098549827
    0.0028975263
    0.0046310980
    0.0060768285
    0.0071432193
    0.0077624476
    0.0078946790
    0.0075306281
    0.0066922037
    0.0054311925
    0.0038260618
    0.0019770784
   4.5720961e-08
   -0.0019809479
   -0.0038413165
   -0.0054638108
   -0.0067459072
   -0.0076062844
   -0.0079899812
   -0.0078719052
   -0.0072584718
   -0.0061872636
   -0.0047247302
   -0.0029620668
   -0.0010095293
    0.0010104614
    0.0029709940
    0.0047486394
    0.0062312202
    0.0073248887
    0.0079600661
    0.0080958685
    0.0077227356
    0.0068630970
    0.0055700258
    0.0039239641
    0.0020277197
   4.5720961e-08
   -0.0020317947
   -0.0039400153
   -0.0056043418
   -0.0069195923
   -0.0078023231
   -0.0081961211
   -0.0080752083
   -0.0074461257
   -0.0063473888
   -0.0048471316
   -0.0030388828
   -0.0010357361
    0.0010367220
    0.0030482843
    0.0048723029
    0.0063936616
    0.0075160397
    0.0081680096
    0.0083075804
    0.0079249011
    0.0070429469
    0.0057161431
    0.0040270084
    0.0020810235
   4.5720961e-08
   -0.0020853205
   -0.0040439197
   -0.0057522926
   -0.0071024575
   -0.0080087341
   -0.0084131795
   -0.0082892910
   -0.0076437400
   -0.0065160221
   -0.0049760437
   -0.0031197891
   -0.0010633398
    0.0010643838
    0.0031297032
    0.0050025794
    0.0065647989
    0.0077174347
    0.0083871088
    0.0085306625
    0.0081379357
    0.0072324766
    0.0058701331
    0.0041356105
    0.0021372054
   4.5720961e-08
   -0.0021417427
   -0.0041534527
   -0.0059082667
   -0.0072952502
   -0.0082263631
   -0.0086420473
   -0.0085150340
   -0.0078521293
   -0.0066938604
   -0.0051120001
   -0.0032051213
   -0.0010924552
    0.0010935623
    0.0032155909
    0.0051400139
    0.0067453497
    0.0079299196
    0.0086182862
    0.0087660560
    0.0083627402
    0.0074324891
    0.0060326498
    0.0042502328
    0.0021965051
   4.5720961e-08
   -0.0022013030
   -0.0042690845
   -0.0060729350
   -0.0074988013
   -0.0084561502
   -0.0088837154
   -0.0087534166
   -0.0080721996
   -0.0068816783
   -0.0052555946
   -0.0032952529
   -0.0011232099
    0.0011243855
    0.0033063255
    0.0052852131
    0.0069361127
    0.0081544366
    0.0088625689
    0.0090148089
    0.0086003176
    0.0076438788
    0.0062044213
    0.0043713899
    0.0022591895
   4.5720961e-08
   -0.0022642706
   -0.0043913389
   -0.0062470454
   -0.0077140375
   -0.0086991434
   -0.0091392884
   -0.0090055309
   -0.0083049615
   -0.0070803402
   -0.0054074893
   -0.0033906004
   -0.0011557466
    0.0011569966
    0.0034023292
    0.0054388540
    0.0071379795
    0.0083920373
    0.0091211039
    0.0092780918
    0.0088517885
    0.0078676451
    0.0063862615
    0.0044996572
    0.0023255568
   4.5720961e-08
   -0.0023309465
   -0.0045208017
   -0.0064314338
   -0.0079419944
   -0.0089565150
   -0.0094100020
   -0.0092725986
   -0.0085515452
   -0.0072908132
   -0.0055684254
   -0.0034916302
   -0.0011902245
    0.0011915558
    0.0035040748
    0.0056016951
    0.0073519485
    0.0086438997
    0.0093951758
    0.0095572160
    0.0091184082
    0.0081049074
    0.0065790824
    0.0046356795
    0.0023959416
   4.5720961e-08
   -0.0024016683
   -0.0046581298
   -0.0066270380
   -0.0081838342
   -0.0092295799
   -0.0096972427
   -0.0095559907
   -0.0088132198
   -0.0075141828
   -0.0057392349
   -0.0035988656
   -0.0012268229
    0.0012282430
    0.0036120932
    0.0057745881
    0.0075791419
    0.0089113477
    0.0096862286
    0.0098536556
    0.0094015881
    0.0083569249
    0.0067839096
    0.0047801820
    0.0024707199
   4.5720961e-08
   -0.0024768158
   -0.0048040625
   -0.0068349135
   -0.0084408649
   -0.0095198187
    -0.010002572
   -0.0098572511
   -0.0090914143
   -0.0077516719
   -0.0059208551
   -0.0037128968
   -0.0012657435
    0.0012672611
    0.0037269830
    0.0059584933
    0.0078208247
    0.0091958741
    0.0099958909
     0.010169073
    0.0097029206
    0.0086251182
    0.0070019005
    0.0049339832
    0.0025503164
   4.5720961e-08
   -0.0025568177
   -0.0049594345
   -0.0070562525
   -0.0087145643
   -0.0098289042
    -0.010327753
    -0.010178125
   -0.0093877440
   -0.0080046628
   -0.0061143459
   -0.0038343907
   -0.0013072146
    0.0013088394
    0.0038494214
    0.0061544976
    0.0080784286
    0.0094991688
     0.010326006
     0.010505352
     0.010024209
    0.0089110961
    0.0072343662
    0.0050980106
    0.0026352123
   4.5720961e-08
   -0.0026421602
   -0.0051251923
   -0.0072924066
   -0.0090066082
    -0.010158734
    -0.010674788
    -0.010520592
   -0.0097040420
   -0.0082747247
   -0.0063209104
   -0.0039641048
   -0.0013514954
    0.0013532384
    0.0039801776
    0.0063638355
    0.0083535804
    0.0098231520
     0.010678671
     0.010864632
     0.010367503
    0.0092166884
    0.0074827979
    0.0052733191
    0.0027259550
   4.5720961e-08
   -0.0027333966
   -0.0053024134
   -0.0075449149
   -0.0093189047
    -0.010511468
    -0.011045956
    -0.010886907
    -0.010042397
   -0.0085636456
   -0.0065419199
   -0.0041029025
   -0.0013988815
    0.0014007554
    0.0041201291
    0.0065879155
    0.0086481364
     0.010170015
     0.011056276
     0.011249357
     0.010735145
    0.0095439847
    0.0077488991
    0.0054611139
    0.0028231701
   4.5720961e-08
   -0.0028311591
   -0.0054923293
   -0.0078155372
   -0.0096536364
    -0.010889579
    -0.011443865
    -0.011279653
    -0.010405200
   -0.0088734726
   -0.0067789447
   -0.0042517726
   -0.0014497113
    0.0014517307
    0.0042702811
    0.0068283518
    0.0089642244
     0.010542271
     0.011461565
     0.011662329
     0.011129819
    0.0098953823
    0.0080346242
    0.0056627784
    0.0029275756
   4.5720961e-08
   -0.0029361741
   -0.0056963549
   -0.0081062950
    -0.010013311
    -0.011295907
    -0.011871513
    -0.011701795
    -0.010795199
   -0.0092065598
   -0.0070337908
   -0.0044118528
   -0.0015043744
    0.0015065561
    0.0044317911
    0.0070870028
    0.0093042947
     0.010942814
     0.011897698
     0.012106777
     0.011554620
     0.010273645
    0.0083422273
    0.0058799079
    0.0030400000
   4.5720961e-08
   -0.0030492796
   -0.0059161232
   -0.0084195225
    -0.010400824
    -0.011733733
    -0.012332364
    -0.012156763
    -0.011215572
   -0.0095656288
   -0.0073085468
   -0.0045844588
   -0.0015633215
    0.0015656849
    0.0046059984
    0.0073660202
    0.0096711844
     0.011374996
     0.012368335
     0.012586444
     0.012013136
     0.010681977
    0.0086743210
    0.0061143524
    0.0031614040
   4.5720961e-08
   -0.0031714480
   -0.0061535295
   -0.0087579291
    -0.010819537
    -0.012206868
    -0.012830440
    -0.012648542
    -0.011670011
   -0.0099538431
   -0.0076056407
   -0.0047711207
   -0.0016270766
    0.0016296444
    0.0047944616
    0.0076679077
     0.010068196
     0.011842719
     0.012877740
     0.013105686
     0.012509546
     0.011124111
    0.0090339515
    0.0063682690
    0.0032929082
   4.5720961e-08
   -0.0033038141
   -0.0064107857
   -0.0091246779
    -0.011273378
    -0.012719762
    -0.013370442
    -0.013181785
    -0.012162831
    -0.010374901
   -0.0079279121
   -0.0049736283
   -0.0016962531
    0.0016990520
    0.0049990053
    0.0079955977
     0.010499199
     0.012350555
     0.013430908
     0.013669614
     0.013048750
     0.011604425
    0.0094246919
    0.0066441888
    0.0034358276
   4.5720961e-08
   -0.0034477104
   -0.0066904902
   -0.0095234853
    -0.011766960
    -0.013277647
    -0.013957895
    -0.013761969
    -0.012699111
    -0.010833155
   -0.0082787030
   -0.0051940887
   -0.0017715732
    0.0017746346
    0.0052217793
    0.0083525457
     0.010968753
     0.012903896
     0.014033732
     0.014284255
     0.013636531
     0.012128089
    0.0098507614
    0.0069451013
    0.0035917161
   4.5720961e-08
   -0.0036047120
   -0.0069957151
   -0.0099587466
    -0.012305741
    -0.013886714
    -0.014599343
    -0.014395576
    -0.013284862
    -0.011333762
   -0.0086619746
   -0.0054349999
   -0.0018538932
    0.0018572547
    0.0054653344
    0.0087428533
     0.011482273
     0.013509145
     0.014693212
     0.014956771
     0.014279763
     0.012701249
     0.010317178
    0.0072745634
    0.0037624230
   4.5720961e-08
   -0.0037766946
   -0.0073301202
    -0.010435700
    -0.012896229
    -0.014554346
    -0.015302587
    -0.015090343
    -0.013927263
    -0.011882877
   -0.0090824570
   -0.0056993461
   -0.0019442367
    0.0019479432
    0.0057327208
    0.0091714263
     0.012046237
     0.014173966
     0.015417730
     0.015695742
     0.014986682
     0.013331270
     0.010829959
    0.0076368405
    0.0039501664
   4.5720961e-08
   -0.0039659100
   -0.0076981001
    -0.010960636
    -0.013546242
    -0.015289414
    -0.016077010
    -0.015855573
    -0.014634948
    -0.012487910
   -0.0095458457
   -0.0059907215
   -0.0020438367
    0.0020479426
    0.0060276160
    0.0096441822
     0.012668461
     0.014907609
     0.016217405
     0.016511529
     0.015767237
     0.014027056
     0.011396378
    0.0080370921
    0.0041576308
   4.5720961e-08
   -0.0041750848
   -0.0081049786
    -0.011541180
    -0.014265258
    -0.016102682
    -0.016933993
    -0.016702558
    -0.015418402
    -0.013157860
    -0.010059061
   -0.0063134952
   -0.0021541926
    0.0021587645
    0.0063544955
     0.010168325
     0.013358466
     0.015721345
     0.017104572
     0.017416766
     0.016633568
     0.014799469
     0.012025315
    0.0084816193
    0.0043880957
   4.5720961e-08
   -0.0044075530
   -0.0085572676
    -0.012186662
    -0.015064881
    -0.017007328
    -0.017887484
    -0.017645140
    -0.016290483
    -0.013903769
    -0.010630597
   -0.0066730312
   -0.0022771462
    0.0022822662
    0.0067188612
     0.010752713
     0.014127965
     0.016629045
     0.018094420
     0.018427019
     0.017600635
     0.015661908
     0.012727726
    0.0089781989
    0.0046456105
   4.5720961e-08
   -0.0046674349
   -0.0090630186
    -0.012908622
    -0.015959472
    -0.018019669
    -0.018954756
    -0.018700471
    -0.017267129
    -0.014739331
    -0.011270992
   -0.0070759894
   -0.0024149852
    0.0024207560
    0.0071275537
     0.011408369
     0.014991534
     0.017647982
     0.019205872
     0.019561688
     0.018687093
     0.016631084
     0.013517286
    0.0095365421
    0.0049352343
   4.5720961e-08
   -0.0049598835
   -0.0096323062
    -0.013721510
    -0.016967016
    -0.019160156
    -0.020157470
    -0.019890068
    -0.018368348
    -0.015681741
    -0.011993489
   -0.0075307418
   -0.0025705870
    0.0025771385
    0.0075891855
     0.012149174
     0.015967547
     0.018799941
     0.020462801
     0.020845263
     0.019916506
     0.017728119
     0.014411284
     0.010168936
    0.0052633719
   4.5720961e-08
   -0.0052914295
    -0.010277906
    -0.014643657
    -0.018110347
    -0.020454762
    -0.021523152
    -0.021241295
    -0.019619596
    -0.016752896
    -0.012814958
   -0.0080479602
   -0.0027476215
    0.0027551208
    0.0081147554
     0.012992869
     0.017079496
     0.020112787
     0.021895771
     0.022309116
     0.021319076
     0.018980103
     0.015431910
     0.010891159
    0.0056382528
   4.5720961e-08
   -0.0056704749
    -0.011016264
    -0.015698677
    -0.019418900
    -0.021936992
    -0.023087335
    -0.022789494
    -0.021053776
    -0.017981112
    -0.013757232
   -0.0086414644
   -0.0029508446
    0.0029595100
    0.0087185350
     0.013962489
     0.018357903
     0.021622757
     0.023544550
     0.023994094
     0.022934157
     0.020422359
     0.016608121
     0.011723813
    0.0060706307
   4.5720961e-08
   -0.0061080149
    -0.011868919
    -0.016917521
    -0.020931278
    -0.023650820
    -0.024896687
    -0.024581120
    -0.022714167
    -0.019403666
    -0.014849073
   -0.0093294757
   -0.0031865315
    0.0031966539
    0.0094193852
     0.015088499
     0.019843173
     0.023377853
     0.025461859
     0.025954395
     0.024814005
     0.022101827
     0.017978425
     0.012694324
    0.0065748323
   4.5720961e-08
   -0.0066187222
    -0.012864637
    -0.018341558
    -0.022699124
    -0.025655129
    -0.027013753
    -0.026678484
    -0.024658871
    -0.021070646
    -0.016129162
    -0.010136520
   -0.0034631362
    0.0034751120
     0.010242762
     0.016412055
     0.021589934
     0.025443036
     0.027719117
     0.028263505
     0.027029539
     0.024082275
     0.019595187
     0.013840018
    0.0071703747
   4.5720961e-08
   -0.0072226243
    -0.014042721
    -0.020027366
    -0.024793141
    -0.028030605
    -0.029524325
    -0.029167148
    -0.026967752
    -0.023050967
    -0.017650778
    -0.011096414
   -0.0037923273
    0.0038067110
     0.011223873
     0.017990141
     0.023673907
     0.027908448
     0.030415530
     0.031023613
     0.029679493
     0.026452576
     0.021531467
     0.015213031
    0.0078845510
   4.5720961e-08
   -0.0079477918
    -0.015458322
    -0.022054431
    -0.027312772
    -0.030890872
    -0.032549358
    -0.032167882
    -0.029753675
    -0.025442143
    -0.019489397
    -0.012257122
   -0.0041906763
    0.0042082675
     0.012412847
     0.019903990
     0.026203173
     0.030902919
     0.033693066
     0.034381146
     0.032905523
     0.029340409
     0.023892369
     0.016888471
    0.0087567310
   4.5720961e-08
   -0.0088348271
    -0.017191322
    -0.024538042
    -0.030402455
    -0.034401200
    -0.036265039
    -0.035856859
    -0.033181516
    -0.028386832
    -0.021755601
    -0.013689024
   -0.0046825344
    0.0047045308
     0.013883569
     0.022273517
     0.029337528
     0.034617215
     0.037762278
     0.038553615
     0.036918390
     0.032936044
     0.026834775
     0.018978623
    0.0098458711
   4.5720961e-08
   -0.0099447355
    -0.019361949
    -0.027652010
    -0.034280322
    -0.038811612
    -0.040938369
    -0.040501529
    -0.037502023
    -0.032102382
    -0.024618175
    -0.015499736
   -0.0053052058
    0.0053334849
     0.015749646
     0.025283456
     0.033323609
     0.039346345
     0.042949405
     0.043878700
     0.042045942
     0.037536047
     0.030603700
     0.021659214
     0.011244426
   4.5720961e-08
    -0.011373583
    -0.022159924
    -0.031671203
    -0.039292069
    -0.044519204
    -0.046994341
    -0.046528540
    -0.043116096
    -0.036937074
    -0.028348196
    -0.017862494
   -0.0061188807
    0.0061565605
     0.018195250
     0.029234002
     0.038563175
     0.045572036
     0.049788484
     0.050910542
     0.048827544
     0.043629557
     0.035604299
     0.025221578
     0.013106079
   4.5720961e-08
    -0.013281910
    -0.025903161
    -0.037057468
    -0.046020167
    -0.052194931
    -0.055153081
    -0.054662899
    -0.050706954
    -0.043486195
    -0.033410368
    -0.021075165
   -0.0072273653
    0.0072800288
     0.021539972
     0.034647713
     0.045757802
     0.054138211
     0.059218123
     0.060626294
     0.058217453
     0.052084892
     0.042558257
     0.030186448
     0.015706482
   4.5720961e-08
    -0.015959723
    -0.031168040
    -0.044651218
    -0.055528471
    -0.063068878
    -0.066739864
    -0.066244020
    -0.061541769
    -0.052858214
    -0.040673483
    -0.025696902
   -0.0088263299
    0.0089050453
     0.026391327
     0.042522202
     0.056252718
     0.066670209
     0.073054135
     0.074924948
     0.072078748
     0.064605293
     0.052887923
     0.037585078
     0.019594214
   4.5720961e-08
    -0.019989968
    -0.039119081
    -0.056159272
    -0.069989017
    -0.079665955
    -0.084489828
    -0.084051550
    -0.078265071
    -0.067379693
    -0.051971662
    -0.032915122
    -0.011333797
     0.011463979
     0.034063237
     0.055028743
     0.072994607
     0.086751603
     0.095326740
     0.098049930
     0.094603353
     0.085049999
     0.069839170
     0.049788012
     0.026039665
   4.5720961e-08
    -0.026743350
    -0.052516040
    -0.075659031
    -0.094633045
     -0.10811809
     -0.11510209
     -0.11495285
     -0.10746845
    -0.092902293
    -0.071960749
    -0.045772574
    -0.015831318
     0.016086570
     0.048023597
     0.077957401
      0.10392454
      0.12414454
      0.13713672
      0.14182222
      0.13760487
      0.12442499
      0.10278216
     0.073724537
     0.038804185
   4.5720961e-08
    -0.040387939
    -0.079868165
     -0.11590321
     -0.14606406
     -0.16818370
     -0.18050100
     -0.18178590
     -0.17143775
     -0.14955001
     -0.11693619
    -0.075113941
    -0.026246628
     0.026955905
     0.081373347
      0.13364129
      0.18033966
      0.21819346
      0.24427478
      0.25619498
      0.25227558
      0.23168789
      0.19455191
      0.14198796
     0.076115859
   4.5720961e-08
    -0.082458755
     -0.16668143
     -0.24761145
     -0.31994988
     -0.37841334
     -0.41800232
     -0.43426631
     -0.42355206
     -0.38322187
     -0.31182979
     -0.20924590
    -0.076720827
     0.083114134
      0.26631287
      0.46774459
      0.68128324
      0.90004807
       1.1166848
       1.3236740
       1.5136534
       1.6797370
       1.8158176
       1.9168370
       1.9790112
       2.0000000
       1.9790112
       1.9168370
       1.8158176
       1.6797370
       1.5136534
       1.3236740
       1.1166848
      0.90004807
      0.68128324
      0.46774459
      0.26631287
     0.083114134
    -0.076720827
     -0.20924590
     -0.31182979
     -0.38322187
     -0.42355206
     -0.43426631
     -0.41800232
     -0.37841334
     -0.31994988
     -0.24761145
     -0.16668143
    -0.082458755
   4.5720961e-08
     0.076115859
      0.14198796
      0.19455191
      0.23168789
      0.25227558
      0.25619498
      0.24427478
      0.21819346
      0.18033966
      0.13364129
     0.081373347
     0.026955905
    -0.026246628
    -0.075113941
     -0.11693619
     -0.14955001
     -0.17143775
     -0.18178590
     -0.18050100
     -0.16818370
     -0.14606406
     -0.11590321
    -0.079868165
    -0.040387939
   4.5720961e-08
     0.038804185
     0.073724537
      0.10278216
      0.12442499
      0.13760487
      0.14182222
      0.13713672
      0.12414454
      0.10392454
     0.077957401
     0.048023597
     0.016086570
    -0.015831318
    -0.045772574
    -0.071960749
    -0.092902293
     -0.10746845
     -0.11495285
     -0.11510209
     -0.10811809
    -0.094633045
    -0.075659031
    -0.052516040
    -0.026743350
   4.5720961e-08
     0.026039665
     0.049788012
     0.069839170
     0.085049999
     0.094603353
     0.098049930
     0.095326740
     0.086751603
     0.072994607
     0.055028743
     0.034063237
     0.011463979
    -0.011333797
    -0.032915122
    -0.051971662
    -0.067379693
    -0.078265071
    -0.084051550
    -0.084489828
    -0.079665955
    -0.069989017
    -0.056159272
    -0.039119081
    -0.019989968
   4.5720961e-08
     0.019594214
     0.037585078
     0.052887923
     0.064605293
     0.072078748
     0.074924948
     0.073054135
     0.066670209
     0.056252718
     0.042522202
     0.026391327
    0.0089050453
   -0.0088263299
    -0.025696902
    -0.040673483
    -0.052858214
    -0.061541769
    -0.066244020
    -0.066739864
    -0.063068878
    -0.055528471
    -0.044651218
    -0.031168040
    -0.015959723
   4.5720961e-08
     0.015706482
     0.030186448
     0.042558257
     0.052084892
     0.058217453
     0.060626294
     0.059218123
     0.054138211
     0.045757802
     0.034647713
     0.021539972
    0.0072800288
   -0.0072273653
    -0.021075165
    -0.033410368
    -0.043486195
    -0.050706954
    -0.054662899
    -0.055153081
    -0.052194931
    -0.046020167
    -0.037057468
    -0.025903161
    -0.013281910
   4.5720961e-08
     0.013106079
     0.025221578
     0.035604299
     0.043629557
     0.048827544
     0.050910542
     0.049788484
     0.045572036
     0.038563175
     0.029234002
     0.018195250
    0.0061565605
   -0.0061188807
    -0.017862494
    -0.028348196
    -0.036937074
    -0.043116096
    -0.046528540
    -0.046994341
    -0.044519204
    -0.039292069
    -0.031671203
    -0.022159924
    -0.011373583
   4.5720961e-08
     0.011244426
     0.021659214
     0.030603700
     0.037536047
     0.042045942
     0.043878700
     0.042949405
     0.039346345
     0.033323609
     0.025283456
     0.015749646
    0.0053334849
   -0.0053052058
    -0.015499736
    -0.024618175
    -0.032102382
    -0.037502023
    -0.040501529
    -0.040938369
    -0.038811612
    -0.034280322
    -0.027652010
    -0.019361949
   -0.0099447355
   4.5720961e-08
    0.0098458711
     0.018978623
     0.026834775
     0.032936044
     0.036918390
     0.038553615
     0.037762278
     0.034617215
     0.029337528
     0.022273517
     0.013883569
    0.0047045308
   -0.0046825344
    -0.013689024
    -0.021755601
    -0.028386832
    -0.033181516
    -0.035856859
    -0.036265039
    -0.034401200
    -0.030402455
    -0.024538042
    -0.017191322
   -0.0088348271
   4.5720961e-08
    0.0087567310
     0.016888471
     0.023892369
     0.029340409
     0.032905523
     0.034381146
     0.033693066
     0.030902919
     0.026203173
     0.019903990
     0.012412847
    0.0042082675
   -0.0041906763
    -0.012257122
    -0.019489397
    -0.025442143
    -0.029753675
    -0.032167882
    -0.032549358
    -0.030890872
    -0.027312772
    -0.022054431
    -0.015458322
   -0.0079477918
   4.5720961e-08
    0.0078845510
     0.015213031
     0.021531467
     0.026452576
     0.029679493
     0.031023613
     0.030415530
     0.027908448
     0.023673907
     0.017990141
     0.011223873
    0.0038067110
   -0.0037923273
    -0.011096414
    -0.017650778
    -0.023050967
    -0.026967752
    -0.029167148
    -0.029524325
    -0.028030605
    -0.024793141
    -0.020027366
    -0.014042721
   -0.0072226243
   4.5720961e-08
    0.0071703747
     0.013840018
     0.019595187
     0.024082275
     0.027029539
     0.028263505
     0.027719117
     0.025443036
     0.021589934
     0.016412055
     0.010242762
    0.0034751120
   -0.0034631362
    -0.010136520
    -0.016129162
    -0.021070646
    -0.024658871
    -0.026678484
    -0.027013753
    -0.025655129
    -0.022699124
    -0.018341558
    -0.012864637
   -0.0066187222
   4.5720961e-08
    0.0065748323
     0.012694324
     0.017978425
     0.022101827
     0.024814005
     0.025954395
     0.025461859
     0.023377853
     0.019843173
     0.015088499
    0.0094193852
    0.0031966539
   -0.0031865315
   -0.0093294757
    -0.014849073
    -0.019403666
    -0.022714167
    -0.024581120
    -0.024896687
    -0.023650820
    -0.020931278
    -0.016917521
    -0.011868919
   -0.0061080149
   4.5720961e-08
    0.0060706307
     0.011723813
     0.016608121
     0.020422359
     0.022934157
     0.023994094
     0.023544550
     0.021622757
     0.018357903
     0.013962489
    0.0087185350
    0.0029595100
   -0.0029508446
   -0.0086414644
    -0.013757232
    -0.017981112
    -0.021053776
    -0.022789494
    -0.023087335
    -0.021936992
    -0.019418900
    -0.015698677
    -0.011016264
   -0.0056704749
   4.5720961e-08
    0.0056382528
     0.010891159
     0.015431910
     0.018980103
     0.021319076
     0.022309116
     0.021895771
     0.020112787
     0.017079496
     0.012992869
    0.0081147554
    0.0027551208
   -0.0027476215
   -0.0080479602
    -0.012814958
    -0.016752896
    -0.019619596
    -0.021241295
    -0.021523152
    -0.020454762
    -0.018110347
    -0.014643657
    -0.010277906
   -0.0052914295
   4.5720961e-08
    0.0052633719
     0.010168936
     0.014411284
     0.017728119
     0.019916506
     0.020845263
     0.020462801
     0.018799941
     0.015967547
     0.012149174
    0.0075891855
    0.0025771385
   -0.0025705870
   -0.0075307418
    -0.011993489
    -0.015681741
    -0.018368348
    -0.019890068
    -0.020157470
    -0.019160156
    -0.016967016
    -0.013721510
   -0.0096323062
   -0.0049598835
   4.5720961e-08
    0.0049352343
    0.0095365421
     0.013517286
     0.016631084
     0.018687093
     0.019561688
     0.019205872
     0.017647982
     0.014991534
     0.011408369
    0.0071275537
    0.0024207560
   -0.0024149852
   -0.0070759894
    -0.011270992
    -0.014739331
    -0.017267129
    -0.018700471
    -0.018954756
    -0.018019669
    -0.015959472
    -0.012908622
   -0.0090630186
   -0.0046674349
   4.5720961e-08
    0.0046456105
    0.0089781989
     0.012727726
     0.015661908
     0.017600635
     0.018427019
     0.018094420
     0.016629045
     0.014127965
     0.010752713
    0.0067188612
    0.0022822662
   -0.0022771462
   -0.0066730312
    -0.010630597
    -0.013903769
    -0.016290483
    -0.017645140
    -0.017887484
    -0.017007328
    -0.015064881
    -0.012186662
   -0.0085572676
   -0.0044075530
   4.5720961e-08
    0.0043880957
    0.0084816193
     0.012025315
     0.014799469
     0.016633568
     0.017416766
     0.017104572
     0.015721345
     0.013358466
     0.010168325
    0.0063544955
    0.0021587645
   -0.0021541926
   -0.0063134952
    -0.010059061
    -0.013157860
    -0.015418402
    -0.016702558
    -0.016933993
    -0.016102682
    -0.014265258
    -0.011541180
   -0.0081049786
   -0.0041750848
   4.5720961e-08
    0.0041576308
    0.0080370921
     0.011396378
     0.014027056
     0.015767237
     0.016511529
     0.016217405
     0.014907609
     0.012668461
    0.0096441822
    0.0060276160
    0.0020479426
   -0.0020438367
   -0.0059907215
   -0.0095458457
    -0.012487910
    -0.014634948
    -0.015855573
    -0.016077010
    -0.015289414
    -0.013546242
    -0.010960636
   -0.0076981001
   -0.0039659100
   4.5720961e-08
    0.0039501664
    0.0076368405
     0.010829959
     0.013331270
     0.014986682
     0.015695742
     0.015417730
     0.014173966
     0.012046237
    0.0091714263
    0.0057327208
    0.0019479432
   -0.0019442367
   -0.0056993461
   -0.0090824570
    -0.011882877
    -0.013927263
    -0.015090343
    -0.015302587
    -0.014554346
    -0.012896229
    -0.010435700
   -0.0073301202
   -0.0037766946
   4.5720961e-08
    0.0037624230
    0.0072745634
     0.010317178
     0.012701249
     0.014279763
     0.014956771
     0.014693212
     0.013509145
     0.011482273
    0.0087428533
    0.0054653344
    0.0018572547
   -0.0018538932
   -0.0054349999
   -0.0086619746
    -0.011333762
    -0.013284862
    -0.014395576
    -0.014599343
    -0.013886714
    -0.012305741
   -0.0099587466
   -0.0069957151
   -0.0036047120
   4.5720961e-08
    0.0035917161
    0.0069451013
    0.0098507614
     0.012128089
     0.013636531
     0.014284255
     0.014033732
     0.012903896
     0.010968753
    0.0083525457
    0.0052217793
    0.0017746346
   -0.0017715732
   -0.0051940887
   -0.0082787030
    -0.010833155
    -0.012699111
    -0.013761969
    -0.013957895
    -0.013277647
    -0.011766960
   -0.0095234853
   -0.0066904902
   -0.0034477104
   4.5720961e-08
    0.0034358276
    0.0066441888
    0.0094246919
     0.011604425
     0.013048750
     0.013669614
     0.013430908
     0.012350555
     0.010499199
    0.0079955977
    0.0049990053
    0.0016990520
   -0.0016962531
   -0.0049736283
   -0.0079279121
    -0.010374901
    -0.012162831
    -0.013181785
    -0.013370442
    -0.012719762
    -0.011273378
   -0.0091246779
   -0.0064107857
   -0.0033038141
   4.5720961e-08
    0.0032929082
    0.0063682690
    0.0090339515
     0.011124111
     0.012509546
     0.013105686
     0.012877740
     0.011842719
     0.010068196
    0.0076679077
    0.0047944616
    0.0016296444
   -0.0016270766
   -0.0047711207
   -0.0076056407
   -0.0099538431
    -0.011670011
    -0.012648542
    -0.012830440
    -0.012206868
    -0.010819537
   -0.0087579291
   -0.0061535295
   -0.0031714480
   4.5720961e-08
    0.0031614040
    0.0061143524
    0.0086743210
     0.010681977
     0.012013136
     0.012586444
     0.012368335
     0.011374996
    0.0096711844
    0.0073660202
    0.0046059984
    0.0015656849
   -0.0015633215
   -0.0045844588
   -0.0073085468
   -0.0095656288
    -0.011215572
    -0.012156763
    -0.012332364
    -0.011733733
    -0.010400824
   -0.0084195225
   -0.0059161232
   -0.0030492796
   4.5720961e-08
    0.0030400000
    0.0058799079
    0.0083422273
     0.010273645
     0.011554620
     0.012106777
     0.011897698
     0.010942814
    0.0093042947
    0.0070870028
    0.0044317911
    0.0015065561
   -0.0015043744
   -0.0044118528
   -0.0070337908
   -0.0092065598
    -0.010795199
    -0.011701795
    -0.011871513
    -0.011295907
    -0.010013311
   -0.0081062950
   -0.0056963549
   -0.0029361741
   4.5720961e-08
    0.0029275756
    0.0056627784
    0.0080346242
    0.0098953823
     0.011129819
     0.011662329
     0.011461565
     0.010542271
    0.0089642244
    0.0068283518
    0.0042702811
    0.0014517307
   -0.0014497113
   -0.0042517726
   -0.0067789447
   -0.0088734726
    -0.010405200
    -0.011279653
    -0.011443865
    -0.010889579
   -0.0096536364
   -0.0078155372
   -0.0054923293
   -0.0028311591
   4.5720961e-08
    0.0028231701
    0.0054611139
    0.0077488991
    0.0095439847
     0.010735145
     0.011249357
     0.011056276
     0.010170015
    0.0086481364
    0.0065879155
    0.0041201291
    0.0014007554
   -0.0013988815
   -0.0041029025
   -0.0065419199
   -0.0085636456
    -0.010042397
    -0.010886907
    -0.011045956
    -0.010511468
   -0.0093189047
   -0.0075449149
   -0.0053024134
   -0.0027333966
   4.5720961e-08
    0.0027259550
    0.0052733191
    0.0074827979
    0.0092166884
     0.010367503
     0.010864632
     0.010678671
    0.0098231520
    0.0083535804
    0.0063638355
    0.0039801776
    0.0013532384
   -0.0013514954
   -0.0039641048
   -0.0063209104
   -0.0082747247
   -0.0097040420
    -0.010520592
    -0.010674788
    -0.010158734
   -0.0090066082
   -0.0072924066
   -0.0051251923
   -0.0026421602
   4.5720961e-08
    0.0026352123
    0.0050980106
    0.0072343662
    0.0089110961
     0.010024209
     0.010505352
     0.010326006
    0.0094991688
    0.0080784286
    0.0061544976
    0.0038494214
    0.0013088394
   -0.0013072146
   -0.0038343907
   -0.0061143459
   -0.0080046628
   -0.0093877440
    -0.010178125
    -0.010327753
   -0.0098289042
   -0.0087145643
   -0.0070562525
   -0.0049594345
   -0.0025568177
   4.5720961e-08
    0.0025503164
    0.0049339832
    0.0070019005
    0.0086251182
    0.0097029206
     0.010169073
    0.0099958909
    0.0091958741
    0.0078208247
    0.0059584933
    0.0037269830
    0.0012672611
   -0.0012657435
   -0.0037128968
   -0.0059208551
   -0.0077516719
   -0.0090914143
   -0.0098572511
    -0.010002572
   -0.0095198187
   -0.0084408649
   -0.0068349135
   -0.0048040625
   -0.0024768158
   4.5720961e-08
    0.0024707199
    0.0047801820
    0.0067839096
    0.0083569249
    0.0094015881
    0.0098536556
    0.0096862286
    0.0089113477
    0.0075791419
    0.0057745881
    0.0036120932
    0.0012282430
   -0.0012268229
   -0.0035988656
   -0.0057392349
   -0.0075141828
   -0.0088132198
   -0.0095559907
   -0.0096972427
   -0.0092295799
   -0.0081838342
   -0.0066270380
   -0.0046581298
   -0.0024016683
   4.5720961e-08
    0.0023959416
    0.0046356795
    0.0065790824
    0.0081049074
    0.0091184082
    0.0095572160
    0.0093951758
    0.0086438997
    0.0073519485
    0.0056016951
    0.0035040748
    0.0011915558
   -0.0011902245
   -0.0034916302
   -0.0055684254
   -0.0072908132
   -0.0085515452
   -0.0092725986
   -0.0094100020
   -0.0089565150
   -0.0079419944
   -0.0064314338
   -0.0045208017
   -0.0023309465
   4.5720961e-08
    0.0023255568
    0.0044996572
    0.0063862615
    0.0078676451
    0.0088517885
    0.0092780918
    0.0091211039
    0.0083920373
    0.0071379795
    0.0054388540
    0.0034023292
    0.0011569966
   -0.0011557466
   -0.0033906004
   -0.0054074893
   -0.0070803402
   -0.0083049615
   -0.0090055309
   -0.0091392884
   -0.0086991434
   -0.0077140375
   -0.0062470454
   -0.0043913389
   -0.0022642706
   4.5720961e-08
    0.0022591895
    0.0043713899
    0.0062044213
    0.0076438788
    0.0086003176
    0.0090148089
    0.0088625689
    0.0081544366
    0.0069361127
    0.0052852131
    0.0033063255
    0.0011243855
   -0.0011232099
   -0.0032952529
   -0.0052555946
   -0.0068816783
   -0.0080721996
   -0.0087534166
   -0.0088837154
   -0.0084561502
   -0.0074988013
   -0.0060729350
   -0.0042690845
   -0.0022013030
   4.5720961e-08
    0.0021965051
    0.0042502328
    0.0060326498
    0.0074324891
    0.0083627402
    0.0087660560
    0.0086182862
    0.0079299196
    0.0067453497
    0.0051400139
    0.0032155909
    0.0010935623
   -0.0010924552
   -0.0032051213
   -0.0051120001
   -0.0066938604
   -0.0078521293
   -0.0085150340
   -0.0086420473
   -0.0082263631
   -0.0072952502
   -0.0059082667
   -0.0041534527
   -0.0021417427
   4.5720961e-08
    0.0021372054
    0.0041356105
    0.0058701331
    0.0072324766
    0.0081379357
    0.0085306625
    0.0083871088
    0.0077174347
    0.0065647989
    0.0050025794
    0.0031297032
    0.0010643838
   -0.0010633398
   -0.0031197891
   -0.0049760437
   -0.0065160221
   -0.0076437400
   -0.0082892910
   -0.0084131795
   -0.0080087341
   -0.0071024575
   -0.0057522926
   -0.0040439197
   -0.0020853205
   4.5720961e-08
    0.0020810235
    0.0040270084
    0.0057161431
    0.0070429469
    0.0079249011
    0.0083075804
    0.0081680096
    0.0075160397
    0.0063936616
    0.0048723029
    0.0030482843
    0.0010367220
   -0.0010357361
   -0.0030388828
   -0.0048471316
   -0.0063473888
   -0.0074461257
   -0.0080752083
   -0.0081961211
   -0.0078023231
   -0.0069195923
   -0.0056043418
   -0.0039400153
   -0.0020317947
   4.5720961e-08
    0.0020277197
    0.0039239641
    0.0055700258
    0.0068630970
    0.0077227356
    0.0080958685
    0.0079600661
    0.0073248887
    0.0062312202
    0.0047486394
    0.0029709940
    0.0010104614
   -0.0010095293
   -0.0029620668
   -0.0047247302
   -0.0061872636
   -0.0072584718
   -0.0078719052
   -0.0079899812
   -0.0076062844
   -0.0067459072
   -0.0054638108
   -0.0038413165
   -0.0019809479
   4.5720961e-08
    0.0019770784
    0.0038260618
    0.0054311925
    0.0066922037
    0.0075306281
    0.0078946790
    0.0077624476
    0.0071432193
    0.0060768285
    0.0046310980
    0.0028975263
   0.00098549827
  -0.00098461610
   -0.0028890386
   -0.0046083585
   -0.0060350187
   -0.0070800438
   -0.0076785875
   -0.0077939560
   -0.0074198556
   -0.0065807277
   -0.0053301552
   -0.0037474417
   -0.0019325838
   4.5720961e-08
    0.0019289051
    0.0037329260
    0.0052991118
    0.0065296144
    0.0073478462
    0.0077032465
    0.0075744036
    0.0069703433
    0.0059299026
    0.0045192348
    0.0028276042
   0.00096173878
  -0.00096090293
   -0.0028195247
   -0.0044975815
   -0.0058900862
   -0.0069101775
   -0.0074945372
   -0.0076073191
   -0.0072423467
   -0.0064234439
   -0.0052028823
   -0.0036580456
   -0.0018865250
   4.5720961e-08
    0.0018830235
    0.0036442167
    0.0051733027
    0.0063747379
    0.0071737270
    0.0075208780
    0.0073952548
    0.0068056372
    0.0057899136
    0.0044126482
    0.0027609773
   0.00093909791
  -0.00093830515
   -0.0027532775
   -0.0043920053
   -0.0057519517
   -0.0067482713
   -0.0073191035
   -0.0074294117
   -0.0070731327
   -0.0062735030
   -0.0050815456
   -0.0035728153
   -0.0018426105
   4.5720961e-08
    0.0018392740
    0.0035596258
    0.0050533289
    0.0062270384
    0.0070076688
    0.0073469447
    0.0072243846
    0.0066485352
    0.0056563817
    0.0043109734
    0.0026974179
   0.00091749848
  -0.00091674587
   -0.0026900719
   -0.0042912721
   -0.0056201477
   -0.0065937784
   -0.0071516951
   -0.0072596353
   -0.0069116453
   -0.0061304025
   -0.0049657394
   -0.0034914661
   -0.0018006938
   4.5720961e-08
    0.0017975113
    0.0034788729
    0.0049387936
    0.0060860281
    0.0068491246
    0.0071808746
    0.0070612320
    0.0064985227
    0.0055288702
    0.0042138786
    0.0026367190
   0.00089687025
  -0.00089615511
   -0.0026297032
   -0.0041950561
   -0.0054942490
   -0.0064462009
   -0.0069917736
   -0.0070974450
   -0.0067573672
   -0.0059936847
   -0.0048550938
   -0.0034137389
   -0.0017606418
   4.5720961e-08
    0.0017576031
    0.0034017027
    0.0048293353
    0.0059512627
    0.0066975956
    0.0070221462
    0.0069052859
    0.0063551303
    0.0054069809
    0.0041210611
    0.0025786917
   0.00087714915
  -0.00087646905
   -0.0025719846
   -0.0041030600
   -0.0053738674
   -0.0063050849
   -0.0068388479
   -0.0069423434
   -0.0066098261
   -0.0058629318
   -0.0047492715
   -0.0033393971
   -0.0017223327
   4.5720961e-08
    0.0017194285
    0.0033278819
    0.0047246236
    0.0058223364
    0.0065526263
    0.0068702833
    0.0067560790
    0.0062179293
    0.0052903500
    0.0040322443
    0.0025231634
   0.00085827663
  -0.00085762933
   -0.0025167453
   -0.0040150123
   -0.0052586478
   -0.0061700149
   -0.0066924686
   -0.0067938758
   -0.0064685902
   -0.0057377620
   -0.0046479638
   -0.0032682241
   -0.0016856552
   4.5720961e-08
    0.0016828769
    0.0032571971
    0.0046243564
    0.0056988777
    0.0064137998
    0.0067248497
    0.0066131838
    0.0060865272
    0.0051786443
    0.0039471751
    0.0024699761
   0.00084019908
  -0.00083958253
   -0.0024638289
   -0.0039306641
   -0.0051482654
   -0.0060406107
   -0.0065522243
   -0.0066516254
   -0.0063332638
   -0.0056178250
   -0.0045508878
   -0.0032000216
   -0.0016505072
   4.5720961e-08
    0.0016478471
    0.0031894526
    0.0045282566
    0.0055805461
    0.0062807337
    0.0065854458
    0.0064762080
    0.0059605639
    0.0050715584
    0.0038656211
    0.0024189848
   0.00082286731
  -0.00082227962
   -0.0024130920
   -0.0038497870
   -0.0050424217
   -0.0059165229
   -0.0064177371
   -0.0065152097
   -0.0062034835
   -0.0055027994
   -0.0044577839
   -0.0031346074
   -0.0016167949
   4.5720961e-08
    0.0016142459
    0.0031244686
    0.0044360697
    0.0054670285
    0.0061530768
    0.0064517040
    0.0063447912
    0.0058397086
    0.0049688115
    0.0037873689
    0.0023700562
   0.00080623609
  -0.00080567553
   -0.0023644025
   -0.0037721711
   -0.0049408425
   -0.0057974307
   -0.0062886597
   -0.0063842770
   -0.0060789152
   -0.0053923896
   -0.0043684130
   -0.0030718140
   -0.0015844322
   4.5720961e-08
    0.0015819877
    0.0030620799
    0.0043475614
    0.0053580372
    0.0060305058
    0.0063232864
    0.0062186019
    0.0057236568
    0.0048701451
    0.0037122220
    0.0023230677
   0.00079026380
  -0.00078972878
   -0.0023176391
   -0.0036976230
   -0.0048432751
   -0.0056830382
   -0.0061646721
   -0.0062585031
   -0.0059592513
   -0.0052863232
   -0.0042825552
   -0.0030114869
   -0.0015533397
   4.5720961e-08
    0.0015509935
    0.0030021339
    0.0042625158
    0.0052533067
    0.0059127228
    0.0061998812
    0.0060973341
    0.0056121276
    0.0047753209
    0.0036399990
    0.0022779062
   0.00077491202
  -0.00077440107
   -0.0022726895
   -0.0036259643
   -0.0047494865
   -0.0055730726
   -0.0060454791
   -0.0061375892
   -0.0058442076
   -0.0051843489
   -0.0042000073
   -0.0029534837
   -0.0015234439
   4.5720961e-08
    0.0015211905
    0.0029444900
    0.0041807337
    0.0051525920
    0.0057994525
    0.0060812005
    0.0059807056
    0.0055048618
    0.0046841186
    0.0035705327
    0.0022344670
   0.00076014531
  -0.00075965706
   -0.0022294504
   -0.0035570304
   -0.0046592612
   -0.0054672820
   -0.0059308078
   -0.0060212588
   -0.0057335215
   -0.0050862344
   -0.0041205814
   -0.0028976726
   -0.0014946772
   4.5720961e-08
    0.0014925112
    0.0028890181
    0.0041020308
    0.0050556663
    0.0056904405
    0.0059669782
    0.0058684549
    0.0054016195
    0.0045963347
    0.0035036681
    0.0021926536
   0.00074593082
  -0.00074546401
   -0.0021878260
   -0.0034906685
   -0.0045724001
   -0.0053654328
   -0.0058204057
   -0.0059092562
   -0.0056269502
   -0.0049917645
   -0.0040441037
   -0.0028439316
   -0.0014669766
   4.5720961e-08
    0.0014648934
    0.0028355976
    0.0040262363
    0.0049623199
    0.0055854511
    0.0058569676
    0.0057603403
    0.0053021784
    0.0045117806
    0.0034392618
    0.0021523763
   0.00073223816
  -0.00073179162
   -0.0021477273
   -0.0034267376
   -0.0044887183
   -0.0052673089
   -0.0057140388
   -0.0058013442
   -0.0055242684
   -0.0049007399
   -0.0039704132
   -0.0027921477
   -0.0014402841
   4.5720961e-08
    0.0014382792
    0.0027841169
    0.0039531920
    0.0048723580
    0.0054842656
    0.0057509400
    0.0056561371
    0.0052063325
    0.0044302811
    0.0033771805
    0.0021135520
   0.00071903911
  -0.00071861175
   -0.0021090720
   -0.0033651063
   -0.0044080445
   -0.0051727096
   -0.0056114898
   -0.0056973028
   -0.0054252669
   -0.0048129755
   -0.0038993601
   -0.0027422159
   -0.0014145456
   4.5720961e-08
    0.0014126147
    0.0027344722
    0.0038827508
    0.0047856000
    0.0053866811
    0.0056486829
    0.0055556370
    0.0051138901
    0.0043516738
    0.0033173008
    0.0020761035
   0.00070630744
  -0.00070589827
   -0.0020717837
   -0.0033056527
   -0.0043302194
   -0.0050814483
   -0.0055125568
   -0.0055969275
   -0.0053297514
   -0.0047282992
   -0.0038308054
   -0.0026940385
   -0.0013897108
   4.5720961e-08
    0.0013878502
    0.0026865669
    0.0038147761
    0.0047018775
    0.0052925086
    0.0055499988
    0.0054586460
    0.0050246733
    0.0042758073
    0.0032595075
    0.0020399589
   0.00069401877
  -0.00069362683
   -0.0020357910
   -0.0032482636
   -0.0042550946
   -0.0049933514
   -0.0054170518
   -0.0055000277
   -0.0052375409
   -0.0046465509
   -0.0037646195
   -0.0026475247
   -0.0013657329
   4.5720961e-08
    0.0013639390
    0.0026403113
    0.0037491404
    0.0046210341
    0.0052015723
    0.0054547035
    0.0053649834
    0.0049385160
    0.0042025407
    0.0032036933
    0.0020050513
   0.00068215037
  -0.00068177479
   -0.0020010275
   -0.0031928331
   -0.0041825321
   -0.0049082572
   -0.0053247997
   -0.0054064261
   -0.0051484669
   -0.0045675812
   -0.0037006818
   -0.0026025898
   -0.0013425685
   4.5720961e-08
    0.0013408378
    0.0025956215
    0.0036857252
    0.0045429237
    0.0051137081
    0.0053626255
    0.0052744809
    0.0048552635
    0.0041317427
    0.0031497585
    0.0019713182
   0.00067068104
  -0.00067032100
   -0.0019674314
   -0.0031392627
   -0.0041124030
   -0.0048260146
   -0.0052356371
   -0.0053159571
   -0.0050623719
   -0.0044912509
   -0.0036388796
   -0.0025591547
   -0.0013201767
   4.5720961e-08
