   2.9816762e-08
  -0.00079747367
   -0.0015779300
   -0.0023235915
   -0.0030174773
   -0.0036437593
   -0.0041881237
   -0.0046380979
   -0.0049833361
   -0.0052158571
   -0.0053302291
   -0.0053236958
   -0.0051962432
   -0.0049506033
   -0.0045921958
   -0.0041290085
   -0.0035714197
   -0.0029319656
   -0.0022250582
   -0.0014666610
  -0.00067392834
   0.00013518246
   0.00094231788
    0.0017291444
    0.0024777650
    0.0031711259
    0.0037934053
    0.0043303740
    0.0047697212
    0.0051013361
    0.0053175409
    0.0054132683
    0.0053861800
    0.0052367241
    0.0049681277
    0.0045863286
    0.0040998431
    0.0035195768
    0.0028585800
    0.0021317541
    0.0013555160
   0.00054742729
  -0.00027420312
   -0.0010907336
   -0.0018836129
   -0.0026348012
   -0.0033271809
   -0.0039449462
   -0.0044739643
   -0.0049020982
   -0.0052194853
   -0.0054187647
   -0.0054952473
   -0.0054470265
   -0.0052750250
   -0.0049829779
   -0.0045773518
   -0.0040672015
   -0.0034639684
   -0.0027812235
   -0.0020343625
   -0.0012402584
  -0.00041688067
   0.00041711129
    0.0012427912
    0.0020413953
    0.0027947483
    0.0034856774
    0.0040984036
    0.0046189016
    0.0050352214
    0.0053377618
    0.0055194927
    0.0055761171
    0.0055061739
    0.0053110738
    0.0049950723
    0.0045651762
    0.0040309890
    0.0034044962
    0.0026997964
    0.0019327843
    0.0011207919
   0.00028219744
  -0.00056399090
   -0.0013985656
   -0.0022025557
   -0.0029576581
   -0.0036466540
   -0.0042538016
   -0.0047651953
   -0.0051690850
   -0.0054561448
   -0.0056196891
   -0.0056558281
   -0.0055635596
   -0.0053447963
   -0.0050043264
   -0.0045497091
   -0.0039911066
   -0.0033410572
   -0.0026141939
   -0.0018269152
  -0.00099701519
  -0.00014328120
   0.00071493110
    0.0015581366
    0.0023671631
    0.0031235871
    0.0038101531
    0.0044111676
    0.0049128573
    0.0053036849
    0.0055746140
    0.0057193186
    0.0057343298
    0.0056191193
    0.0053761157
    0.0050106530
    0.0045308543
    0.0039474512
    0.0032735436
    0.0025243060
    0.0017166456
   0.00086882106
   2.9816762e-08
  -0.00087002672
   -0.0017215897
   -0.0025352914
   -0.0032925960
   -0.0039762211
   -0.0045705326
   -0.0050619021
   -0.0054390188
   -0.0056931506
   -0.0058183455
   -0.0058115709
   -0.0056727873
   -0.0054049528
   -0.0050139611
   -0.0045085112
   -0.0038999147
   -0.0032018423
   -0.0024300168
   -0.0016018594
  -0.00073609612
   0.00014766513
    0.0010293788
    0.0018890162
    0.0027070203
    0.0034647509
    0.0041449088
    0.0047319311
    0.0052123470
    0.0055750867
    0.0058117367
    0.0059167345
    0.0058874995
    0.0057244957
    0.0054312258
    0.0050141562
    0.0044825749
    0.0038483842
    0.0031258345
    0.0023312045
    0.0014824343
   0.00059872017
  -0.00029991888
   -0.0011930950
   -0.0020605138
   -0.0028824354
   -0.0036401234
   -0.0043162722
   -0.0048954019
   -0.0053642128
   -0.0057118905
   -0.0059303555
   -0.0060144506
   -0.0059620626
   -0.0057741749
   -0.0054548496
   -0.0050111402
   -0.0044529357
   -0.0037927408
   -0.0030453951
   -0.0022277403
   -0.0013582406
  -0.00045656565
   0.00045685415
    0.0013612905
    0.0022361876
    0.0030616289
    0.0038187910
    0.0044903722
    0.0050609880
    0.0055175235
    0.0058494346
    0.0060489916
    0.0061114586
    0.0060352063
    0.0058217531
    0.0054757361
    0.0050048101
    0.0044194786
    0.0037328597
    0.0029603920
    0.0021194879
    0.0012291410
   0.00030949694
  -0.00061860173
   -0.0015340883
   -0.0024161499
   -0.0032447004
   -0.0040008379
   -0.0046672756
   -0.0052287373
   -0.0056723070
   -0.0059877263
   -0.0061676311
   -0.0062077238
   -0.0061068754
   -0.0058671562
   -0.0054937936
   -0.0049950587
   -0.0043820828
   -0.0036686094
   -0.0028706860
   -0.0020063032
   -0.0010949894
  -0.00015736965
   0.00078530125
    0.0017116202
    0.0026005218
    0.0034317571
    0.0041863552
    0.0048470556
    0.0053987031
    0.0058285954
    0.0061267754
    0.0062862616
    0.0063032115
    0.0061770138
    0.0059103073
    0.0055089265
    0.0049817735
    0.0043406214
    0.0035998513
    0.0027761295
    0.0018880331
   0.00095563077
   2.9816762e-08
  -0.00095710200
   -0.0018940274
   -0.0027894332
   -0.0036229150
   -0.0043754422
   -0.0050297922
   -0.0055709444
   -0.0059864252
   -0.0062665951
   -0.0064048724
   -0.0063978873
   -0.0062455640
   -0.0059511272
   -0.0055210349
   -0.0049648363
   -0.0042949606
   -0.0035264385
   -0.0026765661
   -0.0017645148
  -0.00081089963
   0.00016268699
    0.0011341638
    0.0020814616
    0.0029830243
    0.0038182994
    0.0045682064
    0.0052155727
    0.0057455263
    0.0061458378
    0.0064072021
    0.0065234548
    0.0064917171
    0.0063124669
    0.0059895331
    0.0055300143
    0.0049441230
    0.0042449589
    0.0034482158
    0.0025718297
    0.0016355753
   0.00066061952
  -0.00033095662
   -0.0013166580
   -0.0022740857
   -0.0031814459
   -0.0040180456
   -0.0047647648
   -0.0054044929
   -0.0059225211
   -0.0063068800
   -0.0065486165
   -0.0066420018
   -0.0065846669
   -0.0063776622
   -0.0060254392
   -0.0055357553
   -0.0049195027
   -0.0041904670
   -0.0033650182
   -0.0024617437
   -0.0015010299
  -0.00050460183
   0.00050496745
    0.0015047685
    0.0024720753
    0.0033848611
    0.0042223005
    0.0049652445
    0.0055966574
    0.0061020082
    0.0064696046
    0.0066908629
    0.0067605090
    0.0066767030
    0.0064410876
    0.0060587560
    0.0055381427
    0.0048908372
    0.0041313264
    0.0032766704
    0.0023461197
    0.0013606812
   0.00034264466
  -0.00068492156
   -0.0016986932
   -0.0026756191
   -0.0035934457
   -0.0044312230
   -0.0051697837
   -0.0057921805
   -0.0062840757
   -0.0066340706
   -0.0068339702
   -0.0068789741
   -0.0067677920
   -0.0065026789
   -0.0060893898
   -0.0055370553
   -0.0048579801
   -0.0040673687
   -0.0031829858
   -0.0022247565
   -0.0012143181
  -0.00017453150
   0.00087103606
    0.0018986448
    0.0028849213
    0.0038073900
    0.0046449856
    0.0053785331
    0.0059911876
    0.0064688202
    0.0068003443
    0.0069779720
    0.0069973976
    0.0068579009
    0.0065623701
    0.0061172427
    0.0055323653
    0.0048207763
    0.0039984149
    0.0030837650
    0.0020974391
    0.0010617144
   2.9816762e-08
   -0.0010635446
   -0.0021048529
   -0.0031002019
   -0.0040269003
   -0.0048637753
   -0.0055916566
   -0.0061938155
   -0.0066563486
   -0.0069684994
   -0.0071229077
   -0.0071157828
   -0.0069469967
   -0.0066200925
   -0.0061422117
   -0.0055239374
   -0.0047790609
   -0.0039242740
   -0.0029787950
   -0.0019639368
  -0.00090262701
   0.00018111054
    0.0012626988
    0.0023175653
    0.0033216994
    0.0042521998
    0.0050877956
    0.0058093330
    0.0064002141
    0.0068467784
    0.0071386185
    0.0072688222
    0.0072341364
    0.0070350469
    0.0066757752
    0.0061641884
    0.0055116280
    0.0047326584
    0.0038447418
    0.0028678475
    0.0018240023
   0.00073679454
  -0.00036915911
   -0.0014687707
   -0.0025370499
   -0.0035496719
   -0.0044835310
   -0.0053172678
   -0.0060317573
   -0.0066105478
   -0.0070402392
   -0.0073107931
   -0.0074157672
   -0.0073524681
   -0.0071220195
   -0.0067293442
   -0.0061830587
   -0.0054952849
   -0.0046813812
   -0.0037595999
   -0.0027506775
   -0.0016773692
  -0.00056393533
   0.00056440686
    0.0016820538
    0.0027635968
    0.0037843992
    0.0047211573
    0.0055524328
    0.0062591425
    0.0068249965
    0.0072368737
    0.0074851254
    0.0075638013
    0.0074707918
    0.0072078826
    0.0067807225
    0.0061987015
    0.0054747455
    0.0046250289
    0.0036686135
    0.0026270214
    0.0015237507
   0.00038374530
  -0.00076716834
   -0.0019028665
   -0.0029975208
   -0.0040261854
   -0.0049653655
   -0.0057935534
   -0.0064917212
   -0.0070437575
   -0.0074368391
   -0.0076617286
   -0.0077129912
   -0.0075891254
   -0.0072926047
   -0.0068298295
   -0.0062109888
   -0.0054498367
   -0.0045633864
   -0.0035715306
   -0.0024965952
   -0.0013628368
  -0.00019589557
   0.00097778430
    0.0021315537
    0.0032391634
    0.0042753614
    0.0052164678
    0.0060409164
    0.0067297481
    0.0072670472
    0.0076403086
    0.0078407285
    0.0078634119
    0.0077074914
    0.0073761548
    0.0068765808
    0.0062197842
    0.0054203726
    0.0044962225
    0.0034680793
    0.0023590921
    0.0011942924
   2.9816762e-08
   -0.0011966244
   -0.0023684903
   -0.0034888966
   -0.0045322874
   -0.0054748050
   -0.0062948351
   -0.0069735020
   -0.0074951036
   -0.0078474734
   -0.0080222649
   -0.0080151484
   -0.0078259174
   -0.0074585020
   -0.0069208877
   -0.0062249422
   -0.0053861542
   -0.0044232884
   -0.0033579660
   -0.0022141800
   -0.0010177542
   0.00020423877
    0.0014240905
    0.0026140844
    0.0037471254
    0.0047973567
    0.0057407495
    0.0065556525
    0.0072232887
    0.0077281879
    0.0080585443
    0.0082064929
    0.0081682961
    0.0079444367
    0.0075396162
    0.0069626563
    0.0062263076
    0.0053469673
    0.0043443152
    0.0032408730
    0.0020614989
   0.00083282751
  -0.00041733094
   -0.0016606202
   -0.0028687808
   -0.0040142920
   -0.0050709988
   -0.0060147085
   -0.0068237445
   -0.0074794439
   -0.0079665877
   -0.0082737539
   -0.0083935847
   -0.0083229623
   -0.0080630887
   -0.0076194674
   -0.0070017878
   -0.0062237134
   -0.0053025805
   -0.0042590119
   -0.0031164554
   -0.0019006573
  -0.00063908267
   0.00063970523
    0.0019066910
    0.0031330654
    0.0042908800
    0.0053536842
    0.0062971287
    0.0070995236
    0.0077423364
    0.0082106199
    0.0084933594
    0.0085837314
    0.0084792673
    0.0081819196
    0.0076980262
    0.0070381767
    0.0062169805
    0.0052527440
    0.0041670629
    0.0029843383
    0.0017312291
   0.00043605112
  -0.00087186240
   -0.0021628249
   -0.0034074699
   -0.0045774191
   -0.0056459286
   -0.0065885003
   -0.0073834433
   -0.0080123726
   -0.0084606340
   -0.0087176453
   -0.0087771454
   -0.0086373463
   -0.0083009834
   -0.0077752635
   -0.0070717110
   -0.0062059154
   -0.0051971867
   -0.0040681246
   -0.0028441129
   -0.0015527487
  -0.00022322059
    0.0011143505
    0.0024295937
    0.0036925776
    0.0048744907
    0.0059482986
    0.0068893623
    0.0076760028
    0.0082900003
    0.0087170160
    0.0089469265
    0.0089740630
    0.0087973507
    0.0084203428
    0.0078511509
    0.0071022708
    0.0061903088
    0.0051356136
    0.0039618225
    0.0026953326
    0.0013647067
   2.9816763e-08
   -0.0013677705
   -0.0027076253
   -0.0039890290
   -0.0051827340
   -0.0062614181
   -0.0072003088
   -0.0079777527
   -0.0085757140
   -0.0089801928
   -0.0091815520
   -0.0091747470
   -0.0089594502
   -0.0085400697
   -0.0079256601
   -0.0071297276
   -0.0061699336
   -0.0050677032
   -0.0038477471
   -0.0025375082
   -0.0011665444
   0.00023413757
    0.0016327833
    0.0029976103
    0.0042975296
    0.0055028539
    0.0065859748
    0.0075219954
    0.0082893016
    0.0088700611
    0.0092506374
    0.0094219097
    0.0093794901
    0.0091238353
    0.0086602470
    0.0079987635
    0.0071539428
    0.0061445425
    0.0049931040
    0.0037254492
    0.0023701022
   0.00095764733
  -0.00047996010
   -0.0019101168
   -0.0033003104
   -0.0046188580
   -0.0058356283
   -0.0069227292
   -0.0078551474
   -0.0086113230
   -0.0091736478
   -0.0095288751
   -0.0096684305
   -0.0095886189
   -0.0092907196
   -0.0087809696
   -0.0080704341
   -0.0071747668
   -0.0061138653
   -0.0049114302
   -0.0035944351
   -0.0021925229
  -0.00073733804
   0.00073818659
    0.0022005751
    0.0036165674
    0.0049538753
    0.0061819186
    0.0072725235
    0.0082005690
    0.0089445646
    0.0094871480
    0.0098154895
    0.0099215947
    0.0098024980
    0.0094603431
    0.0089023461
    0.0081406453
    0.0071920369
    0.0060776059
    0.0048222574
    0.0034541604
    0.0020041168
   0.00050486762
   -0.0010096456
   -0.0025050486
   -0.0039473143
   -0.0053035366
   -0.0065426807
   -0.0076362929
   -0.0085591534
   -0.0092898574
   -0.0098113112
    -0.010111131
    -0.010181938
    -0.010021536
   -0.0096329753
   -0.0090245003
   -0.0082093707
   -0.0072055762
   -0.0060354387
   -0.0047251172
   -0.0033040231
   -0.0018041605
  -0.00025940586
    0.0012952563
    0.0028245258
    0.0042935875
    0.0056689032
    0.0069189776
    0.0080150782
    0.0089318958
    0.0096481280
     0.010146974
     0.010416527
     0.010450060
     0.010246189
    0.0098089200
    0.0091475736
    0.0082765850
    0.0072151908
    0.0059870043
    0.0046194912
    0.0031433552
    0.0015918500
   2.9816762e-08
   -0.0015960416
   -0.0031601075
   -0.0046565417
   -0.0060511587
   -0.0073119952
   -0.0084100412
   -0.0093199074
    -0.010020412
    -0.010495071
    -0.010732490
    -0.010726632
    -0.010476971
   -0.0099885192
   -0.0092717275
   -0.0083422631
   -0.0072206679
   -0.0059319048
   -0.0045048031
   -0.0029714137
   -0.0013662901
   0.00027428973
    0.0019131426
    0.0035130227
    0.0050374669
    0.0064516259
    0.0077230598
    0.0088224818
    0.0097244324
     0.010407868
     0.010856652
     0.011059933
     0.011012409
     0.010714461
     0.010172160
    0.0093971460
    0.0084063804
    0.0072217725
    0.0058696978
    0.0043804108
    0.0027873686
    0.0011264798
  -0.00056470408
   -0.0022478371
   -0.0038846479
   -0.0054378091
   -0.0068717881
   -0.0081536592
   -0.0092538591
    -0.010146868
    -0.010811801
    -0.011232895
    -0.011399883
    -0.011308241
    -0.010959310
    -0.010360278
   -0.0095240396
   -0.0084689130
   -0.0072182443
   -0.0057998897
   -0.0042455959
   -0.0025902902
  -0.00087129667
   0.00087250543
    0.0026015598
    0.0042765300
    0.0058591935
    0.0073133135
    0.0086054678
    0.0097058160
     0.010588788
     0.011233679
     0.011625131
     0.011753499
     0.011615089
     0.011212257
     0.010553372
    0.0096526490
    0.0085298375
    0.0072097934
    0.0057219274
    0.0040995514
    0.0023791332
   0.00059947741
   -0.0011991492
   -0.0029759278
   -0.0046904132
   -0.0063034540
   -0.0077780854
   -0.0090803762
    -0.010180208
    -0.011051972
    -0.011675164
    -0.012034863
    -0.012122094
    -0.011934041
    -0.011474138
    -0.010752005
   -0.0097832498
   -0.0085891313
   -0.0071960953
   -0.0056351886
   -0.0039413678
   -0.0021527175
  -0.00030959473
    0.0015462807
    0.0033727701
    0.0051282715
    0.0067726665
    0.0082682366
    0.0095805269
     0.010679140
     0.011538437
     0.012138140
     0.012463801
     0.012507158
     0.012266335
     0.011745908
     0.010956822
    0.0099161585
    0.0086467719
    0.0071767857
    0.0055389705
    0.0037700153
    0.0019097056
   2.9816762e-08
   -0.0019157674
   -0.0037941637
   -0.0055923472
   -0.0072691908
   -0.0087861922
    -0.010108357
    -0.011205005
    -0.012050481
    -0.012624754
    -0.012913891
    -0.012910392
    -0.012613383
    -0.012028656
    -0.011168559
    -0.010051739
   -0.0087027380
   -0.0071514525
   -0.0054324753
   -0.0035843231
   -0.0016485753
   0.00033106115
    0.0023097372
    0.0042424768
    0.0060851985
    0.0077957197
    0.0093347211
     0.010666650
     0.011760539
     0.012590728
     0.013137462
     0.013387360
     0.013333743
     0.012976803
     0.012323629
     0.011388063
     0.010190413
    0.0087570084
    0.0071196281
    0.0053147930
    0.0033829540
    0.0013675864
  -0.00068578766
   -0.0027306263
   -0.0047204215
   -0.0066097563
   -0.0083553398
   -0.0099169982
    -0.011258598
    -0.012348882
    -0.013162194
    -0.013679084
    -0.013886769
    -0.013779447
    -0.013358457
    -0.012632267
    -0.011616312
    -0.010332666
   -0.0088095629
   -0.0070807784
   -0.0051848809
   -0.0031643730
   -0.0010647396
    0.0010665746
    0.0031812365
    0.0052311188
    0.0071693946
    0.0089516058
     0.010536681
     0.011887883
     0.012973653
     0.013768356
     0.014252874
     0.014415070
     0.014250090
     0.013760495
     0.012956232
     0.011854435
     0.010479064
    0.0088603817
    0.0070342900
    0.0050415375
    0.0029268091
   0.00073772640
   -0.0014762238
   -0.0036648067
   -0.0057781778
   -0.0077680170
   -0.0095886320
    -0.011198006
    -0.012558765
    -0.013639047
    -0.014413243
    -0.014862604
    -0.014975694
    -0.014748672
    -0.014185416
    -0.013297458
    -0.012103751
    -0.010630270
   -0.0089094456
   -0.0069794544
   -0.0048833705
   -0.0026682079
  -0.00038386654
    0.0019179899
    0.0041851012
    0.0063657953
    0.0084101645
     0.010271206
     0.011905902
     0.013276211
     0.014349950
     0.015101554
     0.015512677
     0.015572637
     0.015278695
     0.014636139
     0.013658204
     0.012365798
     0.010787057
    0.0089567363
    0.0069154476
    0.0047087570
    0.0023861716
   2.9816762e-08
   -0.0023956764
   -0.0047465212
   -0.0069988799
   -0.0091011503
    -0.011004933
    -0.012666144
    -0.014046034
    -0.015112090
    -0.015838797
    -0.016208251
    -0.016210594
    -0.015844268
    -0.015116090
    -0.014041127
    -0.012642389
    -0.010950340
   -0.0090022360
   -0.0068413052
   -0.0045157926
   -0.0020778841
   0.00041746276
    0.0029137556
    0.0053542444
    0.0076832093
    0.0098472312
     0.011796415
     0.013485537
     0.014875093
     0.015932219
     0.016631470
     0.016955420
     0.016895105
     0.016450249
     0.015629320
     0.014449366
     0.012935670
     0.011121205
    0.0090459275
    0.0067558899
    0.0043022271
    0.0017400147
  -0.00087296491
   -0.0034775233
   -0.0060144044
   -0.0084256306
    -0.010655825
    -0.012653482
    -0.014372154
    -0.015771525
    -0.016818362
    -0.017487294
    -0.017761425
    -0.017632759
    -0.017102416
    -0.016180652
    -0.014886665
    -0.013248198
    -0.011300949
   -0.0090877944
   -0.0066578505
   -0.0040653820
   -0.0013685952
    0.0013716674
    0.0040932965
    0.0067343218
    0.0092343198
     0.011535794
     0.013585495
     0.015335649
     0.016745068
     0.017780117
     0.018415513
     0.018634939
     0.018431453
     0.017807696
     0.016775872
     0.015357514
     0.013583047
     0.011491129
    0.0091278209
    0.0065455678
    0.0038020423
   0.00095885848
   -0.0019198096
   -0.0047686728
   -0.0075228049
    -0.010119119
    -0.012497811
    -0.014603731
    -0.016387662
    -0.017807464
    -0.018829068
    -0.019427287
    -0.019586436
    -0.019300730
    -0.018574465
    -0.017421975
    -0.015867349
    -0.013943938
    -0.011693640
   -0.0091659920
   -0.0064170836
   -0.0035083145
  -0.00050502713
    0.0025249582
    0.0055128709
    0.0083905479
     0.011091985
     0.013554847
     0.015721903
     0.017542350
     0.018973005
     0.019979320
     0.020536213
     0.020628688
     0.020252226
     0.019412943
     0.018127507
     0.016422812
     0.014335423
     0.011910797
    0.0092022931
    0.0062700065
    0.0031794370
   2.9816762e-08
   -0.0031963802
   -0.0063371880
   -0.0093506631
    -0.012167584
    -0.014722823
    -0.016956850
    -0.018817111
    -0.020259263
    -0.021248224
    -0.021759023
    -0.021777418
    -0.021300281
    -0.020335730
    -0.018903007
    -0.017032101
    -0.014763125
    -0.012145466
   -0.0092367106
   -0.0061013838
   -0.0028095230
   0.00056488245
    0.0039455491
    0.0072556196
     0.010419404
     0.013364108
     0.016021499
     0.018329486
     0.020233560
     0.021688083
     0.022657366
     0.023116548
     0.023052211
     0.022462764
     0.021358539
     0.019761628
     0.017705452
     0.015234069
     0.012401232
    0.0092692316
    0.0059075250
    0.0023912067
   -0.0012006656
   -0.0047868427
   -0.0082857157
    -0.011617167
    -0.014704400
    -0.017475702
    -0.019866103
    -0.021818894
    -0.023286966
    -0.024233937
    -0.024635042
    -0.024477772
    -0.023762232
    -0.022501215
    -0.020719991
    -0.018455815
    -0.015757149
    -0.012682640
   -0.0092998437
   -0.0056837550
   -0.0019151468
    0.0019212256
    0.0057385239
    0.0094497853
     0.012969897
     0.016217538
     0.019117057
     0.021600219
     0.023607806
     0.025091024
     0.026012674
     0.026348075
     0.026085709
     0.025227566
     0.023789190
     0.021799417
     0.019299808
     0.016343792
     0.012995531
    0.0093285354
    0.0054240616
    0.0013693160
   -0.0027444828
   -0.0068241476
    -0.010776625
    -0.014511109
    -0.017941119
    -0.020986490
    -0.023575240
    -0.025645261
    -0.027145797
    -0.028038675
    -0.028299264
    -0.027917125
    -0.026896354
    -0.025255591
    -0.023027697
    -0.020259118
    -0.017008920
    -0.013347546
   -0.0093552957
   -0.0051205779
  -0.00073795948
    0.0036939340
    0.0080746272
     0.012304062
     0.016284874
     0.019924616
     0.023137903
     0.025848394
     0.027990598
     0.029511441
     0.030371565
     0.030546325
     0.030026464
     0.028818434
     0.026944381
     0.024441754
     0.021362581
     0.017772398
     0.013748867
    0.0093801147
    0.0047628073
   2.9816762e-08
   -0.0048010035
   -0.0095313495
    -0.014082794
    -0.018350312
    -0.022234479
    -0.025643770
    -0.028496702
    -0.030723763
    -0.032269091
    -0.033091849
    -0.033167279
    -0.032487400
    -0.031061321
    -0.028915185
    -0.026091719
    -0.022649398
    -0.018661261
    -0.014213372
   -0.0094029829
   -0.0043364216
   0.00087324067
    0.0061086953
     0.011251020
     0.016182364
     0.020788626
     0.024962080
     0.028603871
     0.031626339
     0.033955103
     0.035530873
     0.036310925
     0.036270221
     0.035402140
     0.033718797
     0.031250937
     0.028047410
     0.024174237
     0.019713265
     0.014760466
    0.0094238917
    0.0038213365
   -0.0019222374
   -0.0076774659
    -0.013313473
    -0.018700822
    -0.023714464
    -0.028236614
    -0.032159494
    -0.035387866
    -0.037841326
    -0.039456262
    -0.040187467
    -0.040009351
    -0.038916712
    -0.036925062
    -0.034070491
    -0.030409050
    -0.026015695
    -0.020982780
    -0.015418144
   -0.0094428331
   -0.0031884960
    0.0032054871
    0.0095950783
     0.015834794
     0.021780985
     0.027295108
     0.032246918
     0.036517508
     0.040002125
     0.042612694
     0.044280004
     0.044955473
     0.044612488
     0.043247250
     0.040879116
     0.037550429
     0.033325817
     0.028290991
     0.022551049
     0.016228319
    0.0094598000
    0.0023942308
   -0.0048111338
    -0.011993978
    -0.018990537
    -0.025639280
    -0.031784592
    -0.037280363
    -0.041993409
    -0.045806640
    -0.048621909
    -0.050362464
    -0.050974955
    -0.050430930
    -0.048727802
    -0.045889232
    -0.041964934
    -0.037029893
    -0.031182999
    -0.024545129
    -0.017256704
   -0.0094747859
   -0.0013697486
    0.0068783853
     0.015083877
     0.023059386
     0.030620172
     0.037588303
     0.043796762
     0.049093367
     0.053344411
     0.056437945
     0.058286609
     0.058829958
     0.058036218
     0.055903419
     0.052459879
     0.047764021
     0.041903504
     0.034993689
     0.027175469
     0.018612483
    0.0094877852
   2.9816762e-08
   -0.0096407546
    -0.019217709
    -0.028511913
    -0.037307271
    -0.045395417
    -0.052580522
    -0.058683901
    -0.063548308
    -0.067041825
    -0.069061251
    -0.069534908
    -0.068424781
    -0.065727960
    -0.061477314
    -0.055741377
    -0.048623452
    -0.040259913
    -0.030817747
    -0.020491372
   -0.0094987930
    0.0019228446
     0.013522196
     0.025039070
     0.036210075
     0.046774439
     0.056479884
     0.065088423
     0.072381948
     0.078167491
     0.082282030
     0.084596730
     0.085020513
     0.083502864
     0.080035810
     0.074654993
     0.067439813
     0.058512609
     0.048036885
     0.036214593
     0.023282513
    0.0095078050
   -0.0048172180
    -0.019380965
    -0.033858999
    -0.047920897
    -0.061237387
    -0.073487632
    -0.084366491
    -0.093591616
     -0.10091022
     -0.10610536
     -0.10900162
     -0.10947002
     -0.10743203
     -0.10286265
    -0.095792364
    -0.086308002
    -0.074552396
    -0.060722844
    -0.045068367
    -0.027885810
   -0.0095148179
    0.0096682228
     0.029257183
     0.048824006
     0.067927194
     0.086120822
      0.10296389
      0.11802984
      0.13091607
      0.14125321
      0.14871398
      0.15302151
      0.15395681
      0.15136535
      0.14516254
      0.13533796
      0.12195825
      0.10516862
     0.085192778
     0.062331418
     0.036959134
    0.0095198290
    -0.019479315
    -0.049475251
    -0.079857731
     -0.10997910
     -0.13916505
     -0.16672614
     -0.19196993
     -0.21421345
     -0.23279583
     -0.24709085
     -0.25651912
     -0.26055978
     -0.25876139
     -0.25075181
     -0.23624695
     -0.21505812
     -0.18709788
     -0.15238420
     -0.11104299
    -0.063308630
   -0.0095228365
     0.049868478
      0.11432010
      0.18319420
      0.25576868
      0.33124710
      0.40876994
      0.48742714
      0.56627155
      0.64433328
      0.72063447
      0.79420442
      0.86409472
      0.92939417
      0.98924317
       1.0428474
       1.0894905
       1.1285457
       1.1594856
       1.1818909
       1.1954573
       1.2000000
       1.1954573
       1.1818909
       1.1594856
       1.1285457
       1.0894905
       1.0428474
      0.98924317
      0.92939417
      0.86409472
      0.79420442
      0.72063447
      0.64433328
      0.56627155
      0.48742714
      0.40876994
      0.33124710
      0.25576868
      0.18319420
      0.11432010
     0.049868478
   -0.0095228365
    -0.063308630
     -0.11104299
     -0.15238420
     -0.18709788
     -0.21505812
     -0.23624695
     -0.25075181
     -0.25876139
     -0.26055978
     -0.25651912
     -0.24709085
     -0.23279583
     -0.21421345
     -0.19196993
     -0.16672614
     -0.13916505
     -0.10997910
    -0.079857731
    -0.049475251
    -0.019479315
    0.0095198290
     0.036959134
     0.062331418
     0.085192778
      0.10516862
      0.12195825
      0.13533796
      0.14516254
      0.15136535
      0.15395681
      0.15302151
      0.14871398
      0.14125321
      0.13091607
      0.11802984
      0.10296389
     0.086120822
     0.067927194
     0.048824006
     0.029257183
    0.0096682228
   -0.0095148179
    -0.027885810
    -0.045068367
    -0.060722844
    -0.074552396
    -0.086308002
    -0.095792364
     -0.10286265
     -0.10743203
     -0.10947002
     -0.10900162
     -0.10610536
     -0.10091022
    -0.093591616
    -0.084366491
    -0.073487632
    -0.061237387
    -0.047920897
    -0.033858999
    -0.019380965
   -0.0048172180
    0.0095078050
     0.023282513
     0.036214593
     0.048036885
     0.058512609
     0.067439813
     0.074654993
     0.080035810
     0.083502864
     0.085020513
     0.084596730
     0.082282030
     0.078167491
     0.072381948
     0.065088423
     0.056479884
     0.046774439
     0.036210075
     0.025039070
     0.013522196
    0.0019228446
   -0.0094987930
    -0.020491372
    -0.030817747
    -0.040259913
    -0.048623452
    -0.055741377
    -0.061477314
    -0.065727960
    -0.068424781
    -0.069534908
    -0.069061251
    -0.067041825
    -0.063548308
    -0.058683901
    -0.052580522
    -0.045395417
    -0.037307271
    -0.028511913
    -0.019217709
   -0.0096407546
   2.9816762e-08
    0.0094877852
     0.018612483
     0.027175469
     0.034993689
     0.041903504
     0.047764021
     0.052459879
     0.055903419
     0.058036218
     0.058829958
     0.058286609
     0.056437945
     0.053344411
     0.049093367
     0.043796762
     0.037588303
     0.030620172
     0.023059386
     0.015083877
    0.0068783853
   -0.0013697486
   -0.0094747859
    -0.017256704
    -0.024545129
    -0.031182999
    -0.037029893
    -0.041964934
    -0.045889232
    -0.048727802
    -0.050430930
    -0.050974955
    -0.050362464
    -0.048621909
    -0.045806640
    -0.041993409
    -0.037280363
    -0.031784592
    -0.025639280
    -0.018990537
    -0.011993978
   -0.0048111338
    0.0023942308
    0.0094598000
     0.016228319
     0.022551049
     0.028290991
     0.033325817
     0.037550429
     0.040879116
     0.043247250
     0.044612488
     0.044955473
     0.044280004
     0.042612694
     0.040002125
     0.036517508
     0.032246918
     0.027295108
     0.021780985
     0.015834794
    0.0095950783
    0.0032054871
   -0.0031884960
   -0.0094428331
    -0.015418144
    -0.020982780
    -0.026015695
    -0.030409050
    -0.034070491
    -0.036925062
    -0.038916712
    -0.040009351
    -0.040187467
    -0.039456262
    -0.037841326
    -0.035387866
    -0.032159494
    -0.028236614
    -0.023714464
    -0.018700822
    -0.013313473
   -0.0076774659
   -0.0019222374
    0.0038213365
    0.0094238917
     0.014760466
     0.019713265
     0.024174237
     0.028047410
     0.031250937
     0.033718797
     0.035402140
     0.036270221
     0.036310925
     0.035530873
     0.033955103
     0.031626339
     0.028603871
     0.024962080
     0.020788626
     0.016182364
     0.011251020
    0.0061086953
   0.00087324067
   -0.0043364216
   -0.0094029829
    -0.014213372
    -0.018661261
    -0.022649398
    -0.026091719
    -0.028915185
    -0.031061321
    -0.032487400
    -0.033167279
    -0.033091849
    -0.032269091
    -0.030723763
    -0.028496702
    -0.025643770
    -0.022234479
    -0.018350312
    -0.014082794
   -0.0095313495
   -0.0048010035
   2.9816762e-08
    0.0047628073
    0.0093801147
     0.013748867
     0.017772398
     0.021362581
     0.024441754
     0.026944381
     0.028818434
     0.030026464
     0.030546325
     0.030371565
     0.029511441
     0.027990598
     0.025848394
     0.023137903
     0.019924616
     0.016284874
     0.012304062
    0.0080746272
    0.0036939340
  -0.00073795948
   -0.0051205779
   -0.0093552957
    -0.013347546
    -0.017008920
    -0.020259118
    -0.023027697
    -0.025255591
    -0.026896354
    -0.027917125
    -0.028299264
    -0.028038675
    -0.027145797
    -0.025645261
    -0.023575240
    -0.020986490
    -0.017941119
    -0.014511109
    -0.010776625
   -0.0068241476
   -0.0027444828
    0.0013693160
    0.0054240616
    0.0093285354
     0.012995531
     0.016343792
     0.019299808
     0.021799417
     0.023789190
     0.025227566
     0.026085709
     0.026348075
     0.026012674
     0.025091024
     0.023607806
     0.021600219
     0.019117057
     0.016217538
     0.012969897
    0.0094497853
    0.0057385239
    0.0019212256
   -0.0019151468
   -0.0056837550
   -0.0092998437
    -0.012682640
    -0.015757149
    -0.018455815
    -0.020719991
    -0.022501215
    -0.023762232
    -0.024477772
    -0.024635042
    -0.024233937
    -0.023286966
    -0.021818894
    -0.019866103
    -0.017475702
    -0.014704400
    -0.011617167
   -0.0082857157
   -0.0047868427
   -0.0012006656
    0.0023912067
    0.0059075250
    0.0092692316
     0.012401232
     0.015234069
     0.017705452
     0.019761628
     0.021358539
     0.022462764
     0.023052211
     0.023116548
     0.022657366
     0.021688083
     0.020233560
     0.018329486
     0.016021499
     0.013364108
     0.010419404
    0.0072556196
    0.0039455491
   0.00056488245
   -0.0028095230
   -0.0061013838
   -0.0092367106
    -0.012145466
    -0.014763125
    -0.017032101
    -0.018903007
    -0.020335730
    -0.021300281
    -0.021777418
    -0.021759023
    -0.021248224
    -0.020259263
    -0.018817111
    -0.016956850
    -0.014722823
    -0.012167584
   -0.0093506631
   -0.0063371880
   -0.0031963802
   2.9816762e-08
    0.0031794370
    0.0062700065
    0.0092022931
     0.011910797
     0.014335423
     0.016422812
     0.018127507
     0.019412943
     0.020252226
     0.020628688
     0.020536213
     0.019979320
     0.018973005
     0.017542350
     0.015721903
     0.013554847
     0.011091985
    0.0083905479
    0.0055128709
    0.0025249582
  -0.00050502713
   -0.0035083145
   -0.0064170836
   -0.0091659920
    -0.011693640
    -0.013943938
    -0.015867349
    -0.017421975
    -0.018574465
    -0.019300730
    -0.019586436
    -0.019427287
    -0.018829068
    -0.017807464
    -0.016387662
    -0.014603731
    -0.012497811
    -0.010119119
   -0.0075228049
   -0.0047686728
   -0.0019198096
   0.00095885848
    0.0038020423
    0.0065455678
    0.0091278209
     0.011491129
     0.013583047
     0.015357514
     0.016775872
     0.017807696
     0.018431453
     0.018634939
     0.018415513
     0.017780117
     0.016745068
     0.015335649
     0.013585495
     0.011535794
    0.0092343198
    0.0067343218
    0.0040932965
    0.0013716674
   -0.0013685952
   -0.0040653820
   -0.0066578505
   -0.0090877944
    -0.011300949
    -0.013248198
    -0.014886665
    -0.016180652
    -0.017102416
    -0.017632759
    -0.017761425
    -0.017487294
    -0.016818362
    -0.015771525
    -0.014372154
    -0.012653482
    -0.010655825
   -0.0084256306
   -0.0060144044
   -0.0034775233
  -0.00087296491
    0.0017400147
    0.0043022271
    0.0067558899
    0.0090459275
     0.011121205
     0.012935670
     0.014449366
     0.015629320
     0.016450249
     0.016895105
     0.016955420
     0.016631470
     0.015932219
     0.014875093
     0.013485537
     0.011796415
    0.0098472312
    0.0076832093
    0.0053542444
    0.0029137556
   0.00041746276
   -0.0020778841
   -0.0045157926
   -0.0068413052
   -0.0090022360
    -0.010950340
    -0.012642389
    -0.014041127
    -0.015116090
    -0.015844268
    -0.016210594
    -0.016208251
    -0.015838797
    -0.015112090
    -0.014046034
    -0.012666144
    -0.011004933
   -0.0091011503
   -0.0069988799
   -0.0047465212
   -0.0023956764
   2.9816762e-08
    0.0023861716
    0.0047087570
    0.0069154476
    0.0089567363
     0.010787057
     0.012365798
     0.013658204
     0.014636139
     0.015278695
     0.015572637
     0.015512677
     0.015101554
     0.014349950
     0.013276211
     0.011905902
     0.010271206
    0.0084101645
    0.0063657953
    0.0041851012
    0.0019179899
  -0.00038386654
   -0.0026682079
   -0.0048833705
   -0.0069794544
   -0.0089094456
    -0.010630270
    -0.012103751
    -0.013297458
    -0.014185416
    -0.014748672
    -0.014975694
    -0.014862604
    -0.014413243
    -0.013639047
    -0.012558765
    -0.011198006
   -0.0095886320
   -0.0077680170
   -0.0057781778
   -0.0036648067
   -0.0014762238
   0.00073772640
    0.0029268091
    0.0050415375
    0.0070342900
    0.0088603817
     0.010479064
     0.011854435
     0.012956232
     0.013760495
     0.014250090
     0.014415070
     0.014252874
     0.013768356
     0.012973653
     0.011887883
     0.010536681
    0.0089516058
    0.0071693946
    0.0052311188
    0.0031812365
    0.0010665746
   -0.0010647396
   -0.0031643730
   -0.0051848809
   -0.0070807784
   -0.0088095629
    -0.010332666
    -0.011616312
    -0.012632267
    -0.013358457
    -0.013779447
    -0.013886769
    -0.013679084
    -0.013162194
    -0.012348882
    -0.011258598
   -0.0099169982
   -0.0083553398
   -0.0066097563
   -0.0047204215
   -0.0027306263
  -0.00068578766
    0.0013675864
    0.0033829540
    0.0053147930
    0.0071196281
    0.0087570084
     0.010190413
     0.011388063
     0.012323629
     0.012976803
     0.013333743
     0.013387360
     0.013137462
     0.012590728
     0.011760539
     0.010666650
    0.0093347211
    0.0077957197
    0.0060851985
    0.0042424768
    0.0023097372
   0.00033106115
   -0.0016485753
   -0.0035843231
   -0.0054324753
   -0.0071514525
   -0.0087027380
    -0.010051739
    -0.011168559
    -0.012028656
    -0.012613383
    -0.012910392
    -0.012913891
    -0.012624754
    -0.012050481
    -0.011205005
    -0.010108357
   -0.0087861922
   -0.0072691908
   -0.0055923472
   -0.0037941637
   -0.0019157674
   2.9816762e-08
    0.0019097056
    0.0037700153
    0.0055389705
    0.0071767857
    0.0086467719
    0.0099161585
     0.010956822
     0.011745908
     0.012266335
     0.012507158
     0.012463801
     0.012138140
     0.011538437
     0.010679140
    0.0095805269
    0.0082682366
    0.0067726665
    0.0051282715
    0.0033727701
    0.0015462807
  -0.00030959473
   -0.0021527175
   -0.0039413678
   -0.0056351886
   -0.0071960953
   -0.0085891313
   -0.0097832498
    -0.010752005
    -0.011474138
    -0.011934041
    -0.012122094
    -0.012034863
    -0.011675164
    -0.011051972
    -0.010180208
   -0.0090803762
   -0.0077780854
   -0.0063034540
   -0.0046904132
   -0.0029759278
   -0.0011991492
   0.00059947741
    0.0023791332
    0.0040995514
    0.0057219274
    0.0072097934
    0.0085298375
    0.0096526490
     0.010553372
     0.011212257
     0.011615089
     0.011753499
     0.011625131
     0.011233679
     0.010588788
    0.0097058160
    0.0086054678
    0.0073133135
    0.0058591935
    0.0042765300
    0.0026015598
   0.00087250543
  -0.00087129667
   -0.0025902902
   -0.0042455959
   -0.0057998897
   -0.0072182443
   -0.0084689130
   -0.0095240396
    -0.010360278
    -0.010959310
    -0.011308241
    -0.011399883
    -0.011232895
    -0.010811801
    -0.010146868
   -0.0092538591
   -0.0081536592
   -0.0068717881
   -0.0054378091
   -0.0038846479
   -0.0022478371
  -0.00056470408
    0.0011264798
    0.0027873686
    0.0043804108
    0.0058696978
    0.0072217725
    0.0084063804
    0.0093971460
     0.010172160
     0.010714461
     0.011012409
     0.011059933
     0.010856652
     0.010407868
    0.0097244324
    0.0088224818
    0.0077230598
    0.0064516259
    0.0050374669
    0.0035130227
    0.0019131426
   0.00027428973
   -0.0013662901
   -0.0029714137
   -0.0045048031
   -0.0059319048
   -0.0072206679
   -0.0083422631
   -0.0092717275
   -0.0099885192
    -0.010476971
    -0.010726632
    -0.010732490
    -0.010495071
    -0.010020412
   -0.0093199074
   -0.0084100412
   -0.0073119952
   -0.0060511587
   -0.0046565417
   -0.0031601075
   -0.0015960416
   2.9816762e-08
    0.0015918500
    0.0031433552
    0.0046194912
    0.0059870043
    0.0072151908
    0.0082765850
    0.0091475736
    0.0098089200
     0.010246189
     0.010450060
     0.010416527
     0.010146974
    0.0096481280
    0.0089318958
    0.0080150782
    0.0069189776
    0.0056689032
    0.0042935875
    0.0028245258
    0.0012952563
  -0.00025940586
   -0.0018041605
   -0.0033040231
   -0.0047251172
   -0.0060354387
   -0.0072055762
   -0.0082093707
   -0.0090245003
   -0.0096329753
    -0.010021536
    -0.010181938
    -0.010111131
   -0.0098113112
   -0.0092898574
   -0.0085591534
   -0.0076362929
   -0.0065426807
   -0.0053035366
   -0.0039473143
   -0.0025050486
   -0.0010096456
   0.00050486762
    0.0020041168
    0.0034541604
    0.0048222574
    0.0060776059
    0.0071920369
    0.0081406453
    0.0089023461
    0.0094603431
    0.0098024980
    0.0099215947
    0.0098154895
    0.0094871480
    0.0089445646
    0.0082005690
    0.0072725235
    0.0061819186
    0.0049538753
    0.0036165674
    0.0022005751
   0.00073818659
  -0.00073733804
   -0.0021925229
   -0.0035944351
   -0.0049114302
   -0.0061138653
   -0.0071747668
   -0.0080704341
   -0.0087809696
   -0.0092907196
   -0.0095886189
   -0.0096684305
   -0.0095288751
   -0.0091736478
   -0.0086113230
   -0.0078551474
   -0.0069227292
   -0.0058356283
   -0.0046188580
   -0.0033003104
   -0.0019101168
  -0.00047996010
   0.00095764733
    0.0023701022
    0.0037254492
    0.0049931040
    0.0061445425
    0.0071539428
    0.0079987635
    0.0086602470
    0.0091238353
    0.0093794901
    0.0094219097
    0.0092506374
    0.0088700611
    0.0082893016
    0.0075219954
    0.0065859748
    0.0055028539
    0.0042975296
    0.0029976103
    0.0016327833
   0.00023413757
   -0.0011665444
   -0.0025375082
   -0.0038477471
   -0.0050677032
   -0.0061699336
   -0.0071297276
   -0.0079256601
   -0.0085400697
   -0.0089594502
   -0.0091747470
   -0.0091815520
   -0.0089801928
   -0.0085757140
   -0.0079777527
   -0.0072003088
   -0.0062614181
   -0.0051827340
   -0.0039890290
   -0.0027076253
   -0.0013677705
   2.9816763e-08
    0.0013647067
    0.0026953326
    0.0039618225
    0.0051356136
    0.0061903088
    0.0071022708
    0.0078511509
    0.0084203428
    0.0087973507
    0.0089740630
    0.0089469265
    0.0087170160
    0.0082900003
    0.0076760028
    0.0068893623
    0.0059482986
    0.0048744907
    0.0036925776
    0.0024295937
    0.0011143505
  -0.00022322059
   -0.0015527487
   -0.0028441129
   -0.0040681246
   -0.0051971867
   -0.0062059154
   -0.0070717110
   -0.0077752635
   -0.0083009834
   -0.0086373463
   -0.0087771454
   -0.0087176453
   -0.0084606340
   -0.0080123726
   -0.0073834433
   -0.0065885003
   -0.0056459286
   -0.0045774191
   -0.0034074699
   -0.0021628249
  -0.00087186240
   0.00043605112
    0.0017312291
    0.0029843383
    0.0041670629
    0.0052527440
    0.0062169805
    0.0070381767
    0.0076980262
    0.0081819196
    0.0084792673
    0.0085837314
    0.0084933594
    0.0082106199
    0.0077423364
    0.0070995236
    0.0062971287
    0.0053536842
    0.0042908800
    0.0031330654
    0.0019066910
   0.00063970523
  -0.00063908267
   -0.0019006573
   -0.0031164554
   -0.0042590119
   -0.0053025805
   -0.0062237134
   -0.0070017878
   -0.0076194674
   -0.0080630887
   -0.0083229623
   -0.0083935847
   -0.0082737539
   -0.0079665877
   -0.0074794439
   -0.0068237445
   -0.0060147085
   -0.0050709988
   -0.0040142920
   -0.0028687808
   -0.0016606202
  -0.00041733094
   0.00083282751
    0.0020614989
    0.0032408730
    0.0043443152
    0.0053469673
    0.0062263076
    0.0069626563
    0.0075396162
    0.0079444367
    0.0081682961
    0.0082064929
    0.0080585443
    0.0077281879
    0.0072232887
    0.0065556525
    0.0057407495
    0.0047973567
    0.0037471254
    0.0026140844
    0.0014240905
   0.00020423877
   -0.0010177542
   -0.0022141800
   -0.0033579660
   -0.0044232884
   -0.0053861542
   -0.0062249422
   -0.0069208877
   -0.0074585020
   -0.0078259174
   -0.0080151484
   -0.0080222649
   -0.0078474734
   -0.0074951036
   -0.0069735020
   -0.0062948351
   -0.0054748050
   -0.0045322874
   -0.0034888966
   -0.0023684903
   -0.0011966244
   2.9816762e-08
    0.0011942924
    0.0023590921
    0.0034680793
    0.0044962225
    0.0054203726
    0.0062197842
    0.0068765808
    0.0073761548
    0.0077074914
    0.0078634119
    0.0078407285
    0.0076403086
    0.0072670472
    0.0067297481
    0.0060409164
    0.0052164678
    0.0042753614
    0.0032391634
    0.0021315537
   0.00097778430
  -0.00019589557
   -0.0013628368
   -0.0024965952
   -0.0035715306
   -0.0045633864
   -0.0054498367
   -0.0062109888
   -0.0068298295
   -0.0072926047
   -0.0075891254
   -0.0077129912
   -0.0076617286
   -0.0074368391
   -0.0070437575
   -0.0064917212
   -0.0057935534
   -0.0049653655
   -0.0040261854
   -0.0029975208
   -0.0019028665
  -0.00076716834
   0.00038374530
    0.0015237507
    0.0026270214
    0.0036686135
    0.0046250289
    0.0054747455
    0.0061987015
    0.0067807225
    0.0072078826
    0.0074707918
    0.0075638013
    0.0074851254
    0.0072368737
    0.0068249965
    0.0062591425
    0.0055524328
    0.0047211573
    0.0037843992
    0.0027635968
    0.0016820538
   0.00056440686
  -0.00056393533
   -0.0016773692
   -0.0027506775
   -0.0037595999
   -0.0046813812
   -0.0054952849
   -0.0061830587
   -0.0067293442
   -0.0071220195
   -0.0073524681
   -0.0074157672
   -0.0073107931
   -0.0070402392
   -0.0066105478
   -0.0060317573
   -0.0053172678
   -0.0044835310
   -0.0035496719
   -0.0025370499
   -0.0014687707
  -0.00036915911
   0.00073679454
    0.0018240023
    0.0028678475
    0.0038447418
    0.0047326584
    0.0055116280
    0.0061641884
    0.0066757752
    0.0070350469
    0.0072341364
    0.0072688222
    0.0071386185
    0.0068467784
    0.0064002141
    0.0058093330
    0.0050877956
    0.0042521998
    0.0033216994
    0.0023175653
    0.0012626988
   0.00018111054
  -0.00090262701
   -0.0019639368
   -0.0029787950
   -0.0039242740
   -0.0047790609
   -0.0055239374
   -0.0061422117
   -0.0066200925
   -0.0069469967
   -0.0071157828
   -0.0071229077
   -0.0069684994
   -0.0066563486
   -0.0061938155
   -0.0055916566
   -0.0048637753
   -0.0040269003
   -0.0031002019
   -0.0021048529
   -0.0010635446
   2.9816762e-08
    0.0010617144
    0.0020974391
    0.0030837650
    0.0039984149
    0.0048207763
    0.0055323653
    0.0061172427
    0.0065623701
    0.0068579009
    0.0069973976
    0.0069779720
    0.0068003443
    0.0064688202
    0.0059911876
    0.0053785331
    0.0046449856
    0.0038073900
    0.0028849213
    0.0018986448
   0.00087103606
  -0.00017453150
   -0.0012143181
   -0.0022247565
   -0.0031829858
   -0.0040673687
   -0.0048579801
   -0.0055370553
   -0.0060893898
   -0.0065026789
   -0.0067677920
   -0.0068789741
   -0.0068339702
   -0.0066340706
   -0.0062840757
   -0.0057921805
   -0.0051697837
   -0.0044312230
   -0.0035934457
   -0.0026756191
   -0.0016986932
  -0.00068492156
   0.00034264466
    0.0013606812
    0.0023461197
    0.0032766704
    0.0041313264
    0.0048908372
    0.0055381427
    0.0060587560
    0.0064410876
    0.0066767030
    0.0067605090
    0.0066908629
    0.0064696046
    0.0061020082
    0.0055966574
    0.0049652445
    0.0042223005
    0.0033848611
    0.0024720753
    0.0015047685
   0.00050496745
  -0.00050460183
   -0.0015010299
   -0.0024617437
   -0.0033650182
   -0.0041904670
   -0.0049195027
   -0.0055357553
   -0.0060254392
   -0.0063776622
   -0.0065846669
   -0.0066420018
   -0.0065486165
   -0.0063068800
   -0.0059225211
   -0.0054044929
   -0.0047647648
   -0.0040180456
   -0.0031814459
   -0.0022740857
   -0.0013166580
  -0.00033095662
   0.00066061952
    0.0016355753
    0.0025718297
    0.0034482158
    0.0042449589
    0.0049441230
    0.0055300143
    0.0059895331
    0.0063124669
    0.0064917171
    0.0065234548
    0.0064072021
    0.0061458378
    0.0057455263
    0.0052155727
    0.0045682064
    0.0038182994
    0.0029830243
    0.0020814616
    0.0011341638
   0.00016268699
  -0.00081089963
   -0.0017645148
   -0.0026765661
   -0.0035264385
   -0.0042949606
   -0.0049648363
   -0.0055210349
   -0.0059511272
   -0.0062455640
   -0.0063978873
   -0.0064048724
   -0.0062665951
   -0.0059864252
   -0.0055709444
   -0.0050297922
   -0.0043754422
   -0.0036229150
   -0.0027894332
   -0.0018940274
  -0.00095710200
   2.9816762e-08
   0.00095563077
    0.0018880331
    0.0027761295
    0.0035998513
    0.0043406214
    0.0049817735
    0.0055089265
    0.0059103073
    0.0061770138
    0.0063032115
    0.0062862616
    0.0061267754
    0.0058285954
    0.0053987031
    0.0048470556
    0.0041863552
    0.0034317571
    0.0026005218
    0.0017116202
   0.00078530125
  -0.00015736965
   -0.0010949894
   -0.0020063032
   -0.0028706860
   -0.0036686094
   -0.0043820828
   -0.0049950587
   -0.0054937936
   -0.0058671562
   -0.0061068754
   -0.0062077238
   -0.0061676311
   -0.0059877263
   -0.0056723070
   -0.0052287373
   -0.0046672756
   -0.0040008379
   -0.0032447004
   -0.0024161499
   -0.0015340883
  -0.00061860173
   0.00030949694
    0.0012291410
    0.0021194879
    0.0029603920
    0.0037328597
    0.0044194786
    0.0050048101
    0.0054757361
    0.0058217531
    0.0060352063
    0.0061114586
    0.0060489916
    0.0058494346
    0.0055175235
    0.0050609880
    0.0044903722
    0.0038187910
    0.0030616289
    0.0022361876
    0.0013612905
   0.00045685415
  -0.00045656565
   -0.0013582406
   -0.0022277403
   -0.0030453951
   -0.0037927408
   -0.0044529357
   -0.0050111402
   -0.0054548496
   -0.0057741749
   -0.0059620626
   -0.0060144506
   -0.0059303555
   -0.0057118905
   -0.0053642128
   -0.0048954019
   -0.0043162722
   -0.0036401234
   -0.0028824354
   -0.0020605138
   -0.0011930950
  -0.00029991888
   0.00059872017
    0.0014824343
    0.0023312045
    0.0031258345
    0.0038483842
    0.0044825749
    0.0050141562
    0.0054312258
    0.0057244957
    0.0058874995
    0.0059167345
    0.0058117367
    0.0055750867
    0.0052123470
    0.0047319311
    0.0041449088
    0.0034647509
    0.0027070203
    0.0018890162
    0.0010293788
   0.00014766513
  -0.00073609612
   -0.0016018594
   -0.0024300168
   -0.0032018423
   -0.0038999147
   -0.0045085112
   -0.0050139611
   -0.0054049528
   -0.0056727873
   -0.0058115709
   -0.0058183455
   -0.0056931506
   -0.0054390188
   -0.0050619021
   -0.0045705326
   -0.0039762211
   -0.0032925960
   -0.0025352914
   -0.0017215897
  -0.00087002672
   2.9816762e-08
   0.00086882106
    0.0017166456
    0.0025243060
    0.0032735436
    0.0039474512
    0.0045308543
    0.0050106530
    0.0053761157
    0.0056191193
    0.0057343298
    0.0057193186
    0.0055746140
    0.0053036849
    0.0049128573
    0.0044111676
    0.0038101531
    0.0031235871
    0.0023671631
    0.0015581366
   0.00071493110
  -0.00014328120
  -0.00099701519
   -0.0018269152
   -0.0026141939
   -0.0033410572
   -0.0039911066
   -0.0045497091
   -0.0050043264
   -0.0053447963
   -0.0055635596
   -0.0056558281
   -0.0056196891
   -0.0054561448
   -0.0051690850
   -0.0047651953
   -0.0042538016
   -0.0036466540
   -0.0029576581
   -0.0022025557
   -0.0013985656
  -0.00056399090
   0.00028219744
    0.0011207919
    0.0019327843
    0.0026997964
    0.0034044962
    0.0040309890
    0.0045651762
    0.0049950723
    0.0053110738
    0.0055061739
    0.0055761171
    0.0055194927
    0.0053377618
    0.0050352214
    0.0046189016
    0.0040984036
    0.0034856774
    0.0027947483
    0.0020413953
    0.0012427912
   0.00041711129
  -0.00041688067
   -0.0012402584
   -0.0020343625
   -0.0027812235
   -0.0034639684
   -0.0040672015
   -0.0045773518
   -0.0049829779
   -0.0052750250
   -0.0054470265
   -0.0054952473
   -0.0054187647
   -0.0052194853
   -0.0049020982
   -0.0044739643
   -0.0039449462
   -0.0033271809
   -0.0026348012
   -0.0018836129
   -0.0010907336
  -0.00027420312
   0.00054742729
    0.0013555160
    0.0021317541
    0.0028585800
    0.0035195768
    0.0040998431
    0.0045863286
    0.0049681277
    0.0052367241
    0.0053861800
    0.0054132683
    0.0053175409
    0.0051013361
    0.0047697212
    0.0043303740
    0.0037934053
    0.0031711259
    0.0024777650
    0.0017291444
   0.00094231788
   0.00013518246
  -0.00067392834
   -0.0014666610
   -0.0022250582
   -0.0029319656
   -0.0035714197
   -0.0041290085
   -0.0045921958
   -0.0049506033
   -0.0051962432
   -0.0053236958
   -0.0053302291
   -0.0052158571
   -0.0049833361
   -0.0046380979
   -0.0041881237
   -0.0036437593
   -0.0030174773
   -0.0023235915
   -0.0015779300
  -0.00079747367
   2.9816762e-08
