   3.8757459e-07
   -0.0052982039
  -0.00066618569
    0.0052215662
    0.0013232438
   -0.0050622662
   -0.0019611649
    0.0048225977
    0.0025698261
   -0.0045061290
   -0.0031395392
    0.0041176505
    0.0036612050
   -0.0036631019
   -0.0041264579
    0.0031494819
    0.0045278006
   -0.0025847405
   -0.0048587242
    0.0019776559
    0.0051138137
   -0.0013376984
   -0.0052888367
   0.00067488302
    0.0053808130
   3.8757459e-07
   -0.0053880653
  -0.00067748578
    0.0053102489
    0.0013457263
   -0.0051483612
   -0.0019945346
    0.0049047292
    0.0026136142
   -0.0045829765
   -0.0031931096
    0.0041879697
    0.0037237635
   -0.0037257453
   -0.0041970639
    0.0032034168
    0.0046053810
   -0.0026290663
   -0.0049420900
    0.0020116191
    0.0052016779
   -0.0013607052
   -0.0053798340
   0.00068650953
    0.0054735213
   3.8757459e-07
   -0.0054810275
  -0.00068917606
    0.0054019960
    0.0013689862
   -0.0052374353
   -0.0020290598
    0.0049897066
    0.0026589206
   -0.0046624904
   -0.0032485401
    0.0042607324
    0.0037884971
   -0.0037905683
   -0.0042701282
    0.0032592309
    0.0046856665
   -0.0026749387
   -0.0050283666
    0.0020467689
    0.0052926142
   -0.0013845170
   -0.0054740175
   0.00069854341
    0.0055694802
   3.8757459e-07
   -0.0055772538
  -0.00070127711
    0.0054969691
    0.0013930645
   -0.0053296458
   -0.0020648015
    0.0050776803
    0.0027058257
   -0.0047448121
   -0.0033059293
    0.0043360679
    0.0038555215
   -0.0038576867
   -0.0043457817
    0.0033170242
    0.0047688010
   -0.0027224401
   -0.0051177092
    0.0020831688
    0.0053867867
   -0.0014091767
   -0.0055715575
   0.00071100646
    0.0056688638
   3.8757459e-07
   -0.0056769193
  -0.00071381095
    0.0055953414
    0.0014180052
   -0.0054251613
   -0.0021018252
    0.0051688118
    0.0027544156
   -0.0048300928
   -0.0033653828
    0.0044141154
    0.0039249602
   -0.0039272248
   -0.0044241644
    0.0033769040
    0.0048549388
   -0.0027716588
   -0.0052102842
    0.0021208866
    0.0054843713
   -0.0014347306
   -0.0056726367
   0.00072392206
    0.0057718587
   3.8757459e-07
   -0.0057802116
  -0.00072680124
    0.0056972986
    0.0014438555
   -0.0055241628
   -0.0021402011
    0.0052632741
    0.0028047828
   -0.0049184951
   -0.0034270141
    0.0044950238
    0.0039969462
   -0.0039993156
   -0.0045054266
    0.0034389852
    0.0049442459
   -0.0028226897
   -0.0053062702
    0.0021599951
    0.0055855567
   -0.0014612281
   -0.0057774513
   0.00073731530
    0.0058786654
   3.8757459e-07
   -0.0058873323
  -0.00074027336
    0.0058030405
    0.0014706660
   -0.0056268446
   -0.0021800047
    0.0053612532
    0.0028570265
   -0.0050101935
   -0.0034909451
    0.0045789534
    0.0040716223
   -0.0040741024
   -0.0045897301
    0.0035033915
    0.0050369003
   -0.0028756347
   -0.0054058592
    0.0022005728
    0.0056905461
   -0.0014887226
   -0.0058862122
   0.00075121319
    0.0059894995
   3.8757459e-07
   -0.0059984984
  -0.00075425463
    0.0059127816
    0.0014984914
   -0.0057334159
   -0.0022213172
    0.0054629493
    0.0029112537
   -0.0051053759
   -0.0035573069
    0.0046660767
    0.0041491421
   -0.0041517393
   -0.0046772489
    0.0035702561
    0.0051330938
   -0.0029306036
   -0.0055092581
    0.0022427040
    0.0057995581
   -0.0015172712
   -0.0059991466
   0.00076564478
    0.0061045932
   3.8757459e-07
   -0.0061139434
  -0.00076877447
    0.0060267534
    0.0015273902
   -0.0058441019
   -0.0022642259
    0.0055685780
    0.0029675794
   -0.0052042446
   -0.0036262409
    0.0047565795
    0.0042296712
   -0.0042323924
   -0.0047681704
    0.0036397225
    0.0052330332
   -0.0029877148
   -0.0056166897
    0.0022864796
    0.0059128284
   -0.0015469359
   -0.0061164993
   0.00078064144
    0.0062241968
   3.8757459e-07
   -0.0062339192
  -0.00078386461
    0.0061452052
    0.0015574259
   -0.0059591456
   -0.0023088253
    0.0056783718
    0.0030261280
   -0.0053070182
   -0.0036978995
    0.0048506623
    0.0043133883
   -0.0043162409
   -0.0048626970
    0.0037119454
    0.0053369415
   -0.0030470958
   -0.0057283947
    0.0023319979
    0.0060306114
   -0.0015777834
   -0.0062385350
   0.00079623701
    0.0063485808
   3.8757459e-07
   -0.0063586979
  -0.00079955932
    0.0062684064
    0.0015886669
   -0.0060788096
   -0.0023552173
    0.0057925821
    0.0030870335
   -0.0054139325
   -0.0037724477
    0.0049485418
    0.0044004866
   -0.0044034787
   -0.0049610475
    0.0037870923
    0.0054450601
   -0.0031088849
   -0.0058446331
    0.0023793651
    0.0061531824
   -0.0016098859
   -0.0063655395
   0.00081246809
    0.0064780375
   3.8757459e-07
   -0.0064885738
  -0.00081589568
    0.0063966486
    0.0016211872
   -0.0062033778
   -0.0024035121
    0.0059114809
    0.0031504414
   -0.0055252429
   -0.0038500636
    0.0050504526
    0.0044911750
   -0.0044943153
   -0.0050634588
    0.0038653445
    0.0055576501
   -0.0031732314
   -0.0059656867
    0.0024286960
    0.0062808393
   -0.0016433216
   -0.0064978227
   0.00082937434
    0.0066128837
   3.8757459e-07
   -0.0066238657
  -0.00083291386
    0.0065302476
    0.0016550670
   -0.0063331581
   -0.0024538294
    0.0060353628
    0.0032165089
   -0.0056412264
   -0.0039309407
    0.0051566490
    0.0045856804
   -0.0045889783
   -0.0051701875
    0.0039468985
    0.0056749948
   -0.0032402976
   -0.0060918610
    0.0024801155
    0.0064139054
   -0.0016781752
   -0.0066357206
   0.00084699879
    0.0067534632
   3.8757459e-07
   -0.0067649196
  -0.00085065745
    0.0066695463
    0.0016903935
   -0.0064684846
   -0.0025062988
    0.0061645479
    0.0032854072
   -0.0057621834
   -0.0040152889
    0.0052674071
    0.0046842487
   -0.0046877146
   -0.0052815127
    0.0040319677
    0.0057974018
   -0.0033102595
   -0.0062234880
    0.0025337590
    0.0065527319
   -0.0017145390
   -0.0067795985
   0.00086538818
    0.0069001496
   3.8757459e-07
   -0.0069121115
  -0.00086917385
    0.0068149172
    0.0017272612
   -0.0066097205
   -0.0025610614
    0.0062993841
    0.0033573220
   -0.0058884408
   -0.0041033366
    0.0053830272
    0.0047871478
   -0.0047907928
   -0.0053977377
    0.0041207845
    0.0059252059
   -0.0033833089
   -0.0063609289
    0.0025897741
    0.0066977012
   -0.0017525132
   -0.0069298540
   0.00088459343
    0.0070533495
   3.8757459e-07
   -0.0070658512
  -0.00088851466
    0.0069667664
    0.0017657734
   -0.0067572615
   -0.0026182710
    0.0064402506
    0.0034324559
   -0.0060203550
   -0.0041953326
    0.0055038368
    0.0048946694
   -0.0048985058
   -0.0055191934
    0.0042136020
    0.0060587721
   -0.0034596548
   -0.0065045776
    0.0026483214
    0.0068492302
   -0.0017922072
   -0.0070869206
   0.00090467007
    0.0072135067
   3.8757459e-07
   -0.0072265854
  -0.00090873621
    0.0071255366
    0.0018060425
   -0.0069115397
   -0.0026780953
    0.0065875611
    0.0035110299
   -0.0061583147
   -0.0042915487
    0.0056301932
    0.0050071324
   -0.0050111734
   -0.0056462410
    0.0043106968
    0.0061984991
   -0.0035395254
   -0.0066548644
    0.0027095768
    0.0070077745
   -0.0018337406
   -0.0072512724
   0.00092567876
    0.0073811062
   3.8757459e-07
   -0.0073948026
  -0.00092990004
    0.0072917122
    0.0018481916
   -0.0070730270
   -0.0027407177
    0.0067417682
    0.0035932860
   -0.0063027454
   -0.0043922819
    0.0057624873
    0.0051248852
   -0.0051291456
   -0.0057792757
    0.0044123716
    0.0063448233
   -0.0036231706
   -0.0068122603
    0.0027737325
    0.0071738326
   -0.0018772443
   -0.0074234281
   0.00094768597
    0.0075566791
   3.8757459e-07
   -0.0075710377
  -0.00095207360
    0.0074658236
    0.0018923555
   -0.0072422411
   -0.0028063393
    0.0069033678
    0.0036794892
   -0.0064541131
   -0.0044978581
    0.0059011479
    0.0052483101
   -0.0052528058
   -0.0059187310
    0.0045189582
    0.0064982231
   -0.0037108644
   -0.0069772820
    0.0028409995
    0.0073479519
   -0.0019228619
   -0.0076039572
   0.00097076461
    0.0077408081
   3.8757459e-07
   -0.0077558781
  -0.00097533091
    0.0076484532
    0.0019386821
   -0.0074197499
   -0.0028751808
    0.0070729044
    0.0037699304
   -0.0066129301
   -0.0046086350
    0.0060466458
    0.0053778271
   -0.0053825758
   -0.0060650832
    0.0046308214
    0.0066592245
   -0.0038029082
   -0.0071504974
    0.0029116098
    0.0075307338
   -0.0019707513
   -0.0077934857
   0.00099499488
    0.0079341344
   3.8757459e-07
   -0.0079499698
  -0.00099975341
    0.0078402417
    0.0019873344
   -0.0076061788
   -0.0029474851
    0.0072509777
    0.0038649302
   -0.0067797600
   -0.0047250068
    0.0061994996
    0.0055138985
   -0.0055189197
   -0.0062188570
    0.0047483629
    0.0068284068
   -0.0038996337
   -0.0073325323
    0.0029858191
    0.0077228413
   -0.0020210865
   -0.0079927039
    0.0010204652
    0.0081373646
   3.8757459e-07
   -0.0081540251
   -0.0010254309
    0.0080418958
    0.0020384920
   -0.0078022174
   -0.0030235203
    0.0074382489
    0.0039648420
   -0.0069552250
   -0.0048474081
    0.0063602814
    0.0056570350
   -0.0056623501
   -0.0063806314
    0.0048720263
    0.0070064099
   -0.0040014076
   -0.0075240780
    0.0030639095
    0.0079250067
   -0.0020740598
   -0.0082023741
    0.0010472732
    0.0083512800
   3.8757459e-07
   -0.0083688314
   -0.0010524627
    0.0082541970
    0.0020923534
   -0.0080086285
   -0.0031035828
    0.0076354497
    0.0040700571
   -0.0071400133
   -0.0049763202
    0.0065296245
    0.0058078013
   -0.0058134343
   -0.0065510477
    0.0050023028
    0.0071939421
   -0.0041086355
   -0.0077258997
    0.0031461939
    0.0081380413
   -0.0021298842
   -0.0084233413
    0.0010755272
    0.0085767459
   3.8757459e-07
   -0.0085952615
   -0.0010809589
    0.0084780113
    0.0021491389
   -0.0082262575
   -0.0031880013
    0.0078433913
    0.0041810090
   -0.0073348883
   -0.0051122767
    0.0067082315
    0.0059668243
   -0.0059728015
   -0.0067308172
    0.0051397373
    0.0073917896
   -0.0042217681
   -0.0079388472
    0.0032330194
    0.0083628458
   -0.0021887963
   -0.0086565437
    0.0011053474
    0.0088147237
   3.8757459e-07
   -0.0088342850
   -0.0011110417
    0.0087143012
    0.0022090932
   -0.0084560446
   -0.0032771411
    0.0080629757
    0.0042981802
   -0.0075406991
   -0.0052558712
    0.0068968839
    0.0061348013
   -0.0061411522
   -0.0069207317
    0.0052849365
    0.0076008275
   -0.0043413068
   -0.0081638665
    0.0033247725
    0.0086004233
   -0.0022510594
   -0.0089030263
    0.0011368677
    0.0090662848
   3.8757459e-07
   -0.0090869827
   -0.0011428475
    0.0089641399
    0.0022724893
   -0.0086990378
   -0.0033714099
    0.0082952091
    0.0044221087
   -0.0077583927
   -0.0054077659
    0.0070964536
    0.0063125104
   -0.0063192681
   -0.0071216749
    0.0054385775
    0.0078220330
   -0.0044678117
   -0.0084020141
    0.0034218850
    0.0088518941
   -0.0023169679
   -0.0091639570
    0.0011702377
    0.0093326261
   3.8757459e-07
   -0.0093545624
   -0.0011765286
    0.0092287271
    0.0023396321
   -0.0089564093
   -0.0034712632
    0.0085412166
    0.0045533964
   -0.0079890289
   -0.0055687020
    0.0073079167
    0.0065008227
   -0.0065080241
   -0.0073346363
    0.0056014185
    0.0080565002
   -0.0046019098
   -0.0086544735
    0.0035248406
    0.0091185138
   -0.0023868516
   -0.0094406443
    0.0012056253
    0.0096150899
   3.8757459e-07
   -0.0096383787
   -0.0012122559
    0.0095094083
    0.0024108641
   -0.0092294742
   -0.0035772127
    0.0088022613
    0.0046927189
   -0.0082337972
   -0.0057395115
    0.0075323689
    0.0067007163
   -0.0067084030
   -0.0075607272
    0.0057743115
    0.0083054585
   -0.0047443062
   -0.0089225748
    0.0036341831
    0.0094016938
   -0.0024610813
   -0.0097345600
    0.0012432192
    0.0099151855
   3.8757459e-07
   -0.0099399558
   -0.0012502218
    0.0098076982
    0.0024865704
   -0.0095197130
   -0.0036898339
    0.0090797652
    0.0048408369
   -0.0084940375
   -0.0059211316
    0.0077710450
    0.0069132935
   -0.0069215124
   -0.0078012005
    0.0059582167
    0.0085702943
   -0.0048957955
   -0.0092078181
    0.0037505257
    0.0097030263
   -0.0025400754
    -0.010047365
    0.0012832322
     0.010234617
   3.8757459e-07
    -0.010261015
   -0.0012906435
     0.010125307
    0.0025671863
   -0.0098287985
   -0.0038097778
    0.0093753359
    0.0049986106
   -0.0087712649
   -0.0061146224
    0.0080253412
    0.0071398010
   -0.0071486054
   -0.0080574736
    0.0061542210
    0.0088525765
   -0.0050572775
   -0.0095119017
    0.0038745630
     0.010024315
   -0.0026243079
    -0.010380940
    0.0013259056
     0.010575316
   3.8757459e-07
    -0.010603506
   -0.0013337671
     0.010464176
    0.0026532054
    -0.010158628
   -0.0039377824
    0.0096907969
    0.0051670159
   -0.0090671985
   -0.0063211869
    0.0082968428
    0.0073816547
   -0.0073911050
   -0.0083311565
    0.0063635589
    0.0091540877
   -0.0052297747
   -0.0098367561
    0.0040070843
     0.010367609
   -0.0027143176
    -0.010737426
    0.0013715139
     0.010939479
   3.8757459e-07
    -0.010969650
   -0.0013798730
     0.010826511
    0.0027451898
    -0.010511362
   -0.0040746886
     0.010028226
    0.0053471650
   -0.0093837979
   -0.0065421965
    0.0085873571
    0.0076404685
   -0.0076506341
   -0.0086240859
    0.0065876390
    0.0094768621
   -0.0054144539
    -0.010184585
    0.0041489910
     0.010735250
   -0.0028107200
    -0.011119267
    0.0014203707
     0.011329617
   3.8757459e-07
    -0.011361984
   -0.0014292816
     0.011214839
    0.0028437823
    -0.010889473
   -0.0042214584
     0.010390000
    0.0055403307
   -0.0097233060
   -0.0067792212
    0.0088989538
    0.0079180916
   -0.0079290517
   -0.0089383657
    0.0068280752
    0.0098232310
   -0.0056126528
    -0.010557914
    0.0043013166
     0.011129924
   -0.0029142213
    -0.011529266
    0.0014728358
     0.011748610
   3.8757459e-07
    -0.011783424
   -0.0014823610
     0.011632060
    0.0029497214
    -0.011295801
   -0.0043791975
     0.010778854
    0.0057479765
    -0.010088303
   -0.0070340674
    0.0092340141
    0.0082166515
   -0.0082284979
   -0.0092764186
    0.0070867263
     0.010195880
   -0.0058259124
    -0.010959655
    0.0044652525
     0.011554726
   -0.0030256356
    -0.011970660
    0.0015293243
     0.012199785
   3.8757459e-07
    -0.012237332
   -0.0015395360
     0.012081525
    0.0030638602
    -0.011733628
   -0.0045491834
     0.011197945
    0.0059717942
    -0.010481770
   -0.0073088234
    0.0095952919
    0.0085386095
   -0.0085514484
   -0.0096410480
    0.0073657436
     0.010597917
   -0.0060560171
    -0.011393179
    0.0046421785
     0.012013242
   -0.0031459063
    -0.012447196
    0.0015903175
     0.012686996
   3.8757459e-07
    -0.012727610
   -0.0016012997
     0.012567119
    0.0031871889
    -0.012206763
   -0.0047329000
     0.011650943
    0.0062137494
    -0.010907175
   -0.0076059173
    0.0099859897
    0.0088868284
   -0.0089007839
    -0.010035516
    0.0076676312
     0.011032963
   -0.0063050449
    -0.011862413
    0.0048337024
     0.012509652
   -0.0032761332
    -0.012963246
    0.0016563765
     0.013214740
   3.8757459e-07
    -0.013258814
   -0.0016682276
     0.013093384
    0.0033208640
    -0.012719657
   -0.0049320809
     0.012142136
    0.0064761400
    -0.011368571
   -0.0079281886
     0.010409854
    0.0092646578
   -0.0092798753
    -0.010463642
    0.0079953211
     0.011505256
   -0.0065754302
    -0.012371960
    0.0050417085
     0.013048856
   -0.0034176059
    -0.013523937
    0.0017281599
     0.013788295
   3.8757459e-07
    -0.013836289
   -0.0017409956
     0.013665650
    0.0034662444
    -0.013277542
   -0.0051487646
     0.012676569
    0.0067616691
    -0.011870725
   -0.0082789795
     0.010871294
    0.0096760421
   -0.0096926937
    -0.010929925
    0.0083522691
     0.012019793
   -0.0068700436
    -0.012927247
    0.0052684203
     0.013636637
   -0.0035718470
    -0.014135323
    0.0018064455
     0.014413898
   3.8757459e-07
    -0.014466358
   -0.0018204030
     0.014290226
    0.0036249380
    -0.013886609
   -0.0053853641
     0.013260212
    0.0070735386
    -0.012419289
   -0.0086622511
     0.011375540
     0.010125659
    -0.010143950
    -0.011439705
    0.0087425767
     0.012582507
   -0.0071922942
    -0.013534723
    0.0055164796
     0.014279869
   -0.0037406665
    -0.014804605
    0.0018921585
     0.015098968
   3.8757459e-07
    -0.015156548
   -0.0019074020
     0.014974627
    0.0037988614
    -0.014554240
   -0.0056447573
     0.013900192
    0.0074155695
    -0.013021009
   -0.0090827335
     0.011928837
     0.010619099
    -0.010639273
    -0.011999365
    0.0091711498
     0.013200498
   -0.0075462624
    -0.014202107
    0.0057890508
     0.014986787
   -0.0039262341
    -0.015540417
    0.0019864086
     0.015852408
   3.8757459e-07
    -0.015915896
   -0.0020031358
     0.015727882
    0.0039903173
    -0.015289309
   -0.0059304050
     0.014605078
    0.0077923596
    -0.013684004
   -0.0095461223
     0.012538709
     0.011163095
    -0.011185452
    -0.012616604
    0.0096439056
     0.013882332
   -0.0079368732
    -0.014938722
    0.0060899557
     0.015767343
   -0.0041311720
    -0.016353197
    0.0020905382
     0.016684991
   3.8757459e-07
    -0.016755343
   -0.0021089895
     0.016560930
    0.0042020977
    -0.016102576
   -0.0062465054
     0.015385272
    0.0082094913
    -0.014418136
    -0.010059338
     0.013214299
     0.011765839
    -0.011790740
    -0.013300788
     0.010168048
     0.014638439
   -0.0083701272
    -0.015755930
    0.0064238546
     0.016633674
   -0.0043586801
    -0.017255687
    0.0022061866
     0.017609878
   3.8757459e-07
    -0.017688270
   -0.0022266572
     0.017487161
    0.0044376202
    -0.017007222
   -0.0065982028
     0.016253525
    0.0086738098
    -0.015235502
    -0.010630873
     0.013966836
     0.012437389
    -0.012465284
    -0.014063434
     0.010752437
     0.015481655
   -0.0088534105
    -0.016667722
    0.0067964889
     0.017600741
   -0.0046127043
    -0.018263609
    0.0023353770
     0.018643320
   3.8757459e-07
    -0.018731212
   -0.0023582336
     0.018523134
    0.0047011146
    -0.018019564
   -0.0069918688
     0.017225636
    0.0091938020
    -0.016151110
    -0.011271268
     0.014810259
     0.013190240
    -0.013221690
    -0.014918859
     0.011408092
     0.016427953
   -0.0093959197
    -0.017691528
    0.0072150141
     0.018687199
   -0.0048981671
    -0.019396582
    0.0024806358
     0.019805621
   3.8757459e-07
    -0.019904848
   -0.0025063397
     0.019689583
    0.0049978784
    -0.019160050
   -0.0074354924
     0.018321425
    0.0097801198
    -0.017183802
    -0.011993766
     0.015762091
     0.014040109
    -0.014075822
    -0.015885090
     0.012148898
     0.017497468
    -0.010009253
    -0.018849340
    0.0076884639
     0.019916612
   -0.0052212900
    -0.020679420
    0.0026451597
     0.021122482
   3.8757459e-07
    -0.021235388
   -0.0026742991
     0.021012813
    0.0053346374
    -0.020454656
   -0.0079392276
     0.019566098
     0.010446317
    -0.018357574
    -0.012815235
     0.016844669
     0.015007039
    -0.015047929
    -0.016985148
     0.012992593
     0.018715940
    -0.010708246
    -0.020169310
    0.0082284094
     0.021319182
   -0.0055900517
    -0.022143963
    0.0028330534
     0.022626931
   3.8757459e-07
    -0.022756549
   -0.0028663907
     0.022526709
    0.0057200609
    -0.021936886
   -0.0085161802
     0.020992210
     0.011209912
    -0.019703452
    -0.013757509
     0.018086919
     0.016117006
    -0.016164265
    -0.018248906
     0.013962213
     0.020116818
    -0.011512194
    -0.021688071
    0.0088499177
     0.022934262
   -0.0060148562
    -0.023831760
    0.0030496771
     0.024362123
   3.8757459e-07
    -0.024512458
   -0.0030882178
     0.024275683
    0.0061655193
    -0.023650715
   -0.0091835642
     0.022642554
     0.012093948
    -0.021262286
    -0.014849349
     0.019526980
     0.017404285
    -0.017459502
    -0.019715840
     0.015088223
     0.021744376
    -0.012446653
    -0.023454187
    0.0095729796
     0.024814110
   -0.0065095298
    -0.025798070
    0.0033021657
     0.026385553
   3.8757459e-07
    -0.026561996
   -0.0033472642
     0.026319097
    0.0066862240
    -0.025655023
   -0.0099644489
     0.024574527
     0.013129360
    -0.023088961
    -0.016129439
     0.021216187
     0.018915049
    -0.018980389
    -0.021439231
     0.016411779
     0.023658475
    -0.013546211
    -0.025533444
     0.010424700
     0.027029645
   -0.0070928547
    -0.028118034
    0.0036002298
     0.028775547
   3.8757459e-07
    -0.028985538
   -0.0036537550
     0.028738138
    0.0073029997
    -0.028030499
    -0.010890479
     0.026866942
     0.014358669
    -0.025258995
    -0.017651054
     0.023225319
     0.020713030
    -0.020791521
    -0.023492773
     0.017989864
     0.025942092
    -0.014858861
    -0.028017226
     0.011442773
     0.029679598
   -0.0077910072
    -0.030896489
    0.0039574336
     0.031641634
   3.8757459e-07
    -0.031895735
   -0.0040220384
     0.031646864
    0.0080451363
    -0.030890766
    -0.012006270
     0.029631048
     0.015841967
    -0.027879244
    -0.019489673
     0.025654771
     0.022888739
    -0.022984750
    -0.025981389
     0.019903713
     0.028713660
    -0.016453196
    -0.031036306
     0.012681207
     0.032905629
   -0.0086415948
    -0.034284254
    0.0043933166
     0.035141813
   3.8757459e-07
    -0.035455530
   -0.0044728964
     0.035210708
    0.0089551771
    -0.034401094
    -0.013376808
     0.033029123
     0.017667039
    -0.031106033
    -0.021755878
     0.028651853
     0.025575178
    -0.025695249
    -0.029059723
     0.022273240
     0.032148284
    -0.018430785
    -0.034784632
     0.014220232
     0.036918496
   -0.0097006598
    -0.038506444
    0.0049370915
     0.039512682
   3.8757459e-07
    -0.039909745
   -0.0050376075
     0.039679081
     0.010097371
    -0.038811506
    -0.015100577
     0.037307528
     0.019967391
    -0.035177530
    -0.024618452
     0.032441813
     0.028976094
    -0.029130480
    -0.032965566
     0.025283180
     0.036516229
    -0.020948698
    -0.039562718
     0.016184402
     0.042046048
    -0.011055553
    -0.043914642
    0.0056344751
     0.045125275
   3.8757459e-07
    -0.045643907
   -0.0057655299
     0.045446400
     0.011573540
    -0.044519098
    -0.017334337
     0.042859268
     0.022956470
    -0.040475382
    -0.028348473
     0.037387249
     0.033420237
    -0.033625968
    -0.038084405
     0.029233726
     0.042257742
    -0.024263419
    -0.045862488
     0.018778114
     0.048827649
    -0.012850347
    -0.051090225
    0.0065612612
     0.052596343
   3.8757459e-07
    -0.053302285
   -0.0067393721
     0.053175392
     0.013555247
    -0.052194826
    -0.020343708
     0.050352176
     0.026998043
    -0.047651906
    -0.033410644
     0.044111619
     0.039474577
    -0.039762145
    -0.045085169
     0.034647437
     0.050141610
    -0.028824276
    -0.054548534
     0.022361793
     0.058217559
    -0.015340797
    -0.061068771
    0.0078529238
     0.063032121
   3.8757459e-07
    -0.064048719
   -0.0081090850
     0.064072004
     0.016355840
    -0.063068773
    -0.024617520
     0.061020044
     0.032766783
    -0.057921757
    -0.040673760
     0.053785274
     0.048207828
    -0.048637687
    -0.055239431
     0.042521925
     0.061641932
    -0.035496640
    -0.067293480
     0.027635885
     0.072078854
    -0.019028578
    -0.075891270
    0.0097777543
     0.078634125
   3.8757459e-07
    -0.080222644
    -0.010177631
     0.080585426
     0.020615075
    -0.079665849
    -0.031164637
     0.077423326
     0.041670707
    -0.073834385
    -0.051971939
     0.068893566
     0.061903153
    -0.062614116
    -0.071297333
     0.055028466
     0.079987683
    -0.046188502
    -0.087809735
     0.036165591
     0.094603458
    -0.025050399
     -0.10021537
     0.012952475
      0.10450061
   3.8757459e-07
     -0.10732490
    -0.013662989
      0.10856650
     0.027873772
     -0.10811798
    -0.042456042
      0.10588785
     0.057219352
     -0.10180203
    -0.071961026
     0.095805212
     0.086467785
    -0.087861857
     -0.10051745
     0.077957125
      0.11388068
    -0.066097485
     -0.12632270
     0.052311104
      0.13760498
    -0.036647980
     -0.14748674
     0.019179811
      0.15572638
   3.8757459e-07
     -0.16208251
    -0.020778929
      0.16631468
     0.043022358
     -0.16818359
    -0.066578588
      0.16745064
     0.091278288
     -0.16387657
     -0.11693647
      0.15721897
      0.14335430
     -0.14722817
     -0.17032106
      0.13364101
      0.19761632
     -0.11617159
     -0.22501219
     0.094497770
      0.25227569
    -0.068241390
     -0.27917126
     0.036939251
      0.30546326
   3.8757459e-07
     -0.33091848
    -0.043364304
      0.35530872
     0.094239003
     -0.37841323
     -0.15418152
      0.40002121
      0.22551056
     -0.41993404
     -0.31183007
      0.43796757
      0.41903510
     -0.45395410
     -0.55741383
      0.46774432
      0.74654998
     -0.47920889
      -1.0286266
      0.48823998
       1.5136535
     -0.49475242
      -2.6055979
      0.49868469
       7.9420442
       12.000000
       7.9420442
      0.49868469
      -2.6055979
     -0.49475242
       1.5136535
      0.48823998
      -1.0286266
     -0.47920889
      0.74654998
      0.46774432
     -0.55741383
     -0.45395410
      0.41903510
      0.43796757
     -0.31183007
     -0.41993404
      0.22551056
      0.40002121
     -0.15418152
     -0.37841323
     0.094239003
      0.35530872
    -0.043364304
     -0.33091848
   3.8757459e-07
      0.30546326
     0.036939251
     -0.27917126
    -0.068241390
      0.25227569
     0.094497770
     -0.22501219
     -0.11617159
      0.19761632
      0.13364101
     -0.17032106
     -0.14722817
      0.14335430
      0.15721897
     -0.11693647
     -0.16387657
     0.091278288
      0.16745064
    -0.066578588
     -0.16818359
     0.043022358
      0.16631468
    -0.020778929
     -0.16208251
   3.8757459e-07
      0.15572638
     0.019179811
     -0.14748674
    -0.036647980
      0.13760498
     0.052311104
     -0.12632270
    -0.066097485
      0.11388068
     0.077957125
     -0.10051745
    -0.087861857
     0.086467785
     0.095805212
    -0.071961026
     -0.10180203
     0.057219352
      0.10588785
    -0.042456042
     -0.10811798
     0.027873772
      0.10856650
    -0.013662989
     -0.10732490
   3.8757459e-07
      0.10450061
     0.012952475
     -0.10021537
    -0.025050399
     0.094603458
     0.036165591
    -0.087809735
    -0.046188502
     0.079987683
     0.055028466
    -0.071297333
    -0.062614116
     0.061903153
     0.068893566
    -0.051971939
    -0.073834385
     0.041670707
     0.077423326
    -0.031164637
    -0.079665849
     0.020615075
     0.080585426
    -0.010177631
    -0.080222644
   3.8757459e-07
     0.078634125
    0.0097777543
    -0.075891270
    -0.019028578
     0.072078854
     0.027635885
    -0.067293480
    -0.035496640
     0.061641932
     0.042521925
    -0.055239431
    -0.048637687
     0.048207828
     0.053785274
    -0.040673760
    -0.057921757
     0.032766783
     0.061020044
    -0.024617520
    -0.063068773
     0.016355840
     0.064072004
   -0.0081090850
    -0.064048719
   3.8757459e-07
     0.063032121
    0.0078529238
    -0.061068771
    -0.015340797
     0.058217559
     0.022361793
    -0.054548534
    -0.028824276
     0.050141610
     0.034647437
    -0.045085169
    -0.039762145
     0.039474577
     0.044111619
    -0.033410644
    -0.047651906
     0.026998043
     0.050352176
    -0.020343708
    -0.052194826
     0.013555247
     0.053175392
   -0.0067393721
    -0.053302285
   3.8757459e-07
     0.052596343
    0.0065612612
    -0.051090225
    -0.012850347
     0.048827649
     0.018778114
    -0.045862488
    -0.024263419
     0.042257742
     0.029233726
    -0.038084405
    -0.033625968
     0.033420237
     0.037387249
    -0.028348473
    -0.040475382
     0.022956470
     0.042859268
    -0.017334337
    -0.044519098
     0.011573540
     0.045446400
   -0.0057655299
    -0.045643907
   3.8757459e-07
     0.045125275
    0.0056344751
    -0.043914642
    -0.011055553
     0.042046048
     0.016184402
    -0.039562718
    -0.020948698
     0.036516229
     0.025283180
    -0.032965566
    -0.029130480
     0.028976094
     0.032441813
    -0.024618452
    -0.035177530
     0.019967391
     0.037307528
    -0.015100577
    -0.038811506
     0.010097371
     0.039679081
   -0.0050376075
    -0.039909745
   3.8757459e-07
     0.039512682
    0.0049370915
    -0.038506444
   -0.0097006598
     0.036918496
     0.014220232
    -0.034784632
    -0.018430785
     0.032148284
     0.022273240
    -0.029059723
    -0.025695249
     0.025575178
     0.028651853
    -0.021755878
    -0.031106033
     0.017667039
     0.033029123
    -0.013376808
    -0.034401094
    0.0089551771
     0.035210708
   -0.0044728964
    -0.035455530
   3.8757459e-07
     0.035141813
    0.0043933166
    -0.034284254
   -0.0086415948
     0.032905629
     0.012681207
    -0.031036306
    -0.016453196
     0.028713660
     0.019903713
    -0.025981389
    -0.022984750
     0.022888739
     0.025654771
    -0.019489673
    -0.027879244
     0.015841967
     0.029631048
    -0.012006270
    -0.030890766
    0.0080451363
     0.031646864
   -0.0040220384
    -0.031895735
   3.8757459e-07
     0.031641634
    0.0039574336
    -0.030896489
   -0.0077910072
     0.029679598
     0.011442773
    -0.028017226
    -0.014858861
     0.025942092
     0.017989864
    -0.023492773
    -0.020791521
     0.020713030
     0.023225319
    -0.017651054
    -0.025258995
     0.014358669
     0.026866942
    -0.010890479
    -0.028030499
    0.0073029997
     0.028738138
   -0.0036537550
    -0.028985538
   3.8757459e-07
     0.028775547
    0.0036002298
    -0.028118034
   -0.0070928547
     0.027029645
     0.010424700
    -0.025533444
    -0.013546211
     0.023658475
     0.016411779
    -0.021439231
    -0.018980389
     0.018915049
     0.021216187
    -0.016129439
    -0.023088961
     0.013129360
     0.024574527
   -0.0099644489
    -0.025655023
    0.0066862240
     0.026319097
   -0.0033472642
    -0.026561996
   3.8757459e-07
     0.026385553
    0.0033021657
    -0.025798070
   -0.0065095298
     0.024814110
    0.0095729796
    -0.023454187
    -0.012446653
     0.021744376
     0.015088223
    -0.019715840
    -0.017459502
     0.017404285
     0.019526980
    -0.014849349
    -0.021262286
     0.012093948
     0.022642554
   -0.0091835642
    -0.023650715
    0.0061655193
     0.024275683
   -0.0030882178
    -0.024512458
   3.8757459e-07
     0.024362123
    0.0030496771
    -0.023831760
   -0.0060148562
     0.022934262
    0.0088499177
    -0.021688071
    -0.011512194
     0.020116818
     0.013962213
    -0.018248906
    -0.016164265
     0.016117006
     0.018086919
    -0.013757509
    -0.019703452
     0.011209912
     0.020992210
   -0.0085161802
    -0.021936886
    0.0057200609
     0.022526709
   -0.0028663907
    -0.022756549
   3.8757459e-07
     0.022626931
    0.0028330534
    -0.022143963
   -0.0055900517
     0.021319182
    0.0082284094
    -0.020169310
    -0.010708246
     0.018715940
     0.012992593
    -0.016985148
    -0.015047929
     0.015007039
     0.016844669
    -0.012815235
    -0.018357574
     0.010446317
     0.019566098
   -0.0079392276
    -0.020454656
    0.0053346374
     0.021012813
   -0.0026742991
    -0.021235388
   3.8757459e-07
     0.021122482
    0.0026451597
    -0.020679420
   -0.0052212900
     0.019916612
    0.0076884639
    -0.018849340
    -0.010009253
     0.017497468
     0.012148898
    -0.015885090
    -0.014075822
     0.014040109
     0.015762091
    -0.011993766
    -0.017183802
    0.0097801198
     0.018321425
   -0.0074354924
    -0.019160050
    0.0049978784
     0.019689583
   -0.0025063397
    -0.019904848
   3.8757459e-07
     0.019805621
    0.0024806358
    -0.019396582
   -0.0048981671
     0.018687199
    0.0072150141
    -0.017691528
   -0.0093959197
     0.016427953
     0.011408092
    -0.014918859
    -0.013221690
     0.013190240
     0.014810259
    -0.011271268
    -0.016151110
    0.0091938020
     0.017225636
   -0.0069918688
    -0.018019564
    0.0047011146
     0.018523134
   -0.0023582336
    -0.018731212
   3.8757459e-07
     0.018643320
    0.0023353770
    -0.018263609
   -0.0046127043
     0.017600741
    0.0067964889
    -0.016667722
   -0.0088534105
     0.015481655
     0.010752437
    -0.014063434
    -0.012465284
     0.012437389
     0.013966836
    -0.010630873
    -0.015235502
    0.0086738098
     0.016253525
   -0.0065982028
    -0.017007222
    0.0044376202
     0.017487161
   -0.0022266572
    -0.017688270
   3.8757459e-07
     0.017609878
    0.0022061866
    -0.017255687
   -0.0043586801
     0.016633674
    0.0064238546
    -0.015755930
   -0.0083701272
     0.014638439
     0.010168048
    -0.013300788
    -0.011790740
     0.011765839
     0.013214299
    -0.010059338
    -0.014418136
    0.0082094913
     0.015385272
   -0.0062465054
    -0.016102576
    0.0042020977
     0.016560930
   -0.0021089895
    -0.016755343
   3.8757459e-07
     0.016684991
    0.0020905382
    -0.016353197
   -0.0041311720
     0.015767343
    0.0060899557
    -0.014938722
   -0.0079368732
     0.013882332
    0.0096439056
    -0.012616604
    -0.011185452
     0.011163095
     0.012538709
   -0.0095461223
    -0.013684004
    0.0077923596
     0.014605078
   -0.0059304050
    -0.015289309
    0.0039903173
     0.015727882
   -0.0020031358
    -0.015915896
   3.8757459e-07
     0.015852408
    0.0019864086
    -0.015540417
   -0.0039262341
     0.014986787
    0.0057890508
    -0.014202107
   -0.0075462624
     0.013200498
    0.0091711498
    -0.011999365
    -0.010639273
     0.010619099
     0.011928837
   -0.0090827335
    -0.013021009
    0.0074155695
     0.013900192
   -0.0056447573
    -0.014554240
    0.0037988614
     0.014974627
   -0.0019074020
    -0.015156548
   3.8757459e-07
     0.015098968
    0.0018921585
    -0.014804605
   -0.0037406665
     0.014279869
    0.0055164796
    -0.013534723
   -0.0071922942
     0.012582507
    0.0087425767
    -0.011439705
    -0.010143950
     0.010125659
     0.011375540
   -0.0086622511
    -0.012419289
    0.0070735386
     0.013260212
   -0.0053853641
    -0.013886609
    0.0036249380
     0.014290226
   -0.0018204030
    -0.014466358
   3.8757459e-07
     0.014413898
    0.0018064455
    -0.014135323
   -0.0035718470
     0.013636637
    0.0052684203
    -0.012927247
   -0.0068700436
     0.012019793
    0.0083522691
    -0.010929925
   -0.0096926937
    0.0096760421
     0.010871294
   -0.0082789795
    -0.011870725
    0.0067616691
     0.012676569
   -0.0051487646
    -0.013277542
    0.0034662444
     0.013665650
   -0.0017409956
    -0.013836289
   3.8757459e-07
     0.013788295
    0.0017281599
    -0.013523937
   -0.0034176059
     0.013048856
    0.0050417085
    -0.012371960
   -0.0065754302
     0.011505256
    0.0079953211
    -0.010463642
   -0.0092798753
    0.0092646578
     0.010409854
   -0.0079281886
    -0.011368571
    0.0064761400
     0.012142136
   -0.0049320809
    -0.012719657
    0.0033208640
     0.013093384
   -0.0016682276
    -0.013258814
   3.8757459e-07
     0.013214740
    0.0016563765
    -0.012963246
   -0.0032761332
     0.012509652
    0.0048337024
    -0.011862413
   -0.0063050449
     0.011032963
    0.0076676312
    -0.010035516
   -0.0089007839
    0.0088868284
    0.0099859897
   -0.0076059173
    -0.010907175
    0.0062137494
     0.011650943
   -0.0047329000
    -0.012206763
    0.0031871889
     0.012567119
   -0.0016012997
    -0.012727610
   3.8757459e-07
     0.012686996
    0.0015903175
    -0.012447196
   -0.0031459063
     0.012013242
    0.0046421785
    -0.011393179
   -0.0060560171
     0.010597917
    0.0073657436
   -0.0096410480
   -0.0085514484
    0.0085386095
    0.0095952919
   -0.0073088234
    -0.010481770
    0.0059717942
     0.011197945
   -0.0045491834
    -0.011733628
    0.0030638602
     0.012081525
   -0.0015395360
    -0.012237332
   3.8757459e-07
     0.012199785
    0.0015293243
    -0.011970660
   -0.0030256356
     0.011554726
    0.0044652525
    -0.010959655
   -0.0058259124
     0.010195880
    0.0070867263
   -0.0092764186
   -0.0082284979
    0.0082166515
    0.0092340141
   -0.0070340674
    -0.010088303
    0.0057479765
     0.010778854
   -0.0043791975
    -0.011295801
    0.0029497214
     0.011632060
   -0.0014823610
    -0.011783424
   3.8757459e-07
     0.011748610
    0.0014728358
    -0.011529266
   -0.0029142213
     0.011129924
    0.0043013166
    -0.010557914
   -0.0056126528
    0.0098232310
    0.0068280752
   -0.0089383657
   -0.0079290517
    0.0079180916
    0.0088989538
   -0.0067792212
   -0.0097233060
    0.0055403307
     0.010390000
   -0.0042214584
    -0.010889473
    0.0028437823
     0.011214839
   -0.0014292816
    -0.011361984
   3.8757459e-07
     0.011329617
    0.0014203707
    -0.011119267
   -0.0028107200
     0.010735250
    0.0041489910
    -0.010184585
   -0.0054144539
    0.0094768621
    0.0065876390
   -0.0086240859
   -0.0076506341
    0.0076404685
    0.0085873571
   -0.0065421965
   -0.0093837979
    0.0053471650
     0.010028226
   -0.0040746886
    -0.010511362
    0.0027451898
     0.010826511
   -0.0013798730
    -0.010969650
   3.8757459e-07
     0.010939479
    0.0013715139
    -0.010737426
   -0.0027143176
     0.010367609
    0.0040070843
   -0.0098367561
   -0.0052297747
    0.0091540877
    0.0063635589
   -0.0083311565
   -0.0073911050
    0.0073816547
    0.0082968428
   -0.0063211869
   -0.0090671985
    0.0051670159
    0.0096907969
   -0.0039377824
    -0.010158628
    0.0026532054
     0.010464176
   -0.0013337671
    -0.010603506
   3.8757459e-07
     0.010575316
    0.0013259056
    -0.010380940
   -0.0026243079
     0.010024315
    0.0038745630
   -0.0095119017
   -0.0050572775
    0.0088525765
    0.0061542210
   -0.0080574736
   -0.0071486054
    0.0071398010
    0.0080253412
   -0.0061146224
   -0.0087712649
    0.0049986106
    0.0093753359
   -0.0038097778
   -0.0098287985
    0.0025671863
     0.010125307
   -0.0012906435
    -0.010261015
   3.8757459e-07
     0.010234617
    0.0012832322
    -0.010047365
   -0.0025400754
    0.0097030263
    0.0037505257
   -0.0092078181
   -0.0048957955
    0.0085702943
    0.0059582167
   -0.0078012005
   -0.0069215124
    0.0069132935
    0.0077710450
   -0.0059211316
   -0.0084940375
    0.0048408369
    0.0090797652
   -0.0036898339
   -0.0095197130
    0.0024865704
    0.0098076982
   -0.0012502218
   -0.0099399558
   3.8757459e-07
    0.0099151855
    0.0012432192
   -0.0097345600
   -0.0024610813
    0.0094016938
    0.0036341831
   -0.0089225748
   -0.0047443062
    0.0083054585
    0.0057743115
   -0.0075607272
   -0.0067084030
    0.0067007163
    0.0075323689
   -0.0057395115
   -0.0082337972
    0.0046927189
    0.0088022613
   -0.0035772127
   -0.0092294742
    0.0024108641
    0.0095094083
   -0.0012122559
   -0.0096383787
   3.8757459e-07
    0.0096150899
    0.0012056253
   -0.0094406443
   -0.0023868516
    0.0091185138
    0.0035248406
   -0.0086544735
   -0.0046019098
    0.0080565002
    0.0056014185
   -0.0073346363
   -0.0065080241
    0.0065008227
    0.0073079167
   -0.0055687020
   -0.0079890289
    0.0045533964
    0.0085412166
   -0.0034712632
   -0.0089564093
    0.0023396321
    0.0092287271
   -0.0011765286
   -0.0093545624
   3.8757459e-07
    0.0093326261
    0.0011702377
   -0.0091639570
   -0.0023169679
    0.0088518941
    0.0034218850
   -0.0084020141
   -0.0044678117
    0.0078220330
    0.0054385775
   -0.0071216749
   -0.0063192681
    0.0063125104
    0.0070964536
   -0.0054077659
   -0.0077583927
    0.0044221087
    0.0082952091
   -0.0033714099
   -0.0086990378
    0.0022724893
    0.0089641399
   -0.0011428475
   -0.0090869827
   3.8757459e-07
    0.0090662848
    0.0011368677
   -0.0089030263
   -0.0022510594
    0.0086004233
    0.0033247725
   -0.0081638665
   -0.0043413068
    0.0076008275
    0.0052849365
   -0.0069207317
   -0.0061411522
    0.0061348013
    0.0068968839
   -0.0052558712
   -0.0075406991
    0.0042981802
    0.0080629757
   -0.0032771411
   -0.0084560446
    0.0022090932
    0.0087143012
   -0.0011110417
   -0.0088342850
   3.8757459e-07
    0.0088147237
    0.0011053474
   -0.0086565437
   -0.0021887963
    0.0083628458
    0.0032330194
   -0.0079388472
   -0.0042217681
    0.0073917896
    0.0051397373
   -0.0067308172
   -0.0059728015
    0.0059668243
    0.0067082315
   -0.0051122767
   -0.0073348883
    0.0041810090
    0.0078433913
   -0.0031880013
   -0.0082262575
    0.0021491389
    0.0084780113
   -0.0010809589
   -0.0085952615
   3.8757459e-07
    0.0085767459
    0.0010755272
   -0.0084233413
   -0.0021298842
    0.0081380413
    0.0031461939
   -0.0077258997
   -0.0041086355
    0.0071939421
    0.0050023028
   -0.0065510477
   -0.0058134343
    0.0058078013
    0.0065296245
   -0.0049763202
   -0.0071400133
    0.0040700571
    0.0076354497
   -0.0031035828
   -0.0080086285
    0.0020923534
    0.0082541970
   -0.0010524627
   -0.0083688314
   3.8757459e-07
    0.0083512800
    0.0010472732
   -0.0082023741
   -0.0020740598
    0.0079250067
    0.0030639095
   -0.0075240780
   -0.0040014076
    0.0070064099
    0.0048720263
   -0.0063806314
   -0.0056623501
    0.0056570350
    0.0063602814
   -0.0048474081
   -0.0069552250
    0.0039648420
    0.0074382489
   -0.0030235203
   -0.0078022174
    0.0020384920
    0.0080418958
   -0.0010254309
   -0.0081540251
   3.8757459e-07
    0.0081373646
    0.0010204652
   -0.0079927039
   -0.0020210865
    0.0077228413
    0.0029858191
   -0.0073325323
   -0.0038996337
    0.0068284068
    0.0047483629
   -0.0062188570
   -0.0055189197
    0.0055138985
    0.0061994996
   -0.0047250068
   -0.0067797600
    0.0038649302
    0.0072509777
   -0.0029474851
   -0.0076061788
    0.0019873344
    0.0078402417
  -0.00099975341
   -0.0079499698
   3.8757459e-07
    0.0079341344
   0.00099499488
   -0.0077934857
   -0.0019707513
    0.0075307338
    0.0029116098
   -0.0071504974
   -0.0038029082
    0.0066592245
    0.0046308214
   -0.0060650832
   -0.0053825758
    0.0053778271
    0.0060466458
   -0.0046086350
   -0.0066129301
    0.0037699304
    0.0070729044
   -0.0028751808
   -0.0074197499
    0.0019386821
    0.0076484532
  -0.00097533091
   -0.0077558781
   3.8757459e-07
    0.0077408081
   0.00097076461
   -0.0076039572
   -0.0019228619
    0.0073479519
    0.0028409995
   -0.0069772820
   -0.0037108644
    0.0064982231
    0.0045189582
   -0.0059187310
   -0.0052528058
    0.0052483101
    0.0059011479
   -0.0044978581
   -0.0064541131
    0.0036794892
    0.0069033678
   -0.0028063393
   -0.0072422411
    0.0018923555
    0.0074658236
  -0.00095207360
   -0.0075710377
   3.8757459e-07
    0.0075566791
   0.00094768597
   -0.0074234281
   -0.0018772443
    0.0071738326
    0.0027737325
   -0.0068122603
   -0.0036231706
    0.0063448233
    0.0044123716
   -0.0057792757
   -0.0051291456
    0.0051248852
    0.0057624873
   -0.0043922819
   -0.0063027454
    0.0035932860
    0.0067417682
   -0.0027407177
   -0.0070730270
    0.0018481916
    0.0072917122
  -0.00092990004
   -0.0073948026
   3.8757459e-07
    0.0073811062
   0.00092567876
   -0.0072512724
   -0.0018337406
    0.0070077745
    0.0027095768
   -0.0066548644
   -0.0035395254
    0.0061984991
    0.0043106968
   -0.0056462410
   -0.0050111734
    0.0050071324
    0.0056301932
   -0.0042915487
   -0.0061583147
    0.0035110299
    0.0065875611
   -0.0026780953
   -0.0069115397
    0.0018060425
    0.0071255366
  -0.00090873621
   -0.0072265854
   3.8757459e-07
    0.0072135067
   0.00090467007
   -0.0070869206
   -0.0017922072
    0.0068492302
    0.0026483214
   -0.0065045776
   -0.0034596548
    0.0060587721
    0.0042136020
   -0.0055191934
   -0.0048985058
    0.0048946694
    0.0055038368
   -0.0041953326
   -0.0060203550
    0.0034324559
    0.0064402506
   -0.0026182710
   -0.0067572615
    0.0017657734
    0.0069667664
  -0.00088851466
   -0.0070658512
   3.8757459e-07
    0.0070533495
   0.00088459343
   -0.0069298540
   -0.0017525132
    0.0066977012
    0.0025897741
   -0.0063609289
   -0.0033833089
    0.0059252059
    0.0041207845
   -0.0053977377
   -0.0047907928
    0.0047871478
    0.0053830272
   -0.0041033366
   -0.0058884408
    0.0033573220
    0.0062993841
   -0.0025610614
   -0.0066097205
    0.0017272612
    0.0068149172
  -0.00086917385
   -0.0069121115
   3.8757459e-07
    0.0069001496
   0.00086538818
   -0.0067795985
   -0.0017145390
    0.0065527319
    0.0025337590
   -0.0062234880
   -0.0033102595
    0.0057974018
    0.0040319677
   -0.0052815127
   -0.0046877146
    0.0046842487
    0.0052674071
   -0.0040152889
   -0.0057621834
    0.0032854072
    0.0061645479
   -0.0025062988
   -0.0064684846
    0.0016903935
    0.0066695463
  -0.00085065745
   -0.0067649196
   3.8757459e-07
    0.0067534632
   0.00084699879
   -0.0066357206
   -0.0016781752
    0.0064139054
    0.0024801155
   -0.0060918610
   -0.0032402976
    0.0056749948
    0.0039468985
   -0.0051701875
   -0.0045889783
    0.0045856804
    0.0051566490
   -0.0039309407
   -0.0056412264
    0.0032165089
    0.0060353628
   -0.0024538294
   -0.0063331581
    0.0016550670
    0.0065302476
  -0.00083291386
   -0.0066238657
   3.8757459e-07
    0.0066128837
   0.00082937434
   -0.0064978227
   -0.0016433216
    0.0062808393
    0.0024286960
   -0.0059656867
   -0.0031732314
    0.0055576501
    0.0038653445
   -0.0050634588
   -0.0044943153
    0.0044911750
    0.0050504526
   -0.0038500636
   -0.0055252429
    0.0031504414
    0.0059114809
   -0.0024035121
   -0.0062033778
    0.0016211872
    0.0063966486
  -0.00081589568
   -0.0064885738
   3.8757459e-07
    0.0064780375
   0.00081246809
   -0.0063655395
   -0.0016098859
    0.0061531824
    0.0023793651
   -0.0058446331
   -0.0031088849
    0.0054450601
    0.0037870923
   -0.0049610475
   -0.0044034787
    0.0044004866
    0.0049485418
   -0.0037724477
   -0.0054139325
    0.0030870335
    0.0057925821
   -0.0023552173
   -0.0060788096
    0.0015886669
    0.0062684064
  -0.00079955932
   -0.0063586979
   3.8757459e-07
    0.0063485808
   0.00079623701
   -0.0062385350
   -0.0015777834
    0.0060306114
    0.0023319979
   -0.0057283947
   -0.0030470958
    0.0053369415
    0.0037119454
   -0.0048626970
   -0.0043162409
    0.0043133883
    0.0048506623
   -0.0036978995
   -0.0053070182
    0.0030261280
    0.0056783718
   -0.0023088253
   -0.0059591456
    0.0015574259
    0.0061452052
  -0.00078386461
   -0.0062339192
   3.8757459e-07
    0.0062241968
   0.00078064144
   -0.0061164993
   -0.0015469359
    0.0059128284
    0.0022864796
   -0.0056166897
   -0.0029877148
    0.0052330332
    0.0036397225
   -0.0047681704
   -0.0042323924
    0.0042296712
    0.0047565795
   -0.0036262409
   -0.0052042446
    0.0029675794
    0.0055685780
   -0.0022642259
   -0.0058441019
    0.0015273902
    0.0060267534
  -0.00076877447
   -0.0061139434
   3.8757459e-07
    0.0061045932
   0.00076564478
   -0.0059991466
   -0.0015172712
    0.0057995581
    0.0022427040
   -0.0055092581
   -0.0029306036
    0.0051330938
    0.0035702561
   -0.0046772489
   -0.0041517393
    0.0041491421
    0.0046660767
   -0.0035573069
   -0.0051053759
    0.0029112537
    0.0054629493
   -0.0022213172
   -0.0057334159
    0.0014984914
    0.0059127816
  -0.00075425463
   -0.0059984984
   3.8757459e-07
    0.0059894995
   0.00075121319
   -0.0058862122
   -0.0014887226
    0.0056905461
    0.0022005728
   -0.0054058592
   -0.0028756347
    0.0050369003
    0.0035033915
   -0.0045897301
   -0.0040741024
    0.0040716223
    0.0045789534
   -0.0034909451
   -0.0050101935
    0.0028570265
    0.0053612532
   -0.0021800047
   -0.0056268446
    0.0014706660
    0.0058030405
  -0.00074027336
   -0.0058873323
   3.8757459e-07
    0.0058786654
   0.00073731530
   -0.0057774513
   -0.0014612281
    0.0055855567
    0.0021599951
   -0.0053062702
   -0.0028226897
    0.0049442459
    0.0034389852
   -0.0045054266
   -0.0039993156
    0.0039969462
    0.0044950238
   -0.0034270141
   -0.0049184951
    0.0028047828
    0.0052632741
   -0.0021402011
   -0.0055241628
    0.0014438555
    0.0056972986
  -0.00072680124
   -0.0057802116
   3.8757459e-07
    0.0057718587
   0.00072392206
   -0.0056726367
   -0.0014347306
    0.0054843713
    0.0021208866
   -0.0052102842
   -0.0027716588
    0.0048549388
    0.0033769040
   -0.0044241644
   -0.0039272248
    0.0039249602
    0.0044141154
   -0.0033653828
   -0.0048300928
    0.0027544156
    0.0051688118
   -0.0021018252
   -0.0054251613
    0.0014180052
    0.0055953414
  -0.00071381095
   -0.0056769193
   3.8757459e-07
    0.0056688638
   0.00071100646
   -0.0055715575
   -0.0014091767
    0.0053867867
    0.0020831688
   -0.0051177092
   -0.0027224401
    0.0047688010
    0.0033170242
   -0.0043457817
   -0.0038576867
    0.0038555215
    0.0043360679
   -0.0033059293
   -0.0047448121
    0.0027058257
    0.0050776803
   -0.0020648015
   -0.0053296458
    0.0013930645
    0.0054969691
  -0.00070127711
   -0.0055772538
   3.8757459e-07
    0.0055694802
   0.00069854341
   -0.0054740175
   -0.0013845170
    0.0052926142
    0.0020467689
   -0.0050283666
   -0.0026749387
    0.0046856665
    0.0032592309
   -0.0042701282
   -0.0037905683
    0.0037884971
    0.0042607324
   -0.0032485401
   -0.0046624904
    0.0026589206
    0.0049897066
   -0.0020290598
   -0.0052374353
    0.0013689862
    0.0054019960
  -0.00068917606
   -0.0054810275
   3.8757459e-07
    0.0054735213
   0.00068650953
   -0.0053798340
   -0.0013607052
    0.0052016779
    0.0020116191
   -0.0049420900
   -0.0026290663
    0.0046053810
    0.0032034168
   -0.0041970639
   -0.0037257453
    0.0037237635
    0.0041879697
   -0.0031931096
   -0.0045829765
    0.0026136142
    0.0049047292
   -0.0019945346
   -0.0051483612
    0.0013457263
    0.0053102489
  -0.00067748578
   -0.0053880653
   3.8757459e-07
    0.0053808130
   0.00067488302
   -0.0052888367
   -0.0013376984
    0.0051138137
    0.0019776559
   -0.0048587242
   -0.0025847405
    0.0045278006
    0.0031494819
   -0.0041264579
   -0.0036631019
    0.0036612050
    0.0041176505
   -0.0031395392
   -0.0045061290
    0.0025698261
    0.0048225977
   -0.0019611649
   -0.0050622662
    0.0013232438
    0.0052215662
  -0.00066618569
   -0.0052982039
   3.8757459e-07
