   5.0123205e-07
   -0.0050490322
    0.0031220553
    0.0031249521
   -0.0050588471
  -5.0123205e-07
    0.0050659293
   -0.0031325123
   -0.0031354231
    0.0050758123
   5.0123205e-07
   -0.0050829400
    0.0031430396
    0.0031459645
   -0.0050928916
  -5.0123205e-07
    0.0051000653
   -0.0031536378
   -0.0031565771
    0.0051100862
   5.0123205e-07
   -0.0051173064
    0.0031643078
    0.0031672615
   -0.0051273973
  -5.0123205e-07
    0.0051346644
   -0.0031750502
   -0.0031780185
    0.0051448261
   5.0123205e-07
   -0.0051521406
    0.0031858658
    0.0031888488
   -0.0051623738
  -5.0123205e-07
    0.0051697362
   -0.0031967553
   -0.0031997532
    0.0051800416
   5.0123205e-07
   -0.0051874524
    0.0032077195
    0.0032107324
   -0.0051978307
  -5.0123205e-07
    0.0052052904
   -0.0032187592
   -0.0032217872
    0.0052157425
   5.0123205e-07
   -0.0052232515
    0.0032298751
    0.0032329185
   -0.0052337781
  -5.0123205e-07
    0.0052413371
   -0.0032410680
   -0.0032441269
    0.0052519388
   5.0123205e-07
   -0.0052595482
    0.0032523388
    0.0032554133
   -0.0052702261
  -5.0123205e-07
    0.0052778864
   -0.0032636882
   -0.0032667786
    0.0052886411
   5.0123205e-07
   -0.0052963530
    0.0032751171
    0.0032782235
   -0.0053071853
  -5.0123205e-07
    0.0053149492
   -0.0032866263
   -0.0032897489
    0.0053258599
   5.0123205e-07
   -0.0053336764
    0.0032982167
    0.0033013556
   -0.0053446665
  -5.0123205e-07
    0.0053525361
   -0.0033098891
   -0.0033130445
    0.0053636063
   5.0123205e-07
   -0.0053715297
    0.0033216444
    0.0033248165
   -0.0053826808
  -5.0123205e-07
    0.0053906585
   -0.0033334835
   -0.0033366725
    0.0054018915
   5.0123205e-07
   -0.0054099240
    0.0033454073
    0.0033486133
   -0.0054212398
  -5.0123205e-07
    0.0054293278
   -0.0033574167
   -0.0033606399
    0.0054407272
   5.0123205e-07
   -0.0054488713
    0.0033695126
    0.0033727532
   -0.0054603552
  -5.0123205e-07
    0.0054685559
   -0.0033816959
   -0.0033849542
    0.0054801254
   5.0123205e-07
   -0.0054883833
    0.0033939677
    0.0033972438
   -0.0055000392
  -5.0123205e-07
    0.0055083551
   -0.0034063289
   -0.0034096229
    0.0055200982
   5.0123205e-07
   -0.0055284727
    0.0034187804
    0.0034220926
   -0.0055403042
  -5.0123205e-07
    0.0055487378
   -0.0034313232
   -0.0034346539
    0.0055606585
   5.0123205e-07
   -0.0055691520
    0.0034439585
    0.0034473077
   -0.0055811630
  -5.0123205e-07
    0.0055897170
   -0.0034566871
   -0.0034600551
    0.0056018192
   5.0123205e-07
   -0.0056104344
    0.0034695101
    0.0034728972
   -0.0056226290
  -5.0123205e-07
    0.0056313060
   -0.0034824287
   -0.0034858349
    0.0056435938
   5.0123205e-07
   -0.0056523334
    0.0034954437
    0.0034988694
   -0.0056647157
  -5.0123205e-07
    0.0056735185
   -0.0035085564
   -0.0035120018
    0.0056859962
   5.0123205e-07
   -0.0056948630
    0.0035217679
    0.0035252331
   -0.0057074372
  -5.0123205e-07
    0.0057163687
   -0.0035350792
   -0.0035385646
    0.0057290405
   5.0123205e-07
   -0.0057380374
    0.0035484915
    0.0035519972
   -0.0057508079
  -5.0123205e-07
    0.0057598711
   -0.0035620060
   -0.0035655322
    0.0057727414
   5.0123205e-07
   -0.0057818715
    0.0035756238
    0.0035791708
   -0.0057948429
  -5.0123205e-07
    0.0058040407
   -0.0035893460
   -0.0035929142
    0.0058171142
   5.0123205e-07
   -0.0058263805
    0.0036031741
    0.0036067635
   -0.0058395573
  -5.0123205e-07
    0.0058488930
   -0.0036171090
   -0.0036207200
    0.0058621744
   5.0123205e-07
   -0.0058715801
    0.0036311522
    0.0036347849
   -0.0058849672
  -5.0123205e-07
    0.0058944439
   -0.0036453048
   -0.0036489595
    0.0059079380
   5.0123205e-07
   -0.0059174864
    0.0036595681
    0.0036632452
   -0.0059310889
  -5.0123205e-07
    0.0059407099
   -0.0036739435
   -0.0036776431
    0.0059544219
   5.0123205e-07
   -0.0059641163
    0.0036884323
    0.0036921547
   -0.0059779391
  -5.0123205e-07
    0.0059877079
   -0.0037030357
   -0.0037067813
    0.0060016429
   5.0123205e-07
   -0.0060114869
    0.0037177553
    0.0037215243
   -0.0060255354
  -5.0123205e-07
    0.0060354556
   -0.0037325923
   -0.0037363850
    0.0060496189
   5.0123205e-07
   -0.0060596161
    0.0037475482
    0.0037513648
   -0.0060738957
  -5.0123205e-07
    0.0060839708
   -0.0037626245
   -0.0037664653
    0.0060983681
   5.0123205e-07
   -0.0061085222
    0.0037778225
    0.0037816879
   -0.0061230385
  -5.0123205e-07
    0.0061332724
   -0.0037931438
   -0.0037970340
    0.0061479093
   5.0123205e-07
   -0.0061582241
    0.0038085898
    0.0038125052
   -0.0061729830
  -5.0123205e-07
    0.0061833796
   -0.0038241622
   -0.0038281029
    0.0061982620
   5.0123205e-07
   -0.0062087415
    0.0038398624
    0.0038438289
   -0.0062237489
  -5.0123205e-07
    0.0062343123
   -0.0038556920
   -0.0038596846
    0.0062494463
   5.0123205e-07
   -0.0062600946
    0.0038716527
    0.0038756717
   -0.0062753568
  -5.0123205e-07
    0.0062860910
   -0.0038877460
   -0.0038917918
    0.0063014830
   5.0123205e-07
   -0.0063123042
    0.0039039737
    0.0039080465
   -0.0063278276
  -5.0123205e-07
    0.0063387370
   -0.0039203374
   -0.0039244376
    0.0063543934
   5.0123205e-07
   -0.0063653921
    0.0039368388
    0.0039409668
   -0.0063811833
  -5.0123205e-07
    0.0063922723
   -0.0039534798
   -0.0039576359
    0.0064081999
   5.0123205e-07
   -0.0064193806
    0.0039702620
    0.0039744465
   -0.0064354463
  -5.0123205e-07
    0.0064467197
   -0.0039871872
   -0.0039914006
    0.0064629254
   5.0123205e-07
   -0.0064742927
    0.0040042574
    0.0040085000
   -0.0064906402
  -5.0123205e-07
    0.0065021025
   -0.0040214744
   -0.0040257465
    0.0065185937
   5.0123205e-07
   -0.0065301523
    0.0040388400
    0.0040431421
   -0.0065467889
  -5.0123205e-07
    0.0065584452
   -0.0040563562
   -0.0040606887
    0.0065752292
   5.0123205e-07
   -0.0065869844
    0.0040740250
    0.0040783883
   -0.0066039176
  -5.0123205e-07
    0.0066157729
   -0.0040918485
   -0.0040962429
    0.0066328574
   5.0123205e-07
   -0.0066448143
    0.0041098285
    0.0041142545
   -0.0066620520
  -5.0123205e-07
    0.0066741117
   -0.0041279672
   -0.0041324252
    0.0066915048
   5.0123205e-07
   -0.0067036687
    0.0041462667
    0.0041507571
   -0.0067212191
  -5.0123205e-07
    0.0067334886
   -0.0041647292
   -0.0041692525
    0.0067511984
   5.0123205e-07
   -0.0067635750
    0.0041833568
    0.0041879134
   -0.0067814464
  -5.0123205e-07
    0.0067939314
   -0.0042021518
   -0.0042067421
    0.0068119667
   5.0123205e-07
   -0.0068245616
    0.0042211164
    0.0042257409
   -0.0068427629
  -5.0123205e-07
    0.0068554693
   -0.0042402530
   -0.0042449121
    0.0068738388
   5.0123205e-07
   -0.0068866581
    0.0042595638
    0.0042642581
   -0.0069051983
  -5.0123205e-07
    0.0069181321
   -0.0042790513
   -0.0042837812
    0.0069368452
   5.0123205e-07
   -0.0069498951
    0.0042987179
    0.0043034840
   -0.0069687835
  -5.0123205e-07
    0.0069819511
   -0.0043185661
   -0.0043233688
    0.0070010172
   5.0123205e-07
   -0.0070143042
    0.0043385985
    0.0043434383
   -0.0070335506
  -5.0123205e-07
    0.0070469585
   -0.0043588175
   -0.0043636949
    0.0070663876
   5.0123205e-07
   -0.0070799183
    0.0043792258
    0.0043841415
   -0.0070995328
  -5.0123205e-07
    0.0071131878
   -0.0043998262
   -0.0044047805
    0.0071329903
   5.0123205e-07
   -0.0071467716
    0.0044206212
    0.0044256149
   -0.0071667647
  -5.0123205e-07
    0.0071806739
   -0.0044416138
   -0.0044466472
    0.0072008604
   5.0123205e-07
   -0.0072148995
    0.0044628066
    0.0044678805
   -0.0072352821
  -5.0123205e-07
    0.0072494528
   -0.0044842026
   -0.0044893175
    0.0072700344
   5.0123205e-07
   -0.0072843388
    0.0045058048
    0.0045109612
   -0.0073051222
  -5.0123205e-07
    0.0073195621
   -0.0045276161
   -0.0045328147
    0.0073405503
   5.0123205e-07
   -0.0073551277
    0.0045496395
    0.0045548809
   -0.0073763237
  -5.0123205e-07
    0.0073910407
   -0.0045718782
   -0.0045771631
    0.0074124475
   5.0123205e-07
   -0.0074273061
    0.0045943354
    0.0045996644
   -0.0074489269
  -5.0123205e-07
    0.0074639291
   -0.0046170143
   -0.0046223880
    0.0074857670
   5.0123205e-07
   -0.0075009151
    0.0046399182
    0.0046453373
   -0.0075229734
  -5.0123205e-07
    0.0075382695
   -0.0046630504
   -0.0046685156
    0.0075605515
   5.0123205e-07
   -0.0075759978
    0.0046864144
    0.0046919263
   -0.0075985068
  -5.0123205e-07
    0.0076141057
   -0.0047100137
   -0.0047155731
    0.0076368452
   5.0123205e-07
   -0.0076525988
    0.0047338519
    0.0047394595
   -0.0076755724
  -5.0123205e-07
    0.0076914832
   -0.0047579325
   -0.0047635891
    0.0077146943
   5.0123205e-07
   -0.0077307648
    0.0047822594
    0.0047879657
   -0.0077542171
  -5.0123205e-07
    0.0077704496
   -0.0048068363
   -0.0048125930
    0.0077941469
   5.0123205e-07
   -0.0078105440
    0.0048316671
    0.0048374751
   -0.0078344901
  -5.0123205e-07
    0.0078510543
   -0.0048567557
   -0.0048626158
    0.0078752531
   5.0123205e-07
   -0.0078919871
    0.0048821063
    0.0048880192
   -0.0079164425
  -5.0123205e-07
    0.0079333489
   -0.0049077228
   -0.0049136894
    0.0079580649
   5.0123205e-07
   -0.0079751465
    0.0049336096
    0.0049396307
   -0.0080001274
  -5.0123205e-07
    0.0080173869
   -0.0049597708
   -0.0049658474
    0.0080426369
   5.0123205e-07
   -0.0080600772
    0.0049862110
    0.0049923439
   -0.0080856005
  -5.0123205e-07
    0.0081032245
   -0.0050129346
   -0.0050191247
    0.0081290256
   5.0123205e-07
   -0.0081468363
    0.0050399461
    0.0050461944
   -0.0081729197
  -5.0123205e-07
    0.0081909201
   -0.0050672503
   -0.0050735577
    0.0082172903
   5.0123205e-07
   -0.0082354836
    0.0050948519
    0.0051012193
   -0.0082621454
  -5.0123205e-07
    0.0082805346
   -0.0051227558
   -0.0051291843
    0.0083074928
   5.0123205e-07
   -0.0083260813
    0.0051509671
    0.0051574576
   -0.0083533408
  -5.0123205e-07
    0.0083721317
   -0.0051794907
   -0.0051860444
    0.0083996976
   5.0123205e-07
   -0.0084186944
    0.0052083320
    0.0052149499
   -0.0084465717
  -5.0123205e-07
    0.0084657780
   -0.0052374963
   -0.0052441794
    0.0084939720
   5.0123205e-07
   -0.0085133912
    0.0052669890
    0.0052737384
   -0.0085419073
  -5.0123205e-07
    0.0085615430
   -0.0052968157
   -0.0053036326
    0.0085903866
   5.0123205e-07
   -0.0086102426
    0.0053269821
    0.0053338676
   -0.0086394194
  -5.0123205e-07
    0.0086594994
   -0.0053574940
   -0.0053644494
    0.0086890151
   5.0123205e-07
   -0.0087093230
    0.0053883575
    0.0053953839
   -0.0087391835
  -5.0123205e-07
    0.0087597233
   -0.0054195786
   -0.0054266773
    0.0087899346
   5.0123205e-07
   -0.0088107103
    0.0054511636
    0.0054583358
   -0.0088412786
  -5.0123205e-07
    0.0088622943
   -0.0054831189
   -0.0054903659
    0.0088932259
   5.0123205e-07
   -0.0089144859
    0.0055154510
    0.0055227742
   -0.0089457873
  -5.0123204e-07
    0.0089672960
   -0.0055481666
   -0.0055555674
    0.0089989736
   5.0123205e-07
   -0.0090207354
    0.0055812726
    0.0055887523
   -0.0090527961
  -5.0123205e-07
    0.0090748156
   -0.0056147761
   -0.0056223361
    0.0091072664
   5.0123205e-07
   -0.0091295482
    0.0056486842
    0.0056563260
   -0.0091623960
  -5.0123205e-07
    0.0091849450
   -0.0056830043
   -0.0056907294
    0.0092181972
   5.0123204e-07
   -0.0092410182
    0.0057177440
    0.0057255540
   -0.0092746822
  -5.0123205e-07
    0.0092977803
   -0.0057529110
   -0.0057608073
    0.0093318637
   5.0123205e-07
   -0.0093552440
    0.0057885132
    0.0057964976
   -0.0093897546
  -5.0123205e-07
    0.0094134224
   -0.0058245587
   -0.0058326328
    0.0094483683
   5.0123205e-07
   -0.0094723289
    0.0058610560
    0.0058692214
   -0.0095077183
  -5.0123205e-07
    0.0095319774
   -0.0058980135
   -0.0059062720
    0.0095678186
   5.0123205e-07
   -0.0095923818
    0.0059354400
    0.0059437934
   -0.0096286836
  -5.0123205e-07
    0.0096535568
   -0.0059733445
   -0.0059817946
    0.0096903279
   5.0123205e-07
   -0.0097155170
    0.0060117362
    0.0060202849
   -0.0097527666
  -5.0123205e-07
    0.0097782777
   -0.0060506246
   -0.0060592737
    0.0098160151
   5.0123205e-07
   -0.0098418546
    0.0060900193
    0.0060987709
   -0.0098800893
  -5.0123205e-07
    0.0099062636
   -0.0061299304
   -0.0061387865
    0.0099450055
   5.0123205e-07
   -0.0099715212
    0.0061703680
    0.0061793306
    -0.010010780
  -5.0123205e-07
     0.010037644
   -0.0062113425
   -0.0062204139
     0.010077431
   5.0123205e-07
    -0.010104650
    0.0062528649
    0.0062620471
    -0.010144975
  -5.0123205e-07
     0.010172557
   -0.0062949462
   -0.0063042415
     0.010213431
   5.0123205e-07
    -0.010241382
    0.0063375976
    0.0063470083
    -0.010282817
  -5.0123205e-07
     0.010311145
   -0.0063808309
   -0.0063903594
     0.010353152
   5.0123205e-07
    -0.010381866
    0.0064246581
    0.0064343069
    -0.010424455
  -5.0123205e-07
     0.010453562
   -0.0064690914
   -0.0064788630
     0.010496748
   5.0123205e-07
    -0.010526257
    0.0065141436
    0.0065240405
    -0.010570051
  -5.0123205e-07
     0.010599969
   -0.0065598277
   -0.0065698525
     0.010644384
   5.0123205e-07
    -0.010674721
    0.0066061570
    0.0066163126
    -0.010719770
  -5.0123205e-07
     0.010750534
   -0.0066531454
   -0.0066634344
     0.010796232
   5.0123205e-07
    -0.010827433
    0.0067008069
    0.0067112323
    -0.010873792
  -5.0123205e-07
     0.010905439
   -0.0067491562
   -0.0067597209
     0.010952475
   5.0123205e-07
    -0.010984577
    0.0067982083
    0.0068089154
    -0.011032304
  -5.0123205e-07
     0.011064873
   -0.0068479785
   -0.0068588311
     0.011113306
   5.0123205e-07
    -0.011146351
    0.0068984828
    0.0069094842
    -0.011195506
  -5.0123205e-07
     0.011229038
   -0.0069497376
   -0.0069608910
     0.011278932
   5.0123205e-07
    -0.011312961
    0.0070017596
    0.0070130686
    -0.011363609
  -5.0123205e-07
     0.011398147
   -0.0070545663
   -0.0070660343
     0.011449568
   5.0123205e-07
    -0.011484627
    0.0071081755
    0.0071198062
    -0.011536838
  -5.0123205e-07
     0.011572429
   -0.0071626057
   -0.0071744029
     0.011625447
   5.0123205e-07
    -0.011661583
    0.0072178758
    0.0072298433
    -0.011715429
  -5.0123205e-07
     0.011752122
   -0.0072740055
   -0.0072861474
     0.011806814
   5.0123205e-07
    -0.011844078
    0.0073310150
    0.0073433353
    -0.011899636
  -5.0123205e-07
     0.011937485
   -0.0073889251
   -0.0074014281
     0.011993929
   5.0123205e-07
    -0.012032376
    0.0074477574
    0.0074604474
    -0.012089729
  -5.0123205e-07
     0.012128788
   -0.0075075340
   -0.0075204156
     0.012187071
   5.0123205e-07
    -0.012226758
    0.0075682778
    0.0075813557
    -0.012285993
  -5.0123205e-07
     0.012326323
   -0.0076300126
   -0.0076432916
     0.012386534
   5.0123205e-07
    -0.012427523
    0.0076927627
    0.0077062478
    -0.012488735
  -5.0123205e-07
     0.012530398
   -0.0077565535
   -0.0077702498
     0.012592636
   5.0123205e-07
    -0.012634991
    0.0078214110
    0.0078353239
    -0.012698280
  -5.0123205e-07
     0.012741345
   -0.0078873623
   -0.0079014972
     0.012805712
   5.0123205e-07
    -0.012849505
    0.0079544351
    0.0079687978
    -0.012914977
  -5.0123205e-07
     0.012959516
   -0.0080226584
   -0.0080372548
     0.013026122
   5.0123205e-07
    -0.013071428
    0.0080920621
    0.0081068982
    -0.013139198
  -5.0123205e-07
     0.013185289
   -0.0081626770
   -0.0081777592
     0.013254253
   5.0123205e-07
    -0.013301151
    0.0082345351
    0.0082498699
    -0.013371342
  -5.0123205e-07
     0.013419068
   -0.0083076696
   -0.0083232637
     0.013490517
   5.0123205e-07
    -0.013539094
    0.0083821147
    0.0083979751
    -0.013611836
  -5.0123205e-07
     0.013661287
   -0.0084579060
   -0.0084740401
     0.013735357
   5.0123205e-07
    -0.013785705
    0.0085350804
    0.0085514956
    -0.013861140
  -5.0123205e-07
     0.013912411
   -0.0086136761
   -0.0086303802
     0.013989248
   5.0123205e-07
    -0.014041467
    0.0086937326
    0.0087107338
    -0.014119746
  -5.0123205e-07
     0.014172940
   -0.0087752911
   -0.0087925978
     0.014252702
   5.0123205e-07
    -0.014306898
    0.0088583943
    0.0088760152
    -0.014388186
  -5.0123205e-07
     0.014443413
   -0.0089430864
   -0.0089610306
     0.014526269
   5.0123205e-07
    -0.014582558
    0.0090294136
    0.0090476904
    -0.014667029
  -5.0123205e-07
     0.014724410
   -0.0091174235
   -0.0091360428
     0.014810544
   5.0123205e-07
    -0.014869049
    0.0092071659
    0.0092261378
    -0.014956895
  -5.0123205e-07
     0.015016558
   -0.0092986925
   -0.0093180276
     0.015106167
   5.0123205e-07
    -0.015167023
    0.0093920569
    0.0094117662
    -0.015258448
  -5.0123205e-07
     0.015320534
   -0.0094873152
   -0.0095074102
     0.015413831
   5.0123205e-07
    -0.015477184
    0.0095845254
    0.0096050180
    -0.015572411
  -5.0123205e-07
     0.015637070
   -0.0096837483
   -0.0097046509
     0.015734288
   5.0123205e-07
    -0.015800295
    0.0097850470
    0.0098063726
    -0.015899566
  -5.0123205e-07
     0.015966963
   -0.0098884873
   -0.0099102493
     0.016068353
   5.0123205e-07
    -0.016137185
    0.0099941378
     0.010016350
    -0.016240762
  -5.0123205e-07
     0.016311075
    -0.010102070
    -0.010124748
     0.016416910
   5.0123205e-07
    -0.016488754
     0.010212359
     0.010235518
    -0.016596922
  -5.0123205e-07
     0.016670347
    -0.010325083
    -0.010348738
     0.016780925
   5.0123205e-07
    -0.016855984
     0.010440323
     0.010464491
    -0.016969054
  -5.0123205e-07
     0.017045801
    -0.010558164
    -0.010582863
     0.017161448
   5.0123205e-07
    -0.017239943
     0.010678696
     0.010703944
    -0.017358256
  -5.0123205e-07
     0.017438558
    -0.010802011
    -0.010827827
     0.017559630
   5.0123205e-07
    -0.017641803
     0.010928207
     0.010954612
    -0.017765730
  -5.0123205e-07
     0.017849841
    -0.011057387
    -0.011084401
     0.017976727
   5.0123205e-07
    -0.018062845
     0.011189657
     0.011217303
    -0.018192795
  -5.0123205e-07
     0.018280993
    -0.011325130
    -0.011353430
     0.018414120
   5.0123204e-07
    -0.018504475
     0.011463924
     0.011492903
    -0.018640897
  -5.0123205e-07
     0.018733489
    -0.011606161
    -0.011635844
     0.018873329
   5.0123205e-07
    -0.018968243
     0.011751972
     0.011782386
    -0.019111631
  -5.0123205e-07
     0.019208955
    -0.011901493
    -0.011932666
     0.019356027
   5.0123205e-07
    -0.019455854
     0.012054868
     0.012086830
    -0.019606755
  -5.0123205e-07
     0.019709184
    -0.012212248
    -0.012245029
     0.019864063
   5.0123205e-07
    -0.019969197
     0.012373791
     0.012407425
    -0.020128215
  -5.0123205e-07
     0.020236163
    -0.012539665
    -0.012574186
     0.020399487
   5.0123205e-07
    -0.020510364
     0.012710046
     0.012745491
    -0.020678170
  -5.0123205e-07
     0.020792097
    -0.012885121
    -0.012921528
     0.020964574
   5.0123205e-07
    -0.021081679
     0.013065087
     0.013102496
    -0.021259022
  -5.0123205e-07
     0.021379440
    -0.013250151
    -0.013288605
     0.021561860
   5.0123205e-07
    -0.021685734
     0.013440532
     0.013480078
    -0.021873449
  -5.0123205e-07
     0.022000931
    -0.013636464
    -0.013677149
     0.022194177
   5.0123205e-07
    -0.022325426
     0.013838193
     0.013880068
    -0.022524449
  -5.0123205e-07
     0.022659637
    -0.014045980
    -0.014089099
     0.022864700
   5.0123205e-07
    -0.023004006
     0.014260101
     0.014304523
    -0.023215388
  -5.0123205e-07
     0.023359004
    -0.014480852
    -0.014526636
     0.023577001
   5.0123205e-07
    -0.023725130
     0.014708545
     0.014755757
    -0.023950057
  -5.0123205e-07
     0.024102916
    -0.014943512
    -0.014992221
     0.024335109
   5.0123205e-07
    -0.024492929
     0.015186108
     0.015236387
    -0.024732744
  -5.0123205e-07
     0.024895770
    -0.015436711
    -0.015488638
     0.025143590
   5.0123205e-07
    -0.025312085
     0.015695723
     0.015749383
    -0.025568315
  -5.0123205e-07
     0.025742560
    -0.015963575
    -0.016019057
     0.026007636
   5.0123205e-07
    -0.026187930
     0.016240727
     0.016298128
    -0.026462317
  -5.0123205e-07
     0.026648983
    -0.016527673
    -0.016587094
     0.026933180
   5.0123205e-07
    -0.027126560
     0.016824941
     0.016886493
    -0.027421103
  -5.0123205e-07
     0.027621568
    -0.017133097
    -0.017196899
     0.027927030
   5.0123205e-07
    -0.028134977
     0.017452752
     0.017518931
    -0.028451977
  -5.0123205e-07
     0.028667833
    -0.017784561
    -0.017853254
     0.028997037
   5.0123205e-07
    -0.029221263
     0.018129231
     0.018200586
    -0.029563388
  -5.0123205e-07
     0.029796482
    -0.018487524
    -0.018561700
     0.030152304
   5.0123205e-07
    -0.030394802
     0.018860265
     0.018937435
    -0.030765158
  -5.0123205e-07
     0.031017643
    -0.019248345
    -0.019328696
     0.031403443
   5.0123205e-07
    -0.031666544
     0.019652730
     0.019736466
    -0.032068773
  -5.0123205e-07
     0.032343177
    -0.020074471
    -0.020161812
     0.032762906
   5.0123205e-07
    -0.033049356
     0.020514710
     0.020605896
    -0.033487753
  -5.0123205e-07
     0.033787061
    -0.020974690
    -0.021069983
     0.034245397
   5.0123205e-07
    -0.034558452
     0.021455770
     0.021555458
    -0.035038119
  -5.0123205e-07
     0.035365889
    -0.021959436
    -0.022063831
     0.035868409
   5.0123205e-07
    -0.036211959
     0.022487317
     0.022596764
    -0.036739006
  -5.0123204e-07
     0.037099503
    -0.023041202
    -0.023156080
     0.037652915
   5.0123205e-07
    -0.038031648
     0.023623061
     0.023743788
    -0.038613453
  -5.0123205e-07
     0.039011841
    -0.024235067
    -0.024362105
     0.039624280
   5.0123205e-07
    -0.040043896
     0.024879628
     0.025013487
    -0.040689453
  -5.0123205e-07
     0.041132041
    -0.025559410
    -0.025700660
     0.041813475
   5.0123205e-07
    -0.042280977
     0.026277383
     0.026426656
    -0.043001363
  -5.0123205e-07
     0.043495943
    -0.027036856
    -0.027194861
     0.044258717
   5.0123205e-07
    -0.044782800
     0.027841537
     0.028009066
    -0.045591815
  -5.0123205e-07
     0.046148125
    -0.028695584
    -0.028873531
     0.047007715
   5.0123205e-07
    -0.047599319
     0.029603685
     0.029793057
    -0.048514378
  -5.0123205e-07
     0.049144746
    -0.030571139
    -0.030773078
     0.050120819
   5.0123205e-07
    -0.050793894
     0.031603961
     0.031819768
    -0.051837291
  -5.0123205e-07
     0.052557565
    -0.032709009
    -0.032940168
     0.053675498
   5.0123205e-07
    -0.054448119
     0.033894133
     0.034142349
    -0.055648868
  -5.0123205e-07
     0.056479760
    -0.035168364
    -0.035435605
     0.057772876
   5.0123205e-07
    -0.058668892
     0.036542144
     0.036830691
    -0.060065457
  -5.0123205e-07
     0.061034567
    -0.038027613
    -0.038340129
     0.062547507
   5.0123205e-07
    -0.063599038
     0.039638970
     0.039978579
    -0.065243527
  -5.0123205e-07
     0.066388463
    -0.041392924
    -0.041763319
     0.068182431
   5.0123205e-07
    -0.069433798
     0.043309282
     0.043714857
    -0.071398591
  -5.0123205e-07
     0.072771954
    -0.045411694
    -0.045857722
     0.074933182
   5.0123205e-07
    -0.076447297
     0.047728638
     0.048221501
    -0.078835960
  -5.0123205e-07
     0.080513634
    -0.050294716
    -0.050842213
     0.083167615
   5.0123205e-07
    -0.085036864
     0.053152393
     0.053764156
    -0.088002951
  -5.0123205e-07
     0.090098572
    -0.056354369
    -0.057042433
     0.093435241
   5.0123205e-07
    -0.095801004
     0.059966855
     0.060746461
    -0.099582307
  -5.0123205e-07
      0.10227403
    -0.064074201
    -0.064964937
      0.10659516
   5.0123205e-07
     -0.10968518
     0.068785569
     0.069813037
     -0.11467056
  -5.0123205e-07
      0.11825433
    -0.074244774
    -0.075443088
      0.12406980
   5.0123205e-07
     -0.12827587
     0.080645220
     0.082060867
     -0.13514747
  -5.0123205e-07
      0.14015325
    -0.088253298
    -0.089951296
      0.14839724
   5.0123205e-07
     -0.15445459
     0.097446392
     0.099520539
     -0.16452739
  -5.0123205e-07
      0.17200622
     -0.10877742
     -0.11136817
      0.18459173
   5.0123205e-07
     -0.19405829
      0.12309029
      0.12641787
     -0.21022949
  -5.0123205e-07
      0.22259625
     -0.14174039
     -0.14617060
      0.24413749
   5.0123205e-07
     -0.26097488
      0.16705125
      0.17323916
     -0.29108704
  -5.0123205e-07
      0.31534462
     -0.20336682
     -0.21261160
      0.36039352
   5.0123205e-07
     -0.39833000
      0.25985772
      0.27514430
     -0.47301654
  -5.0123205e-07
      0.54059066
     -0.35980316
     -0.38978760
      0.68802412
   5.0123205e-07
     -0.84091872
      0.58468038
      0.66820702
      -1.2613777
  -5.0123205e-07
       1.8920669
      -1.5591484
      -2.3387235
       7.5682669
       15.000000
       7.5682669
      -2.3387235
      -1.5591484
       1.8920669
  -5.0123205e-07
      -1.2613777
      0.66820702
      0.58468038
     -0.84091872
   5.0123205e-07
      0.68802412
     -0.38978760
     -0.35980316
      0.54059066
  -5.0123205e-07
     -0.47301654
      0.27514430
      0.25985772
     -0.39833000
   5.0123205e-07
      0.36039352
     -0.21261160
     -0.20336682
      0.31534462
  -5.0123205e-07
     -0.29108704
      0.17323916
      0.16705125
     -0.26097488
   5.0123205e-07
      0.24413749
     -0.14617060
     -0.14174039
      0.22259625
  -5.0123205e-07
     -0.21022949
      0.12641787
      0.12309029
     -0.19405829
   5.0123205e-07
      0.18459173
     -0.11136817
     -0.10877742
      0.17200622
  -5.0123205e-07
     -0.16452739
     0.099520539
     0.097446392
     -0.15445459
   5.0123205e-07
      0.14839724
    -0.089951296
    -0.088253298
      0.14015325
  -5.0123205e-07
     -0.13514747
     0.082060867
     0.080645220
     -0.12827587
   5.0123205e-07
      0.12406980
    -0.075443088
    -0.074244774
      0.11825433
  -5.0123205e-07
     -0.11467056
     0.069813037
     0.068785569
     -0.10968518
   5.0123205e-07
      0.10659516
    -0.064964937
    -0.064074201
      0.10227403
  -5.0123205e-07
    -0.099582307
     0.060746461
     0.059966855
    -0.095801004
   5.0123205e-07
     0.093435241
    -0.057042433
    -0.056354369
     0.090098572
  -5.0123205e-07
    -0.088002951
     0.053764156
     0.053152393
    -0.085036864
   5.0123205e-07
     0.083167615
    -0.050842213
    -0.050294716
     0.080513634
  -5.0123205e-07
    -0.078835960
     0.048221501
     0.047728638
    -0.076447297
   5.0123205e-07
     0.074933182
    -0.045857722
    -0.045411694
     0.072771954
  -5.0123205e-07
    -0.071398591
     0.043714857
     0.043309282
    -0.069433798
   5.0123205e-07
     0.068182431
    -0.041763319
    -0.041392924
     0.066388463
  -5.0123205e-07
    -0.065243527
     0.039978579
     0.039638970
    -0.063599038
   5.0123205e-07
     0.062547507
    -0.038340129
    -0.038027613
     0.061034567
  -5.0123205e-07
    -0.060065457
     0.036830691
     0.036542144
    -0.058668892
   5.0123205e-07
     0.057772876
    -0.035435605
    -0.035168364
     0.056479760
  -5.0123205e-07
    -0.055648868
     0.034142349
     0.033894133
    -0.054448119
   5.0123205e-07
     0.053675498
    -0.032940168
    -0.032709009
     0.052557565
  -5.0123205e-07
    -0.051837291
     0.031819768
     0.031603961
    -0.050793894
   5.0123205e-07
     0.050120819
    -0.030773078
    -0.030571139
     0.049144746
  -5.0123205e-07
    -0.048514378
     0.029793057
     0.029603685
    -0.047599319
   5.0123205e-07
     0.047007715
    -0.028873531
    -0.028695584
     0.046148125
  -5.0123205e-07
    -0.045591815
     0.028009066
     0.027841537
    -0.044782800
   5.0123205e-07
     0.044258717
    -0.027194861
    -0.027036856
     0.043495943
  -5.0123205e-07
    -0.043001363
     0.026426656
     0.026277383
    -0.042280977
   5.0123205e-07
     0.041813475
    -0.025700660
    -0.025559410
     0.041132041
  -5.0123205e-07
    -0.040689453
     0.025013487
     0.024879628
    -0.040043896
   5.0123205e-07
     0.039624280
    -0.024362105
    -0.024235067
     0.039011841
  -5.0123205e-07
    -0.038613453
     0.023743788
     0.023623061
    -0.038031648
   5.0123205e-07
     0.037652915
    -0.023156080
    -0.023041202
     0.037099503
  -5.0123204e-07
    -0.036739006
     0.022596764
     0.022487317
    -0.036211959
   5.0123205e-07
     0.035868409
    -0.022063831
    -0.021959436
     0.035365889
  -5.0123205e-07
    -0.035038119
     0.021555458
     0.021455770
    -0.034558452
   5.0123205e-07
     0.034245397
    -0.021069983
    -0.020974690
     0.033787061
  -5.0123205e-07
    -0.033487753
     0.020605896
     0.020514710
    -0.033049356
   5.0123205e-07
     0.032762906
    -0.020161812
    -0.020074471
     0.032343177
  -5.0123205e-07
    -0.032068773
     0.019736466
     0.019652730
    -0.031666544
   5.0123205e-07
     0.031403443
    -0.019328696
    -0.019248345
     0.031017643
  -5.0123205e-07
    -0.030765158
     0.018937435
     0.018860265
    -0.030394802
   5.0123205e-07
     0.030152304
    -0.018561700
    -0.018487524
     0.029796482
  -5.0123205e-07
    -0.029563388
     0.018200586
     0.018129231
    -0.029221263
   5.0123205e-07
     0.028997037
    -0.017853254
    -0.017784561
     0.028667833
  -5.0123205e-07
    -0.028451977
     0.017518931
     0.017452752
    -0.028134977
   5.0123205e-07
     0.027927030
    -0.017196899
    -0.017133097
     0.027621568
  -5.0123205e-07
    -0.027421103
     0.016886493
     0.016824941
    -0.027126560
   5.0123205e-07
     0.026933180
    -0.016587094
    -0.016527673
     0.026648983
  -5.0123205e-07
    -0.026462317
     0.016298128
     0.016240727
    -0.026187930
   5.0123205e-07
     0.026007636
    -0.016019057
    -0.015963575
     0.025742560
  -5.0123205e-07
    -0.025568315
     0.015749383
     0.015695723
    -0.025312085
   5.0123205e-07
     0.025143590
    -0.015488638
    -0.015436711
     0.024895770
  -5.0123205e-07
    -0.024732744
     0.015236387
     0.015186108
    -0.024492929
   5.0123205e-07
     0.024335109
    -0.014992221
    -0.014943512
     0.024102916
  -5.0123205e-07
    -0.023950057
     0.014755757
     0.014708545
    -0.023725130
   5.0123205e-07
     0.023577001
    -0.014526636
    -0.014480852
     0.023359004
  -5.0123205e-07
    -0.023215388
     0.014304523
     0.014260101
    -0.023004006
   5.0123205e-07
     0.022864700
    -0.014089099
    -0.014045980
     0.022659637
  -5.0123205e-07
    -0.022524449
     0.013880068
     0.013838193
    -0.022325426
   5.0123205e-07
     0.022194177
    -0.013677149
    -0.013636464
     0.022000931
  -5.0123205e-07
    -0.021873449
     0.013480078
     0.013440532
    -0.021685734
   5.0123205e-07
     0.021561860
    -0.013288605
    -0.013250151
     0.021379440
  -5.0123205e-07
    -0.021259022
     0.013102496
     0.013065087
    -0.021081679
   5.0123205e-07
     0.020964574
    -0.012921528
    -0.012885121
     0.020792097
  -5.0123205e-07
    -0.020678170
     0.012745491
     0.012710046
    -0.020510364
   5.0123205e-07
     0.020399487
    -0.012574186
    -0.012539665
     0.020236163
  -5.0123205e-07
    -0.020128215
     0.012407425
     0.012373791
    -0.019969197
   5.0123205e-07
     0.019864063
    -0.012245029
    -0.012212248
     0.019709184
  -5.0123205e-07
    -0.019606755
     0.012086830
     0.012054868
    -0.019455854
   5.0123205e-07
     0.019356027
    -0.011932666
    -0.011901493
     0.019208955
  -5.0123205e-07
    -0.019111631
     0.011782386
     0.011751972
    -0.018968243
   5.0123205e-07
     0.018873329
    -0.011635844
    -0.011606161
     0.018733489
  -5.0123205e-07
    -0.018640897
     0.011492903
     0.011463924
    -0.018504475
   5.0123204e-07
     0.018414120
    -0.011353430
    -0.011325130
     0.018280993
  -5.0123205e-07
    -0.018192795
     0.011217303
     0.011189657
    -0.018062845
   5.0123205e-07
     0.017976727
    -0.011084401
    -0.011057387
     0.017849841
  -5.0123205e-07
    -0.017765730
     0.010954612
     0.010928207
    -0.017641803
   5.0123205e-07
     0.017559630
    -0.010827827
    -0.010802011
     0.017438558
  -5.0123205e-07
    -0.017358256
     0.010703944
     0.010678696
    -0.017239943
   5.0123205e-07
     0.017161448
    -0.010582863
    -0.010558164
     0.017045801
  -5.0123205e-07
    -0.016969054
     0.010464491
     0.010440323
    -0.016855984
   5.0123205e-07
     0.016780925
    -0.010348738
    -0.010325083
     0.016670347
  -5.0123205e-07
    -0.016596922
     0.010235518
     0.010212359
    -0.016488754
   5.0123205e-07
     0.016416910
    -0.010124748
    -0.010102070
     0.016311075
  -5.0123205e-07
    -0.016240762
     0.010016350
    0.0099941378
    -0.016137185
   5.0123205e-07
     0.016068353
   -0.0099102493
   -0.0098884873
     0.015966963
  -5.0123205e-07
    -0.015899566
    0.0098063726
    0.0097850470
    -0.015800295
   5.0123205e-07
     0.015734288
   -0.0097046509
   -0.0096837483
     0.015637070
  -5.0123205e-07
    -0.015572411
    0.0096050180
    0.0095845254
    -0.015477184
   5.0123205e-07
     0.015413831
   -0.0095074102
   -0.0094873152
     0.015320534
  -5.0123205e-07
    -0.015258448
    0.0094117662
    0.0093920569
    -0.015167023
   5.0123205e-07
     0.015106167
   -0.0093180276
   -0.0092986925
     0.015016558
  -5.0123205e-07
    -0.014956895
    0.0092261378
    0.0092071659
    -0.014869049
   5.0123205e-07
     0.014810544
   -0.0091360428
   -0.0091174235
     0.014724410
  -5.0123205e-07
    -0.014667029
    0.0090476904
    0.0090294136
    -0.014582558
   5.0123205e-07
     0.014526269
   -0.0089610306
   -0.0089430864
     0.014443413
  -5.0123205e-07
    -0.014388186
    0.0088760152
    0.0088583943
    -0.014306898
   5.0123205e-07
     0.014252702
   -0.0087925978
   -0.0087752911
     0.014172940
  -5.0123205e-07
    -0.014119746
    0.0087107338
    0.0086937326
    -0.014041467
   5.0123205e-07
     0.013989248
   -0.0086303802
   -0.0086136761
     0.013912411
  -5.0123205e-07
    -0.013861140
    0.0085514956
    0.0085350804
    -0.013785705
   5.0123205e-07
     0.013735357
   -0.0084740401
   -0.0084579060
     0.013661287
  -5.0123205e-07
    -0.013611836
    0.0083979751
    0.0083821147
    -0.013539094
   5.0123205e-07
     0.013490517
   -0.0083232637
   -0.0083076696
     0.013419068
  -5.0123205e-07
    -0.013371342
    0.0082498699
    0.0082345351
    -0.013301151
   5.0123205e-07
     0.013254253
   -0.0081777592
   -0.0081626770
     0.013185289
  -5.0123205e-07
    -0.013139198
    0.0081068982
    0.0080920621
    -0.013071428
   5.0123205e-07
     0.013026122
   -0.0080372548
   -0.0080226584
     0.012959516
  -5.0123205e-07
    -0.012914977
    0.0079687978
    0.0079544351
    -0.012849505
   5.0123205e-07
     0.012805712
   -0.0079014972
   -0.0078873623
     0.012741345
  -5.0123205e-07
    -0.012698280
    0.0078353239
    0.0078214110
    -0.012634991
   5.0123205e-07
     0.012592636
   -0.0077702498
   -0.0077565535
     0.012530398
  -5.0123205e-07
    -0.012488735
    0.0077062478
    0.0076927627
    -0.012427523
   5.0123205e-07
     0.012386534
   -0.0076432916
   -0.0076300126
     0.012326323
  -5.0123205e-07
    -0.012285993
    0.0075813557
    0.0075682778
    -0.012226758
   5.0123205e-07
     0.012187071
   -0.0075204156
   -0.0075075340
     0.012128788
  -5.0123205e-07
    -0.012089729
    0.0074604474
    0.0074477574
    -0.012032376
   5.0123205e-07
     0.011993929
   -0.0074014281
   -0.0073889251
     0.011937485
  -5.0123205e-07
    -0.011899636
    0.0073433353
    0.0073310150
    -0.011844078
   5.0123205e-07
     0.011806814
   -0.0072861474
   -0.0072740055
     0.011752122
  -5.0123205e-07
    -0.011715429
    0.0072298433
    0.0072178758
    -0.011661583
   5.0123205e-07
     0.011625447
   -0.0071744029
   -0.0071626057
     0.011572429
  -5.0123205e-07
    -0.011536838
    0.0071198062
    0.0071081755
    -0.011484627
   5.0123205e-07
     0.011449568
   -0.0070660343
   -0.0070545663
     0.011398147
  -5.0123205e-07
    -0.011363609
    0.0070130686
    0.0070017596
    -0.011312961
   5.0123205e-07
     0.011278932
   -0.0069608910
   -0.0069497376
     0.011229038
  -5.0123205e-07
    -0.011195506
    0.0069094842
    0.0068984828
    -0.011146351
   5.0123205e-07
     0.011113306
   -0.0068588311
   -0.0068479785
     0.011064873
  -5.0123205e-07
    -0.011032304
    0.0068089154
    0.0067982083
    -0.010984577
   5.0123205e-07
     0.010952475
   -0.0067597209
   -0.0067491562
     0.010905439
  -5.0123205e-07
    -0.010873792
    0.0067112323
    0.0067008069
    -0.010827433
   5.0123205e-07
     0.010796232
   -0.0066634344
   -0.0066531454
     0.010750534
  -5.0123205e-07
    -0.010719770
    0.0066163126
    0.0066061570
    -0.010674721
   5.0123205e-07
     0.010644384
   -0.0065698525
   -0.0065598277
     0.010599969
  -5.0123205e-07
    -0.010570051
    0.0065240405
    0.0065141436
    -0.010526257
   5.0123205e-07
     0.010496748
   -0.0064788630
   -0.0064690914
     0.010453562
  -5.0123205e-07
    -0.010424455
    0.0064343069
    0.0064246581
    -0.010381866
   5.0123205e-07
     0.010353152
   -0.0063903594
   -0.0063808309
     0.010311145
  -5.0123205e-07
    -0.010282817
    0.0063470083
    0.0063375976
    -0.010241382
   5.0123205e-07
     0.010213431
   -0.0063042415
   -0.0062949462
     0.010172557
  -5.0123205e-07
    -0.010144975
    0.0062620471
    0.0062528649
    -0.010104650
   5.0123205e-07
     0.010077431
   -0.0062204139
   -0.0062113425
     0.010037644
  -5.0123205e-07
    -0.010010780
    0.0061793306
    0.0061703680
   -0.0099715212
   5.0123205e-07
    0.0099450055
   -0.0061387865
   -0.0061299304
    0.0099062636
  -5.0123205e-07
   -0.0098800893
    0.0060987709
    0.0060900193
   -0.0098418546
   5.0123205e-07
    0.0098160151
   -0.0060592737
   -0.0060506246
    0.0097782777
  -5.0123205e-07
   -0.0097527666
    0.0060202849
    0.0060117362
   -0.0097155170
   5.0123205e-07
    0.0096903279
   -0.0059817946
   -0.0059733445
    0.0096535568
  -5.0123205e-07
   -0.0096286836
    0.0059437934
    0.0059354400
   -0.0095923818
   5.0123205e-07
    0.0095678186
   -0.0059062720
   -0.0058980135
    0.0095319774
  -5.0123205e-07
   -0.0095077183
    0.0058692214
    0.0058610560
   -0.0094723289
   5.0123205e-07
    0.0094483683
   -0.0058326328
   -0.0058245587
    0.0094134224
  -5.0123205e-07
   -0.0093897546
    0.0057964976
    0.0057885132
   -0.0093552440
   5.0123205e-07
    0.0093318637
   -0.0057608073
   -0.0057529110
    0.0092977803
  -5.0123205e-07
   -0.0092746822
    0.0057255540
    0.0057177440
   -0.0092410182
   5.0123204e-07
    0.0092181972
   -0.0056907294
   -0.0056830043
    0.0091849450
  -5.0123205e-07
   -0.0091623960
    0.0056563260
    0.0056486842
   -0.0091295482
   5.0123205e-07
    0.0091072664
   -0.0056223361
   -0.0056147761
    0.0090748156
  -5.0123205e-07
   -0.0090527961
    0.0055887523
    0.0055812726
   -0.0090207354
   5.0123205e-07
    0.0089989736
   -0.0055555674
   -0.0055481666
    0.0089672960
  -5.0123204e-07
   -0.0089457873
    0.0055227742
    0.0055154510
   -0.0089144859
   5.0123205e-07
    0.0088932259
   -0.0054903659
   -0.0054831189
    0.0088622943
  -5.0123205e-07
   -0.0088412786
    0.0054583358
    0.0054511636
   -0.0088107103
   5.0123205e-07
    0.0087899346
   -0.0054266773
   -0.0054195786
    0.0087597233
  -5.0123205e-07
   -0.0087391835
    0.0053953839
    0.0053883575
   -0.0087093230
   5.0123205e-07
    0.0086890151
   -0.0053644494
   -0.0053574940
    0.0086594994
  -5.0123205e-07
   -0.0086394194
    0.0053338676
    0.0053269821
   -0.0086102426
   5.0123205e-07
    0.0085903866
   -0.0053036326
   -0.0052968157
    0.0085615430
  -5.0123205e-07
   -0.0085419073
    0.0052737384
    0.0052669890
   -0.0085133912
   5.0123205e-07
    0.0084939720
   -0.0052441794
   -0.0052374963
    0.0084657780
  -5.0123205e-07
   -0.0084465717
    0.0052149499
    0.0052083320
   -0.0084186944
   5.0123205e-07
    0.0083996976
   -0.0051860444
   -0.0051794907
    0.0083721317
  -5.0123205e-07
   -0.0083533408
    0.0051574576
    0.0051509671
   -0.0083260813
   5.0123205e-07
    0.0083074928
   -0.0051291843
   -0.0051227558
    0.0082805346
  -5.0123205e-07
   -0.0082621454
    0.0051012193
    0.0050948519
   -0.0082354836
   5.0123205e-07
    0.0082172903
   -0.0050735577
   -0.0050672503
    0.0081909201
  -5.0123205e-07
   -0.0081729197
    0.0050461944
    0.0050399461
   -0.0081468363
   5.0123205e-07
    0.0081290256
   -0.0050191247
   -0.0050129346
    0.0081032245
  -5.0123205e-07
   -0.0080856005
    0.0049923439
    0.0049862110
   -0.0080600772
   5.0123205e-07
    0.0080426369
   -0.0049658474
   -0.0049597708
    0.0080173869
  -5.0123205e-07
   -0.0080001274
    0.0049396307
    0.0049336096
   -0.0079751465
   5.0123205e-07
    0.0079580649
   -0.0049136894
   -0.0049077228
    0.0079333489
  -5.0123205e-07
   -0.0079164425
    0.0048880192
    0.0048821063
   -0.0078919871
   5.0123205e-07
    0.0078752531
   -0.0048626158
   -0.0048567557
    0.0078510543
  -5.0123205e-07
   -0.0078344901
    0.0048374751
    0.0048316671
   -0.0078105440
   5.0123205e-07
    0.0077941469
   -0.0048125930
   -0.0048068363
    0.0077704496
  -5.0123205e-07
   -0.0077542171
    0.0047879657
    0.0047822594
   -0.0077307648
   5.0123205e-07
    0.0077146943
   -0.0047635891
   -0.0047579325
    0.0076914832
  -5.0123205e-07
   -0.0076755724
    0.0047394595
    0.0047338519
   -0.0076525988
   5.0123205e-07
    0.0076368452
   -0.0047155731
   -0.0047100137
    0.0076141057
  -5.0123205e-07
   -0.0075985068
    0.0046919263
    0.0046864144
   -0.0075759978
   5.0123205e-07
    0.0075605515
   -0.0046685156
   -0.0046630504
    0.0075382695
  -5.0123205e-07
   -0.0075229734
    0.0046453373
    0.0046399182
   -0.0075009151
   5.0123205e-07
    0.0074857670
   -0.0046223880
   -0.0046170143
    0.0074639291
  -5.0123205e-07
   -0.0074489269
    0.0045996644
    0.0045943354
   -0.0074273061
   5.0123205e-07
    0.0074124475
   -0.0045771631
   -0.0045718782
    0.0073910407
  -5.0123205e-07
   -0.0073763237
    0.0045548809
    0.0045496395
   -0.0073551277
   5.0123205e-07
    0.0073405503
   -0.0045328147
   -0.0045276161
    0.0073195621
  -5.0123205e-07
   -0.0073051222
    0.0045109612
    0.0045058048
   -0.0072843388
   5.0123205e-07
    0.0072700344
   -0.0044893175
   -0.0044842026
    0.0072494528
  -5.0123205e-07
   -0.0072352821
    0.0044678805
    0.0044628066
   -0.0072148995
   5.0123205e-07
    0.0072008604
   -0.0044466472
   -0.0044416138
    0.0071806739
  -5.0123205e-07
   -0.0071667647
    0.0044256149
    0.0044206212
   -0.0071467716
   5.0123205e-07
    0.0071329903
   -0.0044047805
   -0.0043998262
    0.0071131878
  -5.0123205e-07
   -0.0070995328
    0.0043841415
    0.0043792258
   -0.0070799183
   5.0123205e-07
    0.0070663876
   -0.0043636949
   -0.0043588175
    0.0070469585
  -5.0123205e-07
   -0.0070335506
    0.0043434383
    0.0043385985
   -0.0070143042
   5.0123205e-07
    0.0070010172
   -0.0043233688
   -0.0043185661
    0.0069819511
  -5.0123205e-07
   -0.0069687835
    0.0043034840
    0.0042987179
   -0.0069498951
   5.0123205e-07
    0.0069368452
   -0.0042837812
   -0.0042790513
    0.0069181321
  -5.0123205e-07
   -0.0069051983
    0.0042642581
    0.0042595638
   -0.0068866581
   5.0123205e-07
    0.0068738388
   -0.0042449121
   -0.0042402530
    0.0068554693
  -5.0123205e-07
   -0.0068427629
    0.0042257409
    0.0042211164
   -0.0068245616
   5.0123205e-07
    0.0068119667
   -0.0042067421
   -0.0042021518
    0.0067939314
  -5.0123205e-07
   -0.0067814464
    0.0041879134
    0.0041833568
   -0.0067635750
   5.0123205e-07
    0.0067511984
   -0.0041692525
   -0.0041647292
    0.0067334886
  -5.0123205e-07
   -0.0067212191
    0.0041507571
    0.0041462667
   -0.0067036687
   5.0123205e-07
    0.0066915048
   -0.0041324252
   -0.0041279672
    0.0066741117
  -5.0123205e-07
   -0.0066620520
    0.0041142545
    0.0041098285
   -0.0066448143
   5.0123205e-07
    0.0066328574
   -0.0040962429
   -0.0040918485
    0.0066157729
  -5.0123205e-07
   -0.0066039176
    0.0040783883
    0.0040740250
   -0.0065869844
   5.0123205e-07
    0.0065752292
   -0.0040606887
   -0.0040563562
    0.0065584452
  -5.0123205e-07
   -0.0065467889
    0.0040431421
    0.0040388400
   -0.0065301523
   5.0123205e-07
    0.0065185937
   -0.0040257465
   -0.0040214744
    0.0065021025
  -5.0123205e-07
   -0.0064906402
    0.0040085000
    0.0040042574
   -0.0064742927
   5.0123205e-07
    0.0064629254
   -0.0039914006
   -0.0039871872
    0.0064467197
  -5.0123205e-07
   -0.0064354463
    0.0039744465
    0.0039702620
   -0.0064193806
   5.0123205e-07
    0.0064081999
   -0.0039576359
   -0.0039534798
    0.0063922723
  -5.0123205e-07
   -0.0063811833
    0.0039409668
    0.0039368388
   -0.0063653921
   5.0123205e-07
    0.0063543934
   -0.0039244376
   -0.0039203374
    0.0063387370
  -5.0123205e-07
   -0.0063278276
    0.0039080465
    0.0039039737
   -0.0063123042
   5.0123205e-07
    0.0063014830
   -0.0038917918
   -0.0038877460
    0.0062860910
  -5.0123205e-07
   -0.0062753568
    0.0038756717
    0.0038716527
   -0.0062600946
   5.0123205e-07
    0.0062494463
   -0.0038596846
   -0.0038556920
    0.0062343123
  -5.0123205e-07
   -0.0062237489
    0.0038438289
    0.0038398624
   -0.0062087415
   5.0123205e-07
    0.0061982620
   -0.0038281029
   -0.0038241622
    0.0061833796
  -5.0123205e-07
   -0.0061729830
    0.0038125052
    0.0038085898
   -0.0061582241
   5.0123205e-07
    0.0061479093
   -0.0037970340
   -0.0037931438
    0.0061332724
  -5.0123205e-07
   -0.0061230385
    0.0037816879
    0.0037778225
   -0.0061085222
   5.0123205e-07
    0.0060983681
   -0.0037664653
   -0.0037626245
    0.0060839708
  -5.0123205e-07
   -0.0060738957
    0.0037513648
    0.0037475482
   -0.0060596161
   5.0123205e-07
    0.0060496189
   -0.0037363850
   -0.0037325923
    0.0060354556
  -5.0123205e-07
   -0.0060255354
    0.0037215243
    0.0037177553
   -0.0060114869
   5.0123205e-07
    0.0060016429
   -0.0037067813
   -0.0037030357
    0.0059877079
  -5.0123205e-07
   -0.0059779391
    0.0036921547
    0.0036884323
   -0.0059641163
   5.0123205e-07
    0.0059544219
   -0.0036776431
   -0.0036739435
    0.0059407099
  -5.0123205e-07
   -0.0059310889
    0.0036632452
    0.0036595681
   -0.0059174864
   5.0123205e-07
    0.0059079380
   -0.0036489595
   -0.0036453048
    0.0058944439
  -5.0123205e-07
   -0.0058849672
    0.0036347849
    0.0036311522
   -0.0058715801
   5.0123205e-07
    0.0058621744
   -0.0036207200
   -0.0036171090
    0.0058488930
  -5.0123205e-07
   -0.0058395573
    0.0036067635
    0.0036031741
   -0.0058263805
   5.0123205e-07
    0.0058171142
   -0.0035929142
   -0.0035893460
    0.0058040407
  -5.0123205e-07
   -0.0057948429
    0.0035791708
    0.0035756238
   -0.0057818715
   5.0123205e-07
    0.0057727414
   -0.0035655322
   -0.0035620060
    0.0057598711
  -5.0123205e-07
   -0.0057508079
    0.0035519972
    0.0035484915
   -0.0057380374
   5.0123205e-07
    0.0057290405
   -0.0035385646
   -0.0035350792
    0.0057163687
  -5.0123205e-07
   -0.0057074372
    0.0035252331
    0.0035217679
   -0.0056948630
   5.0123205e-07
    0.0056859962
   -0.0035120018
   -0.0035085564
    0.0056735185
  -5.0123205e-07
   -0.0056647157
    0.0034988694
    0.0034954437
   -0.0056523334
   5.0123205e-07
    0.0056435938
   -0.0034858349
   -0.0034824287
    0.0056313060
  -5.0123205e-07
   -0.0056226290
    0.0034728972
    0.0034695101
   -0.0056104344
   5.0123205e-07
    0.0056018192
   -0.0034600551
   -0.0034566871
    0.0055897170
  -5.0123205e-07
   -0.0055811630
    0.0034473077
    0.0034439585
   -0.0055691520
   5.0123205e-07
    0.0055606585
   -0.0034346539
   -0.0034313232
    0.0055487378
  -5.0123205e-07
   -0.0055403042
    0.0034220926
    0.0034187804
   -0.0055284727
   5.0123205e-07
    0.0055200982
   -0.0034096229
   -0.0034063289
    0.0055083551
  -5.0123205e-07
   -0.0055000392
    0.0033972438
    0.0033939677
   -0.0054883833
   5.0123205e-07
    0.0054801254
   -0.0033849542
   -0.0033816959
    0.0054685559
  -5.0123205e-07
   -0.0054603552
    0.0033727532
    0.0033695126
   -0.0054488713
   5.0123205e-07
    0.0054407272
   -0.0033606399
   -0.0033574167
    0.0054293278
  -5.0123205e-07
   -0.0054212398
    0.0033486133
    0.0033454073
   -0.0054099240
   5.0123205e-07
    0.0054018915
   -0.0033366725
   -0.0033334835
    0.0053906585
  -5.0123205e-07
   -0.0053826808
    0.0033248165
    0.0033216444
   -0.0053715297
   5.0123205e-07
    0.0053636063
   -0.0033130445
   -0.0033098891
    0.0053525361
  -5.0123205e-07
   -0.0053446665
    0.0033013556
    0.0032982167
   -0.0053336764
   5.0123205e-07
    0.0053258599
   -0.0032897489
   -0.0032866263
    0.0053149492
  -5.0123205e-07
   -0.0053071853
    0.0032782235
    0.0032751171
   -0.0052963530
   5.0123205e-07
    0.0052886411
   -0.0032667786
   -0.0032636882
    0.0052778864
  -5.0123205e-07
   -0.0052702261
    0.0032554133
    0.0032523388
   -0.0052595482
   5.0123205e-07
    0.0052519388
   -0.0032441269
   -0.0032410680
    0.0052413371
  -5.0123205e-07
   -0.0052337781
    0.0032329185
    0.0032298751
   -0.0052232515
   5.0123205e-07
    0.0052157425
   -0.0032217872
   -0.0032187592
    0.0052052904
  -5.0123205e-07
   -0.0051978307
    0.0032107324
    0.0032077195
   -0.0051874524
   5.0123205e-07
    0.0051800416
   -0.0031997532
   -0.0031967553
    0.0051697362
  -5.0123205e-07
   -0.0051623738
    0.0031888488
    0.0031858658
   -0.0051521406
   5.0123205e-07
    0.0051448261
   -0.0031780185
   -0.0031750502
    0.0051346644
  -5.0123205e-07
   -0.0051273973
    0.0031672615
    0.0031643078
   -0.0051173064
   5.0123205e-07
    0.0051100862
   -0.0031565771
   -0.0031536378
    0.0051000653
  -5.0123205e-07
   -0.0050928916
    0.0031459645
    0.0031430396
   -0.0050829400
   5.0123205e-07
    0.0050758123
   -0.0031354231
   -0.0031325123
    0.0050659293
  -5.0123205e-07
   -0.0050588471
    0.0031249521
    0.0031220553
   -0.0050490322
   5.0123205e-07
