   -0.0031183002
   -0.0030552637
   -0.0029914477
   -0.0029268658
   -0.0028615316
   -0.0027954589
   -0.0027286616
   -0.0026611540
   -0.0025929503
   -0.0025240651
   -0.0024545132
   -0.0023843093
   -0.0023134685
   -0.0022420060
   -0.0021699372
   -0.0020972775
   -0.0020240428
   -0.0019502486
   -0.0018759112
   -0.0018010465
   -0.0017256707
   -0.0016498004
   -0.0015734521
   -0.0014966423
   -0.0014193879
   -0.0013417057
   -0.0012636129
   -0.0011851265
   -0.0011062638
   -0.0010270421
  -0.00094747894
  -0.00086759187
  -0.00078739855
  -0.00070691672
  -0.00062616424
  -0.00054515904
  -0.00046391913
  -0.00038246259
  -0.00030080759
  -0.00021897237
  -0.00013697521
  -5.4834491e-05
   2.7431387e-05
   0.00010980395
   0.00019226467
   0.00027479499
   0.00035737631
   0.00043998997
   0.00052261731
   0.00060523962
   0.00068783817
   0.00077039421
   0.00085288898
   0.00093530370
    0.0010176196
    0.0010998178
    0.0011818797
    0.0012637863
    0.0013455190
    0.0014270589
    0.0015083874
    0.0015894856
    0.0016703350
    0.0017509168
    0.0018312124
    0.0019112033
    0.0019908708
    0.0020701964
    0.0021491618
    0.0022277485
    0.0023059382
    0.0023837126
    0.0024610536
    0.0025379429
    0.0026143625
    0.0026902945
    0.0027657209
    0.0028406241
    0.0029149862
    0.0029887896
    0.0030620169
    0.0031346506
    0.0032066735
    0.0032780683
    0.0033488181
    0.0034189058
    0.0034883147
    0.0035570280
    0.0036250293
    0.0036923021
    0.0037588301
    0.0038245972
    0.0038895874
    0.0039537849
    0.0040171740
    0.0040797393
    0.0041414653
    0.0042023369
    0.0042623391
    0.0043214570
    0.0043796760
    0.0044369816
    0.0044933596
    0.0045487958
    0.0046032763
    0.0046567874
    0.0047093157
    0.0047608477
    0.0048113704
    0.0048608709
    0.0049093365
    0.0049567547
    0.0050031134
    0.0050484004
    0.0050926039
    0.0051357125
    0.0051777146
    0.0052185993
    0.0052583557
    0.0052969730
    0.0053344410
    0.0053707494
    0.0054058883
    0.0054398482
    0.0054726195
    0.0055041932
    0.0055345603
    0.0055637122
    0.0055916406
    0.0056183373
    0.0056437944
    0.0056680045
    0.0056909601
    0.0057126544
    0.0057330804
    0.0057522317
    0.0057701022
    0.0057866858
    0.0058019770
    0.0058159704
    0.0058286609
    0.0058400437
    0.0058501143
    0.0058588684
    0.0058663023
    0.0058724122
    0.0058771948
    0.0058806471
    0.0058827663
    0.0058835499
    0.0058829959
    0.0058811022
    0.0058778675
    0.0058732904
    0.0058673700
    0.0058601056
    0.0058514968
    0.0058415437
    0.0058302464
    0.0058176055
    0.0058036219
    0.0057882967
    0.0057716315
    0.0057536279
    0.0057342880
    0.0057136143
    0.0056916094
    0.0056682762
    0.0056436182
    0.0056176388
    0.0055903420
    0.0055617320
    0.0055318132
    0.0055005905
    0.0054680690
    0.0054342540
    0.0053991514
    0.0053627670
    0.0053251072
    0.0052861786
    0.0052459881
    0.0052045428
    0.0051618503
    0.0051179183
    0.0050727549
    0.0050263684
    0.0049787675
    0.0049299610
    0.0048799583
    0.0048287688
    0.0047764023
    0.0047228689
    0.0046681788
    0.0046123427
    0.0045553715
    0.0044972764
    0.0044380687
    0.0043777602
    0.0043163628
    0.0042538888
    0.0041903506
    0.0041257610
    0.0040601330
    0.0039934799
    0.0039258151
    0.0038571524
    0.0037875058
    0.0037168896
    0.0036453183
    0.0035728065
    0.0034993692
    0.0034250217
    0.0033497792
    0.0032736576
    0.0031966725
    0.0031188402
    0.0030401769
    0.0029606992
    0.0028804237
    0.0027993673
    0.0027175473
    0.0026349808
    0.0025516856
    0.0024676792
    0.0023829795
    0.0022976047
    0.0022115730
    0.0021249028
    0.0020376129
    0.0019497218
    0.0018612486
    0.0017722125
    0.0016826326
    0.0015925284
    0.0015019194
    0.0014108254
    0.0013192661
    0.0012272617
    0.0011348321
    0.0010419978
   0.00094877887
   0.00085519600
   0.00076126972
   0.00066702075
   0.00057246991
   0.00047763812
   0.00038254637
   0.00028721579
   0.00019166756
   9.5922962e-05
   3.3393041e-09
  -9.6069879e-05
  -0.00019227520
  -0.00028859106
  -0.00038499584
  -0.00048146788
  -0.00057798545
  -0.00067452678
  -0.00077107006
  -0.00086759346
  -0.00096407510
   -0.0010604931
   -0.0011568255
   -0.0012530504
   -0.0013491458
   -0.0014450898
   -0.0015408605
   -0.0016364358
   -0.0017317939
   -0.0018269128
   -0.0019217706
   -0.0020163454
   -0.0021106154
   -0.0022045587
   -0.0022981535
   -0.0023913781
   -0.0024842109
   -0.0025766301
   -0.0026686142
   -0.0027601416
   -0.0028511910
   -0.0029417408
   -0.0030317699
   -0.0031212569
   -0.0032101808
   -0.0032985206
   -0.0033862551
   -0.0034733637
   -0.0035598256
   -0.0036456201
   -0.0037307268
   -0.0038151252
   -0.0038987951
   -0.0039817164
   -0.0040638690
   -0.0041452331
   -0.0042257890
   -0.0043055171
   -0.0043843980
   -0.0044624125
   -0.0045395414
   -0.0046157659
   -0.0046910672
   -0.0047654267
   -0.0048388260
   -0.0049112469
   -0.0049826714
   -0.0050530817
   -0.0051224602
   -0.0051907893
   -0.0052580520
   -0.0053242312
   -0.0053893101
   -0.0054532721
   -0.0055161009
   -0.0055777804
   -0.0056382947
   -0.0056976280
   -0.0057557651
   -0.0058126907
   -0.0058683900
   -0.0059228481
   -0.0059760508
   -0.0060279838
   -0.0060786333
   -0.0061279856
   -0.0061760273
   -0.0062227453
   -0.0062681269
   -0.0063121594
   -0.0063548307
   -0.0063961287
   -0.0064360417
   -0.0064745584
   -0.0065116676
   -0.0065473586
   -0.0065816208
   -0.0066144440
   -0.0066458183
   -0.0066757342
   -0.0067041824
   -0.0067311539
   -0.0067566400
   -0.0067806325
   -0.0068031232
   -0.0068241046
   -0.0068435693
   -0.0068615102
   -0.0068779207
   -0.0068927943
   -0.0069061251
   -0.0069179074
   -0.0069281357
   -0.0069368051
   -0.0069439108
   -0.0069494486
   -0.0069534145
   -0.0069558048
   -0.0069566161
   -0.0069558457
   -0.0069534908
   -0.0069495492
   -0.0069440191
   -0.0069368988
   -0.0069281872
   -0.0069178834
   -0.0069059870
   -0.0068924979
   -0.0068774163
   -0.0068607427
   -0.0068424782
   -0.0068226240
   -0.0068011818
   -0.0067781537
   -0.0067535420
   -0.0067273495
   -0.0066995793
   -0.0066702349
   -0.0066393200
   -0.0066068390
   -0.0065727962
   -0.0065371966
   -0.0065000456
   -0.0064613486
   -0.0064211117
   -0.0063793413
   -0.0063360439
   -0.0062912267
   -0.0062448970
   -0.0061970626
   -0.0061477316
   -0.0060969124
   -0.0060446138
   -0.0059908450
   -0.0059356155
   -0.0058789351
   -0.0058208140
   -0.0057612627
   -0.0057002921
   -0.0056379133
   -0.0055741379
   -0.0055089779
   -0.0054424453
   -0.0053745527
   -0.0053053129
   -0.0052347392
   -0.0051628451
   -0.0050896444
   -0.0050151512
   -0.0049393800
   -0.0048623455
   -0.0047840629
   -0.0047045476
   -0.0046238152
   -0.0045418817
   -0.0044587634
   -0.0043744770
   -0.0042890393
   -0.0042024675
   -0.0041147790
   -0.0040259916
   -0.0039361233
   -0.0038451924
   -0.0037532175
   -0.0036602174
   -0.0035662111
   -0.0034712182
   -0.0033752581
   -0.0032783507
   -0.0031805163
   -0.0030817750
   -0.0029821476
   -0.0028816549
   -0.0027803179
   -0.0026781580
   -0.0025751967
   -0.0024714557
   -0.0023669571
   -0.0022617229
   -0.0021557755
   -0.0020491376
   -0.0019418319
   -0.0018338813
   -0.0017253091
   -0.0016161386
   -0.0015063933
   -0.0013960969
   -0.0012852732
   -0.0011739463
   -0.0010621403
  -0.00094987965
  -0.00083718874
  -0.00072409222
  -0.00061061486
  -0.00049678153
  -0.00038261728
  -0.00026814723
  -0.00015339664
  -3.8390892e-05
   7.6844548e-05
   0.00019228410
   0.00030790211
   0.00042367280
   0.00053957034
   0.00065556881
   0.00077164221
   0.00088776450
    0.0010039095
    0.0011200512
    0.0012361632
    0.0013522192
    0.0014681931
    0.0015840584
    0.0016997889
    0.0018153580
    0.0019307394
    0.0020459067
    0.0021608335
    0.0022754933
    0.0023898599
    0.0025039067
    0.0026176074
    0.0027309357
    0.0028438652
    0.0029563698
    0.0030684231
    0.0031799990
    0.0032910714
    0.0034016142
    0.0035116014
    0.0036210072
    0.0037298055
    0.0038379708
    0.0039454773
    0.0040522995
    0.0041584119
    0.0042637891
    0.0043684060
    0.0044722373
    0.0045752581
    0.0046774436
    0.0047787689
    0.0048792096
    0.0049787412
    0.0050773393
    0.0051749800
    0.0052716391
    0.0053672930
    0.0054619181
    0.0055554909
    0.0056479882
    0.0057393869
    0.0058296642
    0.0059187975
    0.0060067644
    0.0060935426
    0.0061791101
    0.0062634453
    0.0063465265
    0.0064283324
    0.0065088421
    0.0065880347
    0.0066658896
    0.0067423866
    0.0068175056
    0.0068912269
    0.0069635309
    0.0070343985
    0.0071038107
    0.0071717489
    0.0072381946
    0.0073031299
    0.0073665370
    0.0074283984
    0.0074886970
    0.0075474159
    0.0076045386
    0.0076600490
    0.0077139312
    0.0077661695
    0.0078167489
    0.0078656545
    0.0079128717
    0.0079583864
    0.0080021848
    0.0080442533
    0.0080845790
    0.0081231489
    0.0081599509
    0.0081949727
    0.0082282029
    0.0082596301
    0.0082892435
    0.0083170325
    0.0083429870
    0.0083670974
    0.0083893542
    0.0084097485
    0.0084282717
    0.0084449158
    0.0084596730
    0.0084725359
    0.0084834976
    0.0084925515
    0.0084996916
    0.0085049121
    0.0085082078
    0.0085095739
    0.0085090057
    0.0085064994
    0.0085020513
    0.0084956583
    0.0084873175
    0.0084770268
    0.0084647841
    0.0084505880
    0.0084344376
    0.0084163322
    0.0083962716
    0.0083742561
    0.0083502865
    0.0083243639
    0.0082964898
    0.0082666663
    0.0082348959
    0.0082011815
    0.0081655264
    0.0081279343
    0.0080884096
    0.0080469568
    0.0080035812
    0.0079582881
    0.0079110836
    0.0078619742
    0.0078109666
    0.0077580682
    0.0077032867
    0.0076466302
    0.0075881075
    0.0075277274
    0.0074654995
    0.0074014337
    0.0073355403
    0.0072678301
    0.0071983143
    0.0071270045
    0.0070539127
    0.0069790514
    0.0069024335
    0.0068240723
    0.0067439815
    0.0066621753
    0.0065786683
    0.0064934753
    0.0064066118
    0.0063180935
    0.0062279367
    0.0061361578
    0.0060427740
    0.0059478025
    0.0058512612
    0.0057531681
    0.0056535420
    0.0055524015
    0.0054497662
    0.0053456556
    0.0052400898
    0.0051330893
    0.0050246748
    0.0049148675
    0.0048036888
    0.0046911607
    0.0045773054
    0.0044621454
    0.0043457036
    0.0042280032
    0.0041090679
    0.0039889215
    0.0038675882
    0.0037450926
    0.0036214596
    0.0034967142
    0.0033708820
    0.0032439888
    0.0031160605
    0.0029871237
    0.0028572048
    0.0027263308
    0.0025945289
    0.0024618267
    0.0023282517
    0.0021938320
    0.0020585958
    0.0019225717
    0.0017857883
    0.0016482745
    0.0015100597
    0.0013711732
    0.0012316446
    0.0010915038
   0.00095078086
   0.00080950599
   0.00066770965
   0.00052542248
   0.00038267529
   0.00023949907
   9.5924982e-05
  -4.8015665e-05
  -0.00019229139
  -0.00033687057
  -0.00048172145
  -0.00062681211
  -0.00077211052
  -0.00091758454
   -0.0010632019
   -0.0012089302
   -0.0013547370
   -0.0015005897
   -0.0016464556
   -0.0017923020
   -0.0019380961
   -0.0020838050
   -0.0022293957
   -0.0023748352
   -0.0025200906
   -0.0026651286
   -0.0028099162
   -0.0029544203
   -0.0030986077
   -0.0032424451
   -0.0033858995
   -0.0035289377
   -0.0036715265
   -0.0038136328
   -0.0039552234
   -0.0040962653
   -0.0042367254
   -0.0043765708
   -0.0045157685
   -0.0046542856
   -0.0047920894
   -0.0049291470
   -0.0050654259
   -0.0052008935
   -0.0053355173
   -0.0054692650
   -0.0056021045
   -0.0057340034
   -0.0058649299
   -0.0059948522
   -0.0061237384
   -0.0062515572
   -0.0063782769
   -0.0065038665
   -0.0066282949
   -0.0067515311
   -0.0068735446
   -0.0069943046
   -0.0071137811
   -0.0072319439
   -0.0073487630
   -0.0074642088
   -0.0075782520
   -0.0076908633
   -0.0078020137
   -0.0079116745
   -0.0080198173
   -0.0081264140
   -0.0082314365
   -0.0083348573
   -0.0084366489
   -0.0085367844
   -0.0086352370
   -0.0087319801
   -0.0088269876
   -0.0089202337
   -0.0090116929
   -0.0091013400
   -0.0091891500
   -0.0092750986
   -0.0093591615
   -0.0094413149
   -0.0095215353
   -0.0095997997
   -0.0096760854
   -0.0097503700
   -0.0098226315
   -0.0098928484
   -0.0099609996
    -0.010027064
    -0.010091022
    -0.010152852
    -0.010212537
    -0.010270055
    -0.010325390
    -0.010378522
    -0.010429434
    -0.010478108
    -0.010524527
    -0.010568675
    -0.010610536
    -0.010650094
    -0.010687335
    -0.010722243
    -0.010754804
    -0.010785005
    -0.010812833
    -0.010838275
    -0.010861318
    -0.010881951
    -0.010900162
    -0.010915942
    -0.010929280
    -0.010940165
    -0.010948589
    -0.010954544
    -0.010958020
    -0.010959011
    -0.010957510
    -0.010953509
    -0.010947002
    -0.010937985
    -0.010926452
    -0.010912399
    -0.010895822
    -0.010876717
    -0.010855082
    -0.010830915
    -0.010804213
    -0.010774976
    -0.010743204
    -0.010708895
    -0.010672050
    -0.010632671
    -0.010590760
    -0.010546318
    -0.010499348
    -0.010449854
    -0.010397839
    -0.010343308
    -0.010286265
    -0.010226717
    -0.010164670
    -0.010100130
    -0.010033105
   -0.0099636018
   -0.0098916296
   -0.0098171971
   -0.0097403140
   -0.0096609903
   -0.0095792366
   -0.0094950642
   -0.0094084849
   -0.0093195111
   -0.0092281555
   -0.0091344318
   -0.0090383539
   -0.0089399364
   -0.0088391944
   -0.0087361437
   -0.0086308004
   -0.0085231814
   -0.0084133040
   -0.0083011860
   -0.0081868459
   -0.0080703026
   -0.0079515757
   -0.0078306851
   -0.0077076515
   -0.0075824959
   -0.0074552399
   -0.0073259057
   -0.0071945159
   -0.0070610938
   -0.0069256629
   -0.0067882475
   -0.0066488723
   -0.0065075624
   -0.0063643437
   -0.0062192422
   -0.0060722847
   -0.0059234983
   -0.0057729106
   -0.0056205499
   -0.0054664446
   -0.0053106238
   -0.0051531171
   -0.0049939545
   -0.0048331662
   -0.0046707833
   -0.0045068370
   -0.0043413591
   -0.0041743817
   -0.0040059375
   -0.0038360595
   -0.0036647811
   -0.0034921361
   -0.0033181588
   -0.0031428838
   -0.0029663462
   -0.0027885813
   -0.0026096250
   -0.0024295133
   -0.0022482828
   -0.0020659703
   -0.0018826131
   -0.0016982487
   -0.0015129151
   -0.0013266503
   -0.0011394931
  -0.00095148215
  -0.00076265671
  -0.00057305622
  -0.00038272042
  -0.00019168936
  -3.3393041e-09
   0.00019229706
   0.00038517100
   0.00057857739
   0.00077247488
   0.00096682192
    0.0011615767
    0.0013566972
    0.0015521412
    0.0017478662
    0.0019438296
    0.0021399886
    0.0023363002
    0.0025327212
    0.0027292083
    0.0029257180
    0.0031222067
    0.0033186306
    0.0035149458
    0.0037111083
    0.0039070741
    0.0041027988
    0.0042982382
    0.0044933479
    0.0046880834
    0.0048824003
    0.0050762539
    0.0052695996
    0.0054623927
    0.0056545886
    0.0058461426
    0.0060370100
    0.0062271460
    0.0064165060
    0.0066050452
    0.0067927191
    0.0069794831
    0.0071652925
    0.0073501029
    0.0075338698
    0.0077165489
    0.0078980960
    0.0080784668
    0.0082576174
    0.0084355037
    0.0086120819
    0.0087873084
    0.0089611395
    0.0091335320
    0.0093044426
    0.0094738282
    0.0096416460
    0.0098078533
    0.0099724076
     0.010135267
     0.010296389
     0.010455731
     0.010613253
     0.010768913
     0.010922670
     0.011074484
     0.011224312
     0.011372117
     0.011517856
     0.011661492
     0.011802984
     0.011942293
     0.012079382
     0.012214211
     0.012346742
     0.012476939
     0.012604763
     0.012730179
     0.012853148
     0.012973636
     0.013091607
     0.013207025
     0.013319856
     0.013430065
     0.013537618
     0.013642482
     0.013744623
     0.013844010
     0.013940609
     0.014034390
     0.014125321
     0.014213371
     0.014298511
     0.014380710
     0.014459940
     0.014536172
     0.014609378
     0.014679530
     0.014746602
     0.014810566
     0.014871398
     0.014929072
     0.014983563
     0.015034848
     0.015082902
     0.015127703
     0.015169228
     0.015207457
     0.015242367
     0.015273938
     0.015302151
     0.015326987
     0.015348426
     0.015366452
     0.015381046
     0.015392193
     0.015399876
     0.015404081
     0.015404792
     0.015401997
     0.015395681
     0.015385833
     0.015372440
     0.015355493
     0.015334979
     0.015310891
     0.015283218
     0.015251953
     0.015217089
     0.015178618
     0.015136535
     0.015090835
     0.015041512
     0.014988564
     0.014931987
     0.014871780
     0.014807940
     0.014740467
     0.014669361
     0.014594623
     0.014516254
     0.014434258
     0.014348636
     0.014259393
     0.014166534
     0.014070064
     0.013969989
     0.013866317
     0.013759055
     0.013648211
     0.013533796
     0.013415819
     0.013294292
     0.013169226
     0.013040633
     0.012908527
     0.012772923
     0.012633834
     0.012491277
     0.012345269
     0.012195826
     0.012042966
     0.011886709
     0.011727074
     0.011564082
     0.011397753
     0.011228110
     0.011055175
     0.010878973
     0.010699527
     0.010516862
     0.010331005
     0.010141982
    0.0099498209
    0.0097545491
    0.0095561961
    0.0093547914
    0.0091503657
    0.0089429501
    0.0087325767
    0.0085192781
    0.0083030879
    0.0080840403
    0.0078621703
    0.0076375135
    0.0074101064
    0.0071799862
    0.0069471907
    0.0067117586
    0.0064737290
    0.0062331421
    0.0059900386
    0.0057444598
    0.0054964478
    0.0052460454
    0.0049932961
    0.0047382441
    0.0044809340
    0.0042214114
    0.0039597224
    0.0036959137
    0.0034300328
    0.0031621276
    0.0028922469
    0.0026204399
    0.0023467566
    0.0020712474
    0.0017939635
    0.0015149566
    0.0012342789
   0.00095198326
   0.00066812320
   0.00038275266
   9.5926194e-05
  -0.00019230111
  -0.00048187363
  -0.00077273520
   -0.0010648292
   -0.0013580984
   -0.0016524851
   -0.0019479311
   -0.0022443779
   -0.0025417662
   -0.0028400365
   -0.0031391288
   -0.0034389824
   -0.0037395366
   -0.0040407298
   -0.0043425005
   -0.0046447863
   -0.0049475247
   -0.0052506528
   -0.0055541072
   -0.0058578241
   -0.0061617397
   -0.0064657893
   -0.0067699084
   -0.0070740318
   -0.0073780941
   -0.0076820298
   -0.0079857728
   -0.0082892569
   -0.0085924156
   -0.0088951821
   -0.0091974895
   -0.0094992703
   -0.0098004573
    -0.010100983
    -0.010400779
    -0.010699777
    -0.010997910
    -0.011295108
    -0.011591304
    -0.011886428
    -0.012180412
    -0.012473187
    -0.012764684
    -0.013054833
    -0.013343566
    -0.013630813
    -0.013916504
    -0.014200571
    -0.014482944
    -0.014763554
    -0.015042331
    -0.015319205
    -0.015594107
    -0.015866969
    -0.016137720
    -0.016406291
    -0.016672613
    -0.016936618
    -0.017198235
    -0.017457396
    -0.017714032
    -0.017968075
    -0.018219455
    -0.018468105
    -0.018713957
    -0.018956942
    -0.019196992
    -0.019434041
    -0.019668020
    -0.019898862
    -0.020126500
    -0.020350869
    -0.020571901
    -0.020789530
    -0.021003690
    -0.021214317
    -0.021421345
    -0.021624708
    -0.021824343
    -0.022020186
    -0.022212172
    -0.022400238
    -0.022584321
    -0.022764360
    -0.022940290
    -0.023112052
    -0.023279583
    -0.023442823
    -0.023601712
    -0.023756189
    -0.023906195
    -0.024051671
    -0.024192560
    -0.024328802
    -0.024460342
    -0.024587121
    -0.024709085
    -0.024826177
    -0.024938343
    -0.025045527
    -0.025147677
    -0.025244739
    -0.025336660
    -0.025423389
    -0.025504874
    -0.025581065
    -0.025651912
    -0.025717366
    -0.025777377
    -0.025831900
    -0.025880885
    -0.025924287
    -0.025962060
    -0.025994160
    -0.026020541
    -0.026041162
    -0.026055978
    -0.026064950
    -0.026068034
    -0.026065192
    -0.026056383
    -0.026041570
    -0.026020714
    -0.025993778
    -0.025960727
    -0.025921526
    -0.025876139
    -0.025824534
    -0.025766678
    -0.025702539
    -0.025632087
    -0.025555291
    -0.025472123
    -0.025382555
    -0.025286559
    -0.025184110
    -0.025075181
    -0.024959750
    -0.024837792
    -0.024709285
    -0.024574208
    -0.024432540
    -0.024284262
    -0.024129355
    -0.023967803
    -0.023799588
    -0.023624695
    -0.023443110
    -0.023254819
    -0.023059810
    -0.022858072
    -0.022649593
    -0.022434365
    -0.022212380
    -0.021983630
    -0.021748109
    -0.021505813
    -0.021256735
    -0.021000875
    -0.020738230
    -0.020468799
    -0.020192581
    -0.019909579
    -0.019619795
    -0.019323232
    -0.019019894
    -0.018709788
    -0.018392919
    -0.018069295
    -0.017738926
    -0.017401820
    -0.017057990
    -0.016707446
    -0.016350203
    -0.015986274
    -0.015615674
    -0.015238421
    -0.014854531
    -0.014464023
    -0.014066916
    -0.013663232
    -0.013252993
    -0.012836220
    -0.012412939
    -0.011983174
    -0.011546952
    -0.011104299
    -0.010655244
    -0.010199817
   -0.0097380470
   -0.0092699667
   -0.0087956085
   -0.0083150060
   -0.0078281939
   -0.0073352080
   -0.0068360852
   -0.0063308633
   -0.0058195815
   -0.0053022795
   -0.0047789986
   -0.0042497807
   -0.0037146690
   -0.0031737077
   -0.0026269418
   -0.0020744176
   -0.0015161823
  -0.00095228400
  -0.00038277200
   0.00019230354
   0.00077289142
    0.0013589395
    0.0019503946
    0.0025472025
    0.0031493083
    0.0037566559
    0.0043691883
    0.0049868475
    0.0056095746
    0.0062373099
    0.0068699927
    0.0075075613
    0.0081499531
    0.0087971047
    0.0094489518
     0.010105429
     0.010766471
     0.011432010
     0.012101978
     0.012776307
     0.013454927
     0.014137769
     0.014824760
     0.015515829
     0.016210904
     0.016909910
     0.017612773
     0.018319419
     0.019029772
     0.019743754
     0.020461289
     0.021182299
     0.021906705
     0.022634427
     0.023365385
     0.024099499
     0.024836687
     0.025576867
     0.026319957
     0.027065872
     0.027814528
     0.028565842
     0.029319727
     0.030076099
     0.030834870
     0.031595954
     0.032359263
     0.033124709
     0.033892204
     0.034661659
     0.035432983
     0.036206087
     0.036980881
     0.037757273
     0.038535173
     0.039314488
     0.040095126
     0.040876994
     0.041660000
     0.042444049
     0.043229049
     0.044014905
     0.044801523
     0.045588808
     0.046376665
     0.047164999
     0.047953714
     0.048742713
     0.049531902
     0.050321184
     0.051110462
     0.051899640
     0.052688620
     0.053477305
     0.054265599
     0.055053403
     0.055840621
     0.056627155
     0.057412906
     0.058197778
     0.058981672
     0.059764491
     0.060546136
     0.061326509
     0.062105513
     0.062883049
     0.063659020
     0.064433328
     0.065205874
     0.065976562
     0.066745293
     0.067511970
     0.068276496
     0.069038772
     0.069798702
     0.070556189
     0.071311136
     0.072063447
     0.072813024
     0.073559772
     0.074303595
     0.075044397
     0.075782082
     0.076516556
     0.077247723
     0.077975489
     0.078699760
     0.079420442
     0.080137441
     0.080850664
     0.081560018
     0.082265411
     0.082966752
     0.083663948
     0.084356908
     0.085045542
     0.085729760
     0.086409472
     0.087084589
     0.087755022
     0.088420683
     0.089081485
     0.089737340
     0.090388163
     0.091033867
     0.091674367
     0.092309578
     0.092939417
     0.093563800
     0.094182645
     0.094795869
     0.095403391
     0.096005131
     0.096601008
     0.097190943
     0.097774858
     0.098352675
     0.098924317
     0.099489708
      0.10004877
      0.10060144
      0.10114762
      0.10168726
      0.10222028
      0.10274661
      0.10326618
      0.10377891
      0.10428474
      0.10478361
      0.10527543
      0.10576016
      0.10623772
      0.10670805
      0.10717109
      0.10762677
      0.10807503
      0.10851581
      0.10894906
      0.10937470
      0.10979270
      0.11020298
      0.11060550
      0.11100020
      0.11138703
      0.11176593
      0.11213685
      0.11249975
      0.11285457
      0.11320127
      0.11353979
      0.11387010
      0.11419215
      0.11450589
      0.11481128
      0.11510828
      0.11539686
      0.11567696
      0.11594856
      0.11621161
      0.11646608
      0.11671194
      0.11694915
      0.11717768
      0.11739750
      0.11760858
      0.11781089
      0.11800440
      0.11818909
      0.11836493
      0.11853189
      0.11868996
      0.11883912
      0.11897933
      0.11911059
      0.11923288
      0.11934617
      0.11945046
      0.11954573
      0.11963196
      0.11970915
      0.11977728
      0.11983634
      0.11988633
      0.11992725
      0.11995907
      0.11998181
      0.11999545
      0.12000000
      0.11999545
      0.11998181
      0.11995907
      0.11992725
      0.11988633
      0.11983634
      0.11977728
      0.11970915
      0.11963196
      0.11954573
      0.11945046
      0.11934617
      0.11923288
      0.11911059
      0.11897933
      0.11883912
      0.11868996
      0.11853189
      0.11836493
      0.11818909
      0.11800440
      0.11781089
      0.11760858
      0.11739750
      0.11717768
      0.11694915
      0.11671194
      0.11646608
      0.11621161
      0.11594856
      0.11567696
      0.11539686
      0.11510828
      0.11481128
      0.11450589
      0.11419215
      0.11387010
      0.11353979
      0.11320127
      0.11285457
      0.11249975
      0.11213685
      0.11176593
      0.11138703
      0.11100020
      0.11060550
      0.11020298
      0.10979270
      0.10937470
      0.10894906
      0.10851581
      0.10807503
      0.10762677
      0.10717109
      0.10670805
      0.10623772
      0.10576016
      0.10527543
      0.10478361
      0.10428474
      0.10377891
      0.10326618
      0.10274661
      0.10222028
      0.10168726
      0.10114762
      0.10060144
      0.10004877
     0.099489708
     0.098924317
     0.098352675
     0.097774858
     0.097190943
     0.096601008
     0.096005131
     0.095403391
     0.094795869
     0.094182645
     0.093563800
     0.092939417
     0.092309578
     0.091674367
     0.091033867
     0.090388163
     0.089737340
     0.089081485
     0.088420683
     0.087755022
     0.087084589
     0.086409472
     0.085729760
     0.085045542
     0.084356908
     0.083663948
     0.082966752
     0.082265411
     0.081560018
     0.080850664
     0.080137441
     0.079420442
     0.078699760
     0.077975489
     0.077247723
     0.076516556
     0.075782082
     0.075044397
     0.074303595
     0.073559772
     0.072813024
     0.072063447
     0.071311136
     0.070556189
     0.069798702
     0.069038772
     0.068276496
     0.067511970
     0.066745293
     0.065976562
     0.065205874
     0.064433328
     0.063659020
     0.062883049
     0.062105513
     0.061326509
     0.060546136
     0.059764491
     0.058981672
     0.058197778
     0.057412906
     0.056627155
     0.055840621
     0.055053403
     0.054265599
     0.053477305
     0.052688620
     0.051899640
     0.051110462
     0.050321184
     0.049531902
     0.048742713
     0.047953714
     0.047164999
     0.046376665
     0.045588808
     0.044801523
     0.044014905
     0.043229049
     0.042444049
     0.041660000
     0.040876994
     0.040095126
     0.039314488
     0.038535173
     0.037757273
     0.036980881
     0.036206087
     0.035432983
     0.034661659
     0.033892204
     0.033124709
     0.032359263
     0.031595954
     0.030834870
     0.030076099
     0.029319727
     0.028565842
     0.027814528
     0.027065872
     0.026319957
     0.025576867
     0.024836687
     0.024099499
     0.023365385
     0.022634427
     0.021906705
     0.021182299
     0.020461289
     0.019743754
     0.019029772
     0.018319419
     0.017612773
     0.016909910
     0.016210904
     0.015515829
     0.014824760
     0.014137769
     0.013454927
     0.012776307
     0.012101978
     0.011432010
     0.010766471
     0.010105429
    0.0094489518
    0.0087971047
    0.0081499531
    0.0075075613
    0.0068699927
    0.0062373099
    0.0056095746
    0.0049868475
    0.0043691883
    0.0037566559
    0.0031493083
    0.0025472025
    0.0019503946
    0.0013589395
   0.00077289142
   0.00019230354
  -0.00038277200
  -0.00095228400
   -0.0015161823
   -0.0020744176
   -0.0026269418
   -0.0031737077
   -0.0037146690
   -0.0042497807
   -0.0047789986
   -0.0053022795
   -0.0058195815
   -0.0063308633
   -0.0068360852
   -0.0073352080
   -0.0078281939
   -0.0083150060
   -0.0087956085
   -0.0092699667
   -0.0097380470
    -0.010199817
    -0.010655244
    -0.011104299
    -0.011546952
    -0.011983174
    -0.012412939
    -0.012836220
    -0.013252993
    -0.013663232
    -0.014066916
    -0.014464023
    -0.014854531
    -0.015238421
    -0.015615674
    -0.015986274
    -0.016350203
    -0.016707446
    -0.017057990
    -0.017401820
    -0.017738926
    -0.018069295
    -0.018392919
    -0.018709788
    -0.019019894
    -0.019323232
    -0.019619795
    -0.019909579
    -0.020192581
    -0.020468799
    -0.020738230
    -0.021000875
    -0.021256735
    -0.021505813
    -0.021748109
    -0.021983630
    -0.022212380
    -0.022434365
    -0.022649593
    -0.022858072
    -0.023059810
    -0.023254819
    -0.023443110
    -0.023624695
    -0.023799588
    -0.023967803
    -0.024129355
    -0.024284262
    -0.024432540
    -0.024574208
    -0.024709285
    -0.024837792
    -0.024959750
    -0.025075181
    -0.025184110
    -0.025286559
    -0.025382555
    -0.025472123
    -0.025555291
    -0.025632087
    -0.025702539
    -0.025766678
    -0.025824534
    -0.025876139
    -0.025921526
    -0.025960727
    -0.025993778
    -0.026020714
    -0.026041570
    -0.026056383
    -0.026065192
    -0.026068034
    -0.026064950
    -0.026055978
    -0.026041162
    -0.026020541
    -0.025994160
    -0.025962060
    -0.025924287
    -0.025880885
    -0.025831900
    -0.025777377
    -0.025717366
    -0.025651912
    -0.025581065
    -0.025504874
    -0.025423389
    -0.025336660
    -0.025244739
    -0.025147677
    -0.025045527
    -0.024938343
    -0.024826177
    -0.024709085
    -0.024587121
    -0.024460342
    -0.024328802
    -0.024192560
    -0.024051671
    -0.023906195
    -0.023756189
    -0.023601712
    -0.023442823
    -0.023279583
    -0.023112052
    -0.022940290
    -0.022764360
    -0.022584321
    -0.022400238
    -0.022212172
    -0.022020186
    -0.021824343
    -0.021624708
    -0.021421345
    -0.021214317
    -0.021003690
    -0.020789530
    -0.020571901
    -0.020350869
    -0.020126500
    -0.019898862
    -0.019668020
    -0.019434041
    -0.019196992
    -0.018956942
    -0.018713957
    -0.018468105
    -0.018219455
    -0.017968075
    -0.017714032
    -0.017457396
    -0.017198235
    -0.016936618
    -0.016672613
    -0.016406291
    -0.016137720
    -0.015866969
    -0.015594107
    -0.015319205
    -0.015042331
    -0.014763554
    -0.014482944
    -0.014200571
    -0.013916504
    -0.013630813
    -0.013343566
    -0.013054833
    -0.012764684
    -0.012473187
    -0.012180412
    -0.011886428
    -0.011591304
    -0.011295108
    -0.010997910
    -0.010699777
    -0.010400779
    -0.010100983
   -0.0098004573
   -0.0094992703
   -0.0091974895
   -0.0088951821
   -0.0085924156
   -0.0082892569
   -0.0079857728
   -0.0076820298
   -0.0073780941
   -0.0070740318
   -0.0067699084
   -0.0064657893
   -0.0061617397
   -0.0058578241
   -0.0055541072
   -0.0052506528
   -0.0049475247
   -0.0046447863
   -0.0043425005
   -0.0040407298
   -0.0037395366
   -0.0034389824
   -0.0031391288
   -0.0028400365
   -0.0025417662
   -0.0022443779
   -0.0019479311
   -0.0016524851
   -0.0013580984
   -0.0010648292
  -0.00077273520
  -0.00048187363
  -0.00019230111
   9.5926194e-05
   0.00038275266
   0.00066812320
   0.00095198326
    0.0012342789
    0.0015149566
    0.0017939635
    0.0020712474
    0.0023467566
    0.0026204399
    0.0028922469
    0.0031621276
    0.0034300328
    0.0036959137
    0.0039597224
    0.0042214114
    0.0044809340
    0.0047382441
    0.0049932961
    0.0052460454
    0.0054964478
    0.0057444598
    0.0059900386
    0.0062331421
    0.0064737290
    0.0067117586
    0.0069471907
    0.0071799862
    0.0074101064
    0.0076375135
    0.0078621703
    0.0080840403
    0.0083030879
    0.0085192781
    0.0087325767
    0.0089429501
    0.0091503657
    0.0093547914
    0.0095561961
    0.0097545491
    0.0099498209
     0.010141982
     0.010331005
     0.010516862
     0.010699527
     0.010878973
     0.011055175
     0.011228110
     0.011397753
     0.011564082
     0.011727074
     0.011886709
     0.012042966
     0.012195826
     0.012345269
     0.012491277
     0.012633834
     0.012772923
     0.012908527
     0.013040633
     0.013169226
     0.013294292
     0.013415819
     0.013533796
     0.013648211
     0.013759055
     0.013866317
     0.013969989
     0.014070064
     0.014166534
     0.014259393
     0.014348636
     0.014434258
     0.014516254
     0.014594623
     0.014669361
     0.014740467
     0.014807940
     0.014871780
     0.014931987
     0.014988564
     0.015041512
     0.015090835
     0.015136535
     0.015178618
     0.015217089
     0.015251953
     0.015283218
     0.015310891
     0.015334979
     0.015355493
     0.015372440
     0.015385833
     0.015395681
     0.015401997
     0.015404792
     0.015404081
     0.015399876
     0.015392193
     0.015381046
     0.015366452
     0.015348426
     0.015326987
     0.015302151
     0.015273938
     0.015242367
     0.015207457
     0.015169228
     0.015127703
     0.015082902
     0.015034848
     0.014983563
     0.014929072
     0.014871398
     0.014810566
     0.014746602
     0.014679530
     0.014609378
     0.014536172
     0.014459940
     0.014380710
     0.014298511
     0.014213371
     0.014125321
     0.014034390
     0.013940609
     0.013844010
     0.013744623
     0.013642482
     0.013537618
     0.013430065
     0.013319856
     0.013207025
     0.013091607
     0.012973636
     0.012853148
     0.012730179
     0.012604763
     0.012476939
     0.012346742
     0.012214211
     0.012079382
     0.011942293
     0.011802984
     0.011661492
     0.011517856
     0.011372117
     0.011224312
     0.011074484
     0.010922670
     0.010768913
     0.010613253
     0.010455731
     0.010296389
     0.010135267
    0.0099724076
    0.0098078533
    0.0096416460
    0.0094738282
    0.0093044426
    0.0091335320
    0.0089611395
    0.0087873084
    0.0086120819
    0.0084355037
    0.0082576174
    0.0080784668
    0.0078980960
    0.0077165489
    0.0075338698
    0.0073501029
    0.0071652925
    0.0069794831
    0.0067927191
    0.0066050452
    0.0064165060
    0.0062271460
    0.0060370100
    0.0058461426
    0.0056545886
    0.0054623927
    0.0052695996
    0.0050762539
    0.0048824003
    0.0046880834
    0.0044933479
    0.0042982382
    0.0041027988
    0.0039070741
    0.0037111083
    0.0035149458
    0.0033186306
    0.0031222067
    0.0029257180
    0.0027292083
    0.0025327212
    0.0023363002
    0.0021399886
    0.0019438296
    0.0017478662
    0.0015521412
    0.0013566972
    0.0011615767
   0.00096682192
   0.00077247488
   0.00057857739
   0.00038517100
   0.00019229706
  -3.3393041e-09
  -0.00019168936
  -0.00038272042
  -0.00057305622
  -0.00076265671
  -0.00095148215
   -0.0011394931
   -0.0013266503
   -0.0015129151
   -0.0016982487
   -0.0018826131
   -0.0020659703
   -0.0022482828
   -0.0024295133
   -0.0026096250
   -0.0027885813
   -0.0029663462
   -0.0031428838
   -0.0033181588
   -0.0034921361
   -0.0036647811
   -0.0038360595
   -0.0040059375
   -0.0041743817
   -0.0043413591
   -0.0045068370
   -0.0046707833
   -0.0048331662
   -0.0049939545
   -0.0051531171
   -0.0053106238
   -0.0054664446
   -0.0056205499
   -0.0057729106
   -0.0059234983
   -0.0060722847
   -0.0062192422
   -0.0063643437
   -0.0065075624
   -0.0066488723
   -0.0067882475
   -0.0069256629
   -0.0070610938
   -0.0071945159
   -0.0073259057
   -0.0074552399
   -0.0075824959
   -0.0077076515
   -0.0078306851
   -0.0079515757
   -0.0080703026
   -0.0081868459
   -0.0083011860
   -0.0084133040
   -0.0085231814
   -0.0086308004
   -0.0087361437
   -0.0088391944
   -0.0089399364
   -0.0090383539
   -0.0091344318
   -0.0092281555
   -0.0093195111
   -0.0094084849
   -0.0094950642
   -0.0095792366
   -0.0096609903
   -0.0097403140
   -0.0098171971
   -0.0098916296
   -0.0099636018
    -0.010033105
    -0.010100130
    -0.010164670
    -0.010226717
    -0.010286265
    -0.010343308
    -0.010397839
    -0.010449854
    -0.010499348
    -0.010546318
    -0.010590760
    -0.010632671
    -0.010672050
    -0.010708895
    -0.010743204
    -0.010774976
    -0.010804213
    -0.010830915
    -0.010855082
    -0.010876717
    -0.010895822
    -0.010912399
    -0.010926452
    -0.010937985
    -0.010947002
    -0.010953509
    -0.010957510
    -0.010959011
    -0.010958020
    -0.010954544
    -0.010948589
    -0.010940165
    -0.010929280
    -0.010915942
    -0.010900162
    -0.010881951
    -0.010861318
    -0.010838275
    -0.010812833
    -0.010785005
    -0.010754804
    -0.010722243
    -0.010687335
    -0.010650094
    -0.010610536
    -0.010568675
    -0.010524527
    -0.010478108
    -0.010429434
    -0.010378522
    -0.010325390
    -0.010270055
    -0.010212537
    -0.010152852
    -0.010091022
    -0.010027064
   -0.0099609996
   -0.0098928484
   -0.0098226315
   -0.0097503700
   -0.0096760854
   -0.0095997997
   -0.0095215353
   -0.0094413149
   -0.0093591615
   -0.0092750986
   -0.0091891500
   -0.0091013400
   -0.0090116929
   -0.0089202337
   -0.0088269876
   -0.0087319801
   -0.0086352370
   -0.0085367844
   -0.0084366489
   -0.0083348573
   -0.0082314365
   -0.0081264140
   -0.0080198173
   -0.0079116745
   -0.0078020137
   -0.0076908633
   -0.0075782520
   -0.0074642088
   -0.0073487630
   -0.0072319439
   -0.0071137811
   -0.0069943046
   -0.0068735446
   -0.0067515311
   -0.0066282949
   -0.0065038665
   -0.0063782769
   -0.0062515572
   -0.0061237384
   -0.0059948522
   -0.0058649299
   -0.0057340034
   -0.0056021045
   -0.0054692650
   -0.0053355173
   -0.0052008935
   -0.0050654259
   -0.0049291470
   -0.0047920894
   -0.0046542856
   -0.0045157685
   -0.0043765708
   -0.0042367254
   -0.0040962653
   -0.0039552234
   -0.0038136328
   -0.0036715265
   -0.0035289377
   -0.0033858995
   -0.0032424451
   -0.0030986077
   -0.0029544203
   -0.0028099162
   -0.0026651286
   -0.0025200906
   -0.0023748352
   -0.0022293957
   -0.0020838050
   -0.0019380961
   -0.0017923020
   -0.0016464556
   -0.0015005897
   -0.0013547370
   -0.0012089302
   -0.0010632019
  -0.00091758454
  -0.00077211052
  -0.00062681211
  -0.00048172145
  -0.00033687057
  -0.00019229139
  -4.8015665e-05
   9.5924982e-05
   0.00023949907
   0.00038267529
   0.00052542248
   0.00066770965
   0.00080950599
   0.00095078086
    0.0010915038
    0.0012316446
    0.0013711732
    0.0015100597
    0.0016482745
    0.0017857883
    0.0019225717
    0.0020585958
    0.0021938320
    0.0023282517
    0.0024618267
    0.0025945289
    0.0027263308
    0.0028572048
    0.0029871237
    0.0031160605
    0.0032439888
    0.0033708820
    0.0034967142
    0.0036214596
    0.0037450926
    0.0038675882
    0.0039889215
    0.0041090679
    0.0042280032
    0.0043457036
    0.0044621454
    0.0045773054
    0.0046911607
    0.0048036888
    0.0049148675
    0.0050246748
    0.0051330893
    0.0052400898
    0.0053456556
    0.0054497662
    0.0055524015
    0.0056535420
    0.0057531681
    0.0058512612
    0.0059478025
    0.0060427740
    0.0061361578
    0.0062279367
    0.0063180935
    0.0064066118
    0.0064934753
    0.0065786683
    0.0066621753
    0.0067439815
    0.0068240723
    0.0069024335
    0.0069790514
    0.0070539127
    0.0071270045
    0.0071983143
    0.0072678301
    0.0073355403
    0.0074014337
    0.0074654995
    0.0075277274
    0.0075881075
    0.0076466302
    0.0077032867
    0.0077580682
    0.0078109666
    0.0078619742
    0.0079110836
    0.0079582881
    0.0080035812
    0.0080469568
    0.0080884096
    0.0081279343
    0.0081655264
    0.0082011815
    0.0082348959
    0.0082666663
    0.0082964898
    0.0083243639
    0.0083502865
    0.0083742561
    0.0083962716
    0.0084163322
    0.0084344376
    0.0084505880
    0.0084647841
    0.0084770268
    0.0084873175
    0.0084956583
    0.0085020513
    0.0085064994
    0.0085090057
    0.0085095739
    0.0085082078
    0.0085049121
    0.0084996916
    0.0084925515
    0.0084834976
    0.0084725359
    0.0084596730
    0.0084449158
    0.0084282717
    0.0084097485
    0.0083893542
    0.0083670974
    0.0083429870
    0.0083170325
    0.0082892435
    0.0082596301
    0.0082282029
    0.0081949727
    0.0081599509
    0.0081231489
    0.0080845790
    0.0080442533
    0.0080021848
    0.0079583864
    0.0079128717
    0.0078656545
    0.0078167489
    0.0077661695
    0.0077139312
    0.0076600490
    0.0076045386
    0.0075474159
    0.0074886970
    0.0074283984
    0.0073665370
    0.0073031299
    0.0072381946
    0.0071717489
    0.0071038107
    0.0070343985
    0.0069635309
    0.0068912269
    0.0068175056
    0.0067423866
    0.0066658896
    0.0065880347
    0.0065088421
    0.0064283324
    0.0063465265
    0.0062634453
    0.0061791101
    0.0060935426
    0.0060067644
    0.0059187975
    0.0058296642
    0.0057393869
    0.0056479882
    0.0055554909
    0.0054619181
    0.0053672930
    0.0052716391
    0.0051749800
    0.0050773393
    0.0049787412
    0.0048792096
    0.0047787689
    0.0046774436
    0.0045752581
    0.0044722373
    0.0043684060
    0.0042637891
    0.0041584119
    0.0040522995
    0.0039454773
    0.0038379708
    0.0037298055
    0.0036210072
    0.0035116014
    0.0034016142
    0.0032910714
    0.0031799990
    0.0030684231
    0.0029563698
    0.0028438652
    0.0027309357
    0.0026176074
    0.0025039067
    0.0023898599
    0.0022754933
    0.0021608335
    0.0020459067
    0.0019307394
    0.0018153580
    0.0016997889
    0.0015840584
    0.0014681931
    0.0013522192
    0.0012361632
    0.0011200512
    0.0010039095
   0.00088776450
   0.00077164221
   0.00065556881
   0.00053957034
   0.00042367280
   0.00030790211
   0.00019228410
   7.6844548e-05
  -3.8390892e-05
  -0.00015339664
  -0.00026814723
  -0.00038261728
  -0.00049678153
  -0.00061061486
  -0.00072409222
  -0.00083718874
  -0.00094987965
   -0.0010621403
   -0.0011739463
   -0.0012852732
   -0.0013960969
   -0.0015063933
   -0.0016161386
   -0.0017253091
   -0.0018338813
   -0.0019418319
   -0.0020491376
   -0.0021557755
   -0.0022617229
   -0.0023669571
   -0.0024714557
   -0.0025751967
   -0.0026781580
   -0.0027803179
   -0.0028816549
   -0.0029821476
   -0.0030817750
   -0.0031805163
   -0.0032783507
   -0.0033752581
   -0.0034712182
   -0.0035662111
   -0.0036602174
   -0.0037532175
   -0.0038451924
   -0.0039361233
   -0.0040259916
   -0.0041147790
   -0.0042024675
   -0.0042890393
   -0.0043744770
   -0.0044587634
   -0.0045418817
   -0.0046238152
   -0.0047045476
   -0.0047840629
   -0.0048623455
   -0.0049393800
   -0.0050151512
   -0.0050896444
   -0.0051628451
   -0.0052347392
   -0.0053053129
   -0.0053745527
   -0.0054424453
   -0.0055089779
   -0.0055741379
   -0.0056379133
   -0.0057002921
   -0.0057612627
   -0.0058208140
   -0.0058789351
   -0.0059356155
   -0.0059908450
   -0.0060446138
   -0.0060969124
   -0.0061477316
   -0.0061970626
   -0.0062448970
   -0.0062912267
   -0.0063360439
   -0.0063793413
   -0.0064211117
   -0.0064613486
   -0.0065000456
   -0.0065371966
   -0.0065727962
   -0.0066068390
   -0.0066393200
   -0.0066702349
   -0.0066995793
   -0.0067273495
   -0.0067535420
   -0.0067781537
   -0.0068011818
   -0.0068226240
   -0.0068424782
   -0.0068607427
   -0.0068774163
   -0.0068924979
   -0.0069059870
   -0.0069178834
   -0.0069281872
   -0.0069368988
   -0.0069440191
   -0.0069495492
   -0.0069534908
   -0.0069558457
   -0.0069566161
   -0.0069558048
   -0.0069534145
   -0.0069494486
   -0.0069439108
   -0.0069368051
   -0.0069281357
   -0.0069179074
   -0.0069061251
   -0.0068927943
   -0.0068779207
   -0.0068615102
   -0.0068435693
   -0.0068241046
   -0.0068031232
   -0.0067806325
   -0.0067566400
   -0.0067311539
   -0.0067041824
   -0.0066757342
   -0.0066458183
   -0.0066144440
   -0.0065816208
   -0.0065473586
   -0.0065116676
   -0.0064745584
   -0.0064360417
   -0.0063961287
   -0.0063548307
   -0.0063121594
   -0.0062681269
   -0.0062227453
   -0.0061760273
   -0.0061279856
   -0.0060786333
   -0.0060279838
   -0.0059760508
   -0.0059228481
   -0.0058683900
   -0.0058126907
   -0.0057557651
   -0.0056976280
   -0.0056382947
   -0.0055777804
   -0.0055161009
   -0.0054532721
   -0.0053893101
   -0.0053242312
   -0.0052580520
   -0.0051907893
   -0.0051224602
   -0.0050530817
   -0.0049826714
   -0.0049112469
   -0.0048388260
   -0.0047654267
   -0.0046910672
   -0.0046157659
   -0.0045395414
   -0.0044624125
   -0.0043843980
   -0.0043055171
   -0.0042257890
   -0.0041452331
   -0.0040638690
   -0.0039817164
   -0.0038987951
   -0.0038151252
   -0.0037307268
   -0.0036456201
   -0.0035598256
   -0.0034733637
   -0.0033862551
   -0.0032985206
   -0.0032101808
   -0.0031212569
   -0.0030317699
   -0.0029417408
   -0.0028511910
   -0.0027601416
   -0.0026686142
   -0.0025766301
   -0.0024842109
   -0.0023913781
   -0.0022981535
   -0.0022045587
   -0.0021106154
   -0.0020163454
   -0.0019217706
   -0.0018269128
   -0.0017317939
   -0.0016364358
   -0.0015408605
   -0.0014450898
   -0.0013491458
   -0.0012530504
   -0.0011568255
   -0.0010604931
  -0.00096407510
  -0.00086759346
  -0.00077107006
  -0.00067452678
  -0.00057798545
  -0.00048146788
  -0.00038499584
  -0.00028859106
  -0.00019227520
  -9.6069879e-05
   3.3393041e-09
   9.5922962e-05
   0.00019166756
   0.00028721579
   0.00038254637
   0.00047763812
   0.00057246991
   0.00066702075
   0.00076126972
   0.00085519600
   0.00094877887
    0.0010419978
    0.0011348321
    0.0012272617
    0.0013192661
    0.0014108254
    0.0015019194
    0.0015925284
    0.0016826326
    0.0017722125
    0.0018612486
    0.0019497218
    0.0020376129
    0.0021249028
    0.0022115730
    0.0022976047
    0.0023829795
    0.0024676792
    0.0025516856
    0.0026349808
    0.0027175473
    0.0027993673
    0.0028804237
    0.0029606992
    0.0030401769
    0.0031188402
    0.0031966725
    0.0032736576
    0.0033497792
    0.0034250217
    0.0034993692
    0.0035728065
    0.0036453183
    0.0037168896
    0.0037875058
    0.0038571524
    0.0039258151
    0.0039934799
    0.0040601330
    0.0041257610
    0.0041903506
    0.0042538888
    0.0043163628
    0.0043777602
    0.0044380687
    0.0044972764
    0.0045553715
    0.0046123427
    0.0046681788
    0.0047228689
    0.0047764023
    0.0048287688
    0.0048799583
    0.0049299610
    0.0049787675
    0.0050263684
    0.0050727549
    0.0051179183
    0.0051618503
    0.0052045428
    0.0052459881
    0.0052861786
    0.0053251072
    0.0053627670
    0.0053991514
    0.0054342540
    0.0054680690
    0.0055005905
    0.0055318132
    0.0055617320
    0.0055903420
    0.0056176388
    0.0056436182
    0.0056682762
    0.0056916094
    0.0057136143
    0.0057342880
    0.0057536279
    0.0057716315
    0.0057882967
    0.0058036219
    0.0058176055
    0.0058302464
    0.0058415437
    0.0058514968
    0.0058601056
    0.0058673700
    0.0058732904
    0.0058778675
    0.0058811022
    0.0058829959
    0.0058835499
    0.0058827663
    0.0058806471
    0.0058771948
    0.0058724122
    0.0058663023
    0.0058588684
    0.0058501143
    0.0058400437
    0.0058286609
    0.0058159704
    0.0058019770
    0.0057866858
    0.0057701022
    0.0057522317
    0.0057330804
    0.0057126544
    0.0056909601
    0.0056680045
    0.0056437944
    0.0056183373
    0.0055916406
    0.0055637122
    0.0055345603
    0.0055041932
    0.0054726195
    0.0054398482
    0.0054058883
    0.0053707494
    0.0053344410
    0.0052969730
    0.0052583557
    0.0052185993
    0.0051777146
    0.0051357125
    0.0050926039
    0.0050484004
    0.0050031134
    0.0049567547
    0.0049093365
    0.0048608709
    0.0048113704
    0.0047608477
    0.0047093157
    0.0046567874
    0.0046032763
    0.0045487958
    0.0044933596
    0.0044369816
    0.0043796760
    0.0043214570
    0.0042623391
    0.0042023369
    0.0041414653
    0.0040797393
    0.0040171740
    0.0039537849
    0.0038895874
    0.0038245972
    0.0037588301
    0.0036923021
    0.0036250293
    0.0035570280
    0.0034883147
    0.0034189058
    0.0033488181
    0.0032780683
    0.0032066735
    0.0031346506
    0.0030620169
    0.0029887896
    0.0029149862
    0.0028406241
    0.0027657209
    0.0026902945
    0.0026143625
    0.0025379429
    0.0024610536
    0.0023837126
    0.0023059382
    0.0022277485
    0.0021491618
    0.0020701964
    0.0019908708
    0.0019112033
    0.0018312124
    0.0017509168
    0.0016703350
    0.0015894856
    0.0015083874
    0.0014270589
    0.0013455190
    0.0012637863
    0.0011818797
    0.0010998178
    0.0010176196
   0.00093530370
   0.00085288898
   0.00077039421
   0.00068783817
   0.00060523962
   0.00052261731
   0.00043998997
   0.00035737631
   0.00027479499
   0.00019226467
   0.00010980395
   2.7431387e-05
  -5.4834491e-05
  -0.00013697521
  -0.00021897237
  -0.00030080759
  -0.00038246259
  -0.00046391913
  -0.00054515904
  -0.00062616424
  -0.00070691672
  -0.00078739855
  -0.00086759187
  -0.00094747894
   -0.0010270421
   -0.0011062638
   -0.0011851265
   -0.0012636129
   -0.0013417057
   -0.0014193879
   -0.0014966423
   -0.0015734521
   -0.0016498004
   -0.0017256707
   -0.0018010465
   -0.0018759112
   -0.0019502486
   -0.0020240428
   -0.0020972775
   -0.0021699372
   -0.0022420060
   -0.0023134685
   -0.0023843093
   -0.0024545132
   -0.0025240651
   -0.0025929503
   -0.0026611540
   -0.0027286616
   -0.0027954589
   -0.0028615316
   -0.0029268658
   -0.0029914477
   -0.0030552637
   -0.0031183002
