   -0.0050455109
   -0.0050611021
   -0.0050764262
   -0.0050914821
   -0.0051062684
   -0.0051207840
   -0.0051350277
   -0.0051489985
   -0.0051626950
   -0.0051761162
   -0.0051892610
   -0.0052021282
   -0.0052147168
   -0.0052270257
   -0.0052390538
   -0.0052508000
   -0.0052622634
   -0.0052734429
   -0.0052843375
   -0.0052949462
   -0.0053052680
   -0.0053153020
   -0.0053250471
   -0.0053345026
   -0.0053436674
   -0.0053525406
   -0.0053611214
   -0.0053694089
   -0.0053774021
   -0.0053851003
   -0.0053925027
   -0.0053996084
   -0.0054064165
   -0.0054129264
   -0.0054191373
   -0.0054250483
   -0.0054306589
   -0.0054359681
   -0.0054409754
   -0.0054456800
   -0.0054500812
   -0.0054541785
   -0.0054579711
   -0.0054614584
   -0.0054646398
   -0.0054675147
   -0.0054700825
   -0.0054723427
   -0.0054742947
   -0.0054759379
   -0.0054772719
   -0.0054782962
   -0.0054790102
   -0.0054794135
   -0.0054795057
   -0.0054792863
   -0.0054787548
   -0.0054779110
   -0.0054767543
   -0.0054752845
   -0.0054735012
   -0.0054714040
   -0.0054689926
   -0.0054662668
   -0.0054632262
   -0.0054598705
   -0.0054561996
   -0.0054522132
   -0.0054479110
   -0.0054432929
   -0.0054383587
   -0.0054331082
   -0.0054275412
   -0.0054216577
   -0.0054154575
   -0.0054089405
   -0.0054021067
   -0.0053949559
   -0.0053874882
   -0.0053797035
   -0.0053716018
   -0.0053631830
   -0.0053544473
   -0.0053453947
   -0.0053360251
   -0.0053263388
   -0.0053163357
   -0.0053060161
   -0.0052953800
   -0.0052844275
   -0.0052731589
   -0.0052615744
   -0.0052496740
   -0.0052374581
   -0.0052249268
   -0.0052120805
   -0.0051989193
   -0.0051854437
   -0.0051716538
   -0.0051575500
   -0.0051431326
   -0.0051284021
   -0.0051133587
   -0.0050980029
   -0.0050823351
   -0.0050663557
   -0.0050500651
   -0.0050334639
   -0.0050165524
   -0.0049993312
   -0.0049818009
   -0.0049639619
   -0.0049458148
   -0.0049273602
   -0.0049085986
   -0.0048895306
   -0.0048701570
   -0.0048504783
   -0.0048304951
   -0.0048102082
   -0.0047896183
   -0.0047687260
   -0.0047475321
   -0.0047260373
   -0.0047042425
   -0.0046821483
   -0.0046597555
   -0.0046370651
   -0.0046140778
   -0.0045907944
   -0.0045672159
   -0.0045433431
   -0.0045191769
   -0.0044947183
   -0.0044699682
   -0.0044449275
   -0.0044195972
   -0.0043939783
   -0.0043680718
   -0.0043418788
   -0.0043154002
   -0.0042886372
   -0.0042615907
   -0.0042342619
   -0.0042066520
   -0.0041787620
   -0.0041505930
   -0.0041221463
   -0.0040934229
   -0.0040644242
   -0.0040351513
   -0.0040056054
   -0.0039757879
   -0.0039456998
   -0.0039153426
   -0.0038847175
   -0.0038538258
   -0.0038226688
   -0.0037912480
   -0.0037595645
   -0.0037276200
   -0.0036954156
   -0.0036629529
   -0.0036302332
   -0.0035972580
   -0.0035640287
   -0.0035305469
   -0.0034968140
   -0.0034628314
   -0.0034286009
   -0.0033941237
   -0.0033594016
   -0.0033244361
   -0.0032892288
   -0.0032537812
   -0.0032180950
   -0.0031821718
   -0.0031460133
   -0.0031096211
   -0.0030729969
   -0.0030361423
   -0.0029990592
   -0.0029617491
   -0.0029242139
   -0.0028864553
   -0.0028484751
   -0.0028102749
   -0.0027718568
   -0.0027332223
   -0.0026943734
   -0.0026553119
   -0.0026160397
   -0.0025765586
   -0.0025368704
   -0.0024969772
   -0.0024568808
   -0.0024165831
   -0.0023760861
   -0.0023353916
   -0.0022945018
   -0.0022534185
   -0.0022121437
   -0.0021706795
   -0.0021290279
   -0.0020871909
   -0.0020451705
   -0.0020029688
   -0.0019605878
   -0.0019180297
   -0.0018752966
   -0.0018323905
   -0.0017893136
   -0.0017460680
   -0.0017026559
   -0.0016590794
   -0.0016153407
   -0.0015714419
   -0.0015273853
   -0.0014831731
   -0.0014388075
   -0.0013942907
   -0.0013496249
   -0.0013048125
   -0.0012598556
   -0.0012147566
   -0.0011695178
   -0.0011241414
   -0.0010786297
   -0.0010329851
  -0.00098720997
  -0.00094130655
  -0.00089527722
  -0.00084912436
  -0.00080285034
  -0.00075645753
  -0.00070994834
  -0.00066332517
  -0.00061659042
  -0.00056974654
  -0.00052279594
  -0.00047574107
  -0.00042858439
  -0.00038132835
  -0.00033397543
  -0.00028652811
  -0.00023898887
  -0.00019136021
  -0.00014364464
  -9.5844680e-05
  -4.7962845e-05
  -1.6696521e-09
   4.8036305e-05
   9.6148530e-05
   0.00014433245
   0.00019258550
   0.00024090511
   0.00028928869
   0.00033773367
   0.00038623744
   0.00043479741
   0.00048341096
   0.00053207548
   0.00058078835
   0.00062954693
   0.00067834859
   0.00072719069
   0.00077607058
   0.00082498559
   0.00087393308
   0.00092291037
   0.00097191479
    0.0010209437
    0.0010699943
    0.0011190640
    0.0011681501
    0.0012172499
    0.0012663606
    0.0013154796
    0.0013646041
    0.0014137315
    0.0014628590
    0.0015119838
    0.0015611033
    0.0016102147
    0.0016593153
    0.0017084023
    0.0017574729
    0.0018065244
    0.0018555542
    0.0019045593
    0.0019535370
    0.0020024847
    0.0020513994
    0.0021002785
    0.0021491191
    0.0021979185
    0.0022466739
    0.0022953826
    0.0023440417
    0.0023926485
    0.0024412001
    0.0024896939
    0.0025381269
    0.0025864965
    0.0026347998
    0.0026830340
    0.0027311964
    0.0027792841
    0.0028272943
    0.0028752243
    0.0029230713
    0.0029708325
    0.0030185050
    0.0030660861
    0.0031135730
    0.0031609629
    0.0032082530
    0.0032554405
    0.0033025226
    0.0033494966
    0.0033963596
    0.0034431088
    0.0034897415
    0.0035362549
    0.0035826462
    0.0036289127
    0.0036750514
    0.0037210598
    0.0037669349
    0.0038126741
    0.0038582745
    0.0039037334
    0.0039490480
    0.0039942156
    0.0040392334
    0.0040840987
    0.0041288087
    0.0041733606
    0.0042177518
    0.0042619795
    0.0043060409
    0.0043499334
    0.0043936542
    0.0044372005
    0.0044805698
    0.0045237592
    0.0045667660
    0.0046095876
    0.0046522213
    0.0046946644
    0.0047369141
    0.0047789679
    0.0048208230
    0.0048624768
    0.0049039267
    0.0049451699
    0.0049862038
    0.0050270259
    0.0050676334
    0.0051080237
    0.0051481943
    0.0051881424
    0.0052278656
    0.0052673612
    0.0053066266
    0.0053456593
    0.0053844567
    0.0054230161
    0.0054613352
    0.0054994112
    0.0055372418
    0.0055748242
    0.0056121562
    0.0056492350
    0.0056860583
    0.0057226235
    0.0057589281
    0.0057949697
    0.0058307459
    0.0058662541
    0.0059014919
    0.0059364569
    0.0059711467
    0.0060055588
    0.0060396909
    0.0060735406
    0.0061071054
    0.0061403831
    0.0061733712
    0.0062060675
    0.0062384695
    0.0062705751
    0.0063023817
    0.0063338872
    0.0063650893
    0.0063959858
    0.0064265742
    0.0064568524
    0.0064868182
    0.0065164693
    0.0065458036
    0.0065748187
    0.0066035126
    0.0066318831
    0.0066599280
    0.0066876452
    0.0067150325
    0.0067420878
    0.0067688090
    0.0067951941
    0.0068212409
    0.0068469475
    0.0068723117
    0.0068973315
    0.0069220050
    0.0069463300
    0.0069703047
    0.0069939270
    0.0070171950
    0.0070401068
    0.0070626605
    0.0070848540
    0.0071066856
    0.0071281534
    0.0071492555
    0.0071699900
    0.0071903551
    0.0072103491
    0.0072299701
    0.0072492163
    0.0072680860
    0.0072865775
    0.0073046889
    0.0073224187
    0.0073397650
    0.0073567263
    0.0073733008
    0.0073894870
    0.0074052832
    0.0074206878
    0.0074356992
    0.0074503158
    0.0074645361
    0.0074783586
    0.0074917817
    0.0075048040
    0.0075174239
    0.0075296401
    0.0075414510
    0.0075528553
    0.0075638515
    0.0075744382
    0.0075846142
    0.0075943780
    0.0076037283
    0.0076126639
    0.0076211834
    0.0076292855
    0.0076369691
    0.0076442329
    0.0076510756
    0.0076574962
    0.0076634934
    0.0076690660
    0.0076742131
    0.0076789334
    0.0076832258
    0.0076870894
    0.0076905230
    0.0076935257
    0.0076960964
    0.0076982342
    0.0076999381
    0.0077012071
    0.0077020404
    0.0077024370
    0.0077023961
    0.0077019168
    0.0077009983
    0.0076996398
    0.0076978405
    0.0076955996
    0.0076929164
    0.0076897902
    0.0076862202
    0.0076822058
    0.0076777463
    0.0076728411
    0.0076674897
    0.0076616913
    0.0076554454
    0.0076487515
    0.0076416091
    0.0076340176
    0.0076259767
    0.0076174858
    0.0076085445
    0.0075991524
    0.0075893091
    0.0075790143
    0.0075682676
    0.0075570687
    0.0075454173
    0.0075333132
    0.0075207561
    0.0075077458
    0.0074942820
    0.0074803647
    0.0074659936
    0.0074511687
    0.0074358898
    0.0074201569
    0.0074039699
    0.0073873287
    0.0073702334
    0.0073526839
    0.0073346804
    0.0073162229
    0.0072973114
    0.0072779461
    0.0072581271
    0.0072378546
    0.0072171288
    0.0071959498
    0.0071743179
    0.0071522334
    0.0071296965
    0.0071067076
    0.0070832670
    0.0070593749
    0.0070350319
    0.0070102383
    0.0069849945
    0.0069593011
    0.0069331584
    0.0069065669
    0.0068795273
    0.0068520400
    0.0068241056
    0.0067957247
    0.0067668980
    0.0067376261
    0.0067079096
    0.0066777493
    0.0066471459
    0.0066161001
    0.0065846128
    0.0065526846
    0.0065203164
    0.0064875091
    0.0064542636
    0.0064205807
    0.0063864613
    0.0063519064
    0.0063169170
    0.0062814941
    0.0062456386
    0.0062093517
    0.0061726343
    0.0061354877
    0.0060979128
    0.0060599109
    0.0060214830
    0.0059826305
    0.0059433545
    0.0059036562
    0.0058635370
    0.0058229981
    0.0057820408
    0.0057406664
    0.0056988764
    0.0056566721
    0.0056140549
    0.0055710263
    0.0055275876
    0.0054837405
    0.0054394864
    0.0053948269
    0.0053497634
    0.0053042977
    0.0052584312
    0.0052121656
    0.0051655026
    0.0051184439
    0.0050709912
    0.0050231461
    0.0049749104
    0.0049262860
    0.0048772746
    0.0048278780
    0.0047780980
    0.0047279367
    0.0046773957
    0.0046264771
    0.0045751828
    0.0045235148
    0.0044714751
    0.0044190655
    0.0043662883
    0.0043131455
    0.0042596390
    0.0042057712
    0.0041515439
    0.0040969595
    0.0040420201
    0.0039867279
    0.0039310851
    0.0038750940
    0.0038187567
    0.0037620757
    0.0037050532
    0.0036476916
    0.0035899931
    0.0035319602
    0.0034735954
    0.0034149009
    0.0033558793
    0.0032965330
    0.0032368645
    0.0031768764
    0.0031165711
    0.0030559512
    0.0029950193
    0.0029337780
    0.0028722299
    0.0028103776
    0.0027482239
    0.0026857714
    0.0026230227
    0.0025599807
    0.0024966481
    0.0024330276
    0.0023691220
    0.0023049342
    0.0022404670
    0.0021757232
    0.0021107057
    0.0020454174
    0.0019798612
    0.0019140400
    0.0018479569
    0.0017816146
    0.0017150164
    0.0016481651
    0.0015810638
    0.0015137156
    0.0014461235
    0.0013782906
    0.0013102200
    0.0012419148
    0.0011733783
    0.0011046135
    0.0010356237
   0.00096641206
   0.00089698177
   0.00082733609
   0.00075747829
   0.00068741164
   0.00061713943
   0.00054666499
   0.00047599163
   0.00040512271
   0.00033406160
   0.00026281167
   0.00019137633
   0.00011975899
   4.7963097e-05
  -2.4007908e-05
  -9.6150554e-05
  -0.00016846136
  -0.00024093681
  -0.00031357341
  -0.00038636760
  -0.00045931585
  -0.00053241459
  -0.00060566023
  -0.00067904918
  -0.00075257782
  -0.00082624254
  -0.00090003967
  -0.00097396557
   -0.0010480166
   -0.0011221890
   -0.0011964790
   -0.0012708831
   -0.0013453974
   -0.0014200183
   -0.0014947418
   -0.0015695644
   -0.0016444821
   -0.0017194912
   -0.0017945879
   -0.0018697683
   -0.0019450286
   -0.0020203649
   -0.0020957734
   -0.0021712502
   -0.0022467914
   -0.0023223932
   -0.0023980514
   -0.0024737624
   -0.0025495220
   -0.0026253264
   -0.0027011716
   -0.0027770536
   -0.0028529684
   -0.0029289121
   -0.0030048806
   -0.0030808698
   -0.0031568759
   -0.0032328947
   -0.0033089221
   -0.0033849542
   -0.0034609868
   -0.0035370159
   -0.0036130373
   -0.0036890471
   -0.0037650410
   -0.0038410149
   -0.0039169648
   -0.0039928864
   -0.0040687757
   -0.0041446285
   -0.0042204406
   -0.0042962078
   -0.0043719260
   -0.0044475911
   -0.0045231987
   -0.0045987447
   -0.0046742250
   -0.0047496352
   -0.0048249712
   -0.0049002287
   -0.0049754035
   -0.0050504914
   -0.0051254881
   -0.0052003893
   -0.0052751909
   -0.0053498886
   -0.0054244780
   -0.0054989549
   -0.0055733150
   -0.0056475541
   -0.0057216679
   -0.0057956520
   -0.0058695022
   -0.0059432142
   -0.0060167836
   -0.0060902062
   -0.0061634777
   -0.0062365937
   -0.0063095499
   -0.0063823420
   -0.0064549657
   -0.0065274167
   -0.0065996906
   -0.0066717830
   -0.0067436898
   -0.0068154064
   -0.0068869287
   -0.0069582522
   -0.0070293727
   -0.0071002857
   -0.0071709870
   -0.0072414722
   -0.0073117370
   -0.0073817770
   -0.0074515879
   -0.0075211653
   -0.0075905049
   -0.0076596024
   -0.0077284535
   -0.0077970537
   -0.0078653988
   -0.0079334844
   -0.0080013062
   -0.0080688599
   -0.0081361411
   -0.0082031455
   -0.0082698688
   -0.0083363067
   -0.0084024548
   -0.0084683088
   -0.0085338644
   -0.0085991174
   -0.0086640633
   -0.0087286979
   -0.0087930169
   -0.0088570160
   -0.0089206909
   -0.0089840373
   -0.0090470510
   -0.0091097276
   -0.0091720630
   -0.0092340527
   -0.0092956927
   -0.0093569785
   -0.0094179060
   -0.0094784710
   -0.0095386691
   -0.0095984962
   -0.0096579480
   -0.0097170204
   -0.0097757090
   -0.0098340098
   -0.0098919185
   -0.0099494309
    -0.010006543
    -0.010063250
    -0.010119549
    -0.010175434
    -0.010230903
    -0.010285950
    -0.010340572
    -0.010394765
    -0.010448524
    -0.010501845
    -0.010554725
    -0.010607159
    -0.010659142
    -0.010710672
    -0.010761744
    -0.010812354
    -0.010862498
    -0.010912172
    -0.010961371
    -0.011010093
    -0.011058332
    -0.011106086
    -0.011153349
    -0.011200119
    -0.011246391
    -0.011292161
    -0.011337425
    -0.011382180
    -0.011426421
    -0.011470145
    -0.011513348
    -0.011556026
    -0.011598175
    -0.011639792
    -0.011680872
    -0.011721412
    -0.011761408
    -0.011800856
    -0.011839753
    -0.011878094
    -0.011915877
    -0.011953097
    -0.011989751
    -0.012025836
    -0.012061346
    -0.012096280
    -0.012130633
    -0.012164401
    -0.012197582
    -0.012230171
    -0.012262165
    -0.012293561
    -0.012324354
    -0.012354543
    -0.012384122
    -0.012413089
    -0.012441440
    -0.012469171
    -0.012496280
    -0.012522764
    -0.012548617
    -0.012573838
    -0.012598424
    -0.012622369
    -0.012645673
    -0.012668330
    -0.012690338
    -0.012711694
    -0.012732395
    -0.012752437
    -0.012771817
    -0.012790533
    -0.012808580
    -0.012825956
    -0.012842658
    -0.012858683
    -0.012874027
    -0.012888689
    -0.012902664
    -0.012915950
    -0.012928544
    -0.012940442
    -0.012951643
    -0.012962143
    -0.012971940
    -0.012981030
    -0.012989411
    -0.012997080
    -0.013004034
    -0.013010271
    -0.013015787
    -0.013020581
    -0.013024649
    -0.013027989
    -0.013030599
    -0.013032475
    -0.013033615
    -0.013034017
    -0.013033678
    -0.013032596
    -0.013030768
    -0.013028192
    -0.013024865
    -0.013020785
    -0.013015950
    -0.013010357
    -0.013004004
    -0.012996889
    -0.012989010
    -0.012980364
    -0.012970949
    -0.012960763
    -0.012949804
    -0.012938070
    -0.012925558
    -0.012912267
    -0.012898195
    -0.012883339
    -0.012867698
    -0.012851270
    -0.012834052
    -0.012816043
    -0.012797242
    -0.012777646
    -0.012757253
    -0.012736062
    -0.012714070
    -0.012691277
    -0.012667681
    -0.012643280
    -0.012618071
    -0.012592055
    -0.012565228
    -0.012537591
    -0.012509140
    -0.012479875
    -0.012449794
    -0.012418896
    -0.012387179
    -0.012354642
    -0.012321284
    -0.012287104
    -0.012252099
    -0.012216270
    -0.012179614
    -0.012142131
    -0.012103819
    -0.012064678
    -0.012024706
    -0.011983902
    -0.011942265
    -0.011899794
    -0.011856489
    -0.011812348
    -0.011767370
    -0.011721555
    -0.011674902
    -0.011627410
    -0.011579078
    -0.011529905
    -0.011479891
    -0.011429036
    -0.011377338
    -0.011324797
    -0.011271412
    -0.011217183
    -0.011162109
    -0.011106190
    -0.011049426
    -0.010991815
    -0.010933358
    -0.010874055
    -0.010813904
    -0.010752906
    -0.010691061
    -0.010628368
    -0.010564827
    -0.010500438
    -0.010435200
    -0.010369115
    -0.010302181
    -0.010234399
    -0.010165769
    -0.010096291
    -0.010025964
   -0.0099547897
   -0.0098827675
   -0.0098098976
   -0.0097361804
   -0.0096616161
   -0.0095862049
   -0.0095099472
   -0.0094328434
   -0.0093548939
   -0.0092760991
   -0.0091964594
   -0.0091159755
   -0.0090346476
   -0.0089524766
   -0.0088694629
   -0.0087856072
   -0.0087009102
   -0.0086153725
   -0.0085289949
   -0.0084417782
   -0.0083537231
   -0.0082648306
   -0.0081751014
   -0.0080845365
   -0.0079931368
   -0.0079009033
   -0.0078078370
   -0.0077139390
   -0.0076192103
   -0.0075236520
   -0.0074272653
   -0.0073300513
   -0.0072320113
   -0.0071331465
   -0.0070334581
   -0.0069329476
   -0.0068316162
   -0.0067294653
   -0.0066264964
   -0.0065227109
   -0.0064181102
   -0.0063126960
   -0.0062064696
   -0.0060994328
   -0.0059915872
   -0.0058829343
   -0.0057734759
   -0.0056632137
   -0.0055521495
   -0.0054402850
   -0.0053276220
   -0.0052141625
   -0.0050999083
   -0.0049848613
   -0.0048690235
   -0.0047523968
   -0.0046349834
   -0.0045167851
   -0.0043978043
   -0.0042780428
   -0.0041575030
   -0.0040361870
   -0.0039140969
   -0.0037912352
   -0.0036676040
   -0.0035432057
   -0.0034180426
   -0.0032921171
   -0.0031654317
   -0.0030379887
   -0.0029097907
   -0.0027808402
   -0.0026511398
   -0.0025206919
   -0.0023894993
   -0.0022575645
   -0.0021248904
   -0.0019914794
   -0.0018573345
   -0.0017224584
   -0.0015868538
   -0.0014505237
   -0.0013134709
   -0.0011756983
   -0.0010372088
  -0.00089800542
  -0.00075809114
  -0.00061746898
  -0.00047614200
  -0.00033411330
  -0.00019138600
  -4.7963249e-05
   9.6151769e-05
   0.00024095584
   0.00038644571
   0.00053261811
   0.00067946974
   0.00082699725
   0.00097519728
    0.0011240664
    0.0012736013
    0.0014237983
    0.0015746542
    0.0017261652
    0.0018783280
    0.0020311388
    0.0021845941
    0.0023386903
    0.0024934237
    0.0026487906
    0.0028047873
    0.0029614100
    0.0031186550
    0.0032765184
    0.0034349963
    0.0035940851
    0.0037537806
    0.0039140791
    0.0040749765
    0.0042364689
    0.0043985523
    0.0045612227
    0.0047244759
    0.0048883079
    0.0050527146
    0.0052176918
    0.0053832354
    0.0055493411
    0.0057160048
    0.0058832221
    0.0060509889
    0.0062193008
    0.0063881534
    0.0065575425
    0.0067274636
    0.0068979124
    0.0070688843
    0.0072403750
    0.0074123800
    0.0075848947
    0.0077579146
    0.0079314351
    0.0081054518
    0.0082799599
    0.0084549549
    0.0086304320
    0.0088063867
    0.0089828141
    0.0091597096
    0.0093370685
    0.0095148858
    0.0096931570
    0.0098718771
     0.010051041
     0.010230645
     0.010410682
     0.010591149
     0.010772041
     0.010953352
     0.011135078
     0.011317213
     0.011499753
     0.011682693
     0.011866026
     0.012049750
     0.012233857
     0.012418344
     0.012603204
     0.012788434
     0.012974027
     0.013159978
     0.013346283
     0.013532936
     0.013719931
     0.013907264
     0.014094929
     0.014282921
     0.014471234
     0.014659864
     0.014848804
     0.015038049
     0.015227595
     0.015417435
     0.015607564
     0.015797977
     0.015988668
     0.016179632
     0.016370862
     0.016562355
     0.016754103
     0.016946102
     0.017138346
     0.017330829
     0.017523546
     0.017716491
     0.017909659
     0.018103044
     0.018296639
     0.018490441
     0.018684442
     0.018878637
     0.019073020
     0.019267586
     0.019462330
     0.019657244
     0.019852324
     0.020047563
     0.020242956
     0.020438497
     0.020634180
     0.020830000
     0.021025950
     0.021222025
     0.021418218
     0.021614525
     0.021810938
     0.022007453
     0.022204063
     0.022400762
     0.022597544
     0.022794404
     0.022991336
     0.023188333
     0.023385389
     0.023582499
     0.023779657
     0.023976857
     0.024174092
     0.024371357
     0.024568645
     0.024765951
     0.024963269
     0.025160592
     0.025357915
     0.025555231
     0.025752535
     0.025949820
     0.026147080
     0.026344310
     0.026541503
     0.026738653
     0.026935754
     0.027132799
     0.027329784
     0.027526702
     0.027723546
     0.027920311
     0.028116990
     0.028313577
     0.028510067
     0.028706453
     0.028902729
     0.029098889
     0.029294927
     0.029490836
     0.029686611
     0.029882245
     0.030077733
     0.030273068
     0.030468244
     0.030663254
     0.030858094
     0.031052756
     0.031247235
     0.031441525
     0.031635618
     0.031829510
     0.032023194
     0.032216664
     0.032409914
     0.032602937
     0.032795728
     0.032988281
     0.033180589
     0.033372647
     0.033564447
     0.033755985
     0.033947254
     0.034138248
     0.034328960
     0.034519386
     0.034709518
     0.034899351
     0.035088879
     0.035278095
     0.035466993
     0.035655568
     0.035843814
     0.036031723
     0.036219292
     0.036406512
     0.036593379
     0.036779886
     0.036966028
     0.037151797
     0.037337190
     0.037522198
     0.037706817
     0.037891041
     0.038074863
     0.038258278
     0.038441279
     0.038623861
     0.038806019
     0.038987745
     0.039169034
     0.039349880
     0.039530278
     0.039710221
     0.039889704
     0.040068720
     0.040247265
     0.040425332
     0.040602915
     0.040780009
     0.040956608
     0.041132706
     0.041308297
     0.041483376
     0.041657937
     0.041831974
     0.042005481
     0.042178454
     0.042350886
     0.042522771
     0.042694104
     0.042864880
     0.043035092
     0.043204736
     0.043373805
     0.043542294
     0.043710198
     0.043877511
     0.044044227
     0.044210341
     0.044375848
     0.044540742
     0.044705018
     0.044868670
     0.045031693
     0.045194081
     0.045355830
     0.045516933
     0.045677386
     0.045837183
     0.045996319
     0.046154789
     0.046312587
     0.046469709
     0.046626148
     0.046781900
     0.046936960
     0.047091322
     0.047244982
     0.047397935
     0.047550174
     0.047701696
     0.047852494
     0.048002565
     0.048151904
     0.048300504
     0.048448362
     0.048595472
     0.048741829
     0.048887429
     0.049032267
     0.049176338
     0.049319637
     0.049462159
     0.049603900
     0.049744854
     0.049885018
     0.050024386
     0.050162954
     0.050300718
     0.050437672
     0.050573812
     0.050709133
     0.050843631
     0.050977302
     0.051110141
     0.051242143
     0.051373305
     0.051503621
     0.051633088
     0.051761700
     0.051889454
     0.052016346
     0.052142371
     0.052267524
     0.052391803
     0.052515202
     0.052637717
     0.052759345
     0.052880081
     0.052999921
     0.053118861
     0.053236898
     0.053354026
     0.053470243
     0.053585544
     0.053699925
     0.053813383
     0.053925914
     0.054037514
     0.054148179
     0.054257905
     0.054366689
     0.054474528
     0.054581416
     0.054687352
     0.054792331
     0.054896349
     0.054999404
     0.055101492
     0.055202609
     0.055302752
     0.055401917
     0.055500101
     0.055597302
     0.055693515
     0.055788737
     0.055882965
     0.055976196
     0.056068427
     0.056159654
     0.056249875
     0.056339087
     0.056427286
     0.056514469
     0.056600634
     0.056685777
     0.056769897
     0.056852989
     0.056935051
     0.057016080
     0.057096074
     0.057175029
     0.057252944
     0.057329815
     0.057405640
     0.057480417
     0.057554142
     0.057626813
     0.057698429
     0.057768985
     0.057838481
     0.057906913
     0.057974279
     0.058040577
     0.058105805
     0.058169961
     0.058233042
     0.058295046
     0.058355971
     0.058415816
     0.058474577
     0.058532253
     0.058588842
     0.058644342
     0.058698752
     0.058752069
     0.058804291
     0.058855417
     0.058905446
     0.058954374
     0.059002201
     0.059048925
     0.059094545
     0.059139058
     0.059182464
     0.059224761
     0.059265947
     0.059306022
     0.059344982
     0.059382829
     0.059419559
     0.059455172
     0.059489667
     0.059523042
     0.059555297
     0.059586429
     0.059616439
     0.059645325
     0.059673086
     0.059699721
     0.059725229
     0.059749610
     0.059772863
     0.059794986
     0.059815979
     0.059835842
     0.059854573
     0.059872172
     0.059888638
     0.059903971
     0.059918171
     0.059931236
     0.059943167
     0.059953963
     0.059963623
     0.059972148
     0.059979536
     0.059985789
     0.059990905
     0.059994884
     0.059997726
     0.059999432
     0.060000000
     0.059999432
     0.059997726
     0.059994884
     0.059990905
     0.059985789
     0.059979536
     0.059972148
     0.059963623
     0.059953963
     0.059943167
     0.059931236
     0.059918171
     0.059903971
     0.059888638
     0.059872172
     0.059854573
     0.059835842
     0.059815979
     0.059794986
     0.059772863
     0.059749610
     0.059725229
     0.059699721
     0.059673086
     0.059645325
     0.059616439
     0.059586429
     0.059555297
     0.059523042
     0.059489667
     0.059455172
     0.059419559
     0.059382829
     0.059344982
     0.059306022
     0.059265947
     0.059224761
     0.059182464
     0.059139058
     0.059094545
     0.059048925
     0.059002201
     0.058954374
     0.058905446
     0.058855417
     0.058804291
     0.058752069
     0.058698752
     0.058644342
     0.058588842
     0.058532253
     0.058474577
     0.058415816
     0.058355971
     0.058295046
     0.058233042
     0.058169961
     0.058105805
     0.058040577
     0.057974279
     0.057906913
     0.057838481
     0.057768985
     0.057698429
     0.057626813
     0.057554142
     0.057480417
     0.057405640
     0.057329815
     0.057252944
     0.057175029
     0.057096074
     0.057016080
     0.056935051
     0.056852989
     0.056769897
     0.056685777
     0.056600634
     0.056514469
     0.056427286
     0.056339087
     0.056249875
     0.056159654
     0.056068427
     0.055976196
     0.055882965
     0.055788737
     0.055693515
     0.055597302
     0.055500101
     0.055401917
     0.055302752
     0.055202609
     0.055101492
     0.054999404
     0.054896349
     0.054792331
     0.054687352
     0.054581416
     0.054474528
     0.054366689
     0.054257905
     0.054148179
     0.054037514
     0.053925914
     0.053813383
     0.053699925
     0.053585544
     0.053470243
     0.053354026
     0.053236898
     0.053118861
     0.052999921
     0.052880081
     0.052759345
     0.052637717
     0.052515202
     0.052391803
     0.052267524
     0.052142371
     0.052016346
     0.051889454
     0.051761700
     0.051633088
     0.051503621
     0.051373305
     0.051242143
     0.051110141
     0.050977302
     0.050843631
     0.050709133
     0.050573812
     0.050437672
     0.050300718
     0.050162954
     0.050024386
     0.049885018
     0.049744854
     0.049603900
     0.049462159
     0.049319637
     0.049176338
     0.049032267
     0.048887429
     0.048741829
     0.048595472
     0.048448362
     0.048300504
     0.048151904
     0.048002565
     0.047852494
     0.047701696
     0.047550174
     0.047397935
     0.047244982
     0.047091322
     0.046936960
     0.046781900
     0.046626148
     0.046469709
     0.046312587
     0.046154789
     0.045996319
     0.045837183
     0.045677386
     0.045516933
     0.045355830
     0.045194081
     0.045031693
     0.044868670
     0.044705018
     0.044540742
     0.044375848
     0.044210341
     0.044044227
     0.043877511
     0.043710198
     0.043542294
     0.043373805
     0.043204736
     0.043035092
     0.042864880
     0.042694104
     0.042522771
     0.042350886
     0.042178454
     0.042005481
     0.041831974
     0.041657937
     0.041483376
     0.041308297
     0.041132706
     0.040956608
     0.040780009
     0.040602915
     0.040425332
     0.040247265
     0.040068720
     0.039889704
     0.039710221
     0.039530278
     0.039349880
     0.039169034
     0.038987745
     0.038806019
     0.038623861
     0.038441279
     0.038258278
     0.038074863
     0.037891041
     0.037706817
     0.037522198
     0.037337190
     0.037151797
     0.036966028
     0.036779886
     0.036593379
     0.036406512
     0.036219292
     0.036031723
     0.035843814
     0.035655568
     0.035466993
     0.035278095
     0.035088879
     0.034899351
     0.034709518
     0.034519386
     0.034328960
     0.034138248
     0.033947254
     0.033755985
     0.033564447
     0.033372647
     0.033180589
     0.032988281
     0.032795728
     0.032602937
     0.032409914
     0.032216664
     0.032023194
     0.031829510
     0.031635618
     0.031441525
     0.031247235
     0.031052756
     0.030858094
     0.030663254
     0.030468244
     0.030273068
     0.030077733
     0.029882245
     0.029686611
     0.029490836
     0.029294927
     0.029098889
     0.028902729
     0.028706453
     0.028510067
     0.028313577
     0.028116990
     0.027920311
     0.027723546
     0.027526702
     0.027329784
     0.027132799
     0.026935754
     0.026738653
     0.026541503
     0.026344310
     0.026147080
     0.025949820
     0.025752535
     0.025555231
     0.025357915
     0.025160592
     0.024963269
     0.024765951
     0.024568645
     0.024371357
     0.024174092
     0.023976857
     0.023779657
     0.023582499
     0.023385389
     0.023188333
     0.022991336
     0.022794404
     0.022597544
     0.022400762
     0.022204063
     0.022007453
     0.021810938
     0.021614525
     0.021418218
     0.021222025
     0.021025950
     0.020830000
     0.020634180
     0.020438497
     0.020242956
     0.020047563
     0.019852324
     0.019657244
     0.019462330
     0.019267586
     0.019073020
     0.018878637
     0.018684442
     0.018490441
     0.018296639
     0.018103044
     0.017909659
     0.017716491
     0.017523546
     0.017330829
     0.017138346
     0.016946102
     0.016754103
     0.016562355
     0.016370862
     0.016179632
     0.015988668
     0.015797977
     0.015607564
     0.015417435
     0.015227595
     0.015038049
     0.014848804
     0.014659864
     0.014471234
     0.014282921
     0.014094929
     0.013907264
     0.013719931
     0.013532936
     0.013346283
     0.013159978
     0.012974027
     0.012788434
     0.012603204
     0.012418344
     0.012233857
     0.012049750
     0.011866026
     0.011682693
     0.011499753
     0.011317213
     0.011135078
     0.010953352
     0.010772041
     0.010591149
     0.010410682
     0.010230645
     0.010051041
    0.0098718771
    0.0096931570
    0.0095148858
    0.0093370685
    0.0091597096
    0.0089828141
    0.0088063867
    0.0086304320
    0.0084549549
    0.0082799599
    0.0081054518
    0.0079314351
    0.0077579146
    0.0075848947
    0.0074123800
    0.0072403750
    0.0070688843
    0.0068979124
    0.0067274636
    0.0065575425
    0.0063881534
    0.0062193008
    0.0060509889
    0.0058832221
    0.0057160048
    0.0055493411
    0.0053832354
    0.0052176918
    0.0050527146
    0.0048883079
    0.0047244759
    0.0045612227
    0.0043985523
    0.0042364689
    0.0040749765
    0.0039140791
    0.0037537806
    0.0035940851
    0.0034349963
    0.0032765184
    0.0031186550
    0.0029614100
    0.0028047873
    0.0026487906
    0.0024934237
    0.0023386903
    0.0021845941
    0.0020311388
    0.0018783280
    0.0017261652
    0.0015746542
    0.0014237983
    0.0012736013
    0.0011240664
   0.00097519728
   0.00082699725
   0.00067946974
   0.00053261811
   0.00038644571
   0.00024095584
   9.6151769e-05
  -4.7963249e-05
  -0.00019138600
  -0.00033411330
  -0.00047614200
  -0.00061746898
  -0.00075809114
  -0.00089800542
   -0.0010372088
   -0.0011756983
   -0.0013134709
   -0.0014505237
   -0.0015868538
   -0.0017224584
   -0.0018573345
   -0.0019914794
   -0.0021248904
   -0.0022575645
   -0.0023894993
   -0.0025206919
   -0.0026511398
   -0.0027808402
   -0.0029097907
   -0.0030379887
   -0.0031654317
   -0.0032921171
   -0.0034180426
   -0.0035432057
   -0.0036676040
   -0.0037912352
   -0.0039140969
   -0.0040361870
   -0.0041575030
   -0.0042780428
   -0.0043978043
   -0.0045167851
   -0.0046349834
   -0.0047523968
   -0.0048690235
   -0.0049848613
   -0.0050999083
   -0.0052141625
   -0.0053276220
   -0.0054402850
   -0.0055521495
   -0.0056632137
   -0.0057734759
   -0.0058829343
   -0.0059915872
   -0.0060994328
   -0.0062064696
   -0.0063126960
   -0.0064181102
   -0.0065227109
   -0.0066264964
   -0.0067294653
   -0.0068316162
   -0.0069329476
   -0.0070334581
   -0.0071331465
   -0.0072320113
   -0.0073300513
   -0.0074272653
   -0.0075236520
   -0.0076192103
   -0.0077139390
   -0.0078078370
   -0.0079009033
   -0.0079931368
   -0.0080845365
   -0.0081751014
   -0.0082648306
   -0.0083537231
   -0.0084417782
   -0.0085289949
   -0.0086153725
   -0.0087009102
   -0.0087856072
   -0.0088694629
   -0.0089524766
   -0.0090346476
   -0.0091159755
   -0.0091964594
   -0.0092760991
   -0.0093548939
   -0.0094328434
   -0.0095099472
   -0.0095862049
   -0.0096616161
   -0.0097361804
   -0.0098098976
   -0.0098827675
   -0.0099547897
    -0.010025964
    -0.010096291
    -0.010165769
    -0.010234399
    -0.010302181
    -0.010369115
    -0.010435200
    -0.010500438
    -0.010564827
    -0.010628368
    -0.010691061
    -0.010752906
    -0.010813904
    -0.010874055
    -0.010933358
    -0.010991815
    -0.011049426
    -0.011106190
    -0.011162109
    -0.011217183
    -0.011271412
    -0.011324797
    -0.011377338
    -0.011429036
    -0.011479891
    -0.011529905
    -0.011579078
    -0.011627410
    -0.011674902
    -0.011721555
    -0.011767370
    -0.011812348
    -0.011856489
    -0.011899794
    -0.011942265
    -0.011983902
    -0.012024706
    -0.012064678
    -0.012103819
    -0.012142131
    -0.012179614
    -0.012216270
    -0.012252099
    -0.012287104
    -0.012321284
    -0.012354642
    -0.012387179
    -0.012418896
    -0.012449794
    -0.012479875
    -0.012509140
    -0.012537591
    -0.012565228
    -0.012592055
    -0.012618071
    -0.012643280
    -0.012667681
    -0.012691277
    -0.012714070
    -0.012736062
    -0.012757253
    -0.012777646
    -0.012797242
    -0.012816043
    -0.012834052
    -0.012851270
    -0.012867698
    -0.012883339
    -0.012898195
    -0.012912267
    -0.012925558
    -0.012938070
    -0.012949804
    -0.012960763
    -0.012970949
    -0.012980364
    -0.012989010
    -0.012996889
    -0.013004004
    -0.013010357
    -0.013015950
    -0.013020785
    -0.013024865
    -0.013028192
    -0.013030768
    -0.013032596
    -0.013033678
    -0.013034017
    -0.013033615
    -0.013032475
    -0.013030599
    -0.013027989
    -0.013024649
    -0.013020581
    -0.013015787
    -0.013010271
    -0.013004034
    -0.012997080
    -0.012989411
    -0.012981030
    -0.012971940
    -0.012962143
    -0.012951643
    -0.012940442
    -0.012928544
    -0.012915950
    -0.012902664
    -0.012888689
    -0.012874027
    -0.012858683
    -0.012842658
    -0.012825956
    -0.012808580
    -0.012790533
    -0.012771817
    -0.012752437
    -0.012732395
    -0.012711694
    -0.012690338
    -0.012668330
    -0.012645673
    -0.012622369
    -0.012598424
    -0.012573838
    -0.012548617
    -0.012522764
    -0.012496280
    -0.012469171
    -0.012441440
    -0.012413089
    -0.012384122
    -0.012354543
    -0.012324354
    -0.012293561
    -0.012262165
    -0.012230171
    -0.012197582
    -0.012164401
    -0.012130633
    -0.012096280
    -0.012061346
    -0.012025836
    -0.011989751
    -0.011953097
    -0.011915877
    -0.011878094
    -0.011839753
    -0.011800856
    -0.011761408
    -0.011721412
    -0.011680872
    -0.011639792
    -0.011598175
    -0.011556026
    -0.011513348
    -0.011470145
    -0.011426421
    -0.011382180
    -0.011337425
    -0.011292161
    -0.011246391
    -0.011200119
    -0.011153349
    -0.011106086
    -0.011058332
    -0.011010093
    -0.010961371
    -0.010912172
    -0.010862498
    -0.010812354
    -0.010761744
    -0.010710672
    -0.010659142
    -0.010607159
    -0.010554725
    -0.010501845
    -0.010448524
    -0.010394765
    -0.010340572
    -0.010285950
    -0.010230903
    -0.010175434
    -0.010119549
    -0.010063250
    -0.010006543
   -0.0099494309
   -0.0098919185
   -0.0098340098
   -0.0097757090
   -0.0097170204
   -0.0096579480
   -0.0095984962
   -0.0095386691
   -0.0094784710
   -0.0094179060
   -0.0093569785
   -0.0092956927
   -0.0092340527
   -0.0091720630
   -0.0091097276
   -0.0090470510
   -0.0089840373
   -0.0089206909
   -0.0088570160
   -0.0087930169
   -0.0087286979
   -0.0086640633
   -0.0085991174
   -0.0085338644
   -0.0084683088
   -0.0084024548
   -0.0083363067
   -0.0082698688
   -0.0082031455
   -0.0081361411
   -0.0080688599
   -0.0080013062
   -0.0079334844
   -0.0078653988
   -0.0077970537
   -0.0077284535
   -0.0076596024
   -0.0075905049
   -0.0075211653
   -0.0074515879
   -0.0073817770
   -0.0073117370
   -0.0072414722
   -0.0071709870
   -0.0071002857
   -0.0070293727
   -0.0069582522
   -0.0068869287
   -0.0068154064
   -0.0067436898
   -0.0066717830
   -0.0065996906
   -0.0065274167
   -0.0064549657
   -0.0063823420
   -0.0063095499
   -0.0062365937
   -0.0061634777
   -0.0060902062
   -0.0060167836
   -0.0059432142
   -0.0058695022
   -0.0057956520
   -0.0057216679
   -0.0056475541
   -0.0055733150
   -0.0054989549
   -0.0054244780
   -0.0053498886
   -0.0052751909
   -0.0052003893
   -0.0051254881
   -0.0050504914
   -0.0049754035
   -0.0049002287
   -0.0048249712
   -0.0047496352
   -0.0046742250
   -0.0045987447
   -0.0045231987
   -0.0044475911
   -0.0043719260
   -0.0042962078
   -0.0042204406
   -0.0041446285
   -0.0040687757
   -0.0039928864
   -0.0039169648
   -0.0038410149
   -0.0037650410
   -0.0036890471
   -0.0036130373
   -0.0035370159
   -0.0034609868
   -0.0033849542
   -0.0033089221
   -0.0032328947
   -0.0031568759
   -0.0030808698
   -0.0030048806
   -0.0029289121
   -0.0028529684
   -0.0027770536
   -0.0027011716
   -0.0026253264
   -0.0025495220
   -0.0024737624
   -0.0023980514
   -0.0023223932
   -0.0022467914
   -0.0021712502
   -0.0020957734
   -0.0020203649
   -0.0019450286
   -0.0018697683
   -0.0017945879
   -0.0017194912
   -0.0016444821
   -0.0015695644
   -0.0014947418
   -0.0014200183
   -0.0013453974
   -0.0012708831
   -0.0011964790
   -0.0011221890
   -0.0010480166
  -0.00097396557
  -0.00090003967
  -0.00082624254
  -0.00075257782
  -0.00067904918
  -0.00060566023
  -0.00053241459
  -0.00045931585
  -0.00038636760
  -0.00031357341
  -0.00024093681
  -0.00016846136
  -9.6150554e-05
  -2.4007908e-05
   4.7963097e-05
   0.00011975899
   0.00019137633
   0.00026281167
   0.00033406160
   0.00040512271
   0.00047599163
   0.00054666499
   0.00061713943
   0.00068741164
   0.00075747829
   0.00082733609
   0.00089698177
   0.00096641206
    0.0010356237
    0.0011046135
    0.0011733783
    0.0012419148
    0.0013102200
    0.0013782906
    0.0014461235
    0.0015137156
    0.0015810638
    0.0016481651
    0.0017150164
    0.0017816146
    0.0018479569
    0.0019140400
    0.0019798612
    0.0020454174
    0.0021107057
    0.0021757232
    0.0022404670
    0.0023049342
    0.0023691220
    0.0024330276
    0.0024966481
    0.0025599807
    0.0026230227
    0.0026857714
    0.0027482239
    0.0028103776
    0.0028722299
    0.0029337780
    0.0029950193
    0.0030559512
    0.0031165711
    0.0031768764
    0.0032368645
    0.0032965330
    0.0033558793
    0.0034149009
    0.0034735954
    0.0035319602
    0.0035899931
    0.0036476916
    0.0037050532
    0.0037620757
    0.0038187567
    0.0038750940
    0.0039310851
    0.0039867279
    0.0040420201
    0.0040969595
    0.0041515439
    0.0042057712
    0.0042596390
    0.0043131455
    0.0043662883
    0.0044190655
    0.0044714751
    0.0045235148
    0.0045751828
    0.0046264771
    0.0046773957
    0.0047279367
    0.0047780980
    0.0048278780
    0.0048772746
    0.0049262860
    0.0049749104
    0.0050231461
    0.0050709912
    0.0051184439
    0.0051655026
    0.0052121656
    0.0052584312
    0.0053042977
    0.0053497634
    0.0053948269
    0.0054394864
    0.0054837405
    0.0055275876
    0.0055710263
    0.0056140549
    0.0056566721
    0.0056988764
    0.0057406664
    0.0057820408
    0.0058229981
    0.0058635370
    0.0059036562
    0.0059433545
    0.0059826305
    0.0060214830
    0.0060599109
    0.0060979128
    0.0061354877
    0.0061726343
    0.0062093517
    0.0062456386
    0.0062814941
    0.0063169170
    0.0063519064
    0.0063864613
    0.0064205807
    0.0064542636
    0.0064875091
    0.0065203164
    0.0065526846
    0.0065846128
    0.0066161001
    0.0066471459
    0.0066777493
    0.0067079096
    0.0067376261
    0.0067668980
    0.0067957247
    0.0068241056
    0.0068520400
    0.0068795273
    0.0069065669
    0.0069331584
    0.0069593011
    0.0069849945
    0.0070102383
    0.0070350319
    0.0070593749
    0.0070832670
    0.0071067076
    0.0071296965
    0.0071522334
    0.0071743179
    0.0071959498
    0.0072171288
    0.0072378546
    0.0072581271
    0.0072779461
    0.0072973114
    0.0073162229
    0.0073346804
    0.0073526839
    0.0073702334
    0.0073873287
    0.0074039699
    0.0074201569
    0.0074358898
    0.0074511687
    0.0074659936
    0.0074803647
    0.0074942820
    0.0075077458
    0.0075207561
    0.0075333132
    0.0075454173
    0.0075570687
    0.0075682676
    0.0075790143
    0.0075893091
    0.0075991524
    0.0076085445
    0.0076174858
    0.0076259767
    0.0076340176
    0.0076416091
    0.0076487515
    0.0076554454
    0.0076616913
    0.0076674897
    0.0076728411
    0.0076777463
    0.0076822058
    0.0076862202
    0.0076897902
    0.0076929164
    0.0076955996
    0.0076978405
    0.0076996398
    0.0077009983
    0.0077019168
    0.0077023961
    0.0077024370
    0.0077020404
    0.0077012071
    0.0076999381
    0.0076982342
    0.0076960964
    0.0076935257
    0.0076905230
    0.0076870894
    0.0076832258
    0.0076789334
    0.0076742131
    0.0076690660
    0.0076634934
    0.0076574962
    0.0076510756
    0.0076442329
    0.0076369691
    0.0076292855
    0.0076211834
    0.0076126639
    0.0076037283
    0.0075943780
    0.0075846142
    0.0075744382
    0.0075638515
    0.0075528553
    0.0075414510
    0.0075296401
    0.0075174239
    0.0075048040
    0.0074917817
    0.0074783586
    0.0074645361
    0.0074503158
    0.0074356992
    0.0074206878
    0.0074052832
    0.0073894870
    0.0073733008
    0.0073567263
    0.0073397650
    0.0073224187
    0.0073046889
    0.0072865775
    0.0072680860
    0.0072492163
    0.0072299701
    0.0072103491
    0.0071903551
    0.0071699900
    0.0071492555
    0.0071281534
    0.0071066856
    0.0070848540
    0.0070626605
    0.0070401068
    0.0070171950
    0.0069939270
    0.0069703047
    0.0069463300
    0.0069220050
    0.0068973315
    0.0068723117
    0.0068469475
    0.0068212409
    0.0067951941
    0.0067688090
    0.0067420878
    0.0067150325
    0.0066876452
    0.0066599280
    0.0066318831
    0.0066035126
    0.0065748187
    0.0065458036
    0.0065164693
    0.0064868182
    0.0064568524
    0.0064265742
    0.0063959858
    0.0063650893
    0.0063338872
    0.0063023817
    0.0062705751
    0.0062384695
    0.0062060675
    0.0061733712
    0.0061403831
    0.0061071054
    0.0060735406
    0.0060396909
    0.0060055588
    0.0059711467
    0.0059364569
    0.0059014919
    0.0058662541
    0.0058307459
    0.0057949697
    0.0057589281
    0.0057226235
    0.0056860583
    0.0056492350
    0.0056121562
    0.0055748242
    0.0055372418
    0.0054994112
    0.0054613352
    0.0054230161
    0.0053844567
    0.0053456593
    0.0053066266
    0.0052673612
    0.0052278656
    0.0051881424
    0.0051481943
    0.0051080237
    0.0050676334
    0.0050270259
    0.0049862038
    0.0049451699
    0.0049039267
    0.0048624768
    0.0048208230
    0.0047789679
    0.0047369141
    0.0046946644
    0.0046522213
    0.0046095876
    0.0045667660
    0.0045237592
    0.0044805698
    0.0044372005
    0.0043936542
    0.0043499334
    0.0043060409
    0.0042619795
    0.0042177518
    0.0041733606
    0.0041288087
    0.0040840987
    0.0040392334
    0.0039942156
    0.0039490480
    0.0039037334
    0.0038582745
    0.0038126741
    0.0037669349
    0.0037210598
    0.0036750514
    0.0036289127
    0.0035826462
    0.0035362549
    0.0034897415
    0.0034431088
    0.0033963596
    0.0033494966
    0.0033025226
    0.0032554405
    0.0032082530
    0.0031609629
    0.0031135730
    0.0030660861
    0.0030185050
    0.0029708325
    0.0029230713
    0.0028752243
    0.0028272943
    0.0027792841
    0.0027311964
    0.0026830340
    0.0026347998
    0.0025864965
    0.0025381269
    0.0024896939
    0.0024412001
    0.0023926485
    0.0023440417
    0.0022953826
    0.0022466739
    0.0021979185
    0.0021491191
    0.0021002785
    0.0020513994
    0.0020024847
    0.0019535370
    0.0019045593
    0.0018555542
    0.0018065244
    0.0017574729
    0.0017084023
    0.0016593153
    0.0016102147
    0.0015611033
    0.0015119838
    0.0014628590
    0.0014137315
    0.0013646041
    0.0013154796
    0.0012663606
    0.0012172499
    0.0011681501
    0.0011190640
    0.0010699943
    0.0010209437
   0.00097191479
   0.00092291037
   0.00087393308
   0.00082498559
   0.00077607058
   0.00072719069
   0.00067834859
   0.00062954693
   0.00058078835
   0.00053207548
   0.00048341096
   0.00043479741
   0.00038623744
   0.00033773367
   0.00028928869
   0.00024090511
   0.00019258550
   0.00014433245
   9.6148530e-05
   4.8036305e-05
  -1.6696521e-09
  -4.7962845e-05
  -9.5844680e-05
  -0.00014364464
  -0.00019136021
  -0.00023898887
  -0.00028652811
  -0.00033397543
  -0.00038132835
  -0.00042858439
  -0.00047574107
  -0.00052279594
  -0.00056974654
  -0.00061659042
  -0.00066332517
  -0.00070994834
  -0.00075645753
  -0.00080285034
  -0.00084912436
  -0.00089527722
  -0.00094130655
  -0.00098720997
   -0.0010329851
   -0.0010786297
   -0.0011241414
   -0.0011695178
   -0.0012147566
   -0.0012598556
   -0.0013048125
   -0.0013496249
   -0.0013942907
   -0.0014388075
   -0.0014831731
   -0.0015273853
   -0.0015714419
   -0.0016153407
   -0.0016590794
   -0.0017026559
   -0.0017460680
   -0.0017893136
   -0.0018323905
   -0.0018752966
   -0.0019180297
   -0.0019605878
   -0.0020029688
   -0.0020451705
   -0.0020871909
   -0.0021290279
   -0.0021706795
   -0.0022121437
   -0.0022534185
   -0.0022945018
   -0.0023353916
   -0.0023760861
   -0.0024165831
   -0.0024568808
   -0.0024969772
   -0.0025368704
   -0.0025765586
   -0.0026160397
   -0.0026553119
   -0.0026943734
   -0.0027332223
   -0.0027718568
   -0.0028102749
   -0.0028484751
   -0.0028864553
   -0.0029242139
   -0.0029617491
   -0.0029990592
   -0.0030361423
   -0.0030729969
   -0.0031096211
   -0.0031460133
   -0.0031821718
   -0.0032180950
   -0.0032537812
   -0.0032892288
   -0.0033244361
   -0.0033594016
   -0.0033941237
   -0.0034286009
   -0.0034628314
   -0.0034968140
   -0.0035305469
   -0.0035640287
   -0.0035972580
   -0.0036302332
   -0.0036629529
   -0.0036954156
   -0.0037276200
   -0.0037595645
   -0.0037912480
   -0.0038226688
   -0.0038538258
   -0.0038847175
   -0.0039153426
   -0.0039456998
   -0.0039757879
   -0.0040056054
   -0.0040351513
   -0.0040644242
   -0.0040934229
   -0.0041221463
   -0.0041505930
   -0.0041787620
   -0.0042066520
   -0.0042342619
   -0.0042615907
   -0.0042886372
   -0.0043154002
   -0.0043418788
   -0.0043680718
   -0.0043939783
   -0.0044195972
   -0.0044449275
   -0.0044699682
   -0.0044947183
   -0.0045191769
   -0.0045433431
   -0.0045672159
   -0.0045907944
   -0.0046140778
   -0.0046370651
   -0.0046597555
   -0.0046821483
   -0.0047042425
   -0.0047260373
   -0.0047475321
   -0.0047687260
   -0.0047896183
   -0.0048102082
   -0.0048304951
   -0.0048504783
   -0.0048701570
   -0.0048895306
   -0.0049085986
   -0.0049273602
   -0.0049458148
   -0.0049639619
   -0.0049818009
   -0.0049993312
   -0.0050165524
   -0.0050334639
   -0.0050500651
   -0.0050663557
   -0.0050823351
   -0.0050980029
   -0.0051133587
   -0.0051284021
   -0.0051431326
   -0.0051575500
   -0.0051716538
   -0.0051854437
   -0.0051989193
   -0.0052120805
   -0.0052249268
   -0.0052374581
   -0.0052496740
   -0.0052615744
   -0.0052731589
   -0.0052844275
   -0.0052953800
   -0.0053060161
   -0.0053163357
   -0.0053263388
   -0.0053360251
   -0.0053453947
   -0.0053544473
   -0.0053631830
   -0.0053716018
   -0.0053797035
   -0.0053874882
   -0.0053949559
   -0.0054021067
   -0.0054089405
   -0.0054154575
   -0.0054216577
   -0.0054275412
   -0.0054331082
   -0.0054383587
   -0.0054432929
   -0.0054479110
   -0.0054522132
   -0.0054561996
   -0.0054598705
   -0.0054632262
   -0.0054662668
   -0.0054689926
   -0.0054714040
   -0.0054735012
   -0.0054752845
   -0.0054767543
   -0.0054779110
   -0.0054787548
   -0.0054792863
   -0.0054795057
   -0.0054794135
   -0.0054790102
   -0.0054782962
   -0.0054772719
   -0.0054759379
   -0.0054742947
   -0.0054723427
   -0.0054700825
   -0.0054675147
   -0.0054646398
   -0.0054614584
   -0.0054579711
   -0.0054541785
   -0.0054500812
   -0.0054456800
   -0.0054409754
   -0.0054359681
   -0.0054306589
   -0.0054250483
   -0.0054191373
   -0.0054129264
   -0.0054064165
   -0.0053996084
   -0.0053925027
   -0.0053851003
   -0.0053774021
   -0.0053694089
   -0.0053611214
   -0.0053525406
   -0.0053436674
   -0.0053345026
   -0.0053250471
   -0.0053153020
   -0.0053052680
   -0.0052949462
   -0.0052843375
   -0.0052734429
   -0.0052622634
   -0.0052508000
   -0.0052390538
   -0.0052270257
   -0.0052147168
   -0.0052021282
   -0.0051892610
   -0.0051761162
   -0.0051626950
   -0.0051489985
   -0.0051350277
   -0.0051207840
   -0.0051062684
   -0.0050914821
   -0.0050764262
   -0.0050611021
   -0.0050455109
