   6.1130861e-08
   -0.0019542074
   -0.0036364392
   -0.0048098502
   -0.0053088492
   -0.0050624049
   -0.0041041550
   -0.0025678190
  -0.00066853930
    0.0013272454
    0.0031391762
    0.0045123567
    0.0052532099
    0.0052567656
    0.0045215321
    0.0031498449
    0.0013336247
  -0.00067247486
   -0.0025867709
   -0.0041401024
   -0.0051136751
   -0.0053698782
   -0.0048717342
   -0.0036882319
   -0.0019847737
  -6.1130861e-08
    0.0019873530
    0.0036981582
    0.0048915397
    0.0053990744
    0.0051484999
    0.0041740004
    0.0026115480
   0.00067993124
   -0.0013498802
   -0.0031927466
   -0.0045894126
   -0.0053429779
   -0.0053466553
   -0.0045989020
   -0.0032037798
   -0.0013564754
   0.00068400667
    0.0026311570
    0.0042111900
    0.0052015392
    0.0054622075
    0.0049555558
    0.0037517337
    0.0020189693
   6.1130862e-08
   -0.0020216423
   -0.0037620084
   -0.0049760519
   -0.0054924195
   -0.0052375740
   -0.0042462643
   -0.0026567922
  -0.00069171818
    0.0013733004
    0.0032481771
    0.0046691458
    0.0054358671
    0.0054396728
    0.0046789659
    0.0032595939
    0.0013801228
  -0.00069594085
   -0.0026770930
   -0.0042847614
   -0.0052924756
   -0.0055577674
   -0.0050423122
   -0.0038174606
   -0.0020543640
  -6.1130861e-08
    0.0020571356
    0.0038281021
    0.0050635356
    0.0055890490
    0.0053297844
    0.0043210745
    0.0027036317
   0.00070392103
   -0.0013975476
   -0.0033055663
   -0.0047516985
   -0.0055320433
   -0.0055359841
   -0.0047618669
   -0.0033173872
   -0.0014046094
   0.00070829884
    0.0027246613
    0.0043609492
    0.0053866481
    0.0056567304
    0.0051321605
    0.0038855315
    0.0020910219
   6.1130861e-08
   -0.0020938974
   -0.0038965596
   -0.0051541506
   -0.0056891395
   -0.0054252999
   -0.0043985679
   -0.0027521525
  -0.00071656220
    0.0014226663
    0.0033650198
    0.0048372228
    0.0056316840
    0.0056357673
    0.0048477586
    0.0033772670
    0.0014299806
  -0.00072110360
   -0.0027739506
   -0.0044398954
   -0.0054842326
   -0.0057592817
   -0.0052252689
   -0.0039560741
   -0.0021290118
  -6.1130861e-08
    0.0021319970
    0.0039675102
    0.0052480678
    0.0057928803
    0.0055243014
    0.0044788917
    0.0028024467
   0.00072966574
   -0.0014487045
   -0.0034266511
   -0.0049258822
   -0.0057349800
   -0.0057392136
   -0.0049368057
   -0.0034393482
   -0.0014562852
   0.00073437982
    0.0028250561
    0.0045217526
    0.0055854181
    0.0058656199
    0.0053218181
    0.0040292255
    0.0021684077
   6.1130861e-08
   -0.0021715088
   -0.0040410924
   -0.0053454712
   -0.0059004747
   -0.0056269833
   -0.0045622037
   -0.0028546134
  -0.00074325749
    0.0014757135
    0.0034905821
    0.0050178522
    0.0058421360
    0.0058465286
    0.0050291854
    0.0035037545
    0.0014835758
  -0.00074815402
   -0.0028780799
   -0.0046066848
   -0.0056904075
   -0.0059759588
   -0.0054220025
   -0.0041051332
   -0.0022092891
  -6.1130861e-08
    0.0022125127
    0.0041174555
    0.0054465585
    0.0060121416
    0.0057335546
    0.0046486738
    0.0029087590
   0.00075736525
   -0.0015037487
   -0.0035569439
   -0.0051133219
   -0.0059533727
   -0.0059579332
   -0.0051250884
   -0.0035706191
   -0.0015119089
   0.00076245476
    0.0029331322
    0.0046948687
    0.0057994195
    0.0060905285
    0.0055260312
    0.0041839560
    0.0022517417
   6.1130861e-08
   -0.0022550948
   -0.0041967602
   -0.0055515427
   -0.0061281166
   -0.0058442406
   -0.0047384852
   -0.0029649985
  -0.00077201897
    0.0015328697
    0.0036258779
    0.0052124948
    0.0060689275
    0.0060736660
    0.0052247201
    0.0036400855
    0.0015413452
  -0.00077731282
   -0.0029903316
   -0.0047864945
   -0.0059126898
   -0.0062095770
   -0.0056341299
   -0.0042658649
   -0.0022958578
  -6.1130861e-08
    0.0022993482
    0.0042791798
    0.0056606538
    0.0062486540
    0.0059592843
    0.0048318352
    0.0030234556
   0.00078725098
   -0.0015631408
   -0.0036975365
   -0.0053155906
   -0.0061890569
   -0.0061939840
   -0.0053283024
   -0.0037123084
   -0.0015719505
   0.00079276141
    0.0030498063
    0.0048817679
    0.0060304728
    0.0063333724
    0.0057465422
    0.0043510451
    0.0023417371
   6.1130861e-08
   -0.0023453731
   -0.0043649015
   -0.0057741397
   -0.0063740284
   -0.0060789483
   -0.0049289372
   -0.0030842642
  -0.00080309620
    0.0015946315
    0.0037720846
    0.0054228470
    0.0063140381
    0.0063191653
    0.0054360748
    0.0037874554
    0.0016037960
  -0.00080883648
   -0.0031116947
   -0.0049809110
   -0.0061530438
   -0.0064622041
   -0.0058635315
   -0.0044396963
   -0.0023894875
  -6.1130861e-08
    0.0023932782
    0.0044541277
    0.0058922691
    0.0065045368
    0.0062035165
    0.0050300221
    0.0031475690
   0.00081959241
   -0.0016274171
   -0.0038497006
   -0.0055345208
   -0.0064441710
   -0.0064495109
   -0.0055482970
   -0.0038657075
   -0.0016369585
   0.00082557690
    0.0031761468
    0.0050841645
    0.0062807007
    0.0065963860
    0.0059853832
    0.0045320351
    0.0024392259
   6.1130861e-08
   -0.0024431809
   -0.0045470778
   -0.0060153330
   -0.0066405013
   -0.0063332968
   -0.0051353400
   -0.0032135270
  -0.00083678058
    0.0016615791
    0.0039305777
    0.0056508907
    0.0065797809
    0.0065853471
    0.0056652503
    0.0039472615
    0.0016715214
  -0.00084302486
   -0.0032433253
   -0.0051917895
   -0.0064137668
   -0.0067362584
   -0.0061124069
   -0.0046282966
   -0.0024910790
  -6.1130861e-08
    0.0024952089
    0.0046439901
    0.0061436469
    0.0067822713
    0.0064686232
    0.0052451625
    0.0032823086
   0.00085470517
   -0.0016972060
   -0.0040149259
   -0.0057722593
   -0.0067212210
   -0.0067270281
   -0.0057872403
   -0.0040323307
   -0.0017075753
   0.00086122619
    0.0033134070
    0.0053040695
    0.0065525933
    0.0068821911
    0.0062449390
    0.0047287361
    0.0025451846
   6.1130862e-08
   -0.0025495011
   -0.0047451232
   -0.0062775544
   -0.0069302266
   -0.0066098591
   -0.0053597849
   -0.0033540989
  -0.00087341455
    0.0017343941
    0.0041029736
    0.0058989558
    0.0068688755
    0.0068749396
    0.0059145996
    0.0041211475
    0.0017452190
  -0.00088023075
   -0.0033865841
   -0.0054213133
   -0.0066975626
   -0.0070345868
   -0.0063833458
   -0.0048336316
   -0.0026016927
  -6.1130861e-08
    0.0026062083
    0.0048507592
    0.0064174291
    0.0070847813
    0.0067574002
    0.0054795290
    0.0034290999
   0.00089296141
   -0.0017732483
   -0.0041949696
   -0.0060313388
   -0.0070231632
   -0.0070295019
   -0.0060476907
   -0.0042139650
   -0.0017845598
   0.00090009292
    0.0034630664
    0.0055438574
    0.0068490916
    0.0071938844
    0.0065280267
    0.0049432865
    0.0026607671
   6.1130861e-08
   -0.0026654955
   -0.0049612056
   -0.0065636793
   -0.0072463868
   -0.0069116783
   -0.0056047459
   -0.0035075319
  -0.00091340328
    0.0018138832
    0.0042911857
    0.0061698001
    0.0071845413
    0.0071911737
    0.0061869093
    0.0043110599
    0.0018257153
  -0.00092087209
   -0.0035430831
   -0.0056720696
   -0.0070076358
   -0.0073605637
   -0.0066794181
   -0.0050580322
   -0.0027225866
  -6.1130861e-08
    0.0027275428
    0.0050767985
    0.0067167507
    0.0074155369
    0.0070731657
    0.0057358195
    0.0035896358
   0.00093480306
   -0.0018564241
   -0.0043919189
   -0.0063147680
   -0.0073535100
   -0.0073604572
   -0.0063326887
   -0.0044127346
   -0.0018688139
   0.00094263326
    0.0036268848
    0.0058063525
    0.0071736940
    0.0075351501
    0.0068379982
    0.0051782315
    0.0027873471
   6.1130861e-08
   -0.0027925476
   -0.0051979064
   -0.0068771322
   -0.0075927726
   -0.0072423797
   -0.0058731706
   -0.0036756756
  -0.00095722970
    0.0019010082
    0.0044974951
    0.0064667122
    0.0075306180
    0.0075379028
    0.0064855038
    0.0045193212
    0.0019139965
  -0.00096544773
   -0.0037147466
   -0.0059471476
   -0.0073478132
   -0.0077182197
   -0.0070042913
   -0.0053042828
   -0.0028552635
  -6.1130861e-08
    0.0028607264
    0.0053249336
    0.0070453602
    0.0077786878
    0.0074198886
    0.0060172611
    0.0037659414
   0.00098075893
   -0.0019477864
   -0.0046082720
   -0.0066261487
   -0.0077164677
   -0.0077241156
   -0.0066458764
   -0.0046311844
   -0.0019614182
   0.00098939387
    0.0038069711
    0.0060949406
    0.0075305951
    0.0079104064
    0.0071788742
    0.0054366240
    0.0029265724
   6.1130861e-08
   -0.0029323176
   -0.0054583248
   -0.0072220248
   -0.0079739361
   -0.0076063175
   -0.0061685997
   -0.0038607523
   -0.0010054741
    0.0019969248
    0.0047246438
    0.0067936457
    0.0079117227
    0.0079197616
    0.0068143816
    0.0047487259
    0.0020112494
   -0.0010145580
   -0.0039038913
   -0.0062502662
   -0.0077227026
   -0.0081124085
   -0.0073623826
   -0.0055757381
   -0.0030015343
  -6.1130861e-08
    0.0030075838
    0.0055985707
    0.0074077772
    0.0081792383
    0.0078023561
    0.0063277473
    0.0039604604
    0.0010314672
   -0.0020486066
   -0.0048470451
   -0.0069698303
   -0.0081171156
   -0.0081255763
   -0.0069916539
   -0.0048723893
   -0.0020636788
    0.0010410355
    0.0040058752
    0.0064137156
    0.0079248681
    0.0083249977
    0.0075555189
    0.0057221587
    0.0030804375
   6.1130861e-08
   -0.0030868157
   -0.0057462135
   -0.0076033369
   -0.0083953917
   -0.0080087671
   -0.0064953243
   -0.0040654553
   -0.0010588400
    0.0021030345
    0.0049759572
    0.0071553964
    0.0083334569
    0.0083423736
    0.0071783960
    0.0050026658
    0.0021189149
   -0.0010689320
   -0.0041133304
   -0.0065859432
   -0.0081379027
   -0.0085490287
   -0.0077590613
   -0.0058764767
   -0.0031636011
  -6.1130861e-08
    0.0031703350
    0.0059018543
    0.0078095018
    0.0086232797
    0.0082263961
    0.0066720187
    0.0041761688
    0.0010877053
   -0.0021604334
   -0.0051119137
   -0.0073511138
   -0.0085616461
   -0.0085710568
   -0.0073753873
   -0.0051401003
   -0.0021771892
    0.0010983646
    0.0042267092
    0.0067676756
    0.0083627072
    0.0087854509
    0.0079738740
    0.0060393490
    0.0032513798
   6.1130861e-08
   -0.0032584994
   -0.0060661610
   -0.0080271587
   -0.0088638847
   -0.0084561832
   -0.0068585953
   -0.0042930814
   -0.0011181886
    0.0022210532
    0.0052555082
    0.0075578390
    0.0088026838
    0.0088126308
    0.0075834955
    0.0052852995
    0.0022387596
   -0.0011294639
   -0.0043465154
   -0.0069597220
   -0.0086002846
   -0.0090353214
   -0.0082009198
   -0.0062115071
   -0.0033441687
  -6.1130861e-08
    0.0033517075
    0.0062398783
    0.0082572959
    0.0091183017
    0.0086991764
    0.0070559071
    0.0044167285
    0.0011504299
   -0.0022851731
   -0.0054074029
   -0.0077765274
   -0.0090576865
   -0.0090682172
   -0.0078036889
   -0.0054389405
   -0.0023039139
    0.0011623754
    0.0044733115
    0.0071629860
    0.0088517555
    0.0092998213
    0.0084412742
    0.0063937683
    0.0034424094
   6.1130861e-08
   -0.0034504049
   -0.0064238383
   -0.0085010185
   -0.0093877552
   -0.0089565480
   -0.0072649079
   -0.0045477093
   -0.0011845858
    0.0023531051
    0.0055683390
    0.0080082485
    0.0093279042
    0.0093390716
    0.0080370518
    0.0056017815
    0.0023729743
   -0.0011972625
   -0.0046077275
   -0.0073784802
   -0.0091183752
   -0.0095802742
   -0.0086961428
   -0.0065870490
   -0.0035465968
  -6.1130861e-08
    0.0035550913
    0.0066189744
    0.0087595661
    0.0096736187
    0.0092296129
    0.0074866683
    0.0046866964
    0.0012208320
   -0.0024251996
   -0.0057391484
   -0.0082542031
   -0.0096147405
   -0.0096266043
   -0.0082848021
   -0.0057746745
   -0.0024463030
    0.0012343084
    0.0047504716
    0.0076073424
    0.0094015551
    0.0098781682
    0.0089668812
    0.0067923795
    0.0036572878
   6.1130861e-08
   -0.0036663287
   -0.0068263372
   -0.0090343337
   -0.0099774385
   -0.0095198517
   -0.0077223934
   -0.0048344468
   -0.0012593664
    0.0025018513
    0.0059207686
    0.0085157441
    0.0099197771
    0.0099324045
    0.0085483126
    0.0059585798
    0.0025243082
   -0.0012737199
   -0.0049023426
   -0.0078508565
   -0.0097028876
    -0.010195182
   -0.0092550192
   -0.0070109231
   -0.0037751110
  -6.1130862e-08
    0.0037847520
    0.0070471128
    0.0093268972
     0.010300961
    0.0098289372
    0.0079734452
    0.0049918164
    0.0013004129
   -0.0025835063
   -0.0061142594
   -0.0087944017
    -0.010244803
    -0.010258270
   -0.0088291365
   -0.0061545840
   -0.0026074521
    0.0013157311
    0.0050642447
    0.0081104761
     0.010024176
     0.010533219
    0.0095622899
    0.0072439975
    0.0039007786
   6.1130861e-08
   -0.0039110807
   -0.0072826461
   -0.0096390432
    -0.010646168
    -0.010158767
   -0.0082413688
   -0.0051597761
   -0.0013442253
    0.0026706711
    0.0063208239
    0.0090919131
     0.010591849
     0.010606244
    0.0091290381
    0.0063639220
    0.0026962597
   -0.0013606080
   -0.0052372058
   -0.0083878535
    -0.010367470
    -0.010894440
   -0.0098906644
   -0.0074931018
   -0.0040351010
  -6.1130862e-08
    0.0040461338
    0.0075344681
    0.0099728060
     0.011015314
     0.010511501
    0.0085279241
    0.0053394322
    0.0013910929
   -0.0027639229
   -0.0065418335
   -0.0094102585
    -0.010963233
    -0.010978654
   -0.0094500299
   -0.0065880020
   -0.0027913303
    0.0014086543
    0.0054223988
    0.0086848752
     0.010735112
     0.011281317
     0.010242394
    0.0077599486
    0.0041790041
   6.1130861e-08
   -0.0041908474
   -0.0078043288
    -0.010330512
    -0.011410979
    -0.010889612
   -0.0088351245
   -0.0055320504
   -0.0014413470
    0.0028639222
    0.0067788582
    0.0097517059
     0.011361607
     0.011378168
    0.0097944175
    0.0068284382
    0.0028933504
   -0.0014602178
   -0.0056211690
   -0.0090037046
    -0.011129786
    -0.011696682
    -0.010620062
   -0.0080465034
   -0.0043335510
  -6.1130861e-08
    0.0043462963
    0.0080942387
     0.010714832
     0.011836128
     0.011295940
    0.0091652847
    0.0057390862
    0.0014953682
   -0.0029714291
   -0.0070337044
    -0.010118865
    -0.011790024
    -0.011807856
    -0.010164856
   -0.0070870893
   -0.0030031111
    0.0015156995
    0.0058350664
    0.0093468351
     0.011554587
     0.012143802
     0.011026649
    0.0083550333
    0.0044999678
   6.1130861e-08
   -0.0045137213
   -0.0084065181
    -0.011128853
    -0.012294182
    -0.011733766
   -0.0095210784
   -0.0059622213
   -0.0015535967
    0.0030873217
    0.0073084604
     0.010514753
     0.012252016
     0.012271273
     0.010564416
    0.0073661066
    0.0031215280
   -0.0015755636
   -0.0060658860
   -0.0097171550
    -0.012013103
    -0.012626465
    -0.011465607
   -0.0086881668
   -0.0046796767
  -6.1130861e-08
    0.0046945618
    0.0087438601
     0.011576155
     0.012789117
     0.012206901
    0.0099056115
    0.0062034093
    0.0016165439
   -0.0032126213
   -0.0076055543
    -0.010942879
    -0.012751691
    -0.012772550
    -0.010996674
   -0.0076679942
   -0.0032496671
    0.0016403508
    0.0063157188
     0.010118029
     0.012509513
     0.013149084
     0.011940963
    0.0090489692
    0.0048743364
   6.1130861e-08
   -0.0048904975
   -0.0091094080
    -0.012060920
    -0.013325574
    -0.012719795
    -0.010322513
   -0.0064649335
   -0.0016848075
    0.0033485215
    0.0079278256
     0.011407349
     0.013293855
     0.013316525
     0.011465814
    0.0079956841
    0.0033887770
   -0.0017106943
   -0.0065870149
    -0.010553402
    -0.013048717
    -0.013716833
    -0.012457439
   -0.0094410370
   -0.0050858937
  -6.1130862e-08
    0.0051035007
    0.0095068536
     0.012588059
     0.013909005
     0.013277680
     0.010776048
    0.0067494793
    0.0017590909
   -0.0034964270
   -0.0082786165
    -0.011912996
    -0.013884169
    -0.013908896
    -0.011976767
   -0.0083526321
   -0.0035403297
    0.0017873411
    0.0068826642
     0.011027928
     0.013636498
     0.014335824
     0.013020613
    0.0098686182
    0.0053166485
   6.1130861e-08
   -0.0053359031
   -0.0099405624
    -0.013163383
    -0.014545865
    -0.013886747
    -0.011271269
   -0.0070602264
   -0.0018402270
    0.0036580021
    0.0086618881
     0.012465548
     0.014529344
     0.014556424
     0.012535383
    0.0087429397
    0.0037060727
   -0.0018711779
   -0.0072061002
    -0.011547135
    -0.014279730
    -0.015013320
    -0.013637118
    -0.010336767
   -0.0055693383
  -6.1130861e-08
    0.0055904814
     0.010415735
     0.013793814
     0.015243843
     0.014554379
     0.011814200
    0.0074009683
    0.0019292099
   -0.0038352338
   -0.0090823705
    -0.013071850
    -0.015237402
    -0.015267186
    -0.013148659
   -0.0091715128
   -0.0038880969
    0.0019632664
    0.0075614333
     0.012117648
     0.014986649
     0.015758028
     0.014314906
     0.010851544
    0.0058472465
   6.1130861e-08
   -0.0058705685
    -0.010938615
    -0.014487670
    -0.016012182
    -0.015289447
    -0.012412082
   -0.0077762682
   -0.0020272358
    0.0040305135
    0.0095457593
     0.013740147
     0.016018008
     0.016050922
     0.013825029
    0.0096442686
    0.0040889253
   -0.0020648879
   -0.0079536266
    -0.012747465
    -0.015767204
    -0.016580472
    -0.015063592
    -0.011420281
   -0.0061543468
  -6.1130861e-08
    0.0061802006
     0.011516769
     0.015255026
     0.016862086
     0.016102715
     0.013073705
    0.0081916643
    0.0021357569
   -0.0042467459
    -0.010058975
    -0.014480459
    -0.016882912
    -0.016919478
    -0.014574757
    -0.010168411
   -0.0043116304
    0.0021776034
    0.0083887294
     0.013446341
     0.016633535
     0.017493493
     0.015894915
     0.012051931
    0.0064954937
   6.1130861e-08
   -0.0065243129
    -0.012159448
    -0.016108217
    -0.017807270
    -0.017007361
    -0.013809835
   -0.0086539448
   -0.0022565542
    0.0044874945
     0.010630510
     0.015305088
     0.017846549
     0.017887410
     0.015410464
     0.010752800
    0.0045599928
   -0.0023033346
   -0.0088741914
    -0.014226294
    -0.017600602
    -0.018512927
    -0.016823355
    -0.012757545
   -0.0068766813
  -6.1130861e-08
    0.0069090046
     0.012878094
     0.017062497
     0.018864709
     0.018019702
     0.014633808
    0.0091715220
    0.0023918356
   -0.0047571792
    -0.011270905
    -0.016229310
    -0.018926849
    -0.018972811
    -0.016347838
    -0.011408455
   -0.0048387174
    0.0024444740
    0.0094192924
     0.015102299
     0.018687060
     0.019658529
     0.017866986
     0.013550922
    0.0073053986
   6.1130861e-08
   -0.0073419031
    -0.013687022
    -0.018136963
    -0.020055663
    -0.019160189
    -0.015562347
   -0.0097549488
   -0.0025443723
    0.0050613505
     0.011993403
     0.017272327
     0.020146363
     0.020198444
     0.017406634
     0.012149261
    0.0051537342
   -0.0026040390
    -0.010035742
    -0.016093267
    -0.019916473
    -0.020955265
    -0.019048663
    -0.014449521
   -0.0077911261
  -6.1130861e-08
    0.0078326759
     0.014604386
     0.019355847
     0.021407123
     0.020454795
     0.016616704
     0.010417645
    0.0027176905
   -0.0054070752
    -0.012814872
    -0.018458615
    -0.021533855
    -0.021593363
    -0.018612077
    -0.012992956
   -0.0055126252
    0.0027858895
     0.010738529
     0.017223414
     0.021319043
     0.022435157
     0.020397716
     0.015475762
    0.0083460455
   6.1130861e-08
   -0.0083937599
    -0.015653555
    -0.020750362
    -0.022953881
    -0.021937025
    -0.017824310
    -0.011176945
   -0.0029163477
    0.0058034927
     0.013757146
     0.019819873
     0.023126596
     0.023195244
     0.019996902
     0.013962576
    0.0059252424
   -0.0029950449
    -0.011547157
    -0.018524279
    -0.022934124
    -0.024139956
    -0.021952418
    -0.016658921
   -0.0089860753
  -6.1130861e-08
    0.0090414309
     0.016865134
     0.022361417
     0.024741567
     0.023650854
     0.019221197
     0.012055632
    0.0031463387
   -0.0062626344
    -0.014848986
    -0.021397891
    -0.024973769
    -0.025053836
    -0.021604367
    -0.015088586
   -0.0064046262
    0.0032381541
     0.012487483
     0.020037704
     0.024813972
     0.026125149
     0.023763672
     0.018037967
    0.0097324224
   6.1130861e-08
   -0.0097974081
    -0.018279998
    -0.024243694
    -0.026831226
    -0.025655162
    -0.020855649
    -0.013084265
   -0.0034157119
    0.0068006665
     0.016129076
     0.023248922
     0.027141632
     0.027236225
     0.023492858
     0.016412142
    0.0069684085
   -0.0035242155
    -0.013594534
    -0.021820422
    -0.027029506
    -0.028466112
    -0.025900690
    -0.019665939
    -0.010613977
  -6.1130861e-08
     0.010691337
     0.019953994
     0.026471977
     0.029306432
     0.028030638
     0.022793903
     0.014304807
    0.0037355294
   -0.0074398325
    -0.017650691
    -0.025450528
    -0.029721636
    -0.029835101
    -0.025743128
    -0.017990227
   -0.0076410290
    0.0038657151
     0.014916965
     0.023951326
     0.029679460
     0.031267894
     0.028460045
     0.021616920
     0.011671141
   6.1130861e-08
    -0.011764771
    -0.021965490
    -0.029151329
    -0.032284728
    -0.030890905
    -0.025129340
    -0.015776489
   -0.0041214249
    0.0082116055
     0.019489310
     0.028112720
     0.032843658
     0.032982262
     0.028470151
     0.019904076
    0.0084573720
   -0.0042804980
    -0.016524403
    -0.026543465
    -0.032905490
    -0.034681419
    -0.031580661
    -0.023997633
    -0.012962190
  -6.1130861e-08
     0.013077809
     0.024427994
     0.032434139
     0.035936847
     0.034401233
     0.027997981
     0.017585713
    0.0045962365
   -0.0091620296
    -0.021755515
    -0.031396920
    -0.036698549
    -0.036871678
    -0.031843388
    -0.022273603
   -0.0094690123
    0.0047949882
     0.018520110
     0.029764764
     0.036918357
     0.038931593
     0.035469901
     0.026967632
     0.014574395
   6.1130861e-08
    -0.014720757
    -0.027512342
    -0.036550150
    -0.040520630
    -0.038811645
    -0.031605964
    -0.019863649
   -0.0051946969
     0.010361256
     0.024618089
     0.035549956
     0.041578677
     0.041801045
     0.036123409
     0.025283543
     0.010755555
   -0.0054500495
    -0.021064088
    -0.033875925
    -0.042045909
    -0.044368965
    -0.040451625
    -0.030776613
    -0.016644614
  -6.1130861e-08
     0.016835817
     0.031488121
     0.041862676
     0.046444699
     0.044519237
     0.036281396
     0.022819541
    0.0059723370
    -0.011921695
    -0.028348110
    -0.040969162
    -0.047955776
    -0.048251822
    -0.041732629
    -0.029234089
    -0.012446670
    0.0063124087
     0.024418251
     0.039304765
     0.048827511
     0.051571719
     0.047061364
     0.035838549
     0.019400335
   6.1130861e-08
    -0.019660628
    -0.036807068
    -0.048982183
    -0.054397559
    -0.052194964
    -0.042580243
    -0.026808961
   -0.0070237941
     0.014035481
     0.033410281
     0.048337722
     0.056643419
     0.057056897
     0.049404062
     0.034647800
     0.014768799
   -0.0074989631
    -0.029042930
    -0.046805682
    -0.058217420
    -0.061566237
    -0.056253032
    -0.042893372
    -0.023249597
  -6.1130861e-08
     0.023624476
     0.044288188
     0.059019521
     0.065636725
     0.063068911
     0.051525664
     0.032488815
    0.0085245919
    -0.017060382
    -0.040673397
    -0.058938107
    -0.069175151
    -0.069792809
    -0.060531095
    -0.042522288
    -0.018156125
    0.0092348482
     0.035828674
     0.057844767
     0.072078715
     0.076365813
     0.069906674
     0.053406443
     0.029004433
   6.1130861e-08
    -0.029590267
    -0.055586207
    -0.074230744
    -0.082729623
    -0.079665988
    -0.065229288
    -0.041222353
    -0.010841041
     0.021747316
     0.051971576
     0.075493765
     0.088827186
     0.089848211
     0.078127335
     0.055028829
     0.023559716
    -0.012016447
    -0.046752066
    -0.075698102
    -0.094603320
     -0.10053221
    -0.092312650
    -0.070746183
    -0.038545347
  -6.1130861e-08
     0.039586998
     0.074622594
      0.10000532
      0.11185977
      0.10811812
     0.088863074
     0.056377610
     0.014886182
    -0.029984959
    -0.071960663
     -0.10498353
     -0.12407607
     -0.12607732
     -0.11014672
    -0.077957488
    -0.033542622
     0.017195977
     0.067257382
      0.10949191
      0.13760484
      0.14707490
      0.13585634
      0.10475875
     0.057440097
   6.1130861e-08
    -0.059784474
     -0.11348855
     -0.15319965
     -0.17265313
     -0.16818373
     -0.13935343
    -0.089155259
    -0.023746969
     0.048268506
      0.11693611
      0.17228068
      0.20570508
      0.21126470
      0.18663748
      0.13364137
     0.058206271
    -0.030223277
     -0.11980225
     -0.19779188
     -0.25227555
     -0.27386359
     -0.25715662
     -0.20175755
     -0.11267090
  -6.1130861e-08
      0.12206003
      0.23684572
      0.32729019
      0.37819257
      0.37841337
      0.32271317
      0.21298193
     0.058668893
     -0.12368814
     -0.31182970
     -0.47992482
     -0.60129179
     -0.65139946
     -0.61081348
     -0.46774468
     -0.21989019
      0.12467121
      0.54766764
       1.0219249
       1.5136534
       1.9855110
       2.4001283
       2.7237264
       2.9294421
       3.0000000
       2.9294421
       2.7237264
       2.4001283
       1.9855110
       1.5136534
       1.0219249
      0.54766764
      0.12467121
     -0.21989019
     -0.46774468
     -0.61081348
     -0.65139946
     -0.60129179
     -0.47992482
     -0.31182970
     -0.12368814
     0.058668893
      0.21298193
      0.32271317
      0.37841337
      0.37819257
      0.32729019
      0.23684572
      0.12206003
  -6.1130861e-08
     -0.11267090
     -0.20175755
     -0.25715662
     -0.27386359
     -0.25227555
     -0.19779188
     -0.11980225
    -0.030223277
     0.058206271
      0.13364137
      0.18663748
      0.21126470
      0.20570508
      0.17228068
      0.11693611
     0.048268506
    -0.023746969
    -0.089155259
     -0.13935343
     -0.16818373
     -0.17265313
     -0.15319965
     -0.11348855
    -0.059784474
   6.1130861e-08
     0.057440097
      0.10475875
      0.13585634
      0.14707490
      0.13760484
      0.10949191
     0.067257382
     0.017195977
    -0.033542622
    -0.077957488
     -0.11014672
     -0.12607732
     -0.12407607
     -0.10498353
    -0.071960663
    -0.029984959
     0.014886182
     0.056377610
     0.088863074
      0.10811812
      0.11185977
      0.10000532
     0.074622594
     0.039586998
  -6.1130861e-08
    -0.038545347
    -0.070746183
    -0.092312650
     -0.10053221
    -0.094603320
    -0.075698102
    -0.046752066
    -0.012016447
     0.023559716
     0.055028829
     0.078127335
     0.089848211
     0.088827186
     0.075493765
     0.051971576
     0.021747316
    -0.010841041
    -0.041222353
    -0.065229288
    -0.079665988
    -0.082729623
    -0.074230744
    -0.055586207
    -0.029590267
   6.1130861e-08
     0.029004433
     0.053406443
     0.069906674
     0.076365813
     0.072078715
     0.057844767
     0.035828674
    0.0092348482
    -0.018156125
    -0.042522288
    -0.060531095
    -0.069792809
    -0.069175151
    -0.058938107
    -0.040673397
    -0.017060382
    0.0085245919
     0.032488815
     0.051525664
     0.063068911
     0.065636725
     0.059019521
     0.044288188
     0.023624476
  -6.1130861e-08
    -0.023249597
    -0.042893372
    -0.056253032
    -0.061566237
    -0.058217420
    -0.046805682
    -0.029042930
   -0.0074989631
     0.014768799
     0.034647800
     0.049404062
     0.057056897
     0.056643419
     0.048337722
     0.033410281
     0.014035481
   -0.0070237941
    -0.026808961
    -0.042580243
    -0.052194964
    -0.054397559
    -0.048982183
    -0.036807068
    -0.019660628
   6.1130861e-08
     0.019400335
     0.035838549
     0.047061364
     0.051571719
     0.048827511
     0.039304765
     0.024418251
    0.0063124087
    -0.012446670
    -0.029234089
    -0.041732629
    -0.048251822
    -0.047955776
    -0.040969162
    -0.028348110
    -0.011921695
    0.0059723370
     0.022819541
     0.036281396
     0.044519237
     0.046444699
     0.041862676
     0.031488121
     0.016835817
  -6.1130861e-08
    -0.016644614
    -0.030776613
    -0.040451625
    -0.044368965
    -0.042045909
    -0.033875925
    -0.021064088
   -0.0054500495
     0.010755555
     0.025283543
     0.036123409
     0.041801045
     0.041578677
     0.035549956
     0.024618089
     0.010361256
   -0.0051946969
    -0.019863649
    -0.031605964
    -0.038811645
    -0.040520630
    -0.036550150
    -0.027512342
    -0.014720757
   6.1130861e-08
     0.014574395
     0.026967632
     0.035469901
     0.038931593
     0.036918357
     0.029764764
     0.018520110
    0.0047949882
   -0.0094690123
    -0.022273603
    -0.031843388
    -0.036871678
    -0.036698549
    -0.031396920
    -0.021755515
   -0.0091620296
    0.0045962365
     0.017585713
     0.027997981
     0.034401233
     0.035936847
     0.032434139
     0.024427994
     0.013077809
  -6.1130861e-08
    -0.012962190
    -0.023997633
    -0.031580661
    -0.034681419
    -0.032905490
    -0.026543465
    -0.016524403
   -0.0042804980
    0.0084573720
     0.019904076
     0.028470151
     0.032982262
     0.032843658
     0.028112720
     0.019489310
    0.0082116055
   -0.0041214249
    -0.015776489
    -0.025129340
    -0.030890905
    -0.032284728
    -0.029151329
    -0.021965490
    -0.011764771
   6.1130861e-08
     0.011671141
     0.021616920
     0.028460045
     0.031267894
     0.029679460
     0.023951326
     0.014916965
    0.0038657151
   -0.0076410290
    -0.017990227
    -0.025743128
    -0.029835101
    -0.029721636
    -0.025450528
    -0.017650691
   -0.0074398325
    0.0037355294
     0.014304807
     0.022793903
     0.028030638
     0.029306432
     0.026471977
     0.019953994
     0.010691337
  -6.1130861e-08
    -0.010613977
    -0.019665939
    -0.025900690
    -0.028466112
    -0.027029506
    -0.021820422
    -0.013594534
   -0.0035242155
    0.0069684085
     0.016412142
     0.023492858
     0.027236225
     0.027141632
     0.023248922
     0.016129076
    0.0068006665
   -0.0034157119
    -0.013084265
    -0.020855649
    -0.025655162
    -0.026831226
    -0.024243694
    -0.018279998
   -0.0097974081
   6.1130861e-08
    0.0097324224
     0.018037967
     0.023763672
     0.026125149
     0.024813972
     0.020037704
     0.012487483
    0.0032381541
   -0.0064046262
    -0.015088586
    -0.021604367
    -0.025053836
    -0.024973769
    -0.021397891
    -0.014848986
   -0.0062626344
    0.0031463387
     0.012055632
     0.019221197
     0.023650854
     0.024741567
     0.022361417
     0.016865134
    0.0090414309
  -6.1130861e-08
   -0.0089860753
    -0.016658921
    -0.021952418
    -0.024139956
    -0.022934124
    -0.018524279
    -0.011547157
   -0.0029950449
    0.0059252424
     0.013962576
     0.019996902
     0.023195244
     0.023126596
     0.019819873
     0.013757146
    0.0058034927
   -0.0029163477
    -0.011176945
    -0.017824310
    -0.021937025
    -0.022953881
    -0.020750362
    -0.015653555
   -0.0083937599
   6.1130861e-08
    0.0083460455
     0.015475762
     0.020397716
     0.022435157
     0.021319043
     0.017223414
     0.010738529
    0.0027858895
   -0.0055126252
    -0.012992956
    -0.018612077
    -0.021593363
    -0.021533855
    -0.018458615
    -0.012814872
   -0.0054070752
    0.0027176905
     0.010417645
     0.016616704
     0.020454795
     0.021407123
     0.019355847
     0.014604386
    0.0078326759
  -6.1130861e-08
   -0.0077911261
    -0.014449521
    -0.019048663
    -0.020955265
    -0.019916473
    -0.016093267
    -0.010035742
   -0.0026040390
    0.0051537342
     0.012149261
     0.017406634
     0.020198444
     0.020146363
     0.017272327
     0.011993403
    0.0050613505
   -0.0025443723
   -0.0097549488
    -0.015562347
    -0.019160189
    -0.020055663
    -0.018136963
    -0.013687022
   -0.0073419031
   6.1130861e-08
    0.0073053986
     0.013550922
     0.017866986
     0.019658529
     0.018687060
     0.015102299
    0.0094192924
    0.0024444740
   -0.0048387174
    -0.011408455
    -0.016347838
    -0.018972811
    -0.018926849
    -0.016229310
    -0.011270905
   -0.0047571792
    0.0023918356
    0.0091715220
     0.014633808
     0.018019702
     0.018864709
     0.017062497
     0.012878094
    0.0069090046
  -6.1130861e-08
   -0.0068766813
    -0.012757545
    -0.016823355
    -0.018512927
    -0.017600602
    -0.014226294
   -0.0088741914
   -0.0023033346
    0.0045599928
     0.010752800
     0.015410464
     0.017887410
     0.017846549
     0.015305088
     0.010630510
    0.0044874945
   -0.0022565542
   -0.0086539448
    -0.013809835
    -0.017007361
    -0.017807270
    -0.016108217
    -0.012159448
   -0.0065243129
   6.1130861e-08
    0.0064954937
     0.012051931
     0.015894915
     0.017493493
     0.016633535
     0.013446341
    0.0083887294
    0.0021776034
   -0.0043116304
    -0.010168411
    -0.014574757
    -0.016919478
    -0.016882912
    -0.014480459
    -0.010058975
   -0.0042467459
    0.0021357569
    0.0081916643
     0.013073705
     0.016102715
     0.016862086
     0.015255026
     0.011516769
    0.0061802006
  -6.1130861e-08
   -0.0061543468
    -0.011420281
    -0.015063592
    -0.016580472
    -0.015767204
    -0.012747465
   -0.0079536266
   -0.0020648879
    0.0040889253
    0.0096442686
     0.013825029
     0.016050922
     0.016018008
     0.013740147
    0.0095457593
    0.0040305135
   -0.0020272358
   -0.0077762682
    -0.012412082
    -0.015289447
    -0.016012182
    -0.014487670
    -0.010938615
   -0.0058705685
   6.1130861e-08
    0.0058472465
     0.010851544
     0.014314906
     0.015758028
     0.014986649
     0.012117648
    0.0075614333
    0.0019632664
   -0.0038880969
   -0.0091715128
    -0.013148659
    -0.015267186
    -0.015237402
    -0.013071850
   -0.0090823705
   -0.0038352338
    0.0019292099
    0.0074009683
     0.011814200
     0.014554379
     0.015243843
     0.013793814
     0.010415735
    0.0055904814
  -6.1130861e-08
   -0.0055693383
    -0.010336767
    -0.013637118
    -0.015013320
    -0.014279730
    -0.011547135
   -0.0072061002
   -0.0018711779
    0.0037060727
    0.0087429397
     0.012535383
     0.014556424
     0.014529344
     0.012465548
    0.0086618881
    0.0036580021
   -0.0018402270
   -0.0070602264
    -0.011271269
    -0.013886747
    -0.014545865
    -0.013163383
   -0.0099405624
   -0.0053359031
   6.1130861e-08
    0.0053166485
    0.0098686182
     0.013020613
     0.014335824
     0.013636498
     0.011027928
    0.0068826642
    0.0017873411
   -0.0035403297
   -0.0083526321
    -0.011976767
    -0.013908896
    -0.013884169
    -0.011912996
   -0.0082786165
   -0.0034964270
    0.0017590909
    0.0067494793
     0.010776048
     0.013277680
     0.013909005
     0.012588059
    0.0095068536
    0.0051035007
  -6.1130862e-08
   -0.0050858937
   -0.0094410370
    -0.012457439
    -0.013716833
    -0.013048717
    -0.010553402
   -0.0065870149
   -0.0017106943
    0.0033887770
    0.0079956841
     0.011465814
     0.013316525
     0.013293855
     0.011407349
    0.0079278256
    0.0033485215
   -0.0016848075
   -0.0064649335
    -0.010322513
    -0.012719795
    -0.013325574
    -0.012060920
   -0.0091094080
   -0.0048904975
   6.1130861e-08
    0.0048743364
    0.0090489692
     0.011940963
     0.013149084
     0.012509513
     0.010118029
    0.0063157188
    0.0016403508
   -0.0032496671
   -0.0076679942
    -0.010996674
    -0.012772550
    -0.012751691
    -0.010942879
   -0.0076055543
   -0.0032126213
    0.0016165439
    0.0062034093
    0.0099056115
     0.012206901
     0.012789117
     0.011576155
    0.0087438601
    0.0046945618
  -6.1130861e-08
   -0.0046796767
   -0.0086881668
    -0.011465607
    -0.012626465
    -0.012013103
   -0.0097171550
   -0.0060658860
   -0.0015755636
    0.0031215280
    0.0073661066
     0.010564416
     0.012271273
     0.012252016
     0.010514753
    0.0073084604
    0.0030873217
   -0.0015535967
   -0.0059622213
   -0.0095210784
    -0.011733766
    -0.012294182
    -0.011128853
   -0.0084065181
   -0.0045137213
   6.1130861e-08
    0.0044999678
    0.0083550333
     0.011026649
     0.012143802
     0.011554587
    0.0093468351
    0.0058350664
    0.0015156995
   -0.0030031111
   -0.0070870893
    -0.010164856
    -0.011807856
    -0.011790024
    -0.010118865
   -0.0070337044
   -0.0029714291
    0.0014953682
    0.0057390862
    0.0091652847
     0.011295940
     0.011836128
     0.010714832
    0.0080942387
    0.0043462963
  -6.1130861e-08
   -0.0043335510
   -0.0080465034
    -0.010620062
    -0.011696682
    -0.011129786
   -0.0090037046
   -0.0056211690
   -0.0014602178
    0.0028933504
    0.0068284382
    0.0097944175
     0.011378168
     0.011361607
    0.0097517059
    0.0067788582
    0.0028639222
   -0.0014413470
   -0.0055320504
   -0.0088351245
    -0.010889612
    -0.011410979
    -0.010330512
   -0.0078043288
   -0.0041908474
   6.1130861e-08
    0.0041790041
    0.0077599486
     0.010242394
     0.011281317
     0.010735112
    0.0086848752
    0.0054223988
    0.0014086543
   -0.0027913303
   -0.0065880020
   -0.0094500299
    -0.010978654
    -0.010963233
   -0.0094102585
   -0.0065418335
   -0.0027639229
    0.0013910929
    0.0053394322
    0.0085279241
     0.010511501
     0.011015314
    0.0099728060
    0.0075344681
    0.0040461338
  -6.1130862e-08
   -0.0040351010
   -0.0074931018
   -0.0098906644
    -0.010894440
    -0.010367470
   -0.0083878535
   -0.0052372058
   -0.0013606080
    0.0026962597
    0.0063639220
    0.0091290381
     0.010606244
     0.010591849
    0.0090919131
    0.0063208239
    0.0026706711
   -0.0013442253
   -0.0051597761
   -0.0082413688
    -0.010158767
    -0.010646168
   -0.0096390432
   -0.0072826461
   -0.0039110807
   6.1130861e-08
    0.0039007786
    0.0072439975
    0.0095622899
     0.010533219
     0.010024176
    0.0081104761
    0.0050642447
    0.0013157311
   -0.0026074521
   -0.0061545840
   -0.0088291365
    -0.010258270
    -0.010244803
   -0.0087944017
   -0.0061142594
   -0.0025835063
    0.0013004129
    0.0049918164
    0.0079734452
    0.0098289372
     0.010300961
    0.0093268972
    0.0070471128
    0.0037847520
  -6.1130862e-08
   -0.0037751110
   -0.0070109231
   -0.0092550192
    -0.010195182
   -0.0097028876
   -0.0078508565
   -0.0049023426
   -0.0012737199
    0.0025243082
    0.0059585798
    0.0085483126
    0.0099324045
    0.0099197771
    0.0085157441
    0.0059207686
    0.0025018513
   -0.0012593664
   -0.0048344468
   -0.0077223934
   -0.0095198517
   -0.0099774385
   -0.0090343337
   -0.0068263372
   -0.0036663287
   6.1130861e-08
    0.0036572878
    0.0067923795
    0.0089668812
    0.0098781682
    0.0094015551
    0.0076073424
    0.0047504716
    0.0012343084
   -0.0024463030
   -0.0057746745
   -0.0082848021
   -0.0096266043
   -0.0096147405
   -0.0082542031
   -0.0057391484
   -0.0024251996
    0.0012208320
    0.0046866964
    0.0074866683
    0.0092296129
    0.0096736187
    0.0087595661
    0.0066189744
    0.0035550913
  -6.1130861e-08
   -0.0035465968
   -0.0065870490
   -0.0086961428
   -0.0095802742
   -0.0091183752
   -0.0073784802
   -0.0046077275
   -0.0011972625
    0.0023729743
    0.0056017815
    0.0080370518
    0.0093390716
    0.0093279042
    0.0080082485
    0.0055683390
    0.0023531051
   -0.0011845858
   -0.0045477093
   -0.0072649079
   -0.0089565480
   -0.0093877552
   -0.0085010185
   -0.0064238383
   -0.0034504049
   6.1130861e-08
    0.0034424094
    0.0063937683
    0.0084412742
    0.0092998213
    0.0088517555
    0.0071629860
    0.0044733115
    0.0011623754
   -0.0023039139
   -0.0054389405
   -0.0078036889
   -0.0090682172
   -0.0090576865
   -0.0077765274
   -0.0054074029
   -0.0022851731
    0.0011504299
    0.0044167285
    0.0070559071
    0.0086991764
    0.0091183017
    0.0082572959
    0.0062398783
    0.0033517075
  -6.1130861e-08
   -0.0033441687
   -0.0062115071
   -0.0082009198
   -0.0090353214
   -0.0086002846
   -0.0069597220
   -0.0043465154
   -0.0011294639
    0.0022387596
    0.0052852995
    0.0075834955
    0.0088126308
    0.0088026838
    0.0075578390
    0.0052555082
    0.0022210532
   -0.0011181886
   -0.0042930814
   -0.0068585953
   -0.0084561832
   -0.0088638847
   -0.0080271587
   -0.0060661610
   -0.0032584994
   6.1130861e-08
    0.0032513798
    0.0060393490
    0.0079738740
    0.0087854509
    0.0083627072
    0.0067676756
    0.0042267092
    0.0010983646
   -0.0021771892
   -0.0051401003
   -0.0073753873
   -0.0085710568
   -0.0085616461
   -0.0073511138
   -0.0051119137
   -0.0021604334
    0.0010877053
    0.0041761688
    0.0066720187
    0.0082263961
    0.0086232797
    0.0078095018
    0.0059018543
    0.0031703350
  -6.1130861e-08
   -0.0031636011
   -0.0058764767
   -0.0077590613
   -0.0085490287
   -0.0081379027
   -0.0065859432
   -0.0041133304
   -0.0010689320
    0.0021189149
    0.0050026658
    0.0071783960
    0.0083423736
    0.0083334569
    0.0071553964
    0.0049759572
    0.0021030345
   -0.0010588400
   -0.0040654553
   -0.0064953243
   -0.0080087671
   -0.0083953917
   -0.0076033369
   -0.0057462135
   -0.0030868157
   6.1130861e-08
    0.0030804375
    0.0057221587
    0.0075555189
    0.0083249977
    0.0079248681
    0.0064137156
    0.0040058752
    0.0010410355
   -0.0020636788
   -0.0048723893
   -0.0069916539
   -0.0081255763
   -0.0081171156
   -0.0069698303
   -0.0048470451
   -0.0020486066
    0.0010314672
    0.0039604604
    0.0063277473
    0.0078023561
    0.0081792383
    0.0074077772
    0.0055985707
    0.0030075838
  -6.1130861e-08
   -0.0030015343
   -0.0055757381
   -0.0073623826
   -0.0081124085
   -0.0077227026
   -0.0062502662
   -0.0039038913
   -0.0010145580
    0.0020112494
    0.0047487259
    0.0068143816
    0.0079197616
    0.0079117227
    0.0067936457
    0.0047246438
    0.0019969248
   -0.0010054741
   -0.0038607523
   -0.0061685997
   -0.0076063175
   -0.0079739361
   -0.0072220248
   -0.0054583248
   -0.0029323176
   6.1130861e-08
    0.0029265724
    0.0054366240
    0.0071788742
    0.0079104064
    0.0075305951
    0.0060949406
    0.0038069711
   0.00098939387
   -0.0019614182
   -0.0046311844
   -0.0066458764
   -0.0077241156
   -0.0077164677
   -0.0066261487
   -0.0046082720
   -0.0019477864
   0.00098075893
    0.0037659414
    0.0060172611
    0.0074198886
    0.0077786878
    0.0070453602
    0.0053249336
    0.0028607264
  -6.1130861e-08
   -0.0028552635
   -0.0053042828
   -0.0070042913
   -0.0077182197
   -0.0073478132
   -0.0059471476
   -0.0037147466
  -0.00096544773
    0.0019139965
    0.0045193212
    0.0064855038
    0.0075379028
    0.0075306180
    0.0064667122
    0.0044974951
    0.0019010082
  -0.00095722970
   -0.0036756756
   -0.0058731706
   -0.0072423797
   -0.0075927726
   -0.0068771322
   -0.0051979064
   -0.0027925476
   6.1130861e-08
    0.0027873471
    0.0051782315
    0.0068379982
    0.0075351501
    0.0071736940
    0.0058063525
    0.0036268848
   0.00094263326
   -0.0018688139
   -0.0044127346
   -0.0063326887
   -0.0073604572
   -0.0073535100
   -0.0063147680
   -0.0043919189
   -0.0018564241
   0.00093480306
    0.0035896358
    0.0057358195
    0.0070731657
    0.0074155369
    0.0067167507
    0.0050767985
    0.0027275428
  -6.1130861e-08
   -0.0027225866
   -0.0050580322
   -0.0066794181
   -0.0073605637
   -0.0070076358
   -0.0056720696
   -0.0035430831
  -0.00092087209
    0.0018257153
    0.0043110599
    0.0061869093
    0.0071911737
    0.0071845413
    0.0061698001
    0.0042911857
    0.0018138832
  -0.00091340328
   -0.0035075319
   -0.0056047459
   -0.0069116783
   -0.0072463868
   -0.0065636793
   -0.0049612056
   -0.0026654955
   6.1130861e-08
    0.0026607671
    0.0049432865
    0.0065280267
    0.0071938844
    0.0068490916
    0.0055438574
    0.0034630664
   0.00090009292
   -0.0017845598
   -0.0042139650
   -0.0060476907
   -0.0070295019
   -0.0070231632
   -0.0060313388
   -0.0041949696
   -0.0017732483
   0.00089296141
    0.0034290999
    0.0054795290
    0.0067574002
    0.0070847813
    0.0064174291
    0.0048507592
    0.0026062083
  -6.1130861e-08
   -0.0026016927
   -0.0048336316
   -0.0063833458
   -0.0070345868
   -0.0066975626
   -0.0054213133
   -0.0033865841
  -0.00088023075
    0.0017452190
    0.0041211475
    0.0059145996
    0.0068749396
    0.0068688755
    0.0058989558
    0.0041029736
    0.0017343941
  -0.00087341455
   -0.0033540989
   -0.0053597849
   -0.0066098591
   -0.0069302266
   -0.0062775544
   -0.0047451232
   -0.0025495011
   6.1130862e-08
    0.0025451846
    0.0047287361
    0.0062449390
    0.0068821911
    0.0065525933
    0.0053040695
    0.0033134070
   0.00086122619
   -0.0017075753
   -0.0040323307
   -0.0057872403
   -0.0067270281
   -0.0067212210
   -0.0057722593
   -0.0040149259
   -0.0016972060
   0.00085470517
    0.0032823086
    0.0052451625
    0.0064686232
    0.0067822713
    0.0061436469
    0.0046439901
    0.0024952089
  -6.1130861e-08
   -0.0024910790
   -0.0046282966
   -0.0061124069
   -0.0067362584
   -0.0064137668
   -0.0051917895
   -0.0032433253
  -0.00084302486
    0.0016715214
    0.0039472615
    0.0056652503
    0.0065853471
    0.0065797809
    0.0056508907
    0.0039305777
    0.0016615791
  -0.00083678058
   -0.0032135270
   -0.0051353400
   -0.0063332968
   -0.0066405013
   -0.0060153330
   -0.0045470778
   -0.0024431809
   6.1130861e-08
    0.0024392259
    0.0045320351
    0.0059853832
    0.0065963860
    0.0062807007
    0.0050841645
    0.0031761468
   0.00082557690
   -0.0016369585
   -0.0038657075
   -0.0055482970
   -0.0064495109
   -0.0064441710
   -0.0055345208
   -0.0038497006
   -0.0016274171
   0.00081959241
    0.0031475690
    0.0050300221
    0.0062035165
    0.0065045368
    0.0058922691
    0.0044541277
    0.0023932782
  -6.1130861e-08
   -0.0023894875
   -0.0044396963
   -0.0058635315
   -0.0064622041
   -0.0061530438
   -0.0049809110
   -0.0031116947
  -0.00080883648
    0.0016037960
    0.0037874554
    0.0054360748
    0.0063191653
    0.0063140381
    0.0054228470
    0.0037720846
    0.0015946315
  -0.00080309620
   -0.0030842642
   -0.0049289372
   -0.0060789483
   -0.0063740284
   -0.0057741397
   -0.0043649015
   -0.0023453731
   6.1130861e-08
    0.0023417371
    0.0043510451
    0.0057465422
    0.0063333724
    0.0060304728
    0.0048817679
    0.0030498063
   0.00079276141
   -0.0015719505
   -0.0037123084
   -0.0053283024
   -0.0061939840
   -0.0061890569
   -0.0053155906
   -0.0036975365
   -0.0015631408
   0.00078725098
    0.0030234556
    0.0048318352
    0.0059592843
    0.0062486540
    0.0056606538
    0.0042791798
    0.0022993482
  -6.1130861e-08
   -0.0022958578
   -0.0042658649
   -0.0056341299
   -0.0062095770
   -0.0059126898
   -0.0047864945
   -0.0029903316
  -0.00077731282
    0.0015413452
    0.0036400855
    0.0052247201
    0.0060736660
    0.0060689275
    0.0052124948
    0.0036258779
    0.0015328697
  -0.00077201897
   -0.0029649985
   -0.0047384852
   -0.0058442406
   -0.0061281166
   -0.0055515427
   -0.0041967602
   -0.0022550948
   6.1130861e-08
    0.0022517417
    0.0041839560
    0.0055260312
    0.0060905285
    0.0057994195
    0.0046948687
    0.0029331322
   0.00076245476
   -0.0015119089
   -0.0035706191
   -0.0051250884
   -0.0059579332
   -0.0059533727
   -0.0051133219
   -0.0035569439
   -0.0015037487
   0.00075736525
    0.0029087590
    0.0046486738
    0.0057335546
    0.0060121416
    0.0054465585
    0.0041174555
    0.0022125127
  -6.1130861e-08
   -0.0022092891
   -0.0041051332
   -0.0054220025
   -0.0059759588
   -0.0056904075
   -0.0046066848
   -0.0028780799
  -0.00074815402
    0.0014835758
    0.0035037545
    0.0050291854
    0.0058465286
    0.0058421360
    0.0050178522
    0.0034905821
    0.0014757135
  -0.00074325749
   -0.0028546134
   -0.0045622037
   -0.0056269833
   -0.0059004747
   -0.0053454712
   -0.0040410924
   -0.0021715088
   6.1130861e-08
    0.0021684077
    0.0040292255
    0.0053218181
    0.0058656199
    0.0055854181
    0.0045217526
    0.0028250561
   0.00073437982
   -0.0014562852
   -0.0034393482
   -0.0049368057
   -0.0057392136
   -0.0057349800
   -0.0049258822
   -0.0034266511
   -0.0014487045
   0.00072966574
    0.0028024467
    0.0044788917
    0.0055243014
    0.0057928803
    0.0052480678
    0.0039675102
    0.0021319970
  -6.1130861e-08
   -0.0021290118
   -0.0039560741
   -0.0052252689
   -0.0057592817
   -0.0054842326
   -0.0044398954
   -0.0027739506
  -0.00072110360
    0.0014299806
    0.0033772670
    0.0048477586
    0.0056357673
    0.0056316840
    0.0048372228
    0.0033650198
    0.0014226663
  -0.00071656220
   -0.0027521525
   -0.0043985679
   -0.0054252999
   -0.0056891395
   -0.0051541506
   -0.0038965596
   -0.0020938974
   6.1130861e-08
    0.0020910219
    0.0038855315
    0.0051321605
    0.0056567304
    0.0053866481
    0.0043609492
    0.0027246613
   0.00070829884
   -0.0014046094
   -0.0033173872
   -0.0047618669
   -0.0055359841
   -0.0055320433
   -0.0047516985
   -0.0033055663
   -0.0013975476
   0.00070392103
    0.0027036317
    0.0043210745
    0.0053297844
    0.0055890490
    0.0050635356
    0.0038281021
    0.0020571356
  -6.1130861e-08
   -0.0020543640
   -0.0038174606
   -0.0050423122
   -0.0055577674
   -0.0052924756
   -0.0042847614
   -0.0026770930
  -0.00069594085
    0.0013801228
    0.0032595939
    0.0046789659
    0.0054396728
    0.0054358671
    0.0046691458
    0.0032481771
    0.0013733004
  -0.00069171818
   -0.0026567922
   -0.0042462643
   -0.0052375740
   -0.0054924195
   -0.0049760519
   -0.0037620084
   -0.0020216423
   6.1130862e-08
    0.0020189693
    0.0037517337
    0.0049555558
    0.0054622075
    0.0052015392
    0.0042111900
    0.0026311570
   0.00068400667
   -0.0013564754
   -0.0032037798
   -0.0045989020
   -0.0053466553
   -0.0053429779
   -0.0045894126
   -0.0031927466
   -0.0013498802
   0.00067993124
    0.0026115480
    0.0041740004
    0.0051484999
    0.0053990744
    0.0048915397
    0.0036981582
    0.0019873530
  -6.1130861e-08
   -0.0019847737
   -0.0036882319
   -0.0048717342
   -0.0053698782
   -0.0051136751
   -0.0041401024
   -0.0025867709
  -0.00067247486
    0.0013336247
    0.0031498449
    0.0045215321
    0.0052567656
    0.0052532099
    0.0045123567
    0.0031391762
    0.0013272454
  -0.00066853930
   -0.0025678190
   -0.0041041550
   -0.0050624049
   -0.0053088492
   -0.0048098502
   -0.0036364392
   -0.0019542074
   6.1130861e-08
