   -0.0051721580
   -0.0050186227
   -0.0048066747
   -0.0045386941
   -0.0042177138
   -0.0038473855
   -0.0034319381
   -0.0029761293
   -0.0024851912
   -0.0019647703
   -0.0014208628
  -0.00085974492
  -0.00028790121
   0.00028805082
   0.00086143708
    0.0014256043
    0.0019739971
    0.0025002342
    0.0029981826
    0.0034620293
    0.0038863487
    0.0042661663
    0.0045970169
    0.0048749972
    0.0050968117
    0.0052598118
    0.0053620272
    0.0054021901
    0.0053797504
    0.0052948832
    0.0051484878
    0.0049421784
    0.0046782661
    0.0043597330
    0.0039901989
    0.0035738800
    0.0031155406
    0.0026204389
    0.0020942666
    0.0015430836
   0.00097324810
   0.00039134315
  -0.00019589904
  -0.00078167518
   -0.0013591896
   -0.0019217333
   -0.0024627613
   -0.0029759695
   -0.0034553676
   -0.0038953490
   -0.0042907567
   -0.0046369433
   -0.0049298260
   -0.0051659343
   -0.0053424515
   -0.0054572479
   -0.0055089066
   -0.0054967411
   -0.0054208040
   -0.0052818874
   -0.0050815151
   -0.0048219256
   -0.0045060470
   -0.0041374647
   -0.0037203799
   -0.0032595623
   -0.0027602953
   -0.0022283157
   -0.0016697475
   -0.0010910317
  -0.00049885196
   9.9942613e-05
   0.00069841663
    0.0012896287
    0.0018667119
    0.0024229535
    0.0029518731
    0.0034472981
    0.0039034354
    0.0043149398
    0.0046769757
    0.0049852747
    0.0052361854
    0.0054267169
    0.0055545741
    0.0056181856
    0.0056167228
    0.0055501107
    0.0054190295
    0.0052249081
    0.0049699086
    0.0046569019
    0.0042894360
    0.0038716953
    0.0034084530
    0.0029050172
    0.0023671694
    0.0018010983
    0.0012133291
   0.00061064745
   2.2027540e-08
  -0.00061147659
   -0.0012167576
   -0.0018087920
   -0.0023806947
   -0.0029258038
   -0.0034377588
   -0.0039105745
   -0.0043387110
   -0.0047171387
   -0.0050413970
   -0.0053076473
   -0.0055127181
   -0.0056541427
   -0.0057301892
   -0.0057398811
   -0.0056830103
   -0.0055601401
   -0.0053726000
   -0.0051224714
   -0.0048125649
   -0.0044463878
   -0.0040281055
   -0.0035624936
   -0.0030548835
   -0.0025111013
   -0.0019374012
   -0.0013403934
  -0.00072696803
  -0.00010421565
   0.00052065466
    0.0011403987
    0.0017478213
    0.0023358594
    0.0028976647
    0.0034266828
    0.0039167301
    0.0043620659
    0.0047574595
    0.0050982518
    0.0053804100
    0.0056005752
    0.0057561029
    0.0058450939
    0.0058664180
    0.0058197280
    0.0057054650
    0.0055248545
    0.0052798930
    0.0049733264
    0.0046086190
    0.0041899146
    0.0037219893
    0.0032101971
    0.0026604087
    0.0020789440
    0.0014724999
   0.00084807281
   0.00021287812
  -0.00042573314
   -0.0010603594
   -0.0016836341
   -0.0022883116
   -0.0028673508
   -0.0034139976
   -0.0039218635
   -0.0043849999
   -0.0047979682
   -0.0051559035
   -0.0054545716
   -0.0056904196
   -0.0058606174
   -0.0059630922
   -0.0059965536
   -0.0059605093
   -0.0058552725
   -0.0056819594
   -0.0054424770
   -0.0051395031
   -0.0047764553
   -0.0043574536
   -0.0038872726
   -0.0033712882
   -0.0028154152
   -0.0022260403
   -0.0016099481
  -0.00097424382
  -0.00032627049
   0.00032647516
   0.00097642968
    0.0016160504
    0.0022379031
    0.0028347482
    0.0033996250
    0.0039259329
    0.0044075086
    0.0048386981
    0.0052144228
    0.0055302400
    0.0057823946
    0.0059678640
    0.0060843946
    0.0061305286
    0.0061056224
    0.0060098552
    0.0058442285
    0.0056105553
    0.0053114405
    0.0049502523
    0.0045310837
    0.0040587064
    0.0035385169
    0.0029764741
    0.0023790320
    0.0017530649
    0.0011057887
   0.00044467742
  -0.00022262249
  -0.00088838109
   -0.0015448742
   -0.0021844731
   -0.0027997329
   -0.0033834796
   -0.0039288933
   -0.0044295878
   -0.0048796859
   -0.0052738877
   -0.0056075332
   -0.0058766575
   -0.0060780376
   -0.0062092312
   -0.0062686062
   -0.0062553605
   -0.0061695332
   -0.0060120052
   -0.0057844903
   -0.0054895166
   -0.0051303986
   -0.0047111999
   -0.0042366873
   -0.0037122768
   -0.0031439715
   -0.0025382932
   -0.0019022074
   -0.0012430434
  -0.00056840994
   0.00011389302
   0.00079596390
    0.0014698913
    0.0021278455
    0.0027621697
    0.0033654688
    0.0039306957
    0.0044512333
    0.0049209726
    0.0053343836
    0.0056865809
    0.0059733808
    0.0061913517
    0.0063378545
    0.0064110748
    0.0064100451
    0.0063346573
    0.0061856658
    0.0059646795
    0.0056741452
    0.0053173198
    0.0048982347
    0.0044216497
    0.0038929991
    0.0033183300
    0.0027042330
    0.0020577665
    0.0013863762
   0.00069780852
   2.2027540e-08
  -0.00069890489
   -0.0013908674
   -0.0020678283
   -0.0027219110
   -0.0033454915
   -0.0039312870
   -0.0044724409
   -0.0049626033
   -0.0053960050
   -0.0057675257
   -0.0060727542
   -0.0063080410
   -0.0064705418
   -0.0065582514
   -0.0065700291
   -0.0065056126
   -0.0063656231
   -0.0061515590
   -0.0058657805
   -0.0055114833
   -0.0050926630
   -0.0046140704
   -0.0040811570
   -0.0035000137
   -0.0028773007
   -0.0022201715
   -0.0015361906
  -0.00083324671
  -0.00011946138
   0.00059690437
    0.0013075458
    0.0020042106
    0.0026787948
    0.0033234368
    0.0039306093
    0.0044932066
    0.0050046282
    0.0054588560
    0.0058505249
    0.0061749865
    0.0064283639
    0.0066075980
    0.0067104845
    0.0067357008
    0.0066828228
    0.0065523314
    0.0063456085
    0.0060649223
    0.0057134029
    0.0052950070
    0.0048144737
    0.0042772708
    0.0036895326
    0.0030579903
    0.0023898941
    0.0016929308
   0.00097513524
   0.00024479742
  -0.00048963292
   -0.0012196441
   -0.0019367610
   -0.0026326435
   -0.0032991836
   -0.0039285995
   -0.0045135264
   -0.0050471030
   -0.0055230517
   -0.0059357523
   -0.0062803083
   -0.0065526054
   -0.0067493599
   -0.0068681586
   -0.0069074884
   -0.0068667549
   -0.0067462915
   -0.0065473568
   -0.0062721215
   -0.0059236452
   -0.0055058422
   -0.0050234376
   -0.0044819140
   -0.0038874494
   -0.0032468462
   -0.0025674543
   -0.0018570861
   -0.0011239268
  -0.00037644051
   0.00037672758
    0.0011268513
    0.0018652245
    0.0025832617
    0.0032725985
    0.0039251882
    0.0045333964
    0.0050900897
    0.0055887198
    0.0060233998
    0.0063889744
    0.0066810804
    0.0068961992
    0.0070316984
    0.0070858648
    0.0070579250
    0.0069480567
    0.0067573881
    0.0064879865
    0.0061428360
    0.0057258046
    0.0052416007
    0.0046957205
    0.0040943852
    0.0034444702
    0.0027534269
    0.0020291970
    0.0012801213
   0.00051484397
  -0.00025778746
   -0.0010288242
   -0.0017893197
   -0.0025304336
   -0.0032435343
   -0.0039202994
   -0.0045528128
   -0.0051336574
   -0.0056560018
   -0.0061136806
   -0.0065012673
   -0.0068141382
   -0.0070485280
   -0.0072015746
   -0.0072713540
   -0.0072569046
   -0.0071582398
   -0.0069763497
   -0.0067131915
   -0.0063716686
   -0.0059555985
   -0.0054696703
   -0.0049193921
   -0.0043110282
   -0.0036515284
   -0.0029484481
   -0.0022098623
   -0.0014442727
  -0.00066050984
   0.00013236858
   0.00092518237
    0.0017087350
    0.0024739204
    0.0032118285
    0.0039138490
    0.0045717719
    0.0051778831
    0.0057250554
    0.0062068316
    0.0066175008
    0.0069521664
    0.0072068039
    0.0073783096
    0.0074645380
    0.0074643286
    0.0073775213
    0.0072049600
    0.0069484849
    0.0066109127
    0.0061960061
    0.0057084319
    0.0051537082
    0.0045381428
    0.0038687608
    0.0031532247
    0.0023997471
    0.0016169960
   0.00081399563
   2.2027540e-08
  -0.00081550374
   -0.0016231246
   -0.0024134573
   -0.0031773009
   -0.0039057444
   -0.0045902700
   -0.0052228532
   -0.0057960564
   -0.0063031165
   -0.0067380246
   -0.0070955968
   -0.0073715364
   -0.0075624853
   -0.0076660644
   -0.0076809034
   -0.0076066587
   -0.0074440191
   -0.0071947000
   -0.0068614254
   -0.0064478983
   -0.0059587598
   -0.0053995368
   -0.0047765800
   -0.0040969914
   -0.0033685437
   -0.0025995918
   -0.0017989762
  -0.00097592220
  -0.00013993335
   0.00069931819
    0.0015321035
    0.0023487494
    0.0031397511
    0.0038958825
    0.0046083036
    0.0052686642
    0.0058692013
    0.0064028304
    0.0068632289
    0.0072449115
    0.0075432944
    0.0077547512
    0.0078766564
    0.0079074181
    0.0078464979
    0.0076944201
    0.0074527672
    0.0071241636
    0.0067122475
    0.0062216308
    0.0056578472
    0.0050272902
    0.0043371404
    0.0035952843
    0.0028102236
    0.0019909783
    0.0011469830
   0.00028797856
  -0.00057610073
   -0.0014352415
   -0.0022794676
   -0.0030989555
   -0.0038841487
   -0.0046258693
   -0.0053154249
   -0.0059447104
   -0.0065063033
   -0.0069935512
   -0.0074006503
   -0.0077227147
   -0.0079558346
   -0.0080971240
   -0.0081447559
   -0.0080979861
   -0.0079571635
   -0.0077237286
   -0.0074001992
   -0.0069901430
   -0.0064981388
   -0.0059297251
   -0.0052913382
   -0.0045902391
   -0.0038344312
   -0.0030325692
   -0.0021938595
   -0.0013279552
  -0.00044484471
   0.00044526311
    0.0013320571
    0.0022052432
    0.0030546636
    0.0038704149
    0.0046429637
    0.0053632576
    0.0060228315
    0.0066139067
    0.0071294826
    0.0075634199
    0.0079105130
    0.0081665526
    0.0083283767
    0.0083939095
    0.0083621874
    0.0082333729
    0.0080087550
    0.0076907366
    0.0072828088
    0.0067895132
    0.0062163909
    0.0055699207
    0.0048574461
    0.0040870916
    0.0032676704
    0.0024085835
    0.0015197121
   0.00061130420
  -0.00030614401
   -0.0012220088
   -0.0021256620
   -0.0030065944
   -0.0038545375
   -0.0046595834
   -0.0054123006
   -0.0061038440
   -0.0067260588
   -0.0072715769
   -0.0077339037
   -0.0081074956
   -0.0083878259
   -0.0085714399
   -0.0086559972
   -0.0086403012
   -0.0085243153
   -0.0083091664
   -0.0079971336
   -0.0075916250
   -0.0070971401
   -0.0065192205
   -0.0058643874
   -0.0051400687
   -0.0043545142
   -0.0035167024
   -0.0026362374
   -0.0017232395
  -0.00078822850
   0.00015799730
    0.0011044855
    0.0020402565
    0.0029544307
    0.0038363546
    0.0046757254
    0.0054627108
    0.0061880641
    0.0068432331
    0.0074204602
    0.0079128749
    0.0083145746
    0.0086206960
    0.0088274732
    0.0089322844
    0.0089336843
    0.0088314239
    0.0086264560
    0.0083209267
    0.0079181533
    0.0074225886
    0.0068397717
    0.0061762662
    0.0054395865
    0.0046381128
    0.0037809958
    0.0028780524
    0.0019396534
   0.00097660454
   2.2027540e-08
  -0.00097879548
   -0.0019484976
   -0.0028978136
   -0.0038156835
   -0.0046913864
   -0.0055146662
   -0.0062758510
   -0.0069659669
   -0.0075768435
   -0.0081012108
   -0.0085327853
   -0.0088663452
   -0.0090977934
   -0.0092242078
   -0.0092438777
   -0.0091563266
   -0.0089623202
   -0.0086638611
   -0.0082641680
   -0.0077676411
   -0.0071798143
   -0.0065072932
   -0.0057576815
   -0.0049394945
   -0.0040620634
   -0.0031354280
   -0.0021702227
   -0.0011775545
  -0.00016887482
   0.00084415195
    0.0018497834
    0.0028363352
    0.0037923164
    0.0047065636
    0.0055683706
    0.0063676143
    0.0070948729
    0.0077415371
    0.0082999119
    0.0087633079
    0.0091261213
    0.0093839015
    0.0095334055
    0.0095726383
    0.0095008794
    0.0093186935
    0.0090279277
    0.0086316931
    0.0081343314
    0.0075413678
    0.0068594498
    0.0060962729
    0.0052604937
    0.0043616318
    0.0034099620
    0.0024163964
    0.0013923598
   0.00034965836
  -0.00069965646
   -0.0017434269
   -0.0027695297
   -0.0037660167
   -0.0047212539
   -0.0056240571
   -0.0064638228
   -0.0072306522
   -0.0079154684
   -0.0085101230
   -0.0090074933
   -0.0094015672
   -0.0096875160
   -0.0098617530
   -0.0099219782
   -0.0098672085
   -0.0096977919
   -0.0094154073
   -0.0090230479
   -0.0085249900
   -0.0079267468
   -0.0072350072
   -0.0064575614
   -0.0056032134
   -0.0046816813
   -0.0037034870
   -0.0026798363
   -0.0016224904
  -0.00054363148
   0.00054427822
    0.0016286396
    0.0026968627
    0.0037365127
    0.0047354545
    0.0056819942
    0.0065650157
    0.0073741112
    0.0080997039
    0.0087331606
    0.0092668950
    0.0096944576
     0.010010614
     0.010211408
     0.010294212
     0.010257760
     0.010102166
    0.0098289251
    0.0094409022
    0.0089423005
    0.0083386168
    0.0076365812
    0.0068440818
    0.0059700769
    0.0050244935
    0.0040181149
    0.0029624578
    0.0018696409
   0.00075224542
  -0.00037682877
   -0.0015045125
   -0.0026177183
   -0.0037034919
   -0.0047491628
   -0.0057424923
   -0.0066718161
   -0.0075261814
   -0.0082954757
   -0.0089705462
   -0.0095433086
    -0.010006844
    -0.010355481
    -0.010584866
    -0.010692018
    -0.010675365
    -0.010534766
    -0.010271519
   -0.0098883456
   -0.0093893685
   -0.0087800633
   -0.0080672002
   -0.0072587692
   -0.0063638903
   -0.0053927113
   -0.0043562922
   -0.0032664804
   -0.0021357746
  -0.00097718212
   0.00019593060
    0.0013699921
    0.0025313826
    0.0036665918
    0.0047623760
    0.0058059122
    0.0067849478
    0.0076879450
    0.0085042154
    0.0092240472
    0.0098388204
     0.010341109
     0.010724772
     0.010985027
     0.011118508
     0.011123312
     0.010999024
     0.010746721
     0.010368973
    0.0098698082
    0.0092546772
    0.0085303897
    0.0077050410
    0.0067879216
    0.0057894127
    0.0047208691
    0.0035944898
    0.0024231799
    0.0012204019
   2.2027540e-08
   -0.0012238499
   -0.0024370231
   -0.0036253904
   -0.0047750917
   -0.0058726756
   -0.0069052565
   -0.0078606660
   -0.0087275951
   -0.0094957289
    -0.010155868
    -0.010700041
    -0.011121594
    -0.011415282
    -0.011577322
    -0.011605452
    -0.011498953
    -0.011258667
    -0.010886991
    -0.010387850
   -0.0097666632
   -0.0090302782
   -0.0081869002
   -0.0072459994
   -0.0062182050
   -0.0051151858
   -0.0039495174
   -0.0027345396
   -0.0014842036
  -0.00021291244
    0.0010646451
    0.0023336637
    0.0035793926
    0.0047873073
    0.0059432782
    0.0070337360
    0.0080458302
    0.0089675808
    0.0097880193
     0.010497320
     0.011086915
     0.011549600
     0.011879621
     0.012072745
     0.012126315
     0.012039281
     0.011812226
     0.011447355
     0.010948479
     0.010320976
    0.0095717323
    0.0087090662
    0.0077426383
    0.0066833424
    0.0055431831
    0.0043351399
    0.0030730201
    0.0017713010
   0.00044496422
  -0.00089067631
   -0.0022201511
   -0.0035280138
   -0.0047990205
   -0.0060183069
   -0.0071715621
   -0.0082451958
   -0.0092264988
    -0.010103793
    -0.010866568
    -0.011505612
    -0.012013116
    -0.012382772
    -0.012609854
    -0.012691270
    -0.012625613
    -0.012413172
    -0.012055944
    -0.011557609
    -0.010923497
    -0.010160528
   -0.0092771420
   -0.0082832000
   -0.0071898787
   -0.0060095432
   -0.0047556082
   -0.0034423853
   -0.0020849205
  -0.00069882179
   0.00069991962
    0.0020951138
    0.0034705589
    0.0048102292
    0.0060984610
    0.0073201362
    0.0084608584
    0.0095071230
     0.010446476
     0.011267663
     0.011960763
     0.012517305
     0.012930378
     0.013194709
     0.013306733
     0.013264641
     0.013068405
     0.012719783
     0.012222310
     0.011581256
     0.010803576
    0.0098978318
    0.0088741011
    0.0077438635
    0.0065198727
    0.0052160136
    0.0038471446
    0.0024289287
   0.00097765485
  -0.00048994865
   -0.0019569069
   -0.0034061941
   -0.0048209310
   -0.0061845806
   -0.0074811417
   -0.0086953357
   -0.0098127864
    -0.010820190
    -0.011705472
    -0.012457935
    -0.013068380
    -0.013529229
    -0.013834607
    -0.013980425
    -0.013964429
    -0.013786236
    -0.013447339
    -0.012951105
    -0.012302733
    -0.011509209
    -0.010579224
   -0.0095230860
   -0.0083526005
   -0.0070809423
   -0.0057225066
   -0.0042927468
   -0.0028079990
   -0.0012852957
   0.00025782900
    0.0018035408
    0.0033339110
    0.0048311239
    0.0062776838
    0.0076566187
    0.0089516794
     0.010147530
     0.011229930
     0.012185901
     0.013003885
     0.013673882
     0.014187570
     0.014538410
     0.014721729
     0.014734777
     0.014576772
     0.014248909
     0.013754362
     0.013098247
     0.012287573
     0.011331170
     0.010239589
    0.0090249898
    0.0077010050
    0.0062825866
    0.0047858384
    0.0032278340
    0.0016264219
   2.2027540e-08
   -0.0016325857
   -0.0032524779
   -0.0048408061
   -0.0063790159
   -0.0078490631
   -0.0092336245
    -0.010516302
    -0.011681815
    -0.012716184
    -0.013606895
    -0.014343053
    -0.014915513
    -0.015316991
    -0.015542159
    -0.015587715
    -0.015452423
    -0.015137143
    -0.014644825
    -0.013980483
    -0.013151146
    -0.012165787
    -0.011035220
   -0.0097719891
   -0.0083902262
   -0.0069054938
   -0.0053346114
   -0.0036954646
   -0.0020068028
  -0.00028802498
    0.0014410426
    0.0031603740
    0.0048499755
    0.0064901169
    0.0080615614
    0.0095457909
     0.010925223
     0.012183419
     0.013305279
     0.014277222
     0.015087351
     0.015725594
     0.016183833
     0.016456004
     0.016538175
     0.016428602
     0.016127756
     0.015638330
     0.014965213
     0.014115449
     0.013098155
     0.011924433
     0.010607244
    0.0091612697
    0.0076027449
    0.0059492800
    0.0042196614
    0.0024336383
   0.00061169845
   -0.0012251660
   -0.0030557000
   -0.0048586305
   -0.0066129129
   -0.0082979760
   -0.0098939623
    -0.011381961
    -0.012744233
    -0.013964417
    -0.015027731
    -0.015921146
    -0.016633547
    -0.017155869
    -0.017481211
    -0.017604926
    -0.017524685
    -0.017240515
    -0.016754806
    -0.016072297
    -0.015200029
    -0.014147277
    -0.012925450
    -0.011547968
    -0.010030117
   -0.0083888796
   -0.0066427462
   -0.0048115074
   -0.0029160304
  -0.00097802262
   0.00098021661
    0.0029360512
    0.0048667693
    0.0067498459
    0.0085632049
     0.010285476
     0.011896249
     0.013376307
     0.014707865
     0.015874773
     0.016862718
     0.017659393
     0.018254653
     0.018640639
     0.018811882
     0.018765380
     0.018500638
     0.018019690
     0.017327090
     0.016429863
     0.015337445
     0.014061577
     0.012616185
     0.011017228
    0.0092825225
    0.0074315448
    0.0054852142
    0.0034656572
    0.0013959574
  -0.00070010763
   -0.0027983382
   -0.0048743905
   -0.0069040582
   -0.0088635535
    -0.010729784
    -0.012480626
    -0.014095181
    -0.015554029
    -0.016839457
    -0.017935674
    -0.018829005
    -0.019508057
    -0.019963864
    -0.020190004
    -0.020182686
    -0.019940804
    -0.019465967
    -0.018762494
    -0.017837377
    -0.016700212
    -0.015363104
    -0.013840540
    -0.012149229
    -0.010307925
   -0.0083372197
   -0.0062593097
   -0.0040977524
   -0.0018771981
   0.00037688950
    0.0026385235
    0.0048814924
    0.0070796620
    0.0092072788
     0.011239270
     0.013151537
     0.014921241
     0.016527073
     0.017949509
     0.019171044
     0.020176411
     0.020952762
     0.021489837
     0.021780092
     0.021818804
     0.021604139
     0.021137191
     0.020421985
     0.019465445
     0.018277331
     0.016870142
     0.015258987
     0.013461423
     0.011497266
    0.0093883752
    0.0071584109
    0.0048325703
    0.0024373051
   2.2027540e-08
   -0.0024512285
   -0.0048880738
   -0.0072821453
   -0.0096054069
    -0.011830482
    -0.013930972
    -0.015881770
    -0.017659359
    -0.019242091
    -0.020610450
    -0.021747289
    -0.022638045
    -0.023270920
    -0.023637035
    -0.023730550
    -0.023548751
    -0.023092095
    -0.022364231
    -0.021371971
    -0.020125233
    -0.018636942
    -0.016922905
    -0.015001638
    -0.012894172
    -0.010623826
   -0.0082159489
   -0.0056976398
   -0.0030974447
  -0.00044503594
    0.0022291247
    0.0048941334
    0.0075189988
     0.010073000
     0.012526044
     0.014849018
     0.017014130
     0.018995243
     0.020768184
     0.022311035
     0.023604408
     0.024631678
     0.025379195
     0.025836463
     0.025996282
     0.025854847
     0.025411823
     0.024670364
     0.023637103
     0.022322098
     0.020738737
     0.018903607
     0.016836321
     0.014559313
     0.012097599
    0.0094785017
    0.0067313519
    0.0038871634
   0.00097828536
   -0.0019619629
   -0.0048996700
   -0.0078007206
    -0.010631188
    -0.013357729
    -0.015947971
    -0.018370895
    -0.020597202
    -0.022599666
    -0.024353458
    -0.025836457
    -0.027029518
    -0.027916721
    -0.028485571
    -0.028727171
    -0.028636350
    -0.028211749
    -0.027455864
    -0.026375045
    -0.024979452
    -0.023282965
    -0.021303047
    -0.019060576
    -0.016579622
    -0.013887196
    -0.011012960
   -0.0079889038
   -0.0048489907
   -0.0016287835
    0.0016349561
    0.0049046825
    0.0081424937
     0.011310567
     0.014371594
     0.017289218
     0.020028461
     0.022556136
     0.024841245
     0.026855356
     0.028572946
     0.029971725
     0.031032914
     0.031741491
     0.032086396
     0.032060688
     0.031661657
     0.030890893
     0.029754299
     0.028262061
     0.026428563
     0.024272255
     0.021815474
     0.019084223
     0.016107893
     0.012918957
    0.0095526243
    0.0060464497
    0.0024399262
   -0.0012259561
   -0.0049091700
   -0.0085671267
    -0.012157162
    -0.015637026
    -0.018965379
    -0.022102267
    -0.025009603
    -0.027651618
    -0.029995292
    -0.032010762
    -0.033671695
    -0.034955617
    -0.035844213
    -0.036323570
    -0.036384382
    -0.036022093
    -0.035236999
    -0.034034285
    -0.032424008
    -0.030421033
    -0.028044900
    -0.025319647
    -0.022273572
    -0.018938948
    -0.015351690
    -0.011550979
   -0.0075788344
   -0.0034796655
   0.00070022046
    0.0049131316
    0.0091105267
     0.013243565
     0.017263665
     0.021123066
     0.024775386
     0.028176165
     0.031283401
     0.034058053
     0.036464522
     0.038471091
     0.040050337
     0.041179482
     0.041840704
     0.042021399
     0.041714372
     0.040917980
     0.039636211
     0.037878694
     0.035660650
     0.033002778
     0.029931074
     0.026476594
     0.022675145
     0.018566935
     0.014196154
    0.0096105140
    0.0048607400
   2.2027540e-08
   -0.0049165666
   -0.0098326789
    -0.014691326
    -0.019435522
    -0.024008938
    -0.028356552
    -0.032425297
    -0.036164691
    -0.039527441
    -0.042470028
    -0.044953246
    -0.046942700
    -0.048409263
    -0.049329465
    -0.049685839
    -0.049467183
    -0.048668777
    -0.047292506
    -0.045346928
    -0.042847256
    -0.039815270
    -0.036279151
    -0.032273240
    -0.027837727
    -0.023018266
    -0.017865529
    -0.012434688
   -0.0067848528
  -0.00097844302
    0.0049194742
     0.010841891
     0.016720596
     0.022486933
     0.028072577
     0.033410313
     0.038434819
     0.043083433
     0.047296901
     0.051020102
     0.054202727
     0.056799923
     0.058772878
     0.060089353
     0.060724138
     0.060659445
     0.059885219
     0.058399366
     0.056207901
     0.053324996
     0.049772950
     0.045582063
     0.040790412
     0.035443548
     0.029594099
     0.023301287
     0.016630367
    0.0096519922
    0.0024414998
   -0.0049218539
    -0.012355723
    -0.019775543
    -0.027095449
    -0.034229211
    -0.041091198
    -0.047597346
    -0.053666129
    -0.059219515
    -0.064183898
    -0.068490999
    -0.072078727
    -0.074891981
    -0.076883390
    -0.078013984
    -0.078253784
    -0.077582301
    -0.075988943
    -0.073473323
    -0.070045454
    -0.065725844
    -0.060545474
    -0.054545659
    -0.047777800
    -0.040303021
    -0.032191691
    -0.023522842
    -0.014383480
   -0.0048677978
    0.0049237053
     0.014885185
     0.024906495
     0.034874289
     0.044673187
     0.054186979
     0.063299864
     0.071897717
     0.079869351
     0.087107782
     0.093511480
     0.098985581
      0.10344306
      0.10680583
      0.10900584
      0.10998597
      0.10970094
      0.10811811
      0.10521808
      0.10099528
     0.095458357
     0.088630466
     0.080549399
     0.071267595
     0.060851985
     0.049383699
     0.036957633
     0.023681865
    0.0096769304
   -0.0049250279
    -0.019981250
    -0.035339464
    -0.050839105
    -0.066312639
    -0.081586974
    -0.096484955
     -0.11082692
     -0.12443233
     -0.13712138
     -0.14871670
     -0.15904505
     -0.16793896
     -0.17523838
     -0.18079232
     -0.18446035
     -0.18611413
     -0.18563880
     -0.18293424
     -0.17791630
     -0.17051784
     -0.16068963
     -0.14840119
     -0.13364134
     -0.11641873
    -0.096762063
    -0.074720280
    -0.050362455
    -0.023777586
    0.0049258216
     0.035620341
     0.068160376
      0.10238308
      0.13810946
      0.17514556
      0.21328389
      0.25230488
      0.29197853
      0.33206613
      0.37232205
      0.41249567
      0.45233328
      0.49158010
      0.52998227
      0.56728887
      0.60325394
      0.63763843
      0.67021216
      0.70075565
      0.72906193
      0.75493823
      0.77820754
      0.79871006
      0.81630455
      0.83086945
      0.84230391
      0.85052861
      0.85548641
      0.85714286
      0.85548641
      0.85052861
      0.84230391
      0.83086945
      0.81630455
      0.79871006
      0.77820754
      0.75493823
      0.72906193
      0.70075565
      0.67021216
      0.63763843
      0.60325394
      0.56728887
      0.52998227
      0.49158010
      0.45233328
      0.41249567
      0.37232205
      0.33206613
      0.29197853
      0.25230488
      0.21328389
      0.17514556
      0.13810946
      0.10238308
     0.068160376
     0.035620341
    0.0049258216
    -0.023777586
    -0.050362455
    -0.074720280
    -0.096762063
     -0.11641873
     -0.13364134
     -0.14840119
     -0.16068963
     -0.17051784
     -0.17791630
     -0.18293424
     -0.18563880
     -0.18611413
     -0.18446035
     -0.18079232
     -0.17523838
     -0.16793896
     -0.15904505
     -0.14871670
     -0.13712138
     -0.12443233
     -0.11082692
    -0.096484955
    -0.081586974
    -0.066312639
    -0.050839105
    -0.035339464
    -0.019981250
   -0.0049250279
    0.0096769304
     0.023681865
     0.036957633
     0.049383699
     0.060851985
     0.071267595
     0.080549399
     0.088630466
     0.095458357
      0.10099528
      0.10521808
      0.10811811
      0.10970094
      0.10998597
      0.10900584
      0.10680583
      0.10344306
     0.098985581
     0.093511480
     0.087107782
     0.079869351
     0.071897717
     0.063299864
     0.054186979
     0.044673187
     0.034874289
     0.024906495
     0.014885185
    0.0049237053
   -0.0048677978
    -0.014383480
    -0.023522842
    -0.032191691
    -0.040303021
    -0.047777800
    -0.054545659
    -0.060545474
    -0.065725844
    -0.070045454
    -0.073473323
    -0.075988943
    -0.077582301
    -0.078253784
    -0.078013984
    -0.076883390
    -0.074891981
    -0.072078727
    -0.068490999
    -0.064183898
    -0.059219515
    -0.053666129
    -0.047597346
    -0.041091198
    -0.034229211
    -0.027095449
    -0.019775543
    -0.012355723
   -0.0049218539
    0.0024414998
    0.0096519922
     0.016630367
     0.023301287
     0.029594099
     0.035443548
     0.040790412
     0.045582063
     0.049772950
     0.053324996
     0.056207901
     0.058399366
     0.059885219
     0.060659445
     0.060724138
     0.060089353
     0.058772878
     0.056799923
     0.054202727
     0.051020102
     0.047296901
     0.043083433
     0.038434819
     0.033410313
     0.028072577
     0.022486933
     0.016720596
     0.010841891
    0.0049194742
  -0.00097844302
   -0.0067848528
    -0.012434688
    -0.017865529
    -0.023018266
    -0.027837727
    -0.032273240
    -0.036279151
    -0.039815270
    -0.042847256
    -0.045346928
    -0.047292506
    -0.048668777
    -0.049467183
    -0.049685839
    -0.049329465
    -0.048409263
    -0.046942700
    -0.044953246
    -0.042470028
    -0.039527441
    -0.036164691
    -0.032425297
    -0.028356552
    -0.024008938
    -0.019435522
    -0.014691326
   -0.0098326789
   -0.0049165666
   2.2027540e-08
    0.0048607400
    0.0096105140
     0.014196154
     0.018566935
     0.022675145
     0.026476594
     0.029931074
     0.033002778
     0.035660650
     0.037878694
     0.039636211
     0.040917980
     0.041714372
     0.042021399
     0.041840704
     0.041179482
     0.040050337
     0.038471091
     0.036464522
     0.034058053
     0.031283401
     0.028176165
     0.024775386
     0.021123066
     0.017263665
     0.013243565
    0.0091105267
    0.0049131316
   0.00070022046
   -0.0034796655
   -0.0075788344
    -0.011550979
    -0.015351690
    -0.018938948
    -0.022273572
    -0.025319647
    -0.028044900
    -0.030421033
    -0.032424008
    -0.034034285
    -0.035236999
    -0.036022093
    -0.036384382
    -0.036323570
    -0.035844213
    -0.034955617
    -0.033671695
    -0.032010762
    -0.029995292
    -0.027651618
    -0.025009603
    -0.022102267
    -0.018965379
    -0.015637026
    -0.012157162
   -0.0085671267
   -0.0049091700
   -0.0012259561
    0.0024399262
    0.0060464497
    0.0095526243
     0.012918957
     0.016107893
     0.019084223
     0.021815474
     0.024272255
     0.026428563
     0.028262061
     0.029754299
     0.030890893
     0.031661657
     0.032060688
     0.032086396
     0.031741491
     0.031032914
     0.029971725
     0.028572946
     0.026855356
     0.024841245
     0.022556136
     0.020028461
     0.017289218
     0.014371594
     0.011310567
    0.0081424937
    0.0049046825
    0.0016349561
   -0.0016287835
   -0.0048489907
   -0.0079889038
    -0.011012960
    -0.013887196
    -0.016579622
    -0.019060576
    -0.021303047
    -0.023282965
    -0.024979452
    -0.026375045
    -0.027455864
    -0.028211749
    -0.028636350
    -0.028727171
    -0.028485571
    -0.027916721
    -0.027029518
    -0.025836457
    -0.024353458
    -0.022599666
    -0.020597202
    -0.018370895
    -0.015947971
    -0.013357729
    -0.010631188
   -0.0078007206
   -0.0048996700
   -0.0019619629
   0.00097828536
    0.0038871634
    0.0067313519
    0.0094785017
     0.012097599
     0.014559313
     0.016836321
     0.018903607
     0.020738737
     0.022322098
     0.023637103
     0.024670364
     0.025411823
     0.025854847
     0.025996282
     0.025836463
     0.025379195
     0.024631678
     0.023604408
     0.022311035
     0.020768184
     0.018995243
     0.017014130
     0.014849018
     0.012526044
     0.010073000
    0.0075189988
    0.0048941334
    0.0022291247
  -0.00044503594
   -0.0030974447
   -0.0056976398
   -0.0082159489
    -0.010623826
    -0.012894172
    -0.015001638
    -0.016922905
    -0.018636942
    -0.020125233
    -0.021371971
    -0.022364231
    -0.023092095
    -0.023548751
    -0.023730550
    -0.023637035
    -0.023270920
    -0.022638045
    -0.021747289
    -0.020610450
    -0.019242091
    -0.017659359
    -0.015881770
    -0.013930972
    -0.011830482
   -0.0096054069
   -0.0072821453
   -0.0048880738
   -0.0024512285
   2.2027540e-08
    0.0024373051
    0.0048325703
    0.0071584109
    0.0093883752
     0.011497266
     0.013461423
     0.015258987
     0.016870142
     0.018277331
     0.019465445
     0.020421985
     0.021137191
     0.021604139
     0.021818804
     0.021780092
     0.021489837
     0.020952762
     0.020176411
     0.019171044
     0.017949509
     0.016527073
     0.014921241
     0.013151537
     0.011239270
    0.0092072788
    0.0070796620
    0.0048814924
    0.0026385235
   0.00037688950
   -0.0018771981
   -0.0040977524
   -0.0062593097
   -0.0083372197
    -0.010307925
    -0.012149229
    -0.013840540
    -0.015363104
    -0.016700212
    -0.017837377
    -0.018762494
    -0.019465967
    -0.019940804
    -0.020182686
    -0.020190004
    -0.019963864
    -0.019508057
    -0.018829005
    -0.017935674
    -0.016839457
    -0.015554029
    -0.014095181
    -0.012480626
    -0.010729784
   -0.0088635535
   -0.0069040582
   -0.0048743905
   -0.0027983382
  -0.00070010763
    0.0013959574
    0.0034656572
    0.0054852142
    0.0074315448
    0.0092825225
     0.011017228
     0.012616185
     0.014061577
     0.015337445
     0.016429863
     0.017327090
     0.018019690
     0.018500638
     0.018765380
     0.018811882
     0.018640639
     0.018254653
     0.017659393
     0.016862718
     0.015874773
     0.014707865
     0.013376307
     0.011896249
     0.010285476
    0.0085632049
    0.0067498459
    0.0048667693
    0.0029360512
   0.00098021661
  -0.00097802262
   -0.0029160304
   -0.0048115074
   -0.0066427462
   -0.0083888796
    -0.010030117
    -0.011547968
    -0.012925450
    -0.014147277
    -0.015200029
    -0.016072297
    -0.016754806
    -0.017240515
    -0.017524685
    -0.017604926
    -0.017481211
    -0.017155869
    -0.016633547
    -0.015921146
    -0.015027731
    -0.013964417
    -0.012744233
    -0.011381961
   -0.0098939623
   -0.0082979760
   -0.0066129129
   -0.0048586305
   -0.0030557000
   -0.0012251660
   0.00061169845
    0.0024336383
    0.0042196614
    0.0059492800
    0.0076027449
    0.0091612697
     0.010607244
     0.011924433
     0.013098155
     0.014115449
     0.014965213
     0.015638330
     0.016127756
     0.016428602
     0.016538175
     0.016456004
     0.016183833
     0.015725594
     0.015087351
     0.014277222
     0.013305279
     0.012183419
     0.010925223
    0.0095457909
    0.0080615614
    0.0064901169
    0.0048499755
    0.0031603740
    0.0014410426
  -0.00028802498
   -0.0020068028
   -0.0036954646
   -0.0053346114
   -0.0069054938
   -0.0083902262
   -0.0097719891
    -0.011035220
    -0.012165787
    -0.013151146
    -0.013980483
    -0.014644825
    -0.015137143
    -0.015452423
    -0.015587715
    -0.015542159
    -0.015316991
    -0.014915513
    -0.014343053
    -0.013606895
    -0.012716184
    -0.011681815
    -0.010516302
   -0.0092336245
   -0.0078490631
   -0.0063790159
   -0.0048408061
   -0.0032524779
   -0.0016325857
   2.2027540e-08
    0.0016264219
    0.0032278340
    0.0047858384
    0.0062825866
    0.0077010050
    0.0090249898
     0.010239589
     0.011331170
     0.012287573
     0.013098247
     0.013754362
     0.014248909
     0.014576772
     0.014734777
     0.014721729
     0.014538410
     0.014187570
     0.013673882
     0.013003885
     0.012185901
     0.011229930
     0.010147530
    0.0089516794
    0.0076566187
    0.0062776838
    0.0048311239
    0.0033339110
    0.0018035408
   0.00025782900
   -0.0012852957
   -0.0028079990
   -0.0042927468
   -0.0057225066
   -0.0070809423
   -0.0083526005
   -0.0095230860
    -0.010579224
    -0.011509209
    -0.012302733
    -0.012951105
    -0.013447339
    -0.013786236
    -0.013964429
    -0.013980425
    -0.013834607
    -0.013529229
    -0.013068380
    -0.012457935
    -0.011705472
    -0.010820190
   -0.0098127864
   -0.0086953357
   -0.0074811417
   -0.0061845806
   -0.0048209310
   -0.0034061941
   -0.0019569069
  -0.00048994865
   0.00097765485
    0.0024289287
    0.0038471446
    0.0052160136
    0.0065198727
    0.0077438635
    0.0088741011
    0.0098978318
     0.010803576
     0.011581256
     0.012222310
     0.012719783
     0.013068405
     0.013264641
     0.013306733
     0.013194709
     0.012930378
     0.012517305
     0.011960763
     0.011267663
     0.010446476
    0.0095071230
    0.0084608584
    0.0073201362
    0.0060984610
    0.0048102292
    0.0034705589
    0.0020951138
   0.00069991962
  -0.00069882179
   -0.0020849205
   -0.0034423853
   -0.0047556082
   -0.0060095432
   -0.0071898787
   -0.0082832000
   -0.0092771420
    -0.010160528
    -0.010923497
    -0.011557609
    -0.012055944
    -0.012413172
    -0.012625613
    -0.012691270
    -0.012609854
    -0.012382772
    -0.012013116
    -0.011505612
    -0.010866568
    -0.010103793
   -0.0092264988
   -0.0082451958
   -0.0071715621
   -0.0060183069
   -0.0047990205
   -0.0035280138
   -0.0022201511
  -0.00089067631
   0.00044496422
    0.0017713010
    0.0030730201
    0.0043351399
    0.0055431831
    0.0066833424
    0.0077426383
    0.0087090662
    0.0095717323
     0.010320976
     0.010948479
     0.011447355
     0.011812226
     0.012039281
     0.012126315
     0.012072745
     0.011879621
     0.011549600
     0.011086915
     0.010497320
    0.0097880193
    0.0089675808
    0.0080458302
    0.0070337360
    0.0059432782
    0.0047873073
    0.0035793926
    0.0023336637
    0.0010646451
  -0.00021291244
   -0.0014842036
   -0.0027345396
   -0.0039495174
   -0.0051151858
   -0.0062182050
   -0.0072459994
   -0.0081869002
   -0.0090302782
   -0.0097666632
    -0.010387850
    -0.010886991
    -0.011258667
    -0.011498953
    -0.011605452
    -0.011577322
    -0.011415282
    -0.011121594
    -0.010700041
    -0.010155868
   -0.0094957289
   -0.0087275951
   -0.0078606660
   -0.0069052565
   -0.0058726756
   -0.0047750917
   -0.0036253904
   -0.0024370231
   -0.0012238499
   2.2027540e-08
    0.0012204019
    0.0024231799
    0.0035944898
    0.0047208691
    0.0057894127
    0.0067879216
    0.0077050410
    0.0085303897
    0.0092546772
    0.0098698082
     0.010368973
     0.010746721
     0.010999024
     0.011123312
     0.011118508
     0.010985027
     0.010724772
     0.010341109
    0.0098388204
    0.0092240472
    0.0085042154
    0.0076879450
    0.0067849478
    0.0058059122
    0.0047623760
    0.0036665918
    0.0025313826
    0.0013699921
   0.00019593060
  -0.00097718212
   -0.0021357746
   -0.0032664804
   -0.0043562922
   -0.0053927113
   -0.0063638903
   -0.0072587692
   -0.0080672002
   -0.0087800633
   -0.0093893685
   -0.0098883456
    -0.010271519
    -0.010534766
    -0.010675365
    -0.010692018
    -0.010584866
    -0.010355481
    -0.010006844
   -0.0095433086
   -0.0089705462
   -0.0082954757
   -0.0075261814
   -0.0066718161
   -0.0057424923
   -0.0047491628
   -0.0037034919
   -0.0026177183
   -0.0015045125
  -0.00037682877
   0.00075224542
    0.0018696409
    0.0029624578
    0.0040181149
    0.0050244935
    0.0059700769
    0.0068440818
    0.0076365812
    0.0083386168
    0.0089423005
    0.0094409022
    0.0098289251
     0.010102166
     0.010257760
     0.010294212
     0.010211408
     0.010010614
    0.0096944576
    0.0092668950
    0.0087331606
    0.0080997039
    0.0073741112
    0.0065650157
    0.0056819942
    0.0047354545
    0.0037365127
    0.0026968627
    0.0016286396
   0.00054427822
  -0.00054363148
   -0.0016224904
   -0.0026798363
   -0.0037034870
   -0.0046816813
   -0.0056032134
   -0.0064575614
   -0.0072350072
   -0.0079267468
   -0.0085249900
   -0.0090230479
   -0.0094154073
   -0.0096977919
   -0.0098672085
   -0.0099219782
   -0.0098617530
   -0.0096875160
   -0.0094015672
   -0.0090074933
   -0.0085101230
   -0.0079154684
   -0.0072306522
   -0.0064638228
   -0.0056240571
   -0.0047212539
   -0.0037660167
   -0.0027695297
   -0.0017434269
  -0.00069965646
   0.00034965836
    0.0013923598
    0.0024163964
    0.0034099620
    0.0043616318
    0.0052604937
    0.0060962729
    0.0068594498
    0.0075413678
    0.0081343314
    0.0086316931
    0.0090279277
    0.0093186935
    0.0095008794
    0.0095726383
    0.0095334055
    0.0093839015
    0.0091261213
    0.0087633079
    0.0082999119
    0.0077415371
    0.0070948729
    0.0063676143
    0.0055683706
    0.0047065636
    0.0037923164
    0.0028363352
    0.0018497834
   0.00084415195
  -0.00016887482
   -0.0011775545
   -0.0021702227
   -0.0031354280
   -0.0040620634
   -0.0049394945
   -0.0057576815
   -0.0065072932
   -0.0071798143
   -0.0077676411
   -0.0082641680
   -0.0086638611
   -0.0089623202
   -0.0091563266
   -0.0092438777
   -0.0092242078
   -0.0090977934
   -0.0088663452
   -0.0085327853
   -0.0081012108
   -0.0075768435
   -0.0069659669
   -0.0062758510
   -0.0055146662
   -0.0046913864
   -0.0038156835
   -0.0028978136
   -0.0019484976
  -0.00097879548
   2.2027540e-08
   0.00097660454
    0.0019396534
    0.0028780524
    0.0037809958
    0.0046381128
    0.0054395865
    0.0061762662
    0.0068397717
    0.0074225886
    0.0079181533
    0.0083209267
    0.0086264560
    0.0088314239
    0.0089336843
    0.0089322844
    0.0088274732
    0.0086206960
    0.0083145746
    0.0079128749
    0.0074204602
    0.0068432331
    0.0061880641
    0.0054627108
    0.0046757254
    0.0038363546
    0.0029544307
    0.0020402565
    0.0011044855
   0.00015799730
  -0.00078822850
   -0.0017232395
   -0.0026362374
   -0.0035167024
   -0.0043545142
   -0.0051400687
   -0.0058643874
   -0.0065192205
   -0.0070971401
   -0.0075916250
   -0.0079971336
   -0.0083091664
   -0.0085243153
   -0.0086403012
   -0.0086559972
   -0.0085714399
   -0.0083878259
   -0.0081074956
   -0.0077339037
   -0.0072715769
   -0.0067260588
   -0.0061038440
   -0.0054123006
   -0.0046595834
   -0.0038545375
   -0.0030065944
   -0.0021256620
   -0.0012220088
  -0.00030614401
   0.00061130420
    0.0015197121
    0.0024085835
    0.0032676704
    0.0040870916
    0.0048574461
    0.0055699207
    0.0062163909
    0.0067895132
    0.0072828088
    0.0076907366
    0.0080087550
    0.0082333729
    0.0083621874
    0.0083939095
    0.0083283767
    0.0081665526
    0.0079105130
    0.0075634199
    0.0071294826
    0.0066139067
    0.0060228315
    0.0053632576
    0.0046429637
    0.0038704149
    0.0030546636
    0.0022052432
    0.0013320571
   0.00044526311
  -0.00044484471
   -0.0013279552
   -0.0021938595
   -0.0030325692
   -0.0038344312
   -0.0045902391
   -0.0052913382
   -0.0059297251
   -0.0064981388
   -0.0069901430
   -0.0074001992
   -0.0077237286
   -0.0079571635
   -0.0080979861
   -0.0081447559
   -0.0080971240
   -0.0079558346
   -0.0077227147
   -0.0074006503
   -0.0069935512
   -0.0065063033
   -0.0059447104
   -0.0053154249
   -0.0046258693
   -0.0038841487
   -0.0030989555
   -0.0022794676
   -0.0014352415
  -0.00057610073
   0.00028797856
    0.0011469830
    0.0019909783
    0.0028102236
    0.0035952843
    0.0043371404
    0.0050272902
    0.0056578472
    0.0062216308
    0.0067122475
    0.0071241636
    0.0074527672
    0.0076944201
    0.0078464979
    0.0079074181
    0.0078766564
    0.0077547512
    0.0075432944
    0.0072449115
    0.0068632289
    0.0064028304
    0.0058692013
    0.0052686642
    0.0046083036
    0.0038958825
    0.0031397511
    0.0023487494
    0.0015321035
   0.00069931819
  -0.00013993335
  -0.00097592220
   -0.0017989762
   -0.0025995918
   -0.0033685437
   -0.0040969914
   -0.0047765800
   -0.0053995368
   -0.0059587598
   -0.0064478983
   -0.0068614254
   -0.0071947000
   -0.0074440191
   -0.0076066587
   -0.0076809034
   -0.0076660644
   -0.0075624853
   -0.0073715364
   -0.0070955968
   -0.0067380246
   -0.0063031165
   -0.0057960564
   -0.0052228532
   -0.0045902700
   -0.0039057444
   -0.0031773009
   -0.0024134573
   -0.0016231246
  -0.00081550374
   2.2027540e-08
   0.00081399563
    0.0016169960
    0.0023997471
    0.0031532247
    0.0038687608
    0.0045381428
    0.0051537082
    0.0057084319
    0.0061960061
    0.0066109127
    0.0069484849
    0.0072049600
    0.0073775213
    0.0074643286
    0.0074645380
    0.0073783096
    0.0072068039
    0.0069521664
    0.0066175008
    0.0062068316
    0.0057250554
    0.0051778831
    0.0045717719
    0.0039138490
    0.0032118285
    0.0024739204
    0.0017087350
   0.00092518237
   0.00013236858
  -0.00066050984
   -0.0014442727
   -0.0022098623
   -0.0029484481
   -0.0036515284
   -0.0043110282
   -0.0049193921
   -0.0054696703
   -0.0059555985
   -0.0063716686
   -0.0067131915
   -0.0069763497
   -0.0071582398
   -0.0072569046
   -0.0072713540
   -0.0072015746
   -0.0070485280
   -0.0068141382
   -0.0065012673
   -0.0061136806
   -0.0056560018
   -0.0051336574
   -0.0045528128
   -0.0039202994
   -0.0032435343
   -0.0025304336
   -0.0017893197
   -0.0010288242
  -0.00025778746
   0.00051484397
    0.0012801213
    0.0020291970
    0.0027534269
    0.0034444702
    0.0040943852
    0.0046957205
    0.0052416007
    0.0057258046
    0.0061428360
    0.0064879865
    0.0067573881
    0.0069480567
    0.0070579250
    0.0070858648
    0.0070316984
    0.0068961992
    0.0066810804
    0.0063889744
    0.0060233998
    0.0055887198
    0.0050900897
    0.0045333964
    0.0039251882
    0.0032725985
    0.0025832617
    0.0018652245
    0.0011268513
   0.00037672758
  -0.00037644051
   -0.0011239268
   -0.0018570861
   -0.0025674543
   -0.0032468462
   -0.0038874494
   -0.0044819140
   -0.0050234376
   -0.0055058422
   -0.0059236452
   -0.0062721215
   -0.0065473568
   -0.0067462915
   -0.0068667549
   -0.0069074884
   -0.0068681586
   -0.0067493599
   -0.0065526054
   -0.0062803083
   -0.0059357523
   -0.0055230517
   -0.0050471030
   -0.0045135264
   -0.0039285995
   -0.0032991836
   -0.0026326435
   -0.0019367610
   -0.0012196441
  -0.00048963292
   0.00024479742
   0.00097513524
    0.0016929308
    0.0023898941
    0.0030579903
    0.0036895326
    0.0042772708
    0.0048144737
    0.0052950070
    0.0057134029
    0.0060649223
    0.0063456085
    0.0065523314
    0.0066828228
    0.0067357008
    0.0067104845
    0.0066075980
    0.0064283639
    0.0061749865
    0.0058505249
    0.0054588560
    0.0050046282
    0.0044932066
    0.0039306093
    0.0033234368
    0.0026787948
    0.0020042106
    0.0013075458
   0.00059690437
  -0.00011946138
  -0.00083324671
   -0.0015361906
   -0.0022201715
   -0.0028773007
   -0.0035000137
   -0.0040811570
   -0.0046140704
   -0.0050926630
   -0.0055114833
   -0.0058657805
   -0.0061515590
   -0.0063656231
   -0.0065056126
   -0.0065700291
   -0.0065582514
   -0.0064705418
   -0.0063080410
   -0.0060727542
   -0.0057675257
   -0.0053960050
   -0.0049626033
   -0.0044724409
   -0.0039312870
   -0.0033454915
   -0.0027219110
   -0.0020678283
   -0.0013908674
  -0.00069890489
   2.2027540e-08
   0.00069780852
    0.0013863762
    0.0020577665
    0.0027042330
    0.0033183300
    0.0038929991
    0.0044216497
    0.0048982347
    0.0053173198
    0.0056741452
    0.0059646795
    0.0061856658
    0.0063346573
    0.0064100451
    0.0064110748
    0.0063378545
    0.0061913517
    0.0059733808
    0.0056865809
    0.0053343836
    0.0049209726
    0.0044512333
    0.0039306957
    0.0033654688
    0.0027621697
    0.0021278455
    0.0014698913
   0.00079596390
   0.00011389302
  -0.00056840994
   -0.0012430434
   -0.0019022074
   -0.0025382932
   -0.0031439715
   -0.0037122768
   -0.0042366873
   -0.0047111999
   -0.0051303986
   -0.0054895166
   -0.0057844903
   -0.0060120052
   -0.0061695332
   -0.0062553605
   -0.0062686062
   -0.0062092312
   -0.0060780376
   -0.0058766575
   -0.0056075332
   -0.0052738877
   -0.0048796859
   -0.0044295878
   -0.0039288933
   -0.0033834796
   -0.0027997329
   -0.0021844731
   -0.0015448742
  -0.00088838109
  -0.00022262249
   0.00044467742
    0.0011057887
    0.0017530649
    0.0023790320
    0.0029764741
    0.0035385169
    0.0040587064
    0.0045310837
    0.0049502523
    0.0053114405
    0.0056105553
    0.0058442285
    0.0060098552
    0.0061056224
    0.0061305286
    0.0060843946
    0.0059678640
    0.0057823946
    0.0055302400
    0.0052144228
    0.0048386981
    0.0044075086
    0.0039259329
    0.0033996250
    0.0028347482
    0.0022379031
    0.0016160504
   0.00097642968
   0.00032647516
  -0.00032627049
  -0.00097424382
   -0.0016099481
   -0.0022260403
   -0.0028154152
   -0.0033712882
   -0.0038872726
   -0.0043574536
   -0.0047764553
   -0.0051395031
   -0.0054424770
   -0.0056819594
   -0.0058552725
   -0.0059605093
   -0.0059965536
   -0.0059630922
   -0.0058606174
   -0.0056904196
   -0.0054545716
   -0.0051559035
   -0.0047979682
   -0.0043849999
   -0.0039218635
   -0.0034139976
   -0.0028673508
   -0.0022883116
   -0.0016836341
   -0.0010603594
  -0.00042573314
   0.00021287812
   0.00084807281
    0.0014724999
    0.0020789440
    0.0026604087
    0.0032101971
    0.0037219893
    0.0041899146
    0.0046086190
    0.0049733264
    0.0052798930
    0.0055248545
    0.0057054650
    0.0058197280
    0.0058664180
    0.0058450939
    0.0057561029
    0.0056005752
    0.0053804100
    0.0050982518
    0.0047574595
    0.0043620659
    0.0039167301
    0.0034266828
    0.0028976647
    0.0023358594
    0.0017478213
    0.0011403987
   0.00052065466
  -0.00010421565
  -0.00072696803
   -0.0013403934
   -0.0019374012
   -0.0025111013
   -0.0030548835
   -0.0035624936
   -0.0040281055
   -0.0044463878
   -0.0048125649
   -0.0051224714
   -0.0053726000
   -0.0055601401
   -0.0056830103
   -0.0057398811
   -0.0057301892
   -0.0056541427
   -0.0055127181
   -0.0053076473
   -0.0050413970
   -0.0047171387
   -0.0043387110
   -0.0039105745
   -0.0034377588
   -0.0029258038
   -0.0023806947
   -0.0018087920
   -0.0012167576
  -0.00061147659
   2.2027540e-08
   0.00061064745
    0.0012133291
    0.0018010983
    0.0023671694
    0.0029050172
    0.0034084530
    0.0038716953
    0.0042894360
    0.0046569019
    0.0049699086
    0.0052249081
    0.0054190295
    0.0055501107
    0.0056167228
    0.0056181856
    0.0055545741
    0.0054267169
    0.0052361854
    0.0049852747
    0.0046769757
    0.0043149398
    0.0039034354
    0.0034472981
    0.0029518731
    0.0024229535
    0.0018667119
    0.0012896287
   0.00069841663
   9.9942613e-05
  -0.00049885196
   -0.0010910317
   -0.0016697475
   -0.0022283157
   -0.0027602953
   -0.0032595623
   -0.0037203799
   -0.0041374647
   -0.0045060470
   -0.0048219256
   -0.0050815151
   -0.0052818874
   -0.0054208040
   -0.0054967411
   -0.0055089066
   -0.0054572479
   -0.0053424515
   -0.0051659343
   -0.0049298260
   -0.0046369433
   -0.0042907567
   -0.0038953490
   -0.0034553676
   -0.0029759695
   -0.0024627613
   -0.0019217333
   -0.0013591896
  -0.00078167518
  -0.00019589904
   0.00039134315
   0.00097324810
    0.0015430836
    0.0020942666
    0.0026204389
    0.0031155406
    0.0035738800
    0.0039901989
    0.0043597330
    0.0046782661
    0.0049421784
    0.0051484878
    0.0052948832
    0.0053797504
    0.0054021901
    0.0053620272
    0.0052598118
    0.0050968117
    0.0048749972
    0.0045970169
    0.0042661663
    0.0038863487
    0.0034620293
    0.0029981826
    0.0025002342
    0.0019739971
    0.0014256043
   0.00086143708
   0.00028805082
  -0.00028790121
  -0.00085974492
   -0.0014208628
   -0.0019647703
   -0.0024851912
   -0.0029761293
   -0.0034319381
   -0.0038473855
   -0.0042177138
   -0.0045386941
   -0.0048066747
   -0.0050186227
   -0.0051721580
