  -1.3913767e-09
   3.3353959e-05
   6.6752524e-05
   0.00010019307
   0.00013367437
   0.00016719518
   0.00020075426
   0.00023435036
   0.00026798224
   0.00030164864
   0.00033534832
   0.00036908001
   0.00040284247
   0.00043663442
   0.00047045460
   0.00050430174
   0.00053817458
   0.00057207184
   0.00060599224
   0.00063993451
   0.00067389737
   0.00070787954
   0.00074187972
   0.00077589663
   0.00080992899
   0.00084397550
   0.00087803486
   0.00091210578
   0.00094618695
   0.00098027709
    0.0010143749
    0.0010484790
    0.0010825882
    0.0011167011
    0.0011508165
    0.0011849329
    0.0012190492
    0.0012531639
    0.0012872758
    0.0013213835
    0.0013554858
    0.0013895812
    0.0014236685
    0.0014577464
    0.0014918135
    0.0015258685
    0.0015599101
    0.0015939368
    0.0016279475
    0.0016619408
    0.0016959153
    0.0017298696
    0.0017638026
    0.0017977127
    0.0018315988
    0.0018654593
    0.0018992931
    0.0019330988
    0.0019668749
    0.0020006203
    0.0020343334
    0.0020680131
    0.0021016579
    0.0021352665
    0.0021688376
    0.0022023697
    0.0022358617
    0.0022693120
    0.0023027194
    0.0023360825
    0.0023694000
    0.0024026706
    0.0024358928
    0.0024690653
    0.0025021868
    0.0025352560
    0.0025682714
    0.0026012318
    0.0026341357
    0.0026669820
    0.0026997691
    0.0027324958
    0.0027651606
    0.0027977624
    0.0028302996
    0.0028627711
    0.0028951753
    0.0029275111
    0.0029597770
    0.0029919717
    0.0030240939
    0.0030561422
    0.0030881153
    0.0031200118
    0.0031518304
    0.0031835699
    0.0032152287
    0.0032468057
    0.0032782994
    0.0033097086
    0.0033410319
    0.0033722680
    0.0034034156
    0.0034344733
    0.0034654398
    0.0034963138
    0.0035270939
    0.0035577789
    0.0035883675
    0.0036188582
    0.0036492499
    0.0036795411
    0.0037097306
    0.0037398171
    0.0037697993
    0.0037996758
    0.0038294454
    0.0038591068
    0.0038886586
    0.0039180996
    0.0039474284
    0.0039766439
    0.0040057446
    0.0040347294
    0.0040635969
    0.0040923458
    0.0041209749
    0.0041494829
    0.0041778685
    0.0042061305
    0.0042342676
    0.0042622784
    0.0042901619
    0.0043179166
    0.0043455414
    0.0043730350
    0.0044003962
    0.0044276236
    0.0044547161
    0.0044816724
    0.0045084913
    0.0045351716
    0.0045617119
    0.0045881112
    0.0046143681
    0.0046404815
    0.0046664502
    0.0046922728
    0.0047179483
    0.0047434754
    0.0047688529
    0.0047940796
    0.0048191544
    0.0048440760
    0.0048688432
    0.0048934549
    0.0049179099
    0.0049422070
    0.0049663451
    0.0049903230
    0.0050141395
    0.0050377935
    0.0050612838
    0.0050846093
    0.0051077688
    0.0051307613
    0.0051535854
    0.0051762403
    0.0051987246
    0.0052210374
    0.0052431774
    0.0052651436
    0.0052869348
    0.0053085500
    0.0053299881
    0.0053512480
    0.0053723286
    0.0053932288
    0.0054139475
    0.0054344837
    0.0054548363
    0.0054750043
    0.0054949865
    0.0055147820
    0.0055343897
    0.0055538086
    0.0055730376
    0.0055920758
    0.0056109220
    0.0056295752
    0.0056480346
    0.0056662990
    0.0056843675
    0.0057022390
    0.0057199126
    0.0057373873
    0.0057546621
    0.0057717361
    0.0057886083
    0.0058052778
    0.0058217435
    0.0058380045
    0.0058540600
    0.0058699089
    0.0058855504
    0.0059009835
    0.0059162073
    0.0059312209
    0.0059460235
    0.0059606140
    0.0059749917
    0.0059891556
    0.0060031048
    0.0060168386
    0.0060303560
    0.0060436562
    0.0060567383
    0.0060696016
    0.0060822451
    0.0060946680
    0.0061068695
    0.0061188489
    0.0061306052
    0.0061421378
    0.0061534457
    0.0061645283
    0.0061753847
    0.0061860142
    0.0061964160
    0.0062065893
    0.0062165335
    0.0062262477
    0.0062357312
    0.0062449833
    0.0062540033
    0.0062627905
    0.0062713442
    0.0062796636
    0.0062877481
    0.0062955969
    0.0063032095
    0.0063105852
    0.0063177233
    0.0063246231
    0.0063312840
    0.0063377053
    0.0063438866
    0.0063498270
    0.0063555260
    0.0063609831
    0.0063661975
    0.0063711688
    0.0063758963
    0.0063803795
    0.0063846178
    0.0063886107
    0.0063923576
    0.0063958579
    0.0063991111
    0.0064021168
    0.0064048744
    0.0064073834
    0.0064096432
    0.0064116535
    0.0064134137
    0.0064149233
    0.0064161820
    0.0064171892
    0.0064179444
    0.0064184474
    0.0064186975
    0.0064186945
    0.0064184378
    0.0064179271
    0.0064171620
    0.0064161421
    0.0064148671
    0.0064133365
    0.0064115500
    0.0064095073
    0.0064072079
    0.0064046517
    0.0064018382
    0.0063987671
    0.0063954381
    0.0063918510
    0.0063880054
    0.0063839011
    0.0063795378
    0.0063749152
    0.0063700331
    0.0063648913
    0.0063594894
    0.0063538273
    0.0063479048
    0.0063417217
    0.0063352777
    0.0063285726
    0.0063216064
    0.0063143788
    0.0063068897
    0.0062991388
    0.0062911262
    0.0062828516
    0.0062743149
    0.0062655160
    0.0062564548
    0.0062471312
    0.0062375452
    0.0062276966
    0.0062175854
    0.0062072115
    0.0061965749
    0.0061856755
    0.0061745133
    0.0061630884
    0.0061514006
    0.0061394500
    0.0061272366
    0.0061147604
    0.0061020215
    0.0060890199
    0.0060757556
    0.0060622287
    0.0060484393
    0.0060343874
    0.0060200731
    0.0060054966
    0.0059906579
    0.0059755572
    0.0059601945
    0.0059445701
    0.0059286840
    0.0059125364
    0.0058961276
    0.0058794576
    0.0058625266
    0.0058453349
    0.0058278826
    0.0058101700
    0.0057921973
    0.0057739647
    0.0057554724
    0.0057367208
    0.0057177101
    0.0056984405
    0.0056789124
    0.0056591260
    0.0056390817
    0.0056187797
    0.0055982204
    0.0055774041
    0.0055563312
    0.0055350019
    0.0055134168
    0.0054915761
    0.0054694802
    0.0054471295
    0.0054245245
    0.0054016655
    0.0053785530
    0.0053551874
    0.0053315690
    0.0053076985
    0.0052835763
    0.0052592027
    0.0052345784
    0.0052097038
    0.0051845793
    0.0051592056
    0.0051335831
    0.0051077124
    0.0050815940
    0.0050552284
    0.0050286163
    0.0050017582
    0.0049746546
    0.0049473062
    0.0049197135
    0.0048918773
    0.0048637980
    0.0048354764
    0.0048069130
    0.0047781085
    0.0047490637
    0.0047197790
    0.0046902553
    0.0046604933
    0.0046304935
    0.0046002568
    0.0045697838
    0.0045390753
    0.0045081320
    0.0044769546
    0.0044455440
    0.0044139009
    0.0043820260
    0.0043499202
    0.0043175842
    0.0042850189
    0.0042522250
    0.0042192035
    0.0041859551
    0.0041524806
    0.0041187810
    0.0040848571
    0.0040507098
    0.0040163399
    0.0039817484
    0.0039469361
    0.0039119040
    0.0038766529
    0.0038411839
    0.0038054978
    0.0037695957
    0.0037334784
    0.0036971469
    0.0036606023
    0.0036238455
    0.0035868774
    0.0035496992
    0.0035123118
    0.0034747162
    0.0034369135
    0.0033989048
    0.0033606910
    0.0033222733
    0.0032836527
    0.0032448302
    0.0032058071
    0.0031665843
    0.0031271630
    0.0030875443
    0.0030477294
    0.0030077193
    0.0029675153
    0.0029271184
    0.0028865298
    0.0028457508
    0.0028047824
    0.0027636259
    0.0027222824
    0.0026807532
    0.0026390395
    0.0025971426
    0.0025550635
    0.0025128037
    0.0024703643
    0.0024277466
    0.0023849519
    0.0023419814
    0.0022988364
    0.0022555183
    0.0022120282
    0.0021683676
    0.0021245378
    0.0020805401
    0.0020363757
    0.0019920462
    0.0019475527
    0.0019028967
    0.0018580796
    0.0018131027
    0.0017679674
    0.0017226751
    0.0016772272
    0.0016316251
    0.0015858702
    0.0015399640
    0.0014939079
    0.0014477034
    0.0014013518
    0.0013548547
    0.0013082135
    0.0012614296
    0.0012145047
    0.0011674401
    0.0011202373
    0.0010728979
    0.0010254234
   0.00097781526
   0.00093007504
   0.00088220428
   0.00083420452
   0.00078607730
   0.00073782418
   0.00068944674
   0.00064094654
   0.00059232516
   0.00054358419
   0.00049472521
   0.00044574985
   0.00039665969
   0.00034745636
   0.00029814149
   0.00024871669
   0.00019918360
   0.00014954388
   9.9799161e-05
   4.9951111e-05
   1.3913767e-09
  -5.0048328e-05
  -0.00010019637
  -0.00015044105
  -0.00020078068
  -0.00025121356
  -0.00030173798
  -0.00035235224
  -0.00040305463
  -0.00045384341
  -0.00050471686
  -0.00055567324
  -0.00060671081
  -0.00065782783
  -0.00070902254
  -0.00076029317
  -0.00081163797
  -0.00086305516
  -0.00091454297
  -0.00096609960
   -0.0010177233
   -0.0010694122
   -0.0011211645
   -0.0011729785
   -0.0012248523
   -0.0012767841
   -0.0013287721
   -0.0013808145
   -0.0014329093
   -0.0014850549
   -0.0015372492
   -0.0015894906
   -0.0016417770
   -0.0016941067
   -0.0017464779
   -0.0017988885
   -0.0018513368
   -0.0019038208
   -0.0019563387
   -0.0020088886
   -0.0020614686
   -0.0021140768
   -0.0021667113
   -0.0022193701
   -0.0022720514
   -0.0023247532
   -0.0023774737
   -0.0024302108
   -0.0024829627
   -0.0025357274
   -0.0025885029
   -0.0026412874
   -0.0026940789
   -0.0027468754
   -0.0027996749
   -0.0028524756
   -0.0029052754
   -0.0029580723
   -0.0030108644
   -0.0030636498
   -0.0031164264
   -0.0031691922
   -0.0032219453
   -0.0032746837
   -0.0033274053
   -0.0033801083
   -0.0034327904
   -0.0034854499
   -0.0035380846
   -0.0035906925
   -0.0036432717
   -0.0036958201
   -0.0037483357
   -0.0038008164
   -0.0038532603
   -0.0039056653
   -0.0039580293
   -0.0040103504
   -0.0040626265
   -0.0041148556
   -0.0041670355
   -0.0042191644
   -0.0042712401
   -0.0043232605
   -0.0043752237
   -0.0044271275
   -0.0044789699
   -0.0045307489
   -0.0045824624
   -0.0046341083
   -0.0046856846
   -0.0047371891
   -0.0047886199
   -0.0048399748
   -0.0048912519
   -0.0049424489
   -0.0049935638
   -0.0050445946
   -0.0050955392
   -0.0051463955
   -0.0051971614
   -0.0052478349
   -0.0052984137
   -0.0053488960
   -0.0053992795
   -0.0054495623
   -0.0054997421
   -0.0055498170
   -0.0055997848
   -0.0056496434
   -0.0056993908
   -0.0057490249
   -0.0057985435
   -0.0058479446
   -0.0058972261
   -0.0059463859
   -0.0059954219
   -0.0060443320
   -0.0060931141
   -0.0061417662
   -0.0061902861
   -0.0062386717
   -0.0062869209
   -0.0063350318
   -0.0063830020
   -0.0064308297
   -0.0064785126
   -0.0065260487
   -0.0065734359
   -0.0066206721
   -0.0066677552
   -0.0067146832
   -0.0067614538
   -0.0068080652
   -0.0068545151
   -0.0069008015
   -0.0069469222
   -0.0069928753
   -0.0070386587
   -0.0070842702
   -0.0071297077
   -0.0071749693
   -0.0072200527
   -0.0072649560
   -0.0073096771
   -0.0073542139
   -0.0073985643
   -0.0074427263
   -0.0074866978
   -0.0075304767
   -0.0075740610
   -0.0076174485
   -0.0076606374
   -0.0077036254
   -0.0077464106
   -0.0077889908
   -0.0078313641
   -0.0078735284
   -0.0079154817
   -0.0079572218
   -0.0079987468
   -0.0080400547
   -0.0080811433
   -0.0081220108
   -0.0081626549
   -0.0082030738
   -0.0082432654
   -0.0082832277
   -0.0083229586
   -0.0083624561
   -0.0084017184
   -0.0084407432
   -0.0084795287
   -0.0085180728
   -0.0085563736
   -0.0085944290
   -0.0086322371
   -0.0086697958
   -0.0087071033
   -0.0087441574
   -0.0087809564
   -0.0088174981
   -0.0088537806
   -0.0088898020
   -0.0089255603
   -0.0089610535
   -0.0089962798
   -0.0090312371
   -0.0090659235
   -0.0091003371
   -0.0091344760
   -0.0091683382
   -0.0092019219
   -0.0092352250
   -0.0092682458
   -0.0093009822
   -0.0093334324
   -0.0093655945
   -0.0093974667
   -0.0094290469
   -0.0094603334
   -0.0094913243
   -0.0095220176
   -0.0095524116
   -0.0095825044
   -0.0096122941
   -0.0096417789
   -0.0096709569
   -0.0096998264
   -0.0097283854
   -0.0097566322
   -0.0097845649
   -0.0098121817
   -0.0098394809
   -0.0098664605
   -0.0098931190
   -0.0099194543
   -0.0099454648
   -0.0099711487
   -0.0099965043
    -0.010021530
    -0.010046223
    -0.010070583
    -0.010094608
    -0.010118295
    -0.010141643
    -0.010164651
    -0.010187317
    -0.010209639
    -0.010231615
    -0.010253244
    -0.010274523
    -0.010295452
    -0.010316029
    -0.010336251
    -0.010356118
    -0.010375627
    -0.010394777
    -0.010413567
    -0.010431994
    -0.010450058
    -0.010467756
    -0.010485087
    -0.010502049
    -0.010518641
    -0.010534861
    -0.010550708
    -0.010566180
    -0.010581275
    -0.010595992
    -0.010610329
    -0.010624286
    -0.010637859
    -0.010651049
    -0.010663852
    -0.010676269
    -0.010688297
    -0.010699934
    -0.010711181
    -0.010722034
    -0.010732492
    -0.010742555
    -0.010752220
    -0.010761486
    -0.010770352
    -0.010778817
    -0.010786878
    -0.010794535
    -0.010801786
    -0.010808630
    -0.010815066
    -0.010821091
    -0.010826705
    -0.010831907
    -0.010836695
    -0.010841068
    -0.010845024
    -0.010848562
    -0.010851681
    -0.010854380
    -0.010856658
    -0.010858512
    -0.010859943
    -0.010860948
    -0.010861526
    -0.010861677
    -0.010861398
    -0.010860690
    -0.010859550
    -0.010857978
    -0.010855972
    -0.010853531
    -0.010850654
    -0.010847340
    -0.010843588
    -0.010839396
    -0.010834764
    -0.010829691
    -0.010824175
    -0.010818215
    -0.010811811
    -0.010804960
    -0.010797663
    -0.010789918
    -0.010781725
    -0.010773081
    -0.010763987
    -0.010754441
    -0.010744442
    -0.010733989
    -0.010723082
    -0.010711719
    -0.010699899
    -0.010687622
    -0.010674887
    -0.010661693
    -0.010648038
    -0.010633923
    -0.010619345
    -0.010604305
    -0.010588802
    -0.010572834
    -0.010556401
    -0.010539502
    -0.010522136
    -0.010504303
    -0.010486002
    -0.010467232
    -0.010447992
    -0.010428282
    -0.010408100
    -0.010387447
    -0.010366321
    -0.010344722
    -0.010322649
    -0.010300102
    -0.010277079
    -0.010253581
    -0.010229606
    -0.010205154
    -0.010180225
    -0.010154817
    -0.010128931
    -0.010102566
    -0.010075720
    -0.010048395
    -0.010020588
   -0.0099923000
   -0.0099635302
   -0.0099342781
   -0.0099045431
   -0.0098743250
   -0.0098436231
   -0.0098124371
   -0.0097807666
   -0.0097486111
   -0.0097159704
   -0.0096828439
   -0.0096492314
   -0.0096151325
   -0.0095805468
   -0.0095454741
   -0.0095099140
   -0.0094738662
   -0.0094373305
   -0.0094003065
   -0.0093627941
   -0.0093247929
   -0.0092863028
   -0.0092473234
   -0.0092078547
   -0.0091678964
   -0.0091274483
   -0.0090865103
   -0.0090450822
   -0.0090031639
   -0.0089607552
   -0.0089178561
   -0.0088744664
   -0.0088305860
   -0.0087862149
   -0.0087413531
   -0.0086960004
   -0.0086501568
   -0.0086038223
   -0.0085569969
   -0.0085096807
   -0.0084618735
   -0.0084135756
   -0.0083647868
   -0.0083155073
   -0.0082657371
   -0.0082154764
   -0.0081647252
   -0.0081134837
   -0.0080617519
   -0.0080095300
   -0.0079568182
   -0.0079036166
   -0.0078499255
   -0.0077957449
   -0.0077410752
   -0.0076859165
   -0.0076302691
   -0.0075741333
   -0.0075175092
   -0.0074603972
   -0.0074027975
   -0.0073447105
   -0.0072861365
   -0.0072270758
   -0.0071675288
   -0.0071074957
   -0.0070469771
   -0.0069859732
   -0.0069244846
   -0.0068625115
   -0.0068000544
   -0.0067371137
   -0.0066736900
   -0.0066097837
   -0.0065453952
   -0.0064805251
   -0.0064151738
   -0.0063493419
   -0.0062830299
   -0.0062162385
   -0.0061489680
   -0.0060812192
   -0.0060129925
   -0.0059442887
   -0.0058751083
   -0.0058054520
   -0.0057353204
   -0.0056647141
   -0.0055936339
   -0.0055220804
   -0.0054500543
   -0.0053775563
   -0.0053045872
   -0.0052311478
   -0.0051572387
   -0.0050828607
   -0.0050080146
   -0.0049327012
   -0.0048569214
   -0.0047806759
   -0.0047039655
   -0.0046267912
   -0.0045491538
   -0.0044710541
   -0.0043924931
   -0.0043134716
   -0.0042339907
   -0.0041540511
   -0.0040736538
   -0.0039927999
   -0.0039114903
   -0.0038297259
   -0.0037475077
   -0.0036648369
   -0.0035817143
   -0.0034981411
   -0.0034141182
   -0.0033296468
   -0.0032447279
   -0.0031593626
   -0.0030735521
   -0.0029872974
   -0.0029005996
   -0.0028134600
   -0.0027258796
   -0.0026378597
   -0.0025494014
   -0.0024605059
   -0.0023711745
   -0.0022814083
   -0.0021912086
   -0.0021005766
   -0.0020095136
   -0.0019180209
   -0.0018260998
   -0.0017337515
   -0.0016409774
   -0.0015477788
   -0.0014541570
   -0.0013601134
   -0.0012656494
   -0.0011707663
   -0.0010754656
  -0.00097974857
  -0.00088361670
  -0.00078707141
  -0.00069011413
  -0.00059274632
  -0.00049496945
  -0.00039678500
  -0.00029819446
  -0.00019919933
  -9.9801131e-05
  -1.3913767e-09
   0.00010019835
   0.00020079653
   0.00030179159
   0.00040318196
   0.00050496603
   0.00060714220
   0.00070970887
   0.00081266440
   0.00091600715
    0.0010197355
    0.0011238477
    0.0012283422
    0.0013332172
    0.0014384710
    0.0015441020
    0.0016501084
    0.0017564884
    0.0018632404
    0.0019703626
    0.0020778531
    0.0021857103
    0.0022939322
    0.0024025172
    0.0025114634
    0.0026207689
    0.0027304320
    0.0028404507
    0.0029508232
    0.0030615477
    0.0031726222
    0.0032840449
    0.0033958138
    0.0035079270
    0.0036203826
    0.0037331787
    0.0038463132
    0.0039597843
    0.0040735899
    0.0041877281
    0.0043021969
    0.0044169942
    0.0045321181
    0.0046475665
    0.0047633373
    0.0048794286
    0.0049958382
    0.0051125642
    0.0052296043
    0.0053469565
    0.0054646188
    0.0055825889
    0.0057008648
    0.0058194444
    0.0059383254
    0.0060575058
    0.0061769833
    0.0062967558
    0.0064168212
    0.0065371771
    0.0066578215
    0.0067787521
    0.0068999666
    0.0070214629
    0.0071432386
    0.0072652916
    0.0073876196
    0.0075102203
    0.0076330913
    0.0077562306
    0.0078796356
    0.0080033042
    0.0081272339
    0.0082514225
    0.0083758677
    0.0085005670
    0.0086255182
    0.0087507188
    0.0088761665
    0.0090018589
    0.0091277936
    0.0092539682
    0.0093803803
    0.0095070276
    0.0096339074
    0.0097610175
    0.0098883554
     0.010015919
     0.010143705
     0.010271711
     0.010399935
     0.010528375
     0.010657028
     0.010785891
     0.010914962
     0.011044239
     0.011173719
     0.011303398
     0.011433276
     0.011563349
     0.011693615
     0.011824070
     0.011954714
     0.012085542
     0.012216553
     0.012347744
     0.012479112
     0.012610654
     0.012742369
     0.012874253
     0.013006304
     0.013138518
     0.013270895
     0.013403430
     0.013536121
     0.013668966
     0.013801962
     0.013935106
     0.014068396
     0.014201828
     0.014335401
     0.014469111
     0.014602955
     0.014736932
     0.014871038
     0.015005271
     0.015139627
     0.015274105
     0.015408700
     0.015543412
     0.015678237
     0.015813171
     0.015948213
     0.016083360
     0.016218608
     0.016353955
     0.016489399
     0.016624936
     0.016760564
     0.016896280
     0.017032081
     0.017167964
     0.017303926
     0.017439966
     0.017576079
     0.017712263
     0.017848515
     0.017984833
     0.018121213
     0.018257653
     0.018394149
     0.018530700
     0.018667301
     0.018803951
     0.018940647
     0.019077384
     0.019214162
     0.019350976
     0.019487824
     0.019624704
     0.019761611
     0.019898543
     0.020035498
     0.020172473
     0.020309464
     0.020446469
     0.020583484
     0.020720507
     0.020857536
     0.020994566
     0.021131596
     0.021268621
     0.021405641
     0.021542650
     0.021679647
     0.021816628
     0.021953592
     0.022090533
     0.022227451
     0.022364341
     0.022501202
     0.022638029
     0.022774820
     0.022911573
     0.023048283
     0.023184949
     0.023321567
     0.023458134
     0.023594648
     0.023731105
     0.023867503
     0.024003838
     0.024140108
     0.024276309
     0.024412439
     0.024548495
     0.024684473
     0.024820372
     0.024956187
     0.025091916
     0.025227556
     0.025363105
     0.025498558
     0.025633913
     0.025769168
     0.025904319
     0.026039363
     0.026174297
     0.026309119
     0.026443825
     0.026578412
     0.026712878
     0.026847220
     0.026981434
     0.027115518
     0.027249469
     0.027383283
     0.027516958
     0.027650491
     0.027783879
     0.027917119
     0.028050208
     0.028183143
     0.028315921
     0.028448540
     0.028580996
     0.028713286
     0.028845408
     0.028977358
     0.029109134
     0.029240732
     0.029372150
     0.029503386
     0.029634435
     0.029765295
     0.029895963
     0.030026436
     0.030156712
     0.030286787
     0.030416658
     0.030546324
     0.030675779
     0.030805023
     0.030934052
     0.031062862
     0.031191452
     0.031319818
     0.031447958
     0.031575868
     0.031703545
     0.031830988
     0.031958192
     0.032085156
     0.032211876
     0.032338349
     0.032464573
     0.032590544
     0.032716260
     0.032841719
     0.032966917
     0.033091851
     0.033216518
     0.033340917
     0.033465043
     0.033588895
     0.033712469
     0.033835763
     0.033958773
     0.034081497
     0.034203933
     0.034326077
     0.034447927
     0.034569480
     0.034690733
     0.034811683
     0.034932328
     0.035052666
     0.035172692
     0.035292405
     0.035411801
     0.035530879
     0.035649635
     0.035768067
     0.035886172
     0.036003947
     0.036121389
     0.036238497
     0.036355266
     0.036471696
     0.036587782
     0.036703523
     0.036818915
     0.036933956
     0.037048644
     0.037162975
     0.037276947
     0.037390558
     0.037503805
     0.037616686
     0.037729197
     0.037841336
     0.037953101
     0.038064488
     0.038175497
     0.038286123
     0.038396365
     0.038506219
     0.038615684
     0.038724757
     0.038833435
     0.038941716
     0.039049597
     0.039157077
     0.039264151
     0.039370819
     0.039477077
     0.039582922
     0.039688354
     0.039793369
     0.039897964
     0.040002138
     0.040105887
     0.040209211
     0.040312105
     0.040414568
     0.040516597
     0.040618191
     0.040719346
     0.040820061
     0.040920332
     0.041020158
     0.041119537
     0.041218466
     0.041316942
     0.041414964
     0.041512529
     0.041609636
     0.041706281
     0.041802462
     0.041898178
     0.041993425
     0.042088203
     0.042182508
     0.042276339
     0.042369693
     0.042462568
     0.042554962
     0.042646873
     0.042738298
     0.042829236
     0.042919684
     0.043009641
     0.043099104
     0.043188071
     0.043276540
     0.043364509
     0.043451976
     0.043538938
     0.043625395
     0.043711344
     0.043796782
     0.043881709
     0.043966121
     0.044050017
     0.044133395
     0.044216253
     0.044298589
     0.044380402
     0.044461688
     0.044542447
     0.044622677
     0.044702375
     0.044781540
     0.044860169
     0.044938262
     0.045015816
     0.045092829
     0.045169300
     0.045245226
     0.045320607
     0.045395440
     0.045469723
     0.045543455
     0.045616634
     0.045689259
     0.045761327
     0.045832837
     0.045903787
     0.045974176
     0.046044002
     0.046113263
     0.046181958
     0.046250084
     0.046317642
     0.046384628
     0.046451041
     0.046516881
     0.046582144
     0.046646830
     0.046710937
     0.046774464
     0.046837409
     0.046899771
     0.046961547
     0.047022738
     0.047083341
     0.047143355
     0.047202778
     0.047261609
     0.047319847
     0.047377490
     0.047434538
     0.047490988
     0.047546839
     0.047602090
     0.047656740
     0.047710787
     0.047764230
     0.047817068
     0.047869300
     0.047920924
     0.047971939
     0.048022344
     0.048072138
     0.048121320
     0.048169888
     0.048217841
     0.048265179
     0.048311899
     0.048358002
     0.048403485
     0.048448348
     0.048492590
     0.048536209
     0.048579205
     0.048621577
     0.048663323
     0.048704443
     0.048744936
     0.048784800
     0.048824035
     0.048862640
     0.048900614
     0.048937956
     0.048974665
     0.049010740
     0.049046181
     0.049080987
     0.049115156
     0.049148688
     0.049181582
     0.049213838
     0.049245454
     0.049276430
     0.049306766
     0.049336460
     0.049365511
     0.049393920
     0.049421685
     0.049448805
     0.049475281
     0.049501111
     0.049526295
     0.049550833
     0.049574722
     0.049597965
     0.049620558
     0.049642503
     0.049663798
     0.049684443
     0.049704437
     0.049723781
     0.049742473
     0.049760513
     0.049777901
     0.049794637
     0.049810719
     0.049826148
     0.049840922
     0.049855043
     0.049868509
     0.049881320
     0.049893476
     0.049904977
     0.049915822
     0.049926011
     0.049935544
     0.049944420
     0.049952639
     0.049960202
     0.049967108
     0.049973356
     0.049978948
     0.049983881
     0.049988157
     0.049991776
     0.049994736
     0.049997039
     0.049998684
     0.049999671
     0.050000000
     0.049999671
     0.049998684
     0.049997039
     0.049994736
     0.049991776
     0.049988157
     0.049983881
     0.049978948
     0.049973356
     0.049967108
     0.049960202
     0.049952639
     0.049944420
     0.049935544
     0.049926011
     0.049915822
     0.049904977
     0.049893476
     0.049881320
     0.049868509
     0.049855043
     0.049840922
     0.049826148
     0.049810719
     0.049794637
     0.049777901
     0.049760513
     0.049742473
     0.049723781
     0.049704437
     0.049684443
     0.049663798
     0.049642503
     0.049620558
     0.049597965
     0.049574722
     0.049550833
     0.049526295
     0.049501111
     0.049475281
     0.049448805
     0.049421685
     0.049393920
     0.049365511
     0.049336460
     0.049306766
     0.049276430
     0.049245454
     0.049213838
     0.049181582
     0.049148688
     0.049115156
     0.049080987
     0.049046181
     0.049010740
     0.048974665
     0.048937956
     0.048900614
     0.048862640
     0.048824035
     0.048784800
     0.048744936
     0.048704443
     0.048663323
     0.048621577
     0.048579205
     0.048536209
     0.048492590
     0.048448348
     0.048403485
     0.048358002
     0.048311899
     0.048265179
     0.048217841
     0.048169888
     0.048121320
     0.048072138
     0.048022344
     0.047971939
     0.047920924
     0.047869300
     0.047817068
     0.047764230
     0.047710787
     0.047656740
     0.047602090
     0.047546839
     0.047490988
     0.047434538
     0.047377490
     0.047319847
     0.047261609
     0.047202778
     0.047143355
     0.047083341
     0.047022738
     0.046961547
     0.046899771
     0.046837409
     0.046774464
     0.046710937
     0.046646830
     0.046582144
     0.046516881
     0.046451041
     0.046384628
     0.046317642
     0.046250084
     0.046181958
     0.046113263
     0.046044002
     0.045974176
     0.045903787
     0.045832837
     0.045761327
     0.045689259
     0.045616634
     0.045543455
     0.045469723
     0.045395440
     0.045320607
     0.045245226
     0.045169300
     0.045092829
     0.045015816
     0.044938262
     0.044860169
     0.044781540
     0.044702375
     0.044622677
     0.044542447
     0.044461688
     0.044380402
     0.044298589
     0.044216253
     0.044133395
     0.044050017
     0.043966121
     0.043881709
     0.043796782
     0.043711344
     0.043625395
     0.043538938
     0.043451976
     0.043364509
     0.043276540
     0.043188071
     0.043099104
     0.043009641
     0.042919684
     0.042829236
     0.042738298
     0.042646873
     0.042554962
     0.042462568
     0.042369693
     0.042276339
     0.042182508
     0.042088203
     0.041993425
     0.041898178
     0.041802462
     0.041706281
     0.041609636
     0.041512529
     0.041414964
     0.041316942
     0.041218466
     0.041119537
     0.041020158
     0.040920332
     0.040820061
     0.040719346
     0.040618191
     0.040516597
     0.040414568
     0.040312105
     0.040209211
     0.040105887
     0.040002138
     0.039897964
     0.039793369
     0.039688354
     0.039582922
     0.039477077
     0.039370819
     0.039264151
     0.039157077
     0.039049597
     0.038941716
     0.038833435
     0.038724757
     0.038615684
     0.038506219
     0.038396365
     0.038286123
     0.038175497
     0.038064488
     0.037953101
     0.037841336
     0.037729197
     0.037616686
     0.037503805
     0.037390558
     0.037276947
     0.037162975
     0.037048644
     0.036933956
     0.036818915
     0.036703523
     0.036587782
     0.036471696
     0.036355266
     0.036238497
     0.036121389
     0.036003947
     0.035886172
     0.035768067
     0.035649635
     0.035530879
     0.035411801
     0.035292405
     0.035172692
     0.035052666
     0.034932328
     0.034811683
     0.034690733
     0.034569480
     0.034447927
     0.034326077
     0.034203933
     0.034081497
     0.033958773
     0.033835763
     0.033712469
     0.033588895
     0.033465043
     0.033340917
     0.033216518
     0.033091851
     0.032966917
     0.032841719
     0.032716260
     0.032590544
     0.032464573
     0.032338349
     0.032211876
     0.032085156
     0.031958192
     0.031830988
     0.031703545
     0.031575868
     0.031447958
     0.031319818
     0.031191452
     0.031062862
     0.030934052
     0.030805023
     0.030675779
     0.030546324
     0.030416658
     0.030286787
     0.030156712
     0.030026436
     0.029895963
     0.029765295
     0.029634435
     0.029503386
     0.029372150
     0.029240732
     0.029109134
     0.028977358
     0.028845408
     0.028713286
     0.028580996
     0.028448540
     0.028315921
     0.028183143
     0.028050208
     0.027917119
     0.027783879
     0.027650491
     0.027516958
     0.027383283
     0.027249469
     0.027115518
     0.026981434
     0.026847220
     0.026712878
     0.026578412
     0.026443825
     0.026309119
     0.026174297
     0.026039363
     0.025904319
     0.025769168
     0.025633913
     0.025498558
     0.025363105
     0.025227556
     0.025091916
     0.024956187
     0.024820372
     0.024684473
     0.024548495
     0.024412439
     0.024276309
     0.024140108
     0.024003838
     0.023867503
     0.023731105
     0.023594648
     0.023458134
     0.023321567
     0.023184949
     0.023048283
     0.022911573
     0.022774820
     0.022638029
     0.022501202
     0.022364341
     0.022227451
     0.022090533
     0.021953592
     0.021816628
     0.021679647
     0.021542650
     0.021405641
     0.021268621
     0.021131596
     0.020994566
     0.020857536
     0.020720507
     0.020583484
     0.020446469
     0.020309464
     0.020172473
     0.020035498
     0.019898543
     0.019761611
     0.019624704
     0.019487824
     0.019350976
     0.019214162
     0.019077384
     0.018940647
     0.018803951
     0.018667301
     0.018530700
     0.018394149
     0.018257653
     0.018121213
     0.017984833
     0.017848515
     0.017712263
     0.017576079
     0.017439966
     0.017303926
     0.017167964
     0.017032081
     0.016896280
     0.016760564
     0.016624936
     0.016489399
     0.016353955
     0.016218608
     0.016083360
     0.015948213
     0.015813171
     0.015678237
     0.015543412
     0.015408700
     0.015274105
     0.015139627
     0.015005271
     0.014871038
     0.014736932
     0.014602955
     0.014469111
     0.014335401
     0.014201828
     0.014068396
     0.013935106
     0.013801962
     0.013668966
     0.013536121
     0.013403430
     0.013270895
     0.013138518
     0.013006304
     0.012874253
     0.012742369
     0.012610654
     0.012479112
     0.012347744
     0.012216553
     0.012085542
     0.011954714
     0.011824070
     0.011693615
     0.011563349
     0.011433276
     0.011303398
     0.011173719
     0.011044239
     0.010914962
     0.010785891
     0.010657028
     0.010528375
     0.010399935
     0.010271711
     0.010143705
     0.010015919
    0.0098883554
    0.0097610175
    0.0096339074
    0.0095070276
    0.0093803803
    0.0092539682
    0.0091277936
    0.0090018589
    0.0088761665
    0.0087507188
    0.0086255182
    0.0085005670
    0.0083758677
    0.0082514225
    0.0081272339
    0.0080033042
    0.0078796356
    0.0077562306
    0.0076330913
    0.0075102203
    0.0073876196
    0.0072652916
    0.0071432386
    0.0070214629
    0.0068999666
    0.0067787521
    0.0066578215
    0.0065371771
    0.0064168212
    0.0062967558
    0.0061769833
    0.0060575058
    0.0059383254
    0.0058194444
    0.0057008648
    0.0055825889
    0.0054646188
    0.0053469565
    0.0052296043
    0.0051125642
    0.0049958382
    0.0048794286
    0.0047633373
    0.0046475665
    0.0045321181
    0.0044169942
    0.0043021969
    0.0041877281
    0.0040735899
    0.0039597843
    0.0038463132
    0.0037331787
    0.0036203826
    0.0035079270
    0.0033958138
    0.0032840449
    0.0031726222
    0.0030615477
    0.0029508232
    0.0028404507
    0.0027304320
    0.0026207689
    0.0025114634
    0.0024025172
    0.0022939322
    0.0021857103
    0.0020778531
    0.0019703626
    0.0018632404
    0.0017564884
    0.0016501084
    0.0015441020
    0.0014384710
    0.0013332172
    0.0012283422
    0.0011238477
    0.0010197355
   0.00091600715
   0.00081266440
   0.00070970887
   0.00060714220
   0.00050496603
   0.00040318196
   0.00030179159
   0.00020079653
   0.00010019835
  -1.3913767e-09
  -9.9801131e-05
  -0.00019919933
  -0.00029819446
  -0.00039678500
  -0.00049496945
  -0.00059274632
  -0.00069011413
  -0.00078707141
  -0.00088361670
  -0.00097974857
   -0.0010754656
   -0.0011707663
   -0.0012656494
   -0.0013601134
   -0.0014541570
   -0.0015477788
   -0.0016409774
   -0.0017337515
   -0.0018260998
   -0.0019180209
   -0.0020095136
   -0.0021005766
   -0.0021912086
   -0.0022814083
   -0.0023711745
   -0.0024605059
   -0.0025494014
   -0.0026378597
   -0.0027258796
   -0.0028134600
   -0.0029005996
   -0.0029872974
   -0.0030735521
   -0.0031593626
   -0.0032447279
   -0.0033296468
   -0.0034141182
   -0.0034981411
   -0.0035817143
   -0.0036648369
   -0.0037475077
   -0.0038297259
   -0.0039114903
   -0.0039927999
   -0.0040736538
   -0.0041540511
   -0.0042339907
   -0.0043134716
   -0.0043924931
   -0.0044710541
   -0.0045491538
   -0.0046267912
   -0.0047039655
   -0.0047806759
   -0.0048569214
   -0.0049327012
   -0.0050080146
   -0.0050828607
   -0.0051572387
   -0.0052311478
   -0.0053045872
   -0.0053775563
   -0.0054500543
   -0.0055220804
   -0.0055936339
   -0.0056647141
   -0.0057353204
   -0.0058054520
   -0.0058751083
   -0.0059442887
   -0.0060129925
   -0.0060812192
   -0.0061489680
   -0.0062162385
   -0.0062830299
   -0.0063493419
   -0.0064151738
   -0.0064805251
   -0.0065453952
   -0.0066097837
   -0.0066736900
   -0.0067371137
   -0.0068000544
   -0.0068625115
   -0.0069244846
   -0.0069859732
   -0.0070469771
   -0.0071074957
   -0.0071675288
   -0.0072270758
   -0.0072861365
   -0.0073447105
   -0.0074027975
   -0.0074603972
   -0.0075175092
   -0.0075741333
   -0.0076302691
   -0.0076859165
   -0.0077410752
   -0.0077957449
   -0.0078499255
   -0.0079036166
   -0.0079568182
   -0.0080095300
   -0.0080617519
   -0.0081134837
   -0.0081647252
   -0.0082154764
   -0.0082657371
   -0.0083155073
   -0.0083647868
   -0.0084135756
   -0.0084618735
   -0.0085096807
   -0.0085569969
   -0.0086038223
   -0.0086501568
   -0.0086960004
   -0.0087413531
   -0.0087862149
   -0.0088305860
   -0.0088744664
   -0.0089178561
   -0.0089607552
   -0.0090031639
   -0.0090450822
   -0.0090865103
   -0.0091274483
   -0.0091678964
   -0.0092078547
   -0.0092473234
   -0.0092863028
   -0.0093247929
   -0.0093627941
   -0.0094003065
   -0.0094373305
   -0.0094738662
   -0.0095099140
   -0.0095454741
   -0.0095805468
   -0.0096151325
   -0.0096492314
   -0.0096828439
   -0.0097159704
   -0.0097486111
   -0.0097807666
   -0.0098124371
   -0.0098436231
   -0.0098743250
   -0.0099045431
   -0.0099342781
   -0.0099635302
   -0.0099923000
    -0.010020588
    -0.010048395
    -0.010075720
    -0.010102566
    -0.010128931
    -0.010154817
    -0.010180225
    -0.010205154
    -0.010229606
    -0.010253581
    -0.010277079
    -0.010300102
    -0.010322649
    -0.010344722
    -0.010366321
    -0.010387447
    -0.010408100
    -0.010428282
    -0.010447992
    -0.010467232
    -0.010486002
    -0.010504303
    -0.010522136
    -0.010539502
    -0.010556401
    -0.010572834
    -0.010588802
    -0.010604305
    -0.010619345
    -0.010633923
    -0.010648038
    -0.010661693
    -0.010674887
    -0.010687622
    -0.010699899
    -0.010711719
    -0.010723082
    -0.010733989
    -0.010744442
    -0.010754441
    -0.010763987
    -0.010773081
    -0.010781725
    -0.010789918
    -0.010797663
    -0.010804960
    -0.010811811
    -0.010818215
    -0.010824175
    -0.010829691
    -0.010834764
    -0.010839396
    -0.010843588
    -0.010847340
    -0.010850654
    -0.010853531
    -0.010855972
    -0.010857978
    -0.010859550
    -0.010860690
    -0.010861398
    -0.010861677
    -0.010861526
    -0.010860948
    -0.010859943
    -0.010858512
    -0.010856658
    -0.010854380
    -0.010851681
    -0.010848562
    -0.010845024
    -0.010841068
    -0.010836695
    -0.010831907
    -0.010826705
    -0.010821091
    -0.010815066
    -0.010808630
    -0.010801786
    -0.010794535
    -0.010786878
    -0.010778817
    -0.010770352
    -0.010761486
    -0.010752220
    -0.010742555
    -0.010732492
    -0.010722034
    -0.010711181
    -0.010699934
    -0.010688297
    -0.010676269
    -0.010663852
    -0.010651049
    -0.010637859
    -0.010624286
    -0.010610329
    -0.010595992
    -0.010581275
    -0.010566180
    -0.010550708
    -0.010534861
    -0.010518641
    -0.010502049
    -0.010485087
    -0.010467756
    -0.010450058
    -0.010431994
    -0.010413567
    -0.010394777
    -0.010375627
    -0.010356118
    -0.010336251
    -0.010316029
    -0.010295452
    -0.010274523
    -0.010253244
    -0.010231615
    -0.010209639
    -0.010187317
    -0.010164651
    -0.010141643
    -0.010118295
    -0.010094608
    -0.010070583
    -0.010046223
    -0.010021530
   -0.0099965043
   -0.0099711487
   -0.0099454648
   -0.0099194543
   -0.0098931190
   -0.0098664605
   -0.0098394809
   -0.0098121817
   -0.0097845649
   -0.0097566322
   -0.0097283854
   -0.0096998264
   -0.0096709569
   -0.0096417789
   -0.0096122941
   -0.0095825044
   -0.0095524116
   -0.0095220176
   -0.0094913243
   -0.0094603334
   -0.0094290469
   -0.0093974667
   -0.0093655945
   -0.0093334324
   -0.0093009822
   -0.0092682458
   -0.0092352250
   -0.0092019219
   -0.0091683382
   -0.0091344760
   -0.0091003371
   -0.0090659235
   -0.0090312371
   -0.0089962798
   -0.0089610535
   -0.0089255603
   -0.0088898020
   -0.0088537806
   -0.0088174981
   -0.0087809564
   -0.0087441574
   -0.0087071033
   -0.0086697958
   -0.0086322371
   -0.0085944290
   -0.0085563736
   -0.0085180728
   -0.0084795287
   -0.0084407432
   -0.0084017184
   -0.0083624561
   -0.0083229586
   -0.0082832277
   -0.0082432654
   -0.0082030738
   -0.0081626549
   -0.0081220108
   -0.0080811433
   -0.0080400547
   -0.0079987468
   -0.0079572218
   -0.0079154817
   -0.0078735284
   -0.0078313641
   -0.0077889908
   -0.0077464106
   -0.0077036254
   -0.0076606374
   -0.0076174485
   -0.0075740610
   -0.0075304767
   -0.0074866978
   -0.0074427263
   -0.0073985643
   -0.0073542139
   -0.0073096771
   -0.0072649560
   -0.0072200527
   -0.0071749693
   -0.0071297077
   -0.0070842702
   -0.0070386587
   -0.0069928753
   -0.0069469222
   -0.0069008015
   -0.0068545151
   -0.0068080652
   -0.0067614538
   -0.0067146832
   -0.0066677552
   -0.0066206721
   -0.0065734359
   -0.0065260487
   -0.0064785126
   -0.0064308297
   -0.0063830020
   -0.0063350318
   -0.0062869209
   -0.0062386717
   -0.0061902861
   -0.0061417662
   -0.0060931141
   -0.0060443320
   -0.0059954219
   -0.0059463859
   -0.0058972261
   -0.0058479446
   -0.0057985435
   -0.0057490249
   -0.0056993908
   -0.0056496434
   -0.0055997848
   -0.0055498170
   -0.0054997421
   -0.0054495623
   -0.0053992795
   -0.0053488960
   -0.0052984137
   -0.0052478349
   -0.0051971614
   -0.0051463955
   -0.0050955392
   -0.0050445946
   -0.0049935638
   -0.0049424489
   -0.0048912519
   -0.0048399748
   -0.0047886199
   -0.0047371891
   -0.0046856846
   -0.0046341083
   -0.0045824624
   -0.0045307489
   -0.0044789699
   -0.0044271275
   -0.0043752237
   -0.0043232605
   -0.0042712401
   -0.0042191644
   -0.0041670355
   -0.0041148556
   -0.0040626265
   -0.0040103504
   -0.0039580293
   -0.0039056653
   -0.0038532603
   -0.0038008164
   -0.0037483357
   -0.0036958201
   -0.0036432717
   -0.0035906925
   -0.0035380846
   -0.0034854499
   -0.0034327904
   -0.0033801083
   -0.0033274053
   -0.0032746837
   -0.0032219453
   -0.0031691922
   -0.0031164264
   -0.0030636498
   -0.0030108644
   -0.0029580723
   -0.0029052754
   -0.0028524756
   -0.0027996749
   -0.0027468754
   -0.0026940789
   -0.0026412874
   -0.0025885029
   -0.0025357274
   -0.0024829627
   -0.0024302108
   -0.0023774737
   -0.0023247532
   -0.0022720514
   -0.0022193701
   -0.0021667113
   -0.0021140768
   -0.0020614686
   -0.0020088886
   -0.0019563387
   -0.0019038208
   -0.0018513368
   -0.0017988885
   -0.0017464779
   -0.0016941067
   -0.0016417770
   -0.0015894906
   -0.0015372492
   -0.0014850549
   -0.0014329093
   -0.0013808145
   -0.0013287721
   -0.0012767841
   -0.0012248523
   -0.0011729785
   -0.0011211645
   -0.0010694122
   -0.0010177233
  -0.00096609960
  -0.00091454297
  -0.00086305516
  -0.00081163797
  -0.00076029317
  -0.00070902254
  -0.00065782783
  -0.00060671081
  -0.00055567324
  -0.00050471686
  -0.00045384341
  -0.00040305463
  -0.00035235224
  -0.00030173798
  -0.00025121356
  -0.00020078068
  -0.00015044105
  -0.00010019637
  -5.0048328e-05
   1.3913767e-09
   4.9951111e-05
   9.9799161e-05
   0.00014954388
   0.00019918360
   0.00024871669
   0.00029814149
   0.00034745636
   0.00039665969
   0.00044574985
   0.00049472521
   0.00054358419
   0.00059232516
   0.00064094654
   0.00068944674
   0.00073782418
   0.00078607730
   0.00083420452
   0.00088220428
   0.00093007504
   0.00097781526
    0.0010254234
    0.0010728979
    0.0011202373
    0.0011674401
    0.0012145047
    0.0012614296
    0.0013082135
    0.0013548547
    0.0014013518
    0.0014477034
    0.0014939079
    0.0015399640
    0.0015858702
    0.0016316251
    0.0016772272
    0.0017226751
    0.0017679674
    0.0018131027
    0.0018580796
    0.0019028967
    0.0019475527
    0.0019920462
    0.0020363757
    0.0020805401
    0.0021245378
    0.0021683676
    0.0022120282
    0.0022555183
    0.0022988364
    0.0023419814
    0.0023849519
    0.0024277466
    0.0024703643
    0.0025128037
    0.0025550635
    0.0025971426
    0.0026390395
    0.0026807532
    0.0027222824
    0.0027636259
    0.0028047824
    0.0028457508
    0.0028865298
    0.0029271184
    0.0029675153
    0.0030077193
    0.0030477294
    0.0030875443
    0.0031271630
    0.0031665843
    0.0032058071
    0.0032448302
    0.0032836527
    0.0033222733
    0.0033606910
    0.0033989048
    0.0034369135
    0.0034747162
    0.0035123118
    0.0035496992
    0.0035868774
    0.0036238455
    0.0036606023
    0.0036971469
    0.0037334784
    0.0037695957
    0.0038054978
    0.0038411839
    0.0038766529
    0.0039119040
    0.0039469361
    0.0039817484
    0.0040163399
    0.0040507098
    0.0040848571
    0.0041187810
    0.0041524806
    0.0041859551
    0.0042192035
    0.0042522250
    0.0042850189
    0.0043175842
    0.0043499202
    0.0043820260
    0.0044139009
    0.0044455440
    0.0044769546
    0.0045081320
    0.0045390753
    0.0045697838
    0.0046002568
    0.0046304935
    0.0046604933
    0.0046902553
    0.0047197790
    0.0047490637
    0.0047781085
    0.0048069130
    0.0048354764
    0.0048637980
    0.0048918773
    0.0049197135
    0.0049473062
    0.0049746546
    0.0050017582
    0.0050286163
    0.0050552284
    0.0050815940
    0.0051077124
    0.0051335831
    0.0051592056
    0.0051845793
    0.0052097038
    0.0052345784
    0.0052592027
    0.0052835763
    0.0053076985
    0.0053315690
    0.0053551874
    0.0053785530
    0.0054016655
    0.0054245245
    0.0054471295
    0.0054694802
    0.0054915761
    0.0055134168
    0.0055350019
    0.0055563312
    0.0055774041
    0.0055982204
    0.0056187797
    0.0056390817
    0.0056591260
    0.0056789124
    0.0056984405
    0.0057177101
    0.0057367208
    0.0057554724
    0.0057739647
    0.0057921973
    0.0058101700
    0.0058278826
    0.0058453349
    0.0058625266
    0.0058794576
    0.0058961276
    0.0059125364
    0.0059286840
    0.0059445701
    0.0059601945
    0.0059755572
    0.0059906579
    0.0060054966
    0.0060200731
    0.0060343874
    0.0060484393
    0.0060622287
    0.0060757556
    0.0060890199
    0.0061020215
    0.0061147604
    0.0061272366
    0.0061394500
    0.0061514006
    0.0061630884
    0.0061745133
    0.0061856755
    0.0061965749
    0.0062072115
    0.0062175854
    0.0062276966
    0.0062375452
    0.0062471312
    0.0062564548
    0.0062655160
    0.0062743149
    0.0062828516
    0.0062911262
    0.0062991388
    0.0063068897
    0.0063143788
    0.0063216064
    0.0063285726
    0.0063352777
    0.0063417217
    0.0063479048
    0.0063538273
    0.0063594894
    0.0063648913
    0.0063700331
    0.0063749152
    0.0063795378
    0.0063839011
    0.0063880054
    0.0063918510
    0.0063954381
    0.0063987671
    0.0064018382
    0.0064046517
    0.0064072079
    0.0064095073
    0.0064115500
    0.0064133365
    0.0064148671
    0.0064161421
    0.0064171620
    0.0064179271
    0.0064184378
    0.0064186945
    0.0064186975
    0.0064184474
    0.0064179444
    0.0064171892
    0.0064161820
    0.0064149233
    0.0064134137
    0.0064116535
    0.0064096432
    0.0064073834
    0.0064048744
    0.0064021168
    0.0063991111
    0.0063958579
    0.0063923576
    0.0063886107
    0.0063846178
    0.0063803795
    0.0063758963
    0.0063711688
    0.0063661975
    0.0063609831
    0.0063555260
    0.0063498270
    0.0063438866
    0.0063377053
    0.0063312840
    0.0063246231
    0.0063177233
    0.0063105852
    0.0063032095
    0.0062955969
    0.0062877481
    0.0062796636
    0.0062713442
    0.0062627905
    0.0062540033
    0.0062449833
    0.0062357312
    0.0062262477
    0.0062165335
    0.0062065893
    0.0061964160
    0.0061860142
    0.0061753847
    0.0061645283
    0.0061534457
    0.0061421378
    0.0061306052
    0.0061188489
    0.0061068695
    0.0060946680
    0.0060822451
    0.0060696016
    0.0060567383
    0.0060436562
    0.0060303560
    0.0060168386
    0.0060031048
    0.0059891556
    0.0059749917
    0.0059606140
    0.0059460235
    0.0059312209
    0.0059162073
    0.0059009835
    0.0058855504
    0.0058699089
    0.0058540600
    0.0058380045
    0.0058217435
    0.0058052778
    0.0057886083
    0.0057717361
    0.0057546621
    0.0057373873
    0.0057199126
    0.0057022390
    0.0056843675
    0.0056662990
    0.0056480346
    0.0056295752
    0.0056109220
    0.0055920758
    0.0055730376
    0.0055538086
    0.0055343897
    0.0055147820
    0.0054949865
    0.0054750043
    0.0054548363
    0.0054344837
    0.0054139475
    0.0053932288
    0.0053723286
    0.0053512480
    0.0053299881
    0.0053085500
    0.0052869348
    0.0052651436
    0.0052431774
    0.0052210374
    0.0051987246
    0.0051762403
    0.0051535854
    0.0051307613
    0.0051077688
    0.0050846093
    0.0050612838
    0.0050377935
    0.0050141395
    0.0049903230
    0.0049663451
    0.0049422070
    0.0049179099
    0.0048934549
    0.0048688432
    0.0048440760
    0.0048191544
    0.0047940796
    0.0047688529
    0.0047434754
    0.0047179483
    0.0046922728
    0.0046664502
    0.0046404815
    0.0046143681
    0.0045881112
    0.0045617119
    0.0045351716
    0.0045084913
    0.0044816724
    0.0044547161
    0.0044276236
    0.0044003962
    0.0043730350
    0.0043455414
    0.0043179166
    0.0042901619
    0.0042622784
    0.0042342676
    0.0042061305
    0.0041778685
    0.0041494829
    0.0041209749
    0.0040923458
    0.0040635969
    0.0040347294
    0.0040057446
    0.0039766439
    0.0039474284
    0.0039180996
    0.0038886586
    0.0038591068
    0.0038294454
    0.0037996758
    0.0037697993
    0.0037398171
    0.0037097306
    0.0036795411
    0.0036492499
    0.0036188582
    0.0035883675
    0.0035577789
    0.0035270939
    0.0034963138
    0.0034654398
    0.0034344733
    0.0034034156
    0.0033722680
    0.0033410319
    0.0033097086
    0.0032782994
    0.0032468057
    0.0032152287
    0.0031835699
    0.0031518304
    0.0031200118
    0.0030881153
    0.0030561422
    0.0030240939
    0.0029919717
    0.0029597770
    0.0029275111
    0.0028951753
    0.0028627711
    0.0028302996
    0.0027977624
    0.0027651606
    0.0027324958
    0.0026997691
    0.0026669820
    0.0026341357
    0.0026012318
    0.0025682714
    0.0025352560
    0.0025021868
    0.0024690653
    0.0024358928
    0.0024026706
    0.0023694000
    0.0023360825
    0.0023027194
    0.0022693120
    0.0022358617
    0.0022023697
    0.0021688376
    0.0021352665
    0.0021016579
    0.0020680131
    0.0020343334
    0.0020006203
    0.0019668749
    0.0019330988
    0.0018992931
    0.0018654593
    0.0018315988
    0.0017977127
    0.0017638026
    0.0017298696
    0.0016959153
    0.0016619408
    0.0016279475
    0.0015939368
    0.0015599101
    0.0015258685
    0.0014918135
    0.0014577464
    0.0014236685
    0.0013895812
    0.0013554858
    0.0013213835
    0.0012872758
    0.0012531639
    0.0012190492
    0.0011849329
    0.0011508165
    0.0011167011
    0.0010825882
    0.0010484790
    0.0010143749
   0.00098027709
   0.00094618695
   0.00091210578
   0.00087803486
   0.00084397550
   0.00080992899
   0.00077589663
   0.00074187972
   0.00070787954
   0.00067389737
   0.00063993451
   0.00060599224
   0.00057207184
   0.00053817458
   0.00050430174
   0.00047045460
   0.00043663442
   0.00040284247
   0.00036908001
   0.00033534832
   0.00030164864
   0.00026798224
   0.00023435036
   0.00020075426
   0.00016719518
   0.00013367437
   0.00010019307
   6.6752524e-05
   3.3353959e-05
  -1.3913767e-09
