    0.0053051646
    0.0053084680
    0.0053113040
    0.0053136716
    0.0053155701
    0.0053169987
    0.0053179565
    0.0053184430
    0.0053184574
    0.0053179991
    0.0053170674
    0.0053156619
    0.0053137821
    0.0053114273
    0.0053085974
    0.0053052917
    0.0053015100
    0.0052972520
    0.0052925174
    0.0052873060
    0.0052816175
    0.0052754519
    0.0052688091
    0.0052616889
    0.0052540914
    0.0052460166
    0.0052374645
    0.0052284353
    0.0052189291
    0.0052089460
    0.0051984864
    0.0051875504
    0.0051761385
    0.0051642509
    0.0051518881
    0.0051390504
    0.0051257384
    0.0051119526
    0.0050976936
    0.0050829619
    0.0050677583
    0.0050520833
    0.0050359378
    0.0050193225
    0.0050022382
    0.0049846858
    0.0049666662
    0.0049481803
    0.0049292291
    0.0049098137
    0.0048899350
    0.0048695943
    0.0048487926
    0.0048275312
    0.0048058113
    0.0047836341
    0.0047610010
    0.0047379133
    0.0047143725
    0.0046903800
    0.0046659372
    0.0046410457
    0.0046157071
    0.0045899229
    0.0045636948
    0.0045370245
    0.0045099137
    0.0044823642
    0.0044543778
    0.0044259563
    0.0043971017
    0.0043678159
    0.0043381007
    0.0043079584
    0.0042773908
    0.0042464001
    0.0042149885
    0.0041831580
    0.0041509109
    0.0041182495
    0.0040851760
    0.0040516927
    0.0040178021
    0.0039835065
    0.0039488084
    0.0039137103
    0.0038782146
    0.0038423239
    0.0038060409
    0.0037693681
    0.0037323083
    0.0036948641
    0.0036570382
    0.0036188336
    0.0035802529
    0.0035412990
    0.0035019749
    0.0034622834
    0.0034222276
    0.0033818103
    0.0033410348
    0.0032999039
    0.0032584209
    0.0032165888
    0.0031744109
    0.0031318904
    0.0030890304
    0.0030458344
    0.0030023055
    0.0029584472
    0.0029142628
    0.0028697557
    0.0028249294
    0.0027797874
    0.0027343331
    0.0026885701
    0.0026425020
    0.0025961324
    0.0025494649
    0.0025025033
    0.0024552511
    0.0024077121
    0.0023598901
    0.0023117889
    0.0022634122
    0.0022147640
    0.0021658482
    0.0021166685
    0.0020672290
    0.0020175336
    0.0019675864
    0.0019173912
    0.0018669523
    0.0018162736
    0.0017653592
    0.0017142133
    0.0016628401
    0.0016112436
    0.0015594282
    0.0015073980
    0.0014551573
    0.0014027104
    0.0013500615
    0.0012972150
    0.0012441753
    0.0011909467
    0.0011375336
    0.0010839404
    0.0010301716
   0.00097623161
   0.00092212494
   0.00086785608
   0.00081342956
   0.00075884992
   0.00070412173
   0.00064924957
   0.00059423804
   0.00053909176
   0.00048381537
   0.00042841354
   0.00037289094
   0.00031725225
   0.00026150220
   0.00020564551
   0.00014968692
   9.3631193e-05
   3.7483099e-05
  -1.8752570e-05
  -7.5071010e-05
  -0.00013146740
  -0.00018793692
  -0.00024447470
  -0.00030107590
  -0.00035773565
  -0.00041444906
  -0.00047121122
  -0.00052801725
  -0.00058486221
  -0.00064174118
  -0.00069864922
  -0.00075558138
  -0.00081253270
  -0.00086949821
  -0.00092647294
  -0.00098345189
   -0.0010404301
   -0.0010974025
   -0.0011543642
   -0.0012113101
   -0.0012682351
   -0.0013251344
   -0.0013820028
   -0.0014388353
   -0.0014956268
   -0.0015523724
   -0.0016090669
   -0.0016657054
   -0.0017222827
   -0.0017787938
   -0.0018352337
   -0.0018915973
   -0.0019478795
   -0.0020040752
   -0.0020601795
   -0.0021161872
   -0.0021720933
   -0.0022278927
   -0.0022835804
   -0.0023391513
   -0.0023946003
   -0.0024499224
   -0.0025051126
   -0.0025601658
   -0.0026150770
   -0.0026698411
   -0.0027244531
   -0.0027789079
   -0.0028332006
   -0.0028873262
   -0.0029412796
   -0.0029950558
   -0.0030486499
   -0.0031020569
   -0.0031552717
   -0.0032082895
   -0.0032611052
   -0.0033137139
   -0.0033661107
   -0.0034182907
   -0.0034702489
   -0.0035219804
   -0.0035734804
   -0.0036247439
   -0.0036757661
   -0.0037265422
   -0.0037770673
   -0.0038273365
   -0.0038773451
   -0.0039270883
   -0.0039765613
   -0.0040257593
   -0.0040746776
   -0.0041233115
   -0.0041716561
   -0.0042197070
   -0.0042674592
   -0.0043149083
   -0.0043620495
   -0.0044088783
   -0.0044553899
   -0.0045015800
   -0.0045474438
   -0.0045929769
   -0.0046381747
   -0.0046830327
   -0.0047275464
   -0.0047717115
   -0.0048155235
   -0.0048589779
   -0.0049020704
   -0.0049447966
   -0.0049871522
   -0.0050291328
   -0.0050707343
   -0.0051119523
   -0.0051527827
   -0.0051932211
   -0.0052332635
   -0.0052729056
   -0.0053121434
   -0.0053509727
   -0.0053893896
   -0.0054273899
   -0.0054649697
   -0.0055021249
   -0.0055388517
   -0.0055751461
   -0.0056110042
   -0.0056464222
   -0.0056813963
   -0.0057159226
   -0.0057499974
   -0.0057836171
   -0.0058167778
   -0.0058494759
   -0.0058817079
   -0.0059134701
   -0.0059447589
   -0.0059755709
   -0.0060059026
   -0.0060357505
   -0.0060651111
   -0.0060939812
   -0.0061223574
   -0.0061502364
   -0.0061776149
   -0.0062044897
   -0.0062308576
   -0.0062567154
   -0.0062820601
   -0.0063068886
   -0.0063311978
   -0.0063549847
   -0.0063782464
   -0.0064009800
   -0.0064231826
   -0.0064448513
   -0.0064659835
   -0.0064865762
   -0.0065066269
   -0.0065261328
   -0.0065450914
   -0.0065635000
   -0.0065813562
   -0.0065986573
   -0.0066154011
   -0.0066315850
   -0.0066472067
   -0.0066622639
   -0.0066767544
   -0.0066906758
   -0.0067040260
   -0.0067168029
   -0.0067290044
   -0.0067406284
   -0.0067516729
   -0.0067621360
   -0.0067720158
   -0.0067813104
   -0.0067900181
   -0.0067981369
   -0.0068056653
   -0.0068126015
   -0.0068189440
   -0.0068246911
   -0.0068298414
   -0.0068343933
   -0.0068383455
   -0.0068416965
   -0.0068444451
   -0.0068465899
   -0.0068481297
   -0.0068490634
   -0.0068493898
   -0.0068491078
   -0.0068482165
   -0.0068467147
   -0.0068446017
   -0.0068418765
   -0.0068385383
   -0.0068345863
   -0.0068300198
   -0.0068248382
   -0.0068190408
   -0.0068126270
   -0.0068055963
   -0.0067979484
   -0.0067896826
   -0.0067807988
   -0.0067712966
   -0.0067611757
   -0.0067504359
   -0.0067390771
   -0.0067270992
   -0.0067145022
   -0.0067012860
   -0.0066874507
   -0.0066729965
   -0.0066579235
   -0.0066422319
   -0.0066259220
   -0.0066089941
   -0.0065914487
   -0.0065732861
   -0.0065545068
   -0.0065351115
   -0.0065151006
   -0.0064944749
   -0.0064732350
   -0.0064513817
   -0.0064289158
   -0.0064058382
   -0.0063821498
   -0.0063578516
   -0.0063329446
   -0.0063074299
   -0.0062813086
   -0.0062545819
   -0.0062272511
   -0.0061993175
   -0.0061707823
   -0.0061416471
   -0.0061119133
   -0.0060815824
   -0.0060506559
   -0.0060191355
   -0.0059870229
   -0.0059543197
   -0.0059210279
   -0.0058871491
   -0.0058526853
   -0.0058176385
   -0.0057820106
   -0.0057458037
   -0.0057090199
   -0.0056716613
   -0.0056337302
   -0.0055952287
   -0.0055561594
   -0.0055165244
   -0.0054763262
   -0.0054355673
   -0.0053942503
   -0.0053523776
   -0.0053099519
   -0.0052669760
   -0.0052234524
   -0.0051793841
   -0.0051347739
   -0.0050896246
   -0.0050439391
   -0.0049977206
   -0.0049509719
   -0.0049036963
   -0.0048558968
   -0.0048075767
   -0.0047587391
   -0.0047093874
   -0.0046595250
   -0.0046091551
   -0.0045582813
   -0.0045069071
   -0.0044550359
   -0.0044026714
   -0.0043498172
   -0.0042964771
   -0.0042426547
   -0.0041883538
   -0.0041335782
   -0.0040783319
   -0.0040226188
   -0.0039664428
   -0.0039098079
   -0.0038527182
   -0.0037951779
   -0.0037371911
   -0.0036787620
   -0.0036198948
   -0.0035605938
   -0.0035008635
   -0.0034407081
   -0.0033801320
   -0.0033191399
   -0.0032577361
   -0.0031959253
   -0.0031337121
   -0.0030711010
   -0.0030080968
   -0.0029447043
   -0.0028809281
   -0.0028167731
   -0.0027522442
   -0.0026873463
   -0.0026220842
   -0.0025564631
   -0.0024904878
   -0.0024241635
   -0.0023574952
   -0.0022904882
   -0.0022231475
   -0.0021554783
   -0.0020874860
   -0.0020191758
   -0.0019505531
   -0.0018816232
   -0.0018123914
   -0.0017428633
   -0.0016730443
   -0.0016029400
   -0.0015325557
   -0.0014618972
   -0.0013909701
   -0.0013197799
   -0.0012483324
   -0.0011766332
   -0.0011046881
   -0.0010325029
  -0.00096008342
  -0.00088743542
  -0.00081456481
  -0.00074147747
  -0.00066817933
  -0.00059467634
  -0.00052097450
  -0.00044707981
  -0.00037299832
  -0.00029873609
  -0.00022429921
  -0.00014969382
  -7.4926051e-05
  -2.0870651e-09
   7.5071875e-05
   0.00015028961
   0.00022564487
   0.00030113138
   0.00037674285
   0.00045247296
   0.00052831536
   0.00060426370
   0.00068031158
   0.00075645261
   0.00083268035
   0.00090898836
   0.00098537017
    0.0010618193
    0.0011383292
    0.0012148935
    0.0012915055
    0.0013681587
    0.0014448465
    0.0015215623
    0.0015982996
    0.0016750517
    0.0017518119
    0.0018285737
    0.0019053304
    0.0019820753
    0.0020588016
    0.0021355028
    0.0022121721
    0.0022888028
    0.0023653881
    0.0024419213
    0.0025183957
    0.0025948044
    0.0026711409
    0.0027473981
    0.0028235695
    0.0028996482
    0.0029756273
    0.0030515002
    0.0031272599
    0.0032028998
    0.0032784129
    0.0033537925
    0.0034290317
    0.0035041238
    0.0035790619
    0.0036538391
    0.0037284488
    0.0038028839
    0.0038771378
    0.0039512036
    0.0040250745
    0.0040987436
    0.0041722042
    0.0042454495
    0.0043184725
    0.0043912667
    0.0044638250
    0.0045361408
    0.0046082073
    0.0046800177
    0.0047515652
    0.0048228431
    0.0048938446
    0.0049645629
    0.0050349915
    0.0051051234
    0.0051749520
    0.0052444706
    0.0053136726
    0.0053825512
    0.0054510998
    0.0055193117
    0.0055871803
    0.0056546989
    0.0057218611
    0.0057886602
    0.0058550895
    0.0059211426
    0.0059868130
    0.0060520941
    0.0061169793
    0.0061814623
    0.0062455366
    0.0063091957
    0.0063724333
    0.0064352428
    0.0064976180
    0.0065595525
    0.0066210400
    0.0066820741
    0.0067426487
    0.0068027573
    0.0068623939
    0.0069215522
    0.0069802260
    0.0070384092
    0.0070960957
    0.0071532793
    0.0072099541
    0.0072661139
    0.0073217528
    0.0073768649
    0.0074314441
    0.0074854845
    0.0075389804
    0.0075919257
    0.0076443148
    0.0076961419
    0.0077474012
    0.0077980869
    0.0078481935
    0.0078977153
    0.0079466467
    0.0079949822
    0.0080427161
    0.0080898431
    0.0081363577
    0.0081822545
    0.0082275280
    0.0082721730
    0.0083161843
    0.0083595564
    0.0084022844
    0.0084443629
    0.0084857868
    0.0085265512
    0.0085666509
    0.0086060810
    0.0086448365
    0.0086829125
    0.0087203042
    0.0087570068
    0.0087930155
    0.0088283256
    0.0088629324
    0.0088968314
    0.0089300179
    0.0089624875
    0.0089942356
    0.0090252579
    0.0090555500
    0.0090851075
    0.0091139263
    0.0091420020
    0.0091693306
    0.0091959079
    0.0092217298
    0.0092467925
    0.0092710918
    0.0092946240
    0.0093173851
    0.0093393715
    0.0093605794
    0.0093810050
    0.0094006449
    0.0094194954
    0.0094375530
    0.0094548143
    0.0094712760
    0.0094869346
    0.0095017870
    0.0095158298
    0.0095290601
    0.0095414746
    0.0095530704
    0.0095638445
    0.0095737940
    0.0095829160
    0.0095912079
    0.0095986667
    0.0096052900
    0.0096110750
    0.0096160194
    0.0096201205
    0.0096233761
    0.0096257838
    0.0096273412
    0.0096280463
    0.0096278968
    0.0096268907
    0.0096250259
    0.0096223006
    0.0096187129
    0.0096142609
    0.0096089429
    0.0096027572
    0.0095957023
    0.0095877765
    0.0095789785
    0.0095693067
    0.0095587600
    0.0095473369
    0.0095350364
    0.0095218572
    0.0095077984
    0.0094928590
    0.0094770379
    0.0094603345
    0.0094427479
    0.0094242774
    0.0094049223
    0.0093846822
    0.0093635565
    0.0093415449
    0.0093186469
    0.0092948623
    0.0092701909
    0.0092446325
    0.0092181872
    0.0091908549
    0.0091626357
    0.0091335298
    0.0091035375
    0.0090726589
    0.0090408946
    0.0090082449
    0.0089747104
    0.0089402918
    0.0089049896
    0.0088688047
    0.0088317378
    0.0087937899
    0.0087549619
    0.0087152550
    0.0086746701
    0.0086332086
    0.0085908717
    0.0085476608
    0.0085035772
    0.0084586225
    0.0084127983
    0.0083661061
    0.0083185478
    0.0082701252
    0.0082208400
    0.0081706943
    0.0081196901
    0.0080678295
    0.0080151146
    0.0079615478
    0.0079071313
    0.0078518676
    0.0077957591
    0.0077388084
    0.0076810181
    0.0076223910
    0.0075629297
    0.0075026372
    0.0074415164
    0.0073795703
    0.0073168020
    0.0072532146
    0.0071888113
    0.0071235955
    0.0070575706
    0.0069907399
    0.0069231071
    0.0068546757
    0.0067854494
    0.0067154319
    0.0066446272
    0.0065730390
    0.0065006713
    0.0064275283
    0.0063536140
    0.0062789326
    0.0062034884
    0.0061272857
    0.0060503289
    0.0059726225
    0.0058941712
    0.0058149794
    0.0057350519
    0.0056543935
    0.0055730091
    0.0054909035
    0.0054080817
    0.0053245488
    0.0052403099
    0.0051553703
    0.0050697352
    0.0049834099
    0.0048963999
    0.0048087106
    0.0047203476
    0.0046313165
    0.0045416230
    0.0044512729
    0.0043602720
    0.0042686261
    0.0041763413
    0.0040834236
    0.0039898791
    0.0038957138
    0.0038009342
    0.0037055464
    0.0036095569
    0.0035129720
    0.0034157983
    0.0033180423
    0.0032197107
    0.0031208101
    0.0030213473
    0.0029213291
    0.0028207623
    0.0027196540
    0.0026180111
    0.0025158407
    0.0024131500
    0.0023099461
    0.0022062362
    0.0021020277
    0.0019973280
    0.0018921445
    0.0017864846
    0.0016803560
    0.0015737662
    0.0014667229
    0.0013592338
    0.0012513068
    0.0011429496
    0.0010341701
   0.00092497634
   0.00081537628
   0.00070537797
   0.00059498954
   0.00048421915
   0.00037307503
   0.00026156545
   0.00014969874
   3.7483284e-05
  -7.5072492e-05
  -0.00018796010
  -0.00030117102
  -0.00041469665
  -0.00052852837
  -0.00064265749
  -0.00075707529
  -0.00087177298
  -0.00098674175
   -0.0011019727
   -0.0012174570
   -0.0013331855
   -0.0014491494
   -0.0015653395
   -0.0016817468
   -0.0017983621
   -0.0019151762
   -0.0020321799
   -0.0021493640
   -0.0022667191
   -0.0023842359
   -0.0025019049
   -0.0026197168
   -0.0027376621
   -0.0028557312
   -0.0029739147
   -0.0030922030
   -0.0032105863
   -0.0033290552
   -0.0034475998
   -0.0035662105
   -0.0036848775
   -0.0038035911
   -0.0039223413
   -0.0040411183
   -0.0041599123
   -0.0042787133
   -0.0043975115
   -0.0045162967
   -0.0046350590
   -0.0047537884
   -0.0048724747
   -0.0049911080
   -0.0051096781
   -0.0052281748
   -0.0053465880
   -0.0054649075
   -0.0055831231
   -0.0057012246
   -0.0058192016
   -0.0059370440
   -0.0060547413
   -0.0061722834
   -0.0062896597
   -0.0064068601
   -0.0065238741
   -0.0066406913
   -0.0067573013
   -0.0068736936
   -0.0069898579
   -0.0071057837
   -0.0072214605
   -0.0073368778
   -0.0074520251
   -0.0075668920
   -0.0076814678
   -0.0077957421
   -0.0079097044
   -0.0080233440
   -0.0081366505
   -0.0082496132
   -0.0083622216
   -0.0084744652
   -0.0085863332
   -0.0086978153
   -0.0088089007
   -0.0089195789
   -0.0090298393
   -0.0091396712
   -0.0092490642
   -0.0093580075
   -0.0094664907
   -0.0095745030
   -0.0096820340
   -0.0097890730
   -0.0098956095
    -0.010001633
    -0.010107132
    -0.010212098
    -0.010316518
    -0.010420383
    -0.010523683
    -0.010626405
    -0.010728541
    -0.010830079
    -0.010931009
    -0.011031321
    -0.011131004
    -0.011230047
    -0.011328440
    -0.011426173
    -0.011523235
    -0.011619616
    -0.011715305
    -0.011810293
    -0.011904568
    -0.011998120
    -0.012090940
    -0.012183016
    -0.012274339
    -0.012364898
    -0.012454683
    -0.012543684
    -0.012631891
    -0.012719293
    -0.012805881
    -0.012891643
    -0.012976572
    -0.013060655
    -0.013143883
    -0.013226247
    -0.013307736
    -0.013388340
    -0.013468050
    -0.013546856
    -0.013624747
    -0.013701714
    -0.013777747
    -0.013852838
    -0.013926974
    -0.014000149
    -0.014072350
    -0.014143570
    -0.014213799
    -0.014283026
    -0.014351244
    -0.014418441
    -0.014484610
    -0.014549740
    -0.014613822
    -0.014676847
    -0.014738807
    -0.014799691
    -0.014859491
    -0.014918197
    -0.014975802
    -0.015032295
    -0.015087667
    -0.015141911
    -0.015195018
    -0.015246977
    -0.015297782
    -0.015347422
    -0.015395891
    -0.015443178
    -0.015489276
    -0.015534177
    -0.015577871
    -0.015620351
    -0.015661608
    -0.015701634
    -0.015740421
    -0.015777962
    -0.015814247
    -0.015849269
    -0.015883021
    -0.015915494
    -0.015946680
    -0.015976573
    -0.016005164
    -0.016032445
    -0.016058410
    -0.016083050
    -0.016106360
    -0.016128330
    -0.016148954
    -0.016168225
    -0.016186136
    -0.016202679
    -0.016217848
    -0.016231637
    -0.016244037
    -0.016255042
    -0.016264647
    -0.016272843
    -0.016279625
    -0.016284987
    -0.016288921
    -0.016291421
    -0.016292482
    -0.016292098
    -0.016290261
    -0.016286967
    -0.016282209
    -0.016275981
    -0.016268278
    -0.016259094
    -0.016248424
    -0.016236262
    -0.016222603
    -0.016207440
    -0.016190770
    -0.016172587
    -0.016152886
    -0.016131661
    -0.016108908
    -0.016084622
    -0.016058799
    -0.016031433
    -0.016002521
    -0.015972057
    -0.015940037
    -0.015906458
    -0.015871314
    -0.015834601
    -0.015796316
    -0.015756455
    -0.015715014
    -0.015671988
    -0.015627375
    -0.015581171
    -0.015533371
    -0.015483974
    -0.015432975
    -0.015380371
    -0.015326160
    -0.015270337
    -0.015212901
    -0.015153848
    -0.015093176
    -0.015030882
    -0.014966963
    -0.014901417
    -0.014834242
    -0.014765435
    -0.014694994
    -0.014622917
    -0.014549202
    -0.014473847
    -0.014396851
    -0.014318211
    -0.014237927
    -0.014155996
    -0.014072417
    -0.013987189
    -0.013900311
    -0.013811782
    -0.013721600
    -0.013629765
    -0.013536277
    -0.013441133
    -0.013344334
    -0.013245879
    -0.013145768
    -0.013044001
    -0.012940576
    -0.012835495
    -0.012728758
    -0.012620363
    -0.012510313
    -0.012398606
    -0.012285243
    -0.012170226
    -0.012053553
    -0.011935227
    -0.011815248
    -0.011693617
    -0.011570335
    -0.011445404
    -0.011318823
    -0.011190596
    -0.011060722
    -0.010929205
    -0.010796045
    -0.010661244
    -0.010524804
    -0.010386727
    -0.010247015
    -0.010105671
   -0.0099626957
   -0.0098180928
   -0.0096718643
   -0.0095240129
   -0.0093745412
   -0.0092234520
   -0.0090707483
   -0.0089164331
   -0.0087605094
   -0.0086029805
   -0.0084438498
   -0.0082831205
   -0.0081207964
   -0.0079568809
   -0.0077913778
   -0.0076242910
   -0.0074556244
   -0.0072853821
   -0.0071135681
   -0.0069401868
   -0.0067652425
   -0.0065887397
   -0.0064106828
   -0.0062310766
   -0.0060499259
   -0.0058672354
   -0.0056830102
   -0.0054972553
   -0.0053099759
   -0.0051211773
   -0.0049308648
   -0.0047390440
   -0.0045457203
   -0.0043508995
   -0.0041545873
   -0.0039567896
   -0.0037575124
   -0.0035567617
   -0.0033545438
   -0.0031508649
   -0.0029457313
   -0.0027391496
   -0.0025311264
   -0.0023216681
   -0.0021107818
   -0.0018984741
   -0.0016847521
   -0.0014696229
   -0.0012530935
   -0.0010351712
  -0.00081586339
  -0.00059517750
  -0.00037312106
  -0.00014970170
   7.5072862e-05
   0.00030119480
   0.00052865619
   0.00075744904
   0.00098756524
    0.0012189966
    0.0014517348
    0.0016857716
    0.0019210983
    0.0021577065
    0.0023955876
    0.0026347327
    0.0028751330
    0.0031167797
    0.0033596636
    0.0036037758
    0.0038491070
    0.0040956479
    0.0043433893
    0.0045923215
    0.0048424352
    0.0050937207
    0.0053461682
    0.0055997680
    0.0058545102
    0.0061103849
    0.0063673820
    0.0066254913
    0.0068847028
    0.0071450060
    0.0074063906
    0.0076688462
    0.0079323623
    0.0081969281
    0.0084625332
    0.0087291665
    0.0089968174
    0.0092654749
    0.0095351281
    0.0098057657
     0.010077377
     0.010349950
     0.010623474
     0.010897937
     0.011173329
     0.011449637
     0.011726850
     0.012004956
     0.012283944
     0.012563802
     0.012844517
     0.013126078
     0.013408473
     0.013691690
     0.013975717
     0.014260541
     0.014546151
     0.014832533
     0.015119676
     0.015407567
     0.015696193
     0.015985542
     0.016275602
     0.016566359
     0.016857800
     0.017149914
     0.017442687
     0.017736106
     0.018030158
     0.018324830
     0.018620109
     0.018915981
     0.019212435
     0.019509455
     0.019807030
     0.020105145
     0.020403787
     0.020702943
     0.021002599
     0.021302742
     0.021603358
     0.021904433
     0.022205953
     0.022507906
     0.022810276
     0.023113051
     0.023416216
     0.023719757
     0.024023660
     0.024327912
     0.024632498
     0.024937404
     0.025242617
     0.025548121
     0.025853903
     0.026159949
     0.026466243
     0.026772773
     0.027079523
     0.027386479
     0.027693627
     0.028000952
     0.028308440
     0.028616077
     0.028923847
     0.029231737
     0.029539731
     0.029847815
     0.030155975
     0.030464196
     0.030772463
     0.031080761
     0.031389076
     0.031697394
     0.032005698
     0.032313975
     0.032622210
     0.032930387
     0.033238493
     0.033546512
     0.033854429
     0.034162230
     0.034469900
     0.034777423
     0.035084786
     0.035391972
     0.035698967
     0.036005757
     0.036312325
     0.036618658
     0.036924741
     0.037230558
     0.037536094
     0.037841335
     0.038146265
     0.038450870
     0.038755135
     0.039059044
     0.039362583
     0.039665737
     0.039968491
     0.040270830
     0.040572739
     0.040874203
     0.041175207
     0.041475736
     0.041775776
     0.042075312
     0.042374328
     0.042672810
     0.042970742
     0.043268111
     0.043564902
     0.043861098
     0.044156687
     0.044451652
     0.044745979
     0.045039654
     0.045332662
     0.045624988
     0.045916617
     0.046207535
     0.046497726
     0.046787178
     0.047075874
     0.047363801
     0.047650944
     0.047937288
     0.048222819
     0.048507523
     0.048791385
     0.049074391
     0.049356526
     0.049637776
     0.049918127
     0.050197565
     0.050476075
     0.050753644
     0.051030257
     0.051305900
     0.051580559
     0.051854220
     0.052126869
     0.052398493
     0.052669077
     0.052938607
     0.053207071
     0.053474453
     0.053740741
     0.054005920
     0.054269978
     0.054532900
     0.054794673
     0.055055284
     0.055314719
     0.055572965
     0.055830009
     0.056085838
     0.056340437
     0.056593795
     0.056845898
     0.057096733
     0.057346287
     0.057594547
     0.057841501
     0.058087136
     0.058331438
     0.058574396
     0.058815997
     0.059056228
     0.059295077
     0.059532531
     0.059768578
     0.060003207
     0.060236404
     0.060468157
     0.060698456
     0.060927286
     0.061154638
     0.061380498
     0.061604856
     0.061827698
     0.062049015
     0.062268794
     0.062487024
     0.062703693
     0.062918790
     0.063132305
     0.063344225
     0.063554539
     0.063763238
     0.063970309
     0.064175742
     0.064379526
     0.064581651
     0.064782106
     0.064980880
     0.065177963
     0.065373345
     0.065567016
     0.065758964
     0.065949181
     0.066137656
     0.066324380
     0.066509342
     0.066692533
     0.066873943
     0.067053562
     0.067231382
     0.067407393
     0.067581585
     0.067753949
     0.067924477
     0.068093159
     0.068259987
     0.068424951
     0.068588044
     0.068749255
     0.068908578
     0.069066003
     0.069221522
     0.069375127
     0.069526809
     0.069676562
     0.069824376
     0.069970245
     0.070114160
     0.070256113
     0.070396098
     0.070534107
     0.070670132
     0.070804167
     0.070936204
     0.071066236
     0.071194256
     0.071320258
     0.071444235
     0.071566180
     0.071686087
     0.071803950
     0.071919762
     0.072033517
     0.072145209
     0.072254832
     0.072362381
     0.072467849
     0.072571231
     0.072672522
     0.072771716
     0.072868808
     0.072963792
     0.073056665
     0.073147420
     0.073236053
     0.073322559
     0.073406934
     0.073489173
     0.073569272
     0.073647226
     0.073723032
     0.073796685
     0.073868181
     0.073937517
     0.074004689
     0.074069694
     0.074132527
     0.074193186
     0.074251667
     0.074307967
     0.074362084
     0.074414014
     0.074463754
     0.074511302
     0.074556656
     0.074599813
     0.074640770
     0.074679526
     0.074716078
     0.074750425
     0.074782565
     0.074812495
     0.074840215
     0.074865722
     0.074889016
     0.074910096
     0.074928959
     0.074945606
     0.074960034
     0.074972245
     0.074982236
     0.074990007
     0.074995559
     0.074998890
     0.075000000
     0.074998890
     0.074995559
     0.074990007
     0.074982236
     0.074972245
     0.074960034
     0.074945606
     0.074928959
     0.074910096
     0.074889016
     0.074865722
     0.074840215
     0.074812495
     0.074782565
     0.074750425
     0.074716078
     0.074679526
     0.074640770
     0.074599813
     0.074556656
     0.074511302
     0.074463754
     0.074414014
     0.074362084
     0.074307967
     0.074251667
     0.074193186
     0.074132527
     0.074069694
     0.074004689
     0.073937517
     0.073868181
     0.073796685
     0.073723032
     0.073647226
     0.073569272
     0.073489173
     0.073406934
     0.073322559
     0.073236053
     0.073147420
     0.073056665
     0.072963792
     0.072868808
     0.072771716
     0.072672522
     0.072571231
     0.072467849
     0.072362381
     0.072254832
     0.072145209
     0.072033517
     0.071919762
     0.071803950
     0.071686087
     0.071566180
     0.071444235
     0.071320258
     0.071194256
     0.071066236
     0.070936204
     0.070804167
     0.070670132
     0.070534107
     0.070396098
     0.070256113
     0.070114160
     0.069970245
     0.069824376
     0.069676562
     0.069526809
     0.069375127
     0.069221522
     0.069066003
     0.068908578
     0.068749255
     0.068588044
     0.068424951
     0.068259987
     0.068093159
     0.067924477
     0.067753949
     0.067581585
     0.067407393
     0.067231382
     0.067053562
     0.066873943
     0.066692533
     0.066509342
     0.066324380
     0.066137656
     0.065949181
     0.065758964
     0.065567016
     0.065373345
     0.065177963
     0.064980880
     0.064782106
     0.064581651
     0.064379526
     0.064175742
     0.063970309
     0.063763238
     0.063554539
     0.063344225
     0.063132305
     0.062918790
     0.062703693
     0.062487024
     0.062268794
     0.062049015
     0.061827698
     0.061604856
     0.061380498
     0.061154638
     0.060927286
     0.060698456
     0.060468157
     0.060236404
     0.060003207
     0.059768578
     0.059532531
     0.059295077
     0.059056228
     0.058815997
     0.058574396
     0.058331438
     0.058087136
     0.057841501
     0.057594547
     0.057346287
     0.057096733
     0.056845898
     0.056593795
     0.056340437
     0.056085838
     0.055830009
     0.055572965
     0.055314719
     0.055055284
     0.054794673
     0.054532900
     0.054269978
     0.054005920
     0.053740741
     0.053474453
     0.053207071
     0.052938607
     0.052669077
     0.052398493
     0.052126869
     0.051854220
     0.051580559
     0.051305900
     0.051030257
     0.050753644
     0.050476075
     0.050197565
     0.049918127
     0.049637776
     0.049356526
     0.049074391
     0.048791385
     0.048507523
     0.048222819
     0.047937288
     0.047650944
     0.047363801
     0.047075874
     0.046787178
     0.046497726
     0.046207535
     0.045916617
     0.045624988
     0.045332662
     0.045039654
     0.044745979
     0.044451652
     0.044156687
     0.043861098
     0.043564902
     0.043268111
     0.042970742
     0.042672810
     0.042374328
     0.042075312
     0.041775776
     0.041475736
     0.041175207
     0.040874203
     0.040572739
     0.040270830
     0.039968491
     0.039665737
     0.039362583
     0.039059044
     0.038755135
     0.038450870
     0.038146265
     0.037841335
     0.037536094
     0.037230558
     0.036924741
     0.036618658
     0.036312325
     0.036005757
     0.035698967
     0.035391972
     0.035084786
     0.034777423
     0.034469900
     0.034162230
     0.033854429
     0.033546512
     0.033238493
     0.032930387
     0.032622210
     0.032313975
     0.032005698
     0.031697394
     0.031389076
     0.031080761
     0.030772463
     0.030464196
     0.030155975
     0.029847815
     0.029539731
     0.029231737
     0.028923847
     0.028616077
     0.028308440
     0.028000952
     0.027693627
     0.027386479
     0.027079523
     0.026772773
     0.026466243
     0.026159949
     0.025853903
     0.025548121
     0.025242617
     0.024937404
     0.024632498
     0.024327912
     0.024023660
     0.023719757
     0.023416216
     0.023113051
     0.022810276
     0.022507906
     0.022205953
     0.021904433
     0.021603358
     0.021302742
     0.021002599
     0.020702943
     0.020403787
     0.020105145
     0.019807030
     0.019509455
     0.019212435
     0.018915981
     0.018620109
     0.018324830
     0.018030158
     0.017736106
     0.017442687
     0.017149914
     0.016857800
     0.016566359
     0.016275602
     0.015985542
     0.015696193
     0.015407567
     0.015119676
     0.014832533
     0.014546151
     0.014260541
     0.013975717
     0.013691690
     0.013408473
     0.013126078
     0.012844517
     0.012563802
     0.012283944
     0.012004956
     0.011726850
     0.011449637
     0.011173329
     0.010897937
     0.010623474
     0.010349950
     0.010077377
    0.0098057657
    0.0095351281
    0.0092654749
    0.0089968174
    0.0087291665
    0.0084625332
    0.0081969281
    0.0079323623
    0.0076688462
    0.0074063906
    0.0071450060
    0.0068847028
    0.0066254913
    0.0063673820
    0.0061103849
    0.0058545102
    0.0055997680
    0.0053461682
    0.0050937207
    0.0048424352
    0.0045923215
    0.0043433893
    0.0040956479
    0.0038491070
    0.0036037758
    0.0033596636
    0.0031167797
    0.0028751330
    0.0026347327
    0.0023955876
    0.0021577065
    0.0019210983
    0.0016857716
    0.0014517348
    0.0012189966
   0.00098756524
   0.00075744904
   0.00052865619
   0.00030119480
   7.5072862e-05
  -0.00014970170
  -0.00037312106
  -0.00059517750
  -0.00081586339
   -0.0010351712
   -0.0012530935
   -0.0014696229
   -0.0016847521
   -0.0018984741
   -0.0021107818
   -0.0023216681
   -0.0025311264
   -0.0027391496
   -0.0029457313
   -0.0031508649
   -0.0033545438
   -0.0035567617
   -0.0037575124
   -0.0039567896
   -0.0041545873
   -0.0043508995
   -0.0045457203
   -0.0047390440
   -0.0049308648
   -0.0051211773
   -0.0053099759
   -0.0054972553
   -0.0056830102
   -0.0058672354
   -0.0060499259
   -0.0062310766
   -0.0064106828
   -0.0065887397
   -0.0067652425
   -0.0069401868
   -0.0071135681
   -0.0072853821
   -0.0074556244
   -0.0076242910
   -0.0077913778
   -0.0079568809
   -0.0081207964
   -0.0082831205
   -0.0084438498
   -0.0086029805
   -0.0087605094
   -0.0089164331
   -0.0090707483
   -0.0092234520
   -0.0093745412
   -0.0095240129
   -0.0096718643
   -0.0098180928
   -0.0099626957
    -0.010105671
    -0.010247015
    -0.010386727
    -0.010524804
    -0.010661244
    -0.010796045
    -0.010929205
    -0.011060722
    -0.011190596
    -0.011318823
    -0.011445404
    -0.011570335
    -0.011693617
    -0.011815248
    -0.011935227
    -0.012053553
    -0.012170226
    -0.012285243
    -0.012398606
    -0.012510313
    -0.012620363
    -0.012728758
    -0.012835495
    -0.012940576
    -0.013044001
    -0.013145768
    -0.013245879
    -0.013344334
    -0.013441133
    -0.013536277
    -0.013629765
    -0.013721600
    -0.013811782
    -0.013900311
    -0.013987189
    -0.014072417
    -0.014155996
    -0.014237927
    -0.014318211
    -0.014396851
    -0.014473847
    -0.014549202
    -0.014622917
    -0.014694994
    -0.014765435
    -0.014834242
    -0.014901417
    -0.014966963
    -0.015030882
    -0.015093176
    -0.015153848
    -0.015212901
    -0.015270337
    -0.015326160
    -0.015380371
    -0.015432975
    -0.015483974
    -0.015533371
    -0.015581171
    -0.015627375
    -0.015671988
    -0.015715014
    -0.015756455
    -0.015796316
    -0.015834601
    -0.015871314
    -0.015906458
    -0.015940037
    -0.015972057
    -0.016002521
    -0.016031433
    -0.016058799
    -0.016084622
    -0.016108908
    -0.016131661
    -0.016152886
    -0.016172587
    -0.016190770
    -0.016207440
    -0.016222603
    -0.016236262
    -0.016248424
    -0.016259094
    -0.016268278
    -0.016275981
    -0.016282209
    -0.016286967
    -0.016290261
    -0.016292098
    -0.016292482
    -0.016291421
    -0.016288921
    -0.016284987
    -0.016279625
    -0.016272843
    -0.016264647
    -0.016255042
    -0.016244037
    -0.016231637
    -0.016217848
    -0.016202679
    -0.016186136
    -0.016168225
    -0.016148954
    -0.016128330
    -0.016106360
    -0.016083050
    -0.016058410
    -0.016032445
    -0.016005164
    -0.015976573
    -0.015946680
    -0.015915494
    -0.015883021
    -0.015849269
    -0.015814247
    -0.015777962
    -0.015740421
    -0.015701634
    -0.015661608
    -0.015620351
    -0.015577871
    -0.015534177
    -0.015489276
    -0.015443178
    -0.015395891
    -0.015347422
    -0.015297782
    -0.015246977
    -0.015195018
    -0.015141911
    -0.015087667
    -0.015032295
    -0.014975802
    -0.014918197
    -0.014859491
    -0.014799691
    -0.014738807
    -0.014676847
    -0.014613822
    -0.014549740
    -0.014484610
    -0.014418441
    -0.014351244
    -0.014283026
    -0.014213799
    -0.014143570
    -0.014072350
    -0.014000149
    -0.013926974
    -0.013852838
    -0.013777747
    -0.013701714
    -0.013624747
    -0.013546856
    -0.013468050
    -0.013388340
    -0.013307736
    -0.013226247
    -0.013143883
    -0.013060655
    -0.012976572
    -0.012891643
    -0.012805881
    -0.012719293
    -0.012631891
    -0.012543684
    -0.012454683
    -0.012364898
    -0.012274339
    -0.012183016
    -0.012090940
    -0.011998120
    -0.011904568
    -0.011810293
    -0.011715305
    -0.011619616
    -0.011523235
    -0.011426173
    -0.011328440
    -0.011230047
    -0.011131004
    -0.011031321
    -0.010931009
    -0.010830079
    -0.010728541
    -0.010626405
    -0.010523683
    -0.010420383
    -0.010316518
    -0.010212098
    -0.010107132
    -0.010001633
   -0.0098956095
   -0.0097890730
   -0.0096820340
   -0.0095745030
   -0.0094664907
   -0.0093580075
   -0.0092490642
   -0.0091396712
   -0.0090298393
   -0.0089195789
   -0.0088089007
   -0.0086978153
   -0.0085863332
   -0.0084744652
   -0.0083622216
   -0.0082496132
   -0.0081366505
   -0.0080233440
   -0.0079097044
   -0.0077957421
   -0.0076814678
   -0.0075668920
   -0.0074520251
   -0.0073368778
   -0.0072214605
   -0.0071057837
   -0.0069898579
   -0.0068736936
   -0.0067573013
   -0.0066406913
   -0.0065238741
   -0.0064068601
   -0.0062896597
   -0.0061722834
   -0.0060547413
   -0.0059370440
   -0.0058192016
   -0.0057012246
   -0.0055831231
   -0.0054649075
   -0.0053465880
   -0.0052281748
   -0.0051096781
   -0.0049911080
   -0.0048724747
   -0.0047537884
   -0.0046350590
   -0.0045162967
   -0.0043975115
   -0.0042787133
   -0.0041599123
   -0.0040411183
   -0.0039223413
   -0.0038035911
   -0.0036848775
   -0.0035662105
   -0.0034475998
   -0.0033290552
   -0.0032105863
   -0.0030922030
   -0.0029739147
   -0.0028557312
   -0.0027376621
   -0.0026197168
   -0.0025019049
   -0.0023842359
   -0.0022667191
   -0.0021493640
   -0.0020321799
   -0.0019151762
   -0.0017983621
   -0.0016817468
   -0.0015653395
   -0.0014491494
   -0.0013331855
   -0.0012174570
   -0.0011019727
  -0.00098674175
  -0.00087177298
  -0.00075707529
  -0.00064265749
  -0.00052852837
  -0.00041469665
  -0.00030117102
  -0.00018796010
  -7.5072492e-05
   3.7483284e-05
   0.00014969874
   0.00026156545
   0.00037307503
   0.00048421915
   0.00059498954
   0.00070537797
   0.00081537628
   0.00092497634
    0.0010341701
    0.0011429496
    0.0012513068
    0.0013592338
    0.0014667229
    0.0015737662
    0.0016803560
    0.0017864846
    0.0018921445
    0.0019973280
    0.0021020277
    0.0022062362
    0.0023099461
    0.0024131500
    0.0025158407
    0.0026180111
    0.0027196540
    0.0028207623
    0.0029213291
    0.0030213473
    0.0031208101
    0.0032197107
    0.0033180423
    0.0034157983
    0.0035129720
    0.0036095569
    0.0037055464
    0.0038009342
    0.0038957138
    0.0039898791
    0.0040834236
    0.0041763413
    0.0042686261
    0.0043602720
    0.0044512729
    0.0045416230
    0.0046313165
    0.0047203476
    0.0048087106
    0.0048963999
    0.0049834099
    0.0050697352
    0.0051553703
    0.0052403099
    0.0053245488
    0.0054080817
    0.0054909035
    0.0055730091
    0.0056543935
    0.0057350519
    0.0058149794
    0.0058941712
    0.0059726225
    0.0060503289
    0.0061272857
    0.0062034884
    0.0062789326
    0.0063536140
    0.0064275283
    0.0065006713
    0.0065730390
    0.0066446272
    0.0067154319
    0.0067854494
    0.0068546757
    0.0069231071
    0.0069907399
    0.0070575706
    0.0071235955
    0.0071888113
    0.0072532146
    0.0073168020
    0.0073795703
    0.0074415164
    0.0075026372
    0.0075629297
    0.0076223910
    0.0076810181
    0.0077388084
    0.0077957591
    0.0078518676
    0.0079071313
    0.0079615478
    0.0080151146
    0.0080678295
    0.0081196901
    0.0081706943
    0.0082208400
    0.0082701252
    0.0083185478
    0.0083661061
    0.0084127983
    0.0084586225
    0.0085035772
    0.0085476608
    0.0085908717
    0.0086332086
    0.0086746701
    0.0087152550
    0.0087549619
    0.0087937899
    0.0088317378
    0.0088688047
    0.0089049896
    0.0089402918
    0.0089747104
    0.0090082449
    0.0090408946
    0.0090726589
    0.0091035375
    0.0091335298
    0.0091626357
    0.0091908549
    0.0092181872
    0.0092446325
    0.0092701909
    0.0092948623
    0.0093186469
    0.0093415449
    0.0093635565
    0.0093846822
    0.0094049223
    0.0094242774
    0.0094427479
    0.0094603345
    0.0094770379
    0.0094928590
    0.0095077984
    0.0095218572
    0.0095350364
    0.0095473369
    0.0095587600
    0.0095693067
    0.0095789785
    0.0095877765
    0.0095957023
    0.0096027572
    0.0096089429
    0.0096142609
    0.0096187129
    0.0096223006
    0.0096250259
    0.0096268907
    0.0096278968
    0.0096280463
    0.0096273412
    0.0096257838
    0.0096233761
    0.0096201205
    0.0096160194
    0.0096110750
    0.0096052900
    0.0095986667
    0.0095912079
    0.0095829160
    0.0095737940
    0.0095638445
    0.0095530704
    0.0095414746
    0.0095290601
    0.0095158298
    0.0095017870
    0.0094869346
    0.0094712760
    0.0094548143
    0.0094375530
    0.0094194954
    0.0094006449
    0.0093810050
    0.0093605794
    0.0093393715
    0.0093173851
    0.0092946240
    0.0092710918
    0.0092467925
    0.0092217298
    0.0091959079
    0.0091693306
    0.0091420020
    0.0091139263
    0.0090851075
    0.0090555500
    0.0090252579
    0.0089942356
    0.0089624875
    0.0089300179
    0.0088968314
    0.0088629324
    0.0088283256
    0.0087930155
    0.0087570068
    0.0087203042
    0.0086829125
    0.0086448365
    0.0086060810
    0.0085666509
    0.0085265512
    0.0084857868
    0.0084443629
    0.0084022844
    0.0083595564
    0.0083161843
    0.0082721730
    0.0082275280
    0.0081822545
    0.0081363577
    0.0080898431
    0.0080427161
    0.0079949822
    0.0079466467
    0.0078977153
    0.0078481935
    0.0077980869
    0.0077474012
    0.0076961419
    0.0076443148
    0.0075919257
    0.0075389804
    0.0074854845
    0.0074314441
    0.0073768649
    0.0073217528
    0.0072661139
    0.0072099541
    0.0071532793
    0.0070960957
    0.0070384092
    0.0069802260
    0.0069215522
    0.0068623939
    0.0068027573
    0.0067426487
    0.0066820741
    0.0066210400
    0.0065595525
    0.0064976180
    0.0064352428
    0.0063724333
    0.0063091957
    0.0062455366
    0.0061814623
    0.0061169793
    0.0060520941
    0.0059868130
    0.0059211426
    0.0058550895
    0.0057886602
    0.0057218611
    0.0056546989
    0.0055871803
    0.0055193117
    0.0054510998
    0.0053825512
    0.0053136726
    0.0052444706
    0.0051749520
    0.0051051234
    0.0050349915
    0.0049645629
    0.0048938446
    0.0048228431
    0.0047515652
    0.0046800177
    0.0046082073
    0.0045361408
    0.0044638250
    0.0043912667
    0.0043184725
    0.0042454495
    0.0041722042
    0.0040987436
    0.0040250745
    0.0039512036
    0.0038771378
    0.0038028839
    0.0037284488
    0.0036538391
    0.0035790619
    0.0035041238
    0.0034290317
    0.0033537925
    0.0032784129
    0.0032028998
    0.0031272599
    0.0030515002
    0.0029756273
    0.0028996482
    0.0028235695
    0.0027473981
    0.0026711409
    0.0025948044
    0.0025183957
    0.0024419213
    0.0023653881
    0.0022888028
    0.0022121721
    0.0021355028
    0.0020588016
    0.0019820753
    0.0019053304
    0.0018285737
    0.0017518119
    0.0016750517
    0.0015982996
    0.0015215623
    0.0014448465
    0.0013681587
    0.0012915055
    0.0012148935
    0.0011383292
    0.0010618193
   0.00098537017
   0.00090898836
   0.00083268035
   0.00075645261
   0.00068031158
   0.00060426370
   0.00052831536
   0.00045247296
   0.00037674285
   0.00030113138
   0.00022564487
   0.00015028961
   7.5071875e-05
  -2.0870651e-09
  -7.4926051e-05
  -0.00014969382
  -0.00022429921
  -0.00029873609
  -0.00037299832
  -0.00044707981
  -0.00052097450
  -0.00059467634
  -0.00066817933
  -0.00074147747
  -0.00081456481
  -0.00088743542
  -0.00096008342
   -0.0010325029
   -0.0011046881
   -0.0011766332
   -0.0012483324
   -0.0013197799
   -0.0013909701
   -0.0014618972
   -0.0015325557
   -0.0016029400
   -0.0016730443
   -0.0017428633
   -0.0018123914
   -0.0018816232
   -0.0019505531
   -0.0020191758
   -0.0020874860
   -0.0021554783
   -0.0022231475
   -0.0022904882
   -0.0023574952
   -0.0024241635
   -0.0024904878
   -0.0025564631
   -0.0026220842
   -0.0026873463
   -0.0027522442
   -0.0028167731
   -0.0028809281
   -0.0029447043
   -0.0030080968
   -0.0030711010
   -0.0031337121
   -0.0031959253
   -0.0032577361
   -0.0033191399
   -0.0033801320
   -0.0034407081
   -0.0035008635
   -0.0035605938
   -0.0036198948
   -0.0036787620
   -0.0037371911
   -0.0037951779
   -0.0038527182
   -0.0039098079
   -0.0039664428
   -0.0040226188
   -0.0040783319
   -0.0041335782
   -0.0041883538
   -0.0042426547
   -0.0042964771
   -0.0043498172
   -0.0044026714
   -0.0044550359
   -0.0045069071
   -0.0045582813
   -0.0046091551
   -0.0046595250
   -0.0047093874
   -0.0047587391
   -0.0048075767
   -0.0048558968
   -0.0049036963
   -0.0049509719
   -0.0049977206
   -0.0050439391
   -0.0050896246
   -0.0051347739
   -0.0051793841
   -0.0052234524
   -0.0052669760
   -0.0053099519
   -0.0053523776
   -0.0053942503
   -0.0054355673
   -0.0054763262
   -0.0055165244
   -0.0055561594
   -0.0055952287
   -0.0056337302
   -0.0056716613
   -0.0057090199
   -0.0057458037
   -0.0057820106
   -0.0058176385
   -0.0058526853
   -0.0058871491
   -0.0059210279
   -0.0059543197
   -0.0059870229
   -0.0060191355
   -0.0060506559
   -0.0060815824
   -0.0061119133
   -0.0061416471
   -0.0061707823
   -0.0061993175
   -0.0062272511
   -0.0062545819
   -0.0062813086
   -0.0063074299
   -0.0063329446
   -0.0063578516
   -0.0063821498
   -0.0064058382
   -0.0064289158
   -0.0064513817
   -0.0064732350
   -0.0064944749
   -0.0065151006
   -0.0065351115
   -0.0065545068
   -0.0065732861
   -0.0065914487
   -0.0066089941
   -0.0066259220
   -0.0066422319
   -0.0066579235
   -0.0066729965
   -0.0066874507
   -0.0067012860
   -0.0067145022
   -0.0067270992
   -0.0067390771
   -0.0067504359
   -0.0067611757
   -0.0067712966
   -0.0067807988
   -0.0067896826
   -0.0067979484
   -0.0068055963
   -0.0068126270
   -0.0068190408
   -0.0068248382
   -0.0068300198
   -0.0068345863
   -0.0068385383
   -0.0068418765
   -0.0068446017
   -0.0068467147
   -0.0068482165
   -0.0068491078
   -0.0068493898
   -0.0068490634
   -0.0068481297
   -0.0068465899
   -0.0068444451
   -0.0068416965
   -0.0068383455
   -0.0068343933
   -0.0068298414
   -0.0068246911
   -0.0068189440
   -0.0068126015
   -0.0068056653
   -0.0067981369
   -0.0067900181
   -0.0067813104
   -0.0067720158
   -0.0067621360
   -0.0067516729
   -0.0067406284
   -0.0067290044
   -0.0067168029
   -0.0067040260
   -0.0066906758
   -0.0066767544
   -0.0066622639
   -0.0066472067
   -0.0066315850
   -0.0066154011
   -0.0065986573
   -0.0065813562
   -0.0065635000
   -0.0065450914
   -0.0065261328
   -0.0065066269
   -0.0064865762
   -0.0064659835
   -0.0064448513
   -0.0064231826
   -0.0064009800
   -0.0063782464
   -0.0063549847
   -0.0063311978
   -0.0063068886
   -0.0062820601
   -0.0062567154
   -0.0062308576
   -0.0062044897
   -0.0061776149
   -0.0061502364
   -0.0061223574
   -0.0060939812
   -0.0060651111
   -0.0060357505
   -0.0060059026
   -0.0059755709
   -0.0059447589
   -0.0059134701
   -0.0058817079
   -0.0058494759
   -0.0058167778
   -0.0057836171
   -0.0057499974
   -0.0057159226
   -0.0056813963
   -0.0056464222
   -0.0056110042
   -0.0055751461
   -0.0055388517
   -0.0055021249
   -0.0054649697
   -0.0054273899
   -0.0053893896
   -0.0053509727
   -0.0053121434
   -0.0052729056
   -0.0052332635
   -0.0051932211
   -0.0051527827
   -0.0051119523
   -0.0050707343
   -0.0050291328
   -0.0049871522
   -0.0049447966
   -0.0049020704
   -0.0048589779
   -0.0048155235
   -0.0047717115
   -0.0047275464
   -0.0046830327
   -0.0046381747
   -0.0045929769
   -0.0045474438
   -0.0045015800
   -0.0044553899
   -0.0044088783
   -0.0043620495
   -0.0043149083
   -0.0042674592
   -0.0042197070
   -0.0041716561
   -0.0041233115
   -0.0040746776
   -0.0040257593
   -0.0039765613
   -0.0039270883
   -0.0038773451
   -0.0038273365
   -0.0037770673
   -0.0037265422
   -0.0036757661
   -0.0036247439
   -0.0035734804
   -0.0035219804
   -0.0034702489
   -0.0034182907
   -0.0033661107
   -0.0033137139
   -0.0032611052
   -0.0032082895
   -0.0031552717
   -0.0031020569
   -0.0030486499
   -0.0029950558
   -0.0029412796
   -0.0028873262
   -0.0028332006
   -0.0027789079
   -0.0027244531
   -0.0026698411
   -0.0026150770
   -0.0025601658
   -0.0025051126
   -0.0024499224
   -0.0023946003
   -0.0023391513
   -0.0022835804
   -0.0022278927
   -0.0021720933
   -0.0021161872
   -0.0020601795
   -0.0020040752
   -0.0019478795
   -0.0018915973
   -0.0018352337
   -0.0017787938
   -0.0017222827
   -0.0016657054
   -0.0016090669
   -0.0015523724
   -0.0014956268
   -0.0014388353
   -0.0013820028
   -0.0013251344
   -0.0012682351
   -0.0012113101
   -0.0011543642
   -0.0010974025
   -0.0010404301
  -0.00098345189
  -0.00092647294
  -0.00086949821
  -0.00081253270
  -0.00075558138
  -0.00069864922
  -0.00064174118
  -0.00058486221
  -0.00052801725
  -0.00047121122
  -0.00041444906
  -0.00035773565
  -0.00030107590
  -0.00024447470
  -0.00018793692
  -0.00013146740
  -7.5071010e-05
  -1.8752570e-05
   3.7483099e-05
   9.3631193e-05
   0.00014968692
   0.00020564551
   0.00026150220
   0.00031725225
   0.00037289094
   0.00042841354
   0.00048381537
   0.00053909176
   0.00059423804
   0.00064924957
   0.00070412173
   0.00075884992
   0.00081342956
   0.00086785608
   0.00092212494
   0.00097623161
    0.0010301716
    0.0010839404
    0.0011375336
    0.0011909467
    0.0012441753
    0.0012972150
    0.0013500615
    0.0014027104
    0.0014551573
    0.0015073980
    0.0015594282
    0.0016112436
    0.0016628401
    0.0017142133
    0.0017653592
    0.0018162736
    0.0018669523
    0.0019173912
    0.0019675864
    0.0020175336
    0.0020672290
    0.0021166685
    0.0021658482
    0.0022147640
    0.0022634122
    0.0023117889
    0.0023598901
    0.0024077121
    0.0024552511
    0.0025025033
    0.0025494649
    0.0025961324
    0.0026425020
    0.0026885701
    0.0027343331
    0.0027797874
    0.0028249294
    0.0028697557
    0.0029142628
    0.0029584472
    0.0030023055
    0.0030458344
    0.0030890304
    0.0031318904
    0.0031744109
    0.0032165888
    0.0032584209
    0.0032999039
    0.0033410348
    0.0033818103
    0.0034222276
    0.0034622834
    0.0035019749
    0.0035412990
    0.0035802529
    0.0036188336
    0.0036570382
    0.0036948641
    0.0037323083
    0.0037693681
    0.0038060409
    0.0038423239
    0.0038782146
    0.0039137103
    0.0039488084
    0.0039835065
    0.0040178021
    0.0040516927
    0.0040851760
    0.0041182495
    0.0041509109
    0.0041831580
    0.0042149885
    0.0042464001
    0.0042773908
    0.0043079584
    0.0043381007
    0.0043678159
    0.0043971017
    0.0044259563
    0.0044543778
    0.0044823642
    0.0045099137
    0.0045370245
    0.0045636948
    0.0045899229
    0.0046157071
    0.0046410457
    0.0046659372
    0.0046903800
    0.0047143725
    0.0047379133
    0.0047610010
    0.0047836341
    0.0048058113
    0.0048275312
    0.0048487926
    0.0048695943
    0.0048899350
    0.0049098137
    0.0049292291
    0.0049481803
    0.0049666662
    0.0049846858
    0.0050022382
    0.0050193225
    0.0050359378
    0.0050520833
    0.0050677583
    0.0050829619
    0.0050976936
    0.0051119526
    0.0051257384
    0.0051390504
    0.0051518881
    0.0051642509
    0.0051761385
    0.0051875504
    0.0051984864
    0.0052089460
    0.0052189291
    0.0052284353
    0.0052374645
    0.0052460166
    0.0052540914
    0.0052616889
    0.0052688091
    0.0052754519
    0.0052816175
    0.0052873060
    0.0052925174
    0.0052972520
    0.0053015100
    0.0053052917
    0.0053085974
    0.0053114273
    0.0053137821
    0.0053156619
    0.0053170674
    0.0053179991
    0.0053184574
    0.0053184430
    0.0053179565
    0.0053169987
    0.0053155701
    0.0053136716
    0.0053113040
    0.0053084680
    0.0053051646
