  -0.00097482192
  -0.00096389775
  -0.00095295424
  -0.00094199142
  -0.00093100931
  -0.00092000793
  -0.00090898730
  -0.00089794742
  -0.00088688833
  -0.00087581004
  -0.00086471257
  -0.00085359594
  -0.00084246017
  -0.00083130528
  -0.00082013128
  -0.00080893819
  -0.00079772604
  -0.00078649484
  -0.00077524462
  -0.00076397538
  -0.00075268716
  -0.00074137997
  -0.00073005384
  -0.00071870877
  -0.00070734479
  -0.00069596192
  -0.00068456019
  -0.00067313960
  -0.00066170018
  -0.00065024196
  -0.00063876494
  -0.00062726916
  -0.00061575463
  -0.00060422137
  -0.00059266940
  -0.00058109874
  -0.00056950942
  -0.00055790145
  -0.00054627486
  -0.00053462966
  -0.00052296588
  -0.00051128354
  -0.00049958265
  -0.00048786325
  -0.00047612535
  -0.00046436896
  -0.00045259413
  -0.00044080085
  -0.00042898917
  -0.00041715909
  -0.00040531064
  -0.00039344385
  -0.00038155873
  -0.00036965530
  -0.00035773359
  -0.00034579361
  -0.00033383540
  -0.00032185897
  -0.00030986435
  -0.00029785156
  -0.00028582061
  -0.00027377154
  -0.00026170436
  -0.00024961910
  -0.00023751578
  -0.00022539442
  -0.00021325504
  -0.00020109768
  -0.00018892234
  -0.00017672906
  -0.00016451785
  -0.00015228875
  -0.00014004177
  -0.00012777693
  -0.00011549426
  -0.00010319379
  -9.0875531e-05
  -7.8539513e-05
  -6.6185758e-05
  -5.3814291e-05
  -4.1425133e-05
  -2.9018310e-05
  -1.6593846e-05
  -4.1517629e-06
   8.3079138e-06
   2.0785160e-05
   3.3279953e-05
   4.5792267e-05
   5.8322079e-05
   7.0869364e-05
   8.3434098e-05
   9.6016256e-05
   0.00010861581
   0.00012123275
   0.00013386703
   0.00014651864
   0.00015918755
   0.00017187374
   0.00018457718
   0.00019729784
   0.00021003571
   0.00022279075
   0.00023556295
   0.00024835227
   0.00026115869
   0.00027398218
   0.00028682273
   0.00029968030
   0.00031255487
   0.00032544641
   0.00033835490
   0.00035128031
   0.00036422262
   0.00037718179
   0.00039015781
   0.00040315065
   0.00041616028
   0.00042918668
   0.00044222981
   0.00045528966
   0.00046836619
   0.00048145939
   0.00049456922
   0.00050769565
   0.00052083867
   0.00053399824
   0.00054717434
   0.00056036694
   0.00057357601
   0.00058680153
   0.00060004346
   0.00061330179
   0.00062657649
   0.00063986752
   0.00065317487
   0.00066649849
   0.00067983838
   0.00069319449
   0.00070656680
   0.00071995529
   0.00073335992
   0.00074678067
   0.00076021751
   0.00077367042
   0.00078713935
   0.00080062430
   0.00081412522
   0.00082764209
   0.00084117489
   0.00085472358
   0.00086828813
   0.00088186853
   0.00089546473
   0.00090907671
   0.00092270444
   0.00093634790
   0.00095000705
   0.00096368187
   0.00097737233
   0.00099107839
    0.0010048000
    0.0010185372
    0.0010322899
    0.0010460581
    0.0010598418
    0.0010736409
    0.0010874554
    0.0011012853
    0.0011151305
    0.0011289911
    0.0011428669
    0.0011567580
    0.0011706643
    0.0011845858
    0.0011985225
    0.0012124743
    0.0012264413
    0.0012404233
    0.0012544203
    0.0012684324
    0.0012824594
    0.0012965015
    0.0013105584
    0.0013246303
    0.0013387170
    0.0013528185
    0.0013669349
    0.0013810660
    0.0013952118
    0.0014093724
    0.0014235477
    0.0014377376
    0.0014519422
    0.0014661613
    0.0014803950
    0.0014946432
    0.0015089059
    0.0015231831
    0.0015374747
    0.0015517807
    0.0015661011
    0.0015804359
    0.0015947849
    0.0016091482
    0.0016235258
    0.0016379176
    0.0016523235
    0.0016667436
    0.0016811779
    0.0016956262
    0.0017100886
    0.0017245650
    0.0017390554
    0.0017535597
    0.0017680780
    0.0017826102
    0.0017971562
    0.0018117161
    0.0018262897
    0.0018408772
    0.0018554783
    0.0018700932
    0.0018847217
    0.0018993639
    0.0019140196
    0.0019286890
    0.0019433718
    0.0019580682
    0.0019727781
    0.0019875014
    0.0020022380
    0.0020169881
    0.0020317515
    0.0020465282
    0.0020613182
    0.0020761214
    0.0020909378
    0.0021057674
    0.0021206101
    0.0021354660
    0.0021503349
    0.0021652168
    0.0021801118
    0.0021950197
    0.0022099405
    0.0022248743
    0.0022398209
    0.0022547803
    0.0022697526
    0.0022847376
    0.0022997354
    0.0023147458
    0.0023297689
    0.0023448046
    0.0023598530
    0.0023749139
    0.0023899873
    0.0024050732
    0.0024201715
    0.0024352823
    0.0024504055
    0.0024655410
    0.0024806889
    0.0024958490
    0.0025110213
    0.0025262059
    0.0025414027
    0.0025566116
    0.0025718326
    0.0025870657
    0.0026023108
    0.0026175679
    0.0026328370
    0.0026481180
    0.0026634109
    0.0026787157
    0.0026940322
    0.0027093606
    0.0027247007
    0.0027400526
    0.0027554161
    0.0027707913
    0.0027861781
    0.0028015764
    0.0028169863
    0.0028324077
    0.0028478406
    0.0028632849
    0.0028787406
    0.0028942076
    0.0029096860
    0.0029251756
    0.0029406765
    0.0029561886
    0.0029717119
    0.0029872463
    0.0030027918
    0.0030183484
    0.0030339160
    0.0030494946
    0.0030650842
    0.0030806847
    0.0030962960
    0.0031119182
    0.0031275512
    0.0031431950
    0.0031588495
    0.0031745148
    0.0031901906
    0.0032058771
    0.0032215742
    0.0032372818
    0.0032530000
    0.0032687286
    0.0032844676
    0.0033002171
    0.0033159769
    0.0033317470
    0.0033475274
    0.0033633181
    0.0033791190
    0.0033949300
    0.0034107512
    0.0034265825
    0.0034424238
    0.0034582752
    0.0034741365
    0.0034900078
    0.0035058890
    0.0035217800
    0.0035376809
    0.0035535916
    0.0035695120
    0.0035854422
    0.0036013820
    0.0036173315
    0.0036332905
    0.0036492592
    0.0036652373
    0.0036812249
    0.0036972220
    0.0037132285
    0.0037292444
    0.0037452696
    0.0037613040
    0.0037773478
    0.0037934007
    0.0038094628
    0.0038255341
    0.0038416144
    0.0038577038
    0.0038738023
    0.0038899097
    0.0039060260
    0.0039221513
    0.0039382854
    0.0039544283
    0.0039705800
    0.0039867405
    0.0040029096
    0.0040190874
    0.0040352739
    0.0040514689
    0.0040676725
    0.0040838846
    0.0041001051
    0.0041163341
    0.0041325715
    0.0041488172
    0.0041650712
    0.0041813335
    0.0041976040
    0.0042138827
    0.0042301696
    0.0042464645
    0.0042627675
    0.0042790786
    0.0042953976
    0.0043117246
    0.0043280595
    0.0043444023
    0.0043607529
    0.0043771112
    0.0043934773
    0.0044098512
    0.0044262326
    0.0044426217
    0.0044590184
    0.0044754227
    0.0044918344
    0.0045082536
    0.0045246802
    0.0045411142
    0.0045575556
    0.0045740042
    0.0045904601
    0.0046069232
    0.0046233935
    0.0046398709
    0.0046563554
    0.0046728470
    0.0046893455
    0.0047058511
    0.0047223635
    0.0047388829
    0.0047554091
    0.0047719421
    0.0047884819
    0.0048050284
    0.0048215816
    0.0048381414
    0.0048547078
    0.0048712808
    0.0048878603
    0.0049044462
    0.0049210386
    0.0049376374
    0.0049542426
    0.0049708540
    0.0049874717
    0.0050040956
    0.0050207258
    0.0050373620
    0.0050540044
    0.0050706528
    0.0050873072
    0.0051039676
    0.0051206339
    0.0051373061
    0.0051539842
    0.0051706681
    0.0051873577
    0.0052040531
    0.0052207541
    0.0052374607
    0.0052541730
    0.0052708908
    0.0052876141
    0.0053043429
    0.0053210771
    0.0053378167
    0.0053545616
    0.0053713119
    0.0053880673
    0.0054048280
    0.0054215939
    0.0054383649
    0.0054551409
    0.0054719221
    0.0054887082
    0.0055054992
    0.0055222952
    0.0055390961
    0.0055559017
    0.0055727122
    0.0055895274
    0.0056063473
    0.0056231719
    0.0056400010
    0.0056568348
    0.0056736730
    0.0056905158
    0.0057073630
    0.0057242146
    0.0057410705
    0.0057579308
    0.0057747953
    0.0057916641
    0.0058085370
    0.0058254141
    0.0058422952
    0.0058591805
    0.0058760697
    0.0058929629
    0.0059098600
    0.0059267610
    0.0059436658
    0.0059605744
    0.0059774868
    0.0059944029
    0.0060113226
    0.0060282460
    0.0060451729
    0.0060621034
    0.0060790373
    0.0060959747
    0.0061129155
    0.0061298596
    0.0061468071
    0.0061637578
    0.0061807117
    0.0061976689
    0.0062146291
    0.0062315925
    0.0062485589
    0.0062655283
    0.0062825006
    0.0062994759
    0.0063164541
    0.0063334351
    0.0063504188
    0.0063674054
    0.0063843946
    0.0064013864
    0.0064183809
    0.0064353779
    0.0064523775
    0.0064693795
    0.0064863840
    0.0065033908
    0.0065204000
    0.0065374115
    0.0065544252
    0.0065714412
    0.0065884593
    0.0066054796
    0.0066225019
    0.0066395262
    0.0066565526
    0.0066735809
    0.0066906110
    0.0067076431
    0.0067246769
    0.0067417125
    0.0067587499
    0.0067757889
    0.0067928295
    0.0068098718
    0.0068269155
    0.0068439608
    0.0068610075
    0.0068780557
    0.0068951052
    0.0069121560
    0.0069292081
    0.0069462614
    0.0069633159
    0.0069803715
    0.0069974283
    0.0070144861
    0.0070315449
    0.0070486046
    0.0070656653
    0.0070827269
    0.0070997892
    0.0071168524
    0.0071339163
    0.0071509809
    0.0071680461
    0.0071851119
    0.0072021783
    0.0072192452
    0.0072363126
    0.0072533804
    0.0072704485
    0.0072875170
    0.0073045858
    0.0073216548
    0.0073387240
    0.0073557934
    0.0073728629
    0.0073899324
    0.0074070020
    0.0074240715
    0.0074411409
    0.0074582102
    0.0074752794
    0.0074923483
    0.0075094170
    0.0075264854
    0.0075435535
    0.0075606211
    0.0075776883
    0.0075947551
    0.0076118213
    0.0076288869
    0.0076459519
    0.0076630162
    0.0076800799
    0.0076971428
    0.0077142048
    0.0077312661
    0.0077483264
    0.0077653858
    0.0077824442
    0.0077995016
    0.0078165580
    0.0078336132
    0.0078506672
    0.0078677200
    0.0078847716
    0.0079018219
    0.0079188708
    0.0079359184
    0.0079529645
    0.0079700091
    0.0079870522
    0.0080040937
    0.0080211336
    0.0080381718
    0.0080552083
    0.0080722431
    0.0080892761
    0.0081063072
    0.0081233364
    0.0081403637
    0.0081573890
    0.0081744123
    0.0081914335
    0.0082084525
    0.0082254694
    0.0082424841
    0.0082594966
    0.0082765067
    0.0082935145
    0.0083105198
    0.0083275228
    0.0083445232
    0.0083615212
    0.0083785165
    0.0083955092
    0.0084124993
    0.0084294866
    0.0084464712
    0.0084634529
    0.0084804318
    0.0084974079
    0.0085143809
    0.0085313510
    0.0085483180
    0.0085652820
    0.0085822428
    0.0085992005
    0.0086161549
    0.0086331061
    0.0086500540
    0.0086669985
    0.0086839396
    0.0087008772
    0.0087178114
    0.0087347420
    0.0087516691
    0.0087685925
    0.0087855122
    0.0088024282
    0.0088193404
    0.0088362488
    0.0088531534
    0.0088700541
    0.0088869508
    0.0089038435
    0.0089207321
    0.0089376167
    0.0089544971
    0.0089713734
    0.0089882454
    0.0090051132
    0.0090219766
    0.0090388357
    0.0090556903
    0.0090725405
    0.0090893862
    0.0091062274
    0.0091230639
    0.0091398959
    0.0091567231
    0.0091735456
    0.0091903633
    0.0092071762
    0.0092239843
    0.0092407874
    0.0092575855
    0.0092743787
    0.0092911668
    0.0093079498
    0.0093247277
    0.0093415003
    0.0093582678
    0.0093750299
    0.0093917867
    0.0094085382
    0.0094252842
    0.0094420248
    0.0094587599
    0.0094754894
    0.0094922133
    0.0095089316
    0.0095256441
    0.0095423510
    0.0095590520
    0.0095757472
    0.0095924366
    0.0096091200
    0.0096257975
    0.0096424689
    0.0096591343
    0.0096757936
    0.0096924467
    0.0097090936
    0.0097257343
    0.0097423687
    0.0097589968
    0.0097756185
    0.0097922338
    0.0098088426
    0.0098254449
    0.0098420406
    0.0098586297
    0.0098752122
    0.0098917880
    0.0099083570
    0.0099249193
    0.0099414747
    0.0099580232
    0.0099745648
    0.0099910995
     0.010007627
     0.010024148
     0.010040661
     0.010057167
     0.010073667
     0.010090158
     0.010106643
     0.010123120
     0.010139590
     0.010156052
     0.010172507
     0.010188955
     0.010205395
     0.010221827
     0.010238252
     0.010254669
     0.010271078
     0.010287479
     0.010303873
     0.010320258
     0.010336636
     0.010353006
     0.010369368
     0.010385721
     0.010402067
     0.010418405
     0.010434734
     0.010451055
     0.010467368
     0.010483672
     0.010499968
     0.010516256
     0.010532535
     0.010548805
     0.010565067
     0.010581321
     0.010597566
     0.010613802
     0.010630029
     0.010646248
     0.010662458
     0.010678659
     0.010694851
     0.010711034
     0.010727208
     0.010743373
     0.010759528
     0.010775675
     0.010791813
     0.010807941
     0.010824060
     0.010840170
     0.010856270
     0.010872361
     0.010888443
     0.010904515
     0.010920577
     0.010936630
     0.010952673
     0.010968707
     0.010984730
     0.011000744
     0.011016749
     0.011032743
     0.011048727
     0.011064702
     0.011080667
     0.011096621
     0.011112565
     0.011128500
     0.011144424
     0.011160338
     0.011176241
     0.011192135
     0.011208018
     0.011223890
     0.011239752
     0.011255604
     0.011271445
     0.011287276
     0.011303096
     0.011318905
     0.011334704
     0.011350492
     0.011366269
     0.011382035
     0.011397790
     0.011413535
     0.011429268
     0.011444991
     0.011460702
     0.011476403
     0.011492092
     0.011507770
     0.011523436
     0.011539092
     0.011554736
     0.011570369
     0.011585990
     0.011601600
     0.011617199
     0.011632786
     0.011648361
     0.011663925
     0.011679477
     0.011695017
     0.011710546
     0.011726062
     0.011741567
     0.011757060
     0.011772541
     0.011788011
     0.011803468
     0.011818913
     0.011834346
     0.011849767
     0.011865175
     0.011880572
     0.011895956
     0.011911327
     0.011926687
     0.011942034
     0.011957368
     0.011972690
     0.011988000
     0.012003297
     0.012018581
     0.012033853
     0.012049112
     0.012064358
     0.012079591
     0.012094812
     0.012110020
     0.012125214
     0.012140396
     0.012155565
     0.012170721
     0.012185863
     0.012200993
     0.012216109
     0.012231212
     0.012246302
     0.012261379
     0.012276442
     0.012291492
     0.012306528
     0.012321551
     0.012336560
     0.012351556
     0.012366538
     0.012381507
     0.012396461
     0.012411402
     0.012426330
     0.012441243
     0.012456143
     0.012471029
     0.012485900
     0.012500758
     0.012515602
     0.012530432
     0.012545247
     0.012560049
     0.012574836
     0.012589609
     0.012604368
     0.012619112
     0.012633842
     0.012648558
     0.012663259
     0.012677946
     0.012692618
     0.012707275
     0.012721918
     0.012736547
     0.012751160
     0.012765759
     0.012780343
     0.012794912
     0.012809467
     0.012824006
     0.012838531
     0.012853041
     0.012867535
     0.012882015
     0.012896479
     0.012910928
     0.012925362
     0.012939781
     0.012954184
     0.012968573
     0.012982946
     0.012997303
     0.013011645
     0.013025971
     0.013040282
     0.013054578
     0.013068858
     0.013083122
     0.013097371
     0.013111603
     0.013125820
     0.013140022
     0.013154207
     0.013168376
     0.013182530
     0.013196668
     0.013210789
     0.013224895
     0.013238984
     0.013253058
     0.013267115
     0.013281156
     0.013295181
     0.013309189
     0.013323181
     0.013337157
     0.013351116
     0.013365059
     0.013378985
     0.013392895
     0.013406789
     0.013420665
     0.013434525
     0.013448369
     0.013462195
     0.013476005
     0.013489798
     0.013503575
     0.013517334
     0.013531076
     0.013544802
     0.013558510
     0.013572202
     0.013585876
     0.013599533
     0.013613173
     0.013626796
     0.013640402
     0.013653990
     0.013667561
     0.013681115
     0.013694651
     0.013708170
     0.013721672
     0.013735156
     0.013748622
     0.013762071
     0.013775502
     0.013788915
     0.013802311
     0.013815689
     0.013829050
     0.013842392
     0.013855717
     0.013869023
     0.013882312
     0.013895583
     0.013908836
     0.013922071
     0.013935287
     0.013948486
     0.013961666
     0.013974829
     0.013987973
     0.014001098
     0.014014206
     0.014027295
     0.014040366
     0.014053418
     0.014066452
     0.014079467
     0.014092464
     0.014105442
     0.014118402
     0.014131343
     0.014144265
     0.014157168
     0.014170053
     0.014182919
     0.014195766
     0.014208595
     0.014221404
     0.014234195
     0.014246966
     0.014259719
     0.014272452
     0.014285166
     0.014297862
     0.014310538
     0.014323194
     0.014335832
     0.014348450
     0.014361049
     0.014373629
     0.014386189
     0.014398730
     0.014411252
     0.014423754
     0.014436236
     0.014448699
     0.014461142
     0.014473566
     0.014485970
     0.014498354
     0.014510719
     0.014523064
     0.014535389
     0.014547694
     0.014559979
     0.014572244
     0.014584490
     0.014596715
     0.014608920
     0.014621106
     0.014633271
     0.014645416
     0.014657541
     0.014669646
     0.014681730
     0.014693794
     0.014705838
     0.014717862
     0.014729865
     0.014741848
     0.014753810
     0.014765752
     0.014777673
     0.014789574
     0.014801454
     0.014813314
     0.014825153
     0.014836971
     0.014848769
     0.014860546
     0.014872302
     0.014884037
     0.014895751
     0.014907445
     0.014919117
     0.014930769
     0.014942400
     0.014954009
     0.014965598
     0.014977165
     0.014988712
     0.015000237
     0.015011741
     0.015023224
     0.015034685
     0.015046125
     0.015057544
     0.015068942
     0.015080318
     0.015091673
     0.015103006
     0.015114318
     0.015125608
     0.015136877
     0.015148124
     0.015159349
     0.015170553
     0.015181735
     0.015192896
     0.015204035
     0.015215152
     0.015226247
     0.015237320
     0.015248371
     0.015259401
     0.015270408
     0.015281394
     0.015292358
     0.015303299
     0.015314219
     0.015325116
     0.015335991
     0.015346844
     0.015357675
     0.015368484
     0.015379270
     0.015390035
     0.015400776
     0.015411496
     0.015422193
     0.015432868
     0.015443520
     0.015454150
     0.015464757
     0.015475342
     0.015485904
     0.015496443
     0.015506960
     0.015517454
     0.015527926
     0.015538375
     0.015548801
     0.015559204
     0.015569585
     0.015579942
     0.015590277
     0.015600589
     0.015610878
     0.015621144
     0.015631387
     0.015641607
     0.015651804
     0.015661978
     0.015672129
     0.015682256
     0.015692361
     0.015702442
     0.015712500
     0.015722535
     0.015732546
     0.015742534
     0.015752499
     0.015762440
     0.015772359
     0.015782253
     0.015792124
     0.015801972
     0.015811796
     0.015821597
     0.015831374
     0.015841127
     0.015850857
     0.015860563
     0.015870245
     0.015879904
     0.015889539
     0.015899150
     0.015908738
     0.015918301
     0.015927841
     0.015937357
     0.015946849
     0.015956317
     0.015965761
     0.015975181
     0.015984577
     0.015993949
     0.016003296
     0.016012620
     0.016021920
     0.016031195
     0.016040447
     0.016049674
     0.016058877
     0.016068055
     0.016077209
     0.016086339
     0.016095445
     0.016104526
     0.016113583
     0.016122615
     0.016131623
     0.016140607
     0.016149566
     0.016158500
     0.016167410
     0.016176295
     0.016185156
     0.016193992
     0.016202803
     0.016211590
     0.016220352
     0.016229089
     0.016237802
     0.016246490
     0.016255153
     0.016263791
     0.016272404
     0.016280992
     0.016289555
     0.016298094
     0.016306607
     0.016315096
     0.016323559
     0.016331998
     0.016340411
     0.016348799
     0.016357162
     0.016365500
     0.016373813
     0.016382101
     0.016390363
     0.016398601
     0.016406813
     0.016414999
     0.016423161
     0.016431297
     0.016439407
     0.016447493
     0.016455553
     0.016463587
     0.016471596
     0.016479580
     0.016487538
     0.016495470
     0.016503377
     0.016511259
     0.016519114
     0.016526945
     0.016534749
     0.016542528
     0.016550282
     0.016558009
     0.016565711
     0.016573387
     0.016581037
     0.016588662
     0.016596260
     0.016603833
     0.016611380
     0.016618901
     0.016626397
     0.016633866
     0.016641309
     0.016648727
     0.016656118
     0.016663483
     0.016670823
     0.016678136
     0.016685423
     0.016692684
     0.016699919
     0.016707128
     0.016714311
     0.016721467
     0.016728597
     0.016735702
     0.016742779
     0.016749831
     0.016756856
     0.016763855
     0.016770828
     0.016777774
     0.016784694
     0.016791587
     0.016798454
     0.016805295
     0.016812109
     0.016818897
     0.016825658
     0.016832393
     0.016839101
     0.016845783
     0.016852438
     0.016859066
     0.016865668
     0.016872244
     0.016878792
     0.016885314
     0.016891809
     0.016898278
     0.016904720
     0.016911135
     0.016917523
     0.016923885
     0.016930219
     0.016936527
     0.016942809
     0.016949063
     0.016955290
     0.016961491
     0.016967664
     0.016973811
     0.016979930
     0.016986023
     0.016992089
     0.016998128
     0.017004139
     0.017010124
     0.017016082
     0.017022012
     0.017027916
     0.017033792
     0.017039641
     0.017045464
     0.017051259
     0.017057026
     0.017062767
     0.017068480
     0.017074166
     0.017079825
     0.017085457
     0.017091061
     0.017096639
     0.017102188
     0.017107711
     0.017113206
     0.017118674
     0.017124114
     0.017129527
     0.017134913
     0.017140271
     0.017145602
     0.017150905
     0.017156181
     0.017161429
     0.017166650
     0.017171844
     0.017177009
     0.017182148
     0.017187258
     0.017192342
     0.017197397
     0.017202425
     0.017207425
     0.017212398
     0.017217343
     0.017222261
     0.017227150
     0.017232012
     0.017236847
     0.017241653
     0.017246432
     0.017251183
     0.017255907
     0.017260602
     0.017265270
     0.017269910
     0.017274522
     0.017279107
     0.017283663
     0.017288192
     0.017292693
     0.017297166
     0.017301611
     0.017306028
     0.017310417
     0.017314778
     0.017319111
     0.017323417
     0.017327694
     0.017331943
     0.017336165
     0.017340358
     0.017344524
     0.017348661
     0.017352770
     0.017356851
     0.017360904
     0.017364929
     0.017368926
     0.017372895
     0.017376836
     0.017380749
     0.017384633
     0.017388489
     0.017392317
     0.017396117
     0.017399889
     0.017403633
     0.017407348
     0.017411035
     0.017414694
     0.017418325
     0.017421927
     0.017425501
     0.017429047
     0.017432565
     0.017436054
     0.017439515
     0.017442948
     0.017446352
     0.017449728
     0.017453075
     0.017456395
     0.017459686
     0.017462948
     0.017466182
     0.017469388
     0.017472566
     0.017475715
     0.017478835
     0.017481927
     0.017484991
     0.017488026
     0.017491033
     0.017494011
     0.017496961
     0.017499882
     0.017502775
     0.017505639
     0.017508475
     0.017511282
     0.017514061
     0.017516811
     0.017519533
     0.017522226
     0.017524891
     0.017527527
     0.017530134
     0.017532713
     0.017535263
     0.017537785
     0.017540278
     0.017542743
     0.017545178
     0.017547586
     0.017549964
     0.017552314
     0.017554635
     0.017556928
     0.017559192
     0.017561427
     0.017563634
     0.017565812
     0.017567961
     0.017570082
     0.017572173
     0.017574237
     0.017576271
     0.017578277
     0.017580254
     0.017582202
     0.017584122
     0.017586012
     0.017587874
     0.017589708
     0.017591512
     0.017593288
     0.017595035
     0.017596753
     0.017598442
     0.017600103
     0.017601735
     0.017603338
     0.017604912
     0.017606458
     0.017607974
     0.017609462
     0.017610921
     0.017612351
     0.017613753
     0.017615125
     0.017616469
     0.017617784
     0.017619070
     0.017620327
     0.017621556
     0.017622755
     0.017623926
     0.017625067
     0.017626180
     0.017627264
     0.017628320
     0.017629346
     0.017630343
     0.017631312
     0.017632252
     0.017633162
     0.017634044
     0.017634897
     0.017635721
     0.017636517
     0.017637283
     0.017638020
     0.017638729
     0.017639408
     0.017640059
     0.017640681
     0.017641274
     0.017641838
     0.017642373
     0.017642879
     0.017643356
     0.017643805
     0.017644224
     0.017644615
     0.017644976
     0.017645309
     0.017645612
     0.017645887
     0.017646133
     0.017646350
     0.017646538
     0.017646697
     0.017646827
     0.017646929
     0.017647001
     0.017647044
     0.017647059
     0.017647044
     0.017647001
     0.017646929
     0.017646827
     0.017646697
     0.017646538
     0.017646350
     0.017646133
     0.017645887
     0.017645612
     0.017645309
     0.017644976
     0.017644615
     0.017644224
     0.017643805
     0.017643356
     0.017642879
     0.017642373
     0.017641838
     0.017641274
     0.017640681
     0.017640059
     0.017639408
     0.017638729
     0.017638020
     0.017637283
     0.017636517
     0.017635721
     0.017634897
     0.017634044
     0.017633162
     0.017632252
     0.017631312
     0.017630343
     0.017629346
     0.017628320
     0.017627264
     0.017626180
     0.017625067
     0.017623926
     0.017622755
     0.017621556
     0.017620327
     0.017619070
     0.017617784
     0.017616469
     0.017615125
     0.017613753
     0.017612351
     0.017610921
     0.017609462
     0.017607974
     0.017606458
     0.017604912
     0.017603338
     0.017601735
     0.017600103
     0.017598442
     0.017596753
     0.017595035
     0.017593288
     0.017591512
     0.017589708
     0.017587874
     0.017586012
     0.017584122
     0.017582202
     0.017580254
     0.017578277
     0.017576271
     0.017574237
     0.017572173
     0.017570082
     0.017567961
     0.017565812
     0.017563634
     0.017561427
     0.017559192
     0.017556928
     0.017554635
     0.017552314
     0.017549964
     0.017547586
     0.017545178
     0.017542743
     0.017540278
     0.017537785
     0.017535263
     0.017532713
     0.017530134
     0.017527527
     0.017524891
     0.017522226
     0.017519533
     0.017516811
     0.017514061
     0.017511282
     0.017508475
     0.017505639
     0.017502775
     0.017499882
     0.017496961
     0.017494011
     0.017491033
     0.017488026
     0.017484991
     0.017481927
     0.017478835
     0.017475715
     0.017472566
     0.017469388
     0.017466182
     0.017462948
     0.017459686
     0.017456395
     0.017453075
     0.017449728
     0.017446352
     0.017442948
     0.017439515
     0.017436054
     0.017432565
     0.017429047
     0.017425501
     0.017421927
     0.017418325
     0.017414694
     0.017411035
     0.017407348
     0.017403633
     0.017399889
     0.017396117
     0.017392317
     0.017388489
     0.017384633
     0.017380749
     0.017376836
     0.017372895
     0.017368926
     0.017364929
     0.017360904
     0.017356851
     0.017352770
     0.017348661
     0.017344524
     0.017340358
     0.017336165
     0.017331943
     0.017327694
     0.017323417
     0.017319111
     0.017314778
     0.017310417
     0.017306028
     0.017301611
     0.017297166
     0.017292693
     0.017288192
     0.017283663
     0.017279107
     0.017274522
     0.017269910
     0.017265270
     0.017260602
     0.017255907
     0.017251183
     0.017246432
     0.017241653
     0.017236847
     0.017232012
     0.017227150
     0.017222261
     0.017217343
     0.017212398
     0.017207425
     0.017202425
     0.017197397
     0.017192342
     0.017187258
     0.017182148
     0.017177009
     0.017171844
     0.017166650
     0.017161429
     0.017156181
     0.017150905
     0.017145602
     0.017140271
     0.017134913
     0.017129527
     0.017124114
     0.017118674
     0.017113206
     0.017107711
     0.017102188
     0.017096639
     0.017091061
     0.017085457
     0.017079825
     0.017074166
     0.017068480
     0.017062767
     0.017057026
     0.017051259
     0.017045464
     0.017039641
     0.017033792
     0.017027916
     0.017022012
     0.017016082
     0.017010124
     0.017004139
     0.016998128
     0.016992089
     0.016986023
     0.016979930
     0.016973811
     0.016967664
     0.016961491
     0.016955290
     0.016949063
     0.016942809
     0.016936527
     0.016930219
     0.016923885
     0.016917523
     0.016911135
     0.016904720
     0.016898278
     0.016891809
     0.016885314
     0.016878792
     0.016872244
     0.016865668
     0.016859066
     0.016852438
     0.016845783
     0.016839101
     0.016832393
     0.016825658
     0.016818897
     0.016812109
     0.016805295
     0.016798454
     0.016791587
     0.016784694
     0.016777774
     0.016770828
     0.016763855
     0.016756856
     0.016749831
     0.016742779
     0.016735702
     0.016728597
     0.016721467
     0.016714311
     0.016707128
     0.016699919
     0.016692684
     0.016685423
     0.016678136
     0.016670823
     0.016663483
     0.016656118
     0.016648727
     0.016641309
     0.016633866
     0.016626397
     0.016618901
     0.016611380
     0.016603833
     0.016596260
     0.016588662
     0.016581037
     0.016573387
     0.016565711
     0.016558009
     0.016550282
     0.016542528
     0.016534749
     0.016526945
     0.016519114
     0.016511259
     0.016503377
     0.016495470
     0.016487538
     0.016479580
     0.016471596
     0.016463587
     0.016455553
     0.016447493
     0.016439407
     0.016431297
     0.016423161
     0.016414999
     0.016406813
     0.016398601
     0.016390363
     0.016382101
     0.016373813
     0.016365500
     0.016357162
     0.016348799
     0.016340411
     0.016331998
     0.016323559
     0.016315096
     0.016306607
     0.016298094
     0.016289555
     0.016280992
     0.016272404
     0.016263791
     0.016255153
     0.016246490
     0.016237802
     0.016229089
     0.016220352
     0.016211590
     0.016202803
     0.016193992
     0.016185156
     0.016176295
     0.016167410
     0.016158500
     0.016149566
     0.016140607
     0.016131623
     0.016122615
     0.016113583
     0.016104526
     0.016095445
     0.016086339
     0.016077209
     0.016068055
     0.016058877
     0.016049674
     0.016040447
     0.016031195
     0.016021920
     0.016012620
     0.016003296
     0.015993949
     0.015984577
     0.015975181
     0.015965761
     0.015956317
     0.015946849
     0.015937357
     0.015927841
     0.015918301
     0.015908738
     0.015899150
     0.015889539
     0.015879904
     0.015870245
     0.015860563
     0.015850857
     0.015841127
     0.015831374
     0.015821597
     0.015811796
     0.015801972
     0.015792124
     0.015782253
     0.015772359
     0.015762440
     0.015752499
     0.015742534
     0.015732546
     0.015722535
     0.015712500
     0.015702442
     0.015692361
     0.015682256
     0.015672129
     0.015661978
     0.015651804
     0.015641607
     0.015631387
     0.015621144
     0.015610878
     0.015600589
     0.015590277
     0.015579942
     0.015569585
     0.015559204
     0.015548801
     0.015538375
     0.015527926
     0.015517454
     0.015506960
     0.015496443
     0.015485904
     0.015475342
     0.015464757
     0.015454150
     0.015443520
     0.015432868
     0.015422193
     0.015411496
     0.015400776
     0.015390035
     0.015379270
     0.015368484
     0.015357675
     0.015346844
     0.015335991
     0.015325116
     0.015314219
     0.015303299
     0.015292358
     0.015281394
     0.015270408
     0.015259401
     0.015248371
     0.015237320
     0.015226247
     0.015215152
     0.015204035
     0.015192896
     0.015181735
     0.015170553
     0.015159349
     0.015148124
     0.015136877
     0.015125608
     0.015114318
     0.015103006
     0.015091673
     0.015080318
     0.015068942
     0.015057544
     0.015046125
     0.015034685
     0.015023224
     0.015011741
     0.015000237
     0.014988712
     0.014977165
     0.014965598
     0.014954009
     0.014942400
     0.014930769
     0.014919117
     0.014907445
     0.014895751
     0.014884037
     0.014872302
     0.014860546
     0.014848769
     0.014836971
     0.014825153
     0.014813314
     0.014801454
     0.014789574
     0.014777673
     0.014765752
     0.014753810
     0.014741848
     0.014729865
     0.014717862
     0.014705838
     0.014693794
     0.014681730
     0.014669646
     0.014657541
     0.014645416
     0.014633271
     0.014621106
     0.014608920
     0.014596715
     0.014584490
     0.014572244
     0.014559979
     0.014547694
     0.014535389
     0.014523064
     0.014510719
     0.014498354
     0.014485970
     0.014473566
     0.014461142
     0.014448699
     0.014436236
     0.014423754
     0.014411252
     0.014398730
     0.014386189
     0.014373629
     0.014361049
     0.014348450
     0.014335832
     0.014323194
     0.014310538
     0.014297862
     0.014285166
     0.014272452
     0.014259719
     0.014246966
     0.014234195
     0.014221404
     0.014208595
     0.014195766
     0.014182919
     0.014170053
     0.014157168
     0.014144265
     0.014131343
     0.014118402
     0.014105442
     0.014092464
     0.014079467
     0.014066452
     0.014053418
     0.014040366
     0.014027295
     0.014014206
     0.014001098
     0.013987973
     0.013974829
     0.013961666
     0.013948486
     0.013935287
     0.013922071
     0.013908836
     0.013895583
     0.013882312
     0.013869023
     0.013855717
     0.013842392
     0.013829050
     0.013815689
     0.013802311
     0.013788915
     0.013775502
     0.013762071
     0.013748622
     0.013735156
     0.013721672
     0.013708170
     0.013694651
     0.013681115
     0.013667561
     0.013653990
     0.013640402
     0.013626796
     0.013613173
     0.013599533
     0.013585876
     0.013572202
     0.013558510
     0.013544802
     0.013531076
     0.013517334
     0.013503575
     0.013489798
     0.013476005
     0.013462195
     0.013448369
     0.013434525
     0.013420665
     0.013406789
     0.013392895
     0.013378985
     0.013365059
     0.013351116
     0.013337157
     0.013323181
     0.013309189
     0.013295181
     0.013281156
     0.013267115
     0.013253058
     0.013238984
     0.013224895
     0.013210789
     0.013196668
     0.013182530
     0.013168376
     0.013154207
     0.013140022
     0.013125820
     0.013111603
     0.013097371
     0.013083122
     0.013068858
     0.013054578
     0.013040282
     0.013025971
     0.013011645
     0.012997303
     0.012982946
     0.012968573
     0.012954184
     0.012939781
     0.012925362
     0.012910928
     0.012896479
     0.012882015
     0.012867535
     0.012853041
     0.012838531
     0.012824006
     0.012809467
     0.012794912
     0.012780343
     0.012765759
     0.012751160
     0.012736547
     0.012721918
     0.012707275
     0.012692618
     0.012677946
     0.012663259
     0.012648558
     0.012633842
     0.012619112
     0.012604368
     0.012589609
     0.012574836
     0.012560049
     0.012545247
     0.012530432
     0.012515602
     0.012500758
     0.012485900
     0.012471029
     0.012456143
     0.012441243
     0.012426330
     0.012411402
     0.012396461
     0.012381507
     0.012366538
     0.012351556
     0.012336560
     0.012321551
     0.012306528
     0.012291492
     0.012276442
     0.012261379
     0.012246302
     0.012231212
     0.012216109
     0.012200993
     0.012185863
     0.012170721
     0.012155565
     0.012140396
     0.012125214
     0.012110020
     0.012094812
     0.012079591
     0.012064358
     0.012049112
     0.012033853
     0.012018581
     0.012003297
     0.011988000
     0.011972690
     0.011957368
     0.011942034
     0.011926687
     0.011911327
     0.011895956
     0.011880572
     0.011865175
     0.011849767
     0.011834346
     0.011818913
     0.011803468
     0.011788011
     0.011772541
     0.011757060
     0.011741567
     0.011726062
     0.011710546
     0.011695017
     0.011679477
     0.011663925
     0.011648361
     0.011632786
     0.011617199
     0.011601600
     0.011585990
     0.011570369
     0.011554736
     0.011539092
     0.011523436
     0.011507770
     0.011492092
     0.011476403
     0.011460702
     0.011444991
     0.011429268
     0.011413535
     0.011397790
     0.011382035
     0.011366269
     0.011350492
     0.011334704
     0.011318905
     0.011303096
     0.011287276
     0.011271445
     0.011255604
     0.011239752
     0.011223890
     0.011208018
     0.011192135
     0.011176241
     0.011160338
     0.011144424
     0.011128500
     0.011112565
     0.011096621
     0.011080667
     0.011064702
     0.011048727
     0.011032743
     0.011016749
     0.011000744
     0.010984730
     0.010968707
     0.010952673
     0.010936630
     0.010920577
     0.010904515
     0.010888443
     0.010872361
     0.010856270
     0.010840170
     0.010824060
     0.010807941
     0.010791813
     0.010775675
     0.010759528
     0.010743373
     0.010727208
     0.010711034
     0.010694851
     0.010678659
     0.010662458
     0.010646248
     0.010630029
     0.010613802
     0.010597566
     0.010581321
     0.010565067
     0.010548805
     0.010532535
     0.010516256
     0.010499968
     0.010483672
     0.010467368
     0.010451055
     0.010434734
     0.010418405
     0.010402067
     0.010385721
     0.010369368
     0.010353006
     0.010336636
     0.010320258
     0.010303873
     0.010287479
     0.010271078
     0.010254669
     0.010238252
     0.010221827
     0.010205395
     0.010188955
     0.010172507
     0.010156052
     0.010139590
     0.010123120
     0.010106643
     0.010090158
     0.010073667
     0.010057167
     0.010040661
     0.010024148
     0.010007627
    0.0099910995
    0.0099745648
    0.0099580232
    0.0099414747
    0.0099249193
    0.0099083570
    0.0098917880
    0.0098752122
    0.0098586297
    0.0098420406
    0.0098254449
    0.0098088426
    0.0097922338
    0.0097756185
    0.0097589968
    0.0097423687
    0.0097257343
    0.0097090936
    0.0096924467
    0.0096757936
    0.0096591343
    0.0096424689
    0.0096257975
    0.0096091200
    0.0095924366
    0.0095757472
    0.0095590520
    0.0095423510
    0.0095256441
    0.0095089316
    0.0094922133
    0.0094754894
    0.0094587599
    0.0094420248
    0.0094252842
    0.0094085382
    0.0093917867
    0.0093750299
    0.0093582678
    0.0093415003
    0.0093247277
    0.0093079498
    0.0092911668
    0.0092743787
    0.0092575855
    0.0092407874
    0.0092239843
    0.0092071762
    0.0091903633
    0.0091735456
    0.0091567231
    0.0091398959
    0.0091230639
    0.0091062274
    0.0090893862
    0.0090725405
    0.0090556903
    0.0090388357
    0.0090219766
    0.0090051132
    0.0089882454
    0.0089713734
    0.0089544971
    0.0089376167
    0.0089207321
    0.0089038435
    0.0088869508
    0.0088700541
    0.0088531534
    0.0088362488
    0.0088193404
    0.0088024282
    0.0087855122
    0.0087685925
    0.0087516691
    0.0087347420
    0.0087178114
    0.0087008772
    0.0086839396
    0.0086669985
    0.0086500540
    0.0086331061
    0.0086161549
    0.0085992005
    0.0085822428
    0.0085652820
    0.0085483180
    0.0085313510
    0.0085143809
    0.0084974079
    0.0084804318
    0.0084634529
    0.0084464712
    0.0084294866
    0.0084124993
    0.0083955092
    0.0083785165
    0.0083615212
    0.0083445232
    0.0083275228
    0.0083105198
    0.0082935145
    0.0082765067
    0.0082594966
    0.0082424841
    0.0082254694
    0.0082084525
    0.0081914335
    0.0081744123
    0.0081573890
    0.0081403637
    0.0081233364
    0.0081063072
    0.0080892761
    0.0080722431
    0.0080552083
    0.0080381718
    0.0080211336
    0.0080040937
    0.0079870522
    0.0079700091
    0.0079529645
    0.0079359184
    0.0079188708
    0.0079018219
    0.0078847716
    0.0078677200
    0.0078506672
    0.0078336132
    0.0078165580
    0.0077995016
    0.0077824442
    0.0077653858
    0.0077483264
    0.0077312661
    0.0077142048
    0.0076971428
    0.0076800799
    0.0076630162
    0.0076459519
    0.0076288869
    0.0076118213
    0.0075947551
    0.0075776883
    0.0075606211
    0.0075435535
    0.0075264854
    0.0075094170
    0.0074923483
    0.0074752794
    0.0074582102
    0.0074411409
    0.0074240715
    0.0074070020
    0.0073899324
    0.0073728629
    0.0073557934
    0.0073387240
    0.0073216548
    0.0073045858
    0.0072875170
    0.0072704485
    0.0072533804
    0.0072363126
    0.0072192452
    0.0072021783
    0.0071851119
    0.0071680461
    0.0071509809
    0.0071339163
    0.0071168524
    0.0070997892
    0.0070827269
    0.0070656653
    0.0070486046
    0.0070315449
    0.0070144861
    0.0069974283
    0.0069803715
    0.0069633159
    0.0069462614
    0.0069292081
    0.0069121560
    0.0068951052
    0.0068780557
    0.0068610075
    0.0068439608
    0.0068269155
    0.0068098718
    0.0067928295
    0.0067757889
    0.0067587499
    0.0067417125
    0.0067246769
    0.0067076431
    0.0066906110
    0.0066735809
    0.0066565526
    0.0066395262
    0.0066225019
    0.0066054796
    0.0065884593
    0.0065714412
    0.0065544252
    0.0065374115
    0.0065204000
    0.0065033908
    0.0064863840
    0.0064693795
    0.0064523775
    0.0064353779
    0.0064183809
    0.0064013864
    0.0063843946
    0.0063674054
    0.0063504188
    0.0063334351
    0.0063164541
    0.0062994759
    0.0062825006
    0.0062655283
    0.0062485589
    0.0062315925
    0.0062146291
    0.0061976689
    0.0061807117
    0.0061637578
    0.0061468071
    0.0061298596
    0.0061129155
    0.0060959747
    0.0060790373
    0.0060621034
    0.0060451729
    0.0060282460
    0.0060113226
    0.0059944029
    0.0059774868
    0.0059605744
    0.0059436658
    0.0059267610
    0.0059098600
    0.0058929629
    0.0058760697
    0.0058591805
    0.0058422952
    0.0058254141
    0.0058085370
    0.0057916641
    0.0057747953
    0.0057579308
    0.0057410705
    0.0057242146
    0.0057073630
    0.0056905158
    0.0056736730
    0.0056568348
    0.0056400010
    0.0056231719
    0.0056063473
    0.0055895274
    0.0055727122
    0.0055559017
    0.0055390961
    0.0055222952
    0.0055054992
    0.0054887082
    0.0054719221
    0.0054551409
    0.0054383649
    0.0054215939
    0.0054048280
    0.0053880673
    0.0053713119
    0.0053545616
    0.0053378167
    0.0053210771
    0.0053043429
    0.0052876141
    0.0052708908
    0.0052541730
    0.0052374607
    0.0052207541
    0.0052040531
    0.0051873577
    0.0051706681
    0.0051539842
    0.0051373061
    0.0051206339
    0.0051039676
    0.0050873072
    0.0050706528
    0.0050540044
    0.0050373620
    0.0050207258
    0.0050040956
    0.0049874717
    0.0049708540
    0.0049542426
    0.0049376374
    0.0049210386
    0.0049044462
    0.0048878603
    0.0048712808
    0.0048547078
    0.0048381414
    0.0048215816
    0.0048050284
    0.0047884819
    0.0047719421
    0.0047554091
    0.0047388829
    0.0047223635
    0.0047058511
    0.0046893455
    0.0046728470
    0.0046563554
    0.0046398709
    0.0046233935
    0.0046069232
    0.0045904601
    0.0045740042
    0.0045575556
    0.0045411142
    0.0045246802
    0.0045082536
    0.0044918344
    0.0044754227
    0.0044590184
    0.0044426217
    0.0044262326
    0.0044098512
    0.0043934773
    0.0043771112
    0.0043607529
    0.0043444023
    0.0043280595
    0.0043117246
    0.0042953976
    0.0042790786
    0.0042627675
    0.0042464645
    0.0042301696
    0.0042138827
    0.0041976040
    0.0041813335
    0.0041650712
    0.0041488172
    0.0041325715
    0.0041163341
    0.0041001051
    0.0040838846
    0.0040676725
    0.0040514689
    0.0040352739
    0.0040190874
    0.0040029096
    0.0039867405
    0.0039705800
    0.0039544283
    0.0039382854
    0.0039221513
    0.0039060260
    0.0038899097
    0.0038738023
    0.0038577038
    0.0038416144
    0.0038255341
    0.0038094628
    0.0037934007
    0.0037773478
    0.0037613040
    0.0037452696
    0.0037292444
    0.0037132285
    0.0036972220
    0.0036812249
    0.0036652373
    0.0036492592
    0.0036332905
    0.0036173315
    0.0036013820
    0.0035854422
    0.0035695120
    0.0035535916
    0.0035376809
    0.0035217800
    0.0035058890
    0.0034900078
    0.0034741365
    0.0034582752
    0.0034424238
    0.0034265825
    0.0034107512
    0.0033949300
    0.0033791190
    0.0033633181
    0.0033475274
    0.0033317470
    0.0033159769
    0.0033002171
    0.0032844676
    0.0032687286
    0.0032530000
    0.0032372818
    0.0032215742
    0.0032058771
    0.0031901906
    0.0031745148
    0.0031588495
    0.0031431950
    0.0031275512
    0.0031119182
    0.0030962960
    0.0030806847
    0.0030650842
    0.0030494946
    0.0030339160
    0.0030183484
    0.0030027918
    0.0029872463
    0.0029717119
    0.0029561886
    0.0029406765
    0.0029251756
    0.0029096860
    0.0028942076
    0.0028787406
    0.0028632849
    0.0028478406
    0.0028324077
    0.0028169863
    0.0028015764
    0.0027861781
    0.0027707913
    0.0027554161
    0.0027400526
    0.0027247007
    0.0027093606
    0.0026940322
    0.0026787157
    0.0026634109
    0.0026481180
    0.0026328370
    0.0026175679
    0.0026023108
    0.0025870657
    0.0025718326
    0.0025566116
    0.0025414027
    0.0025262059
    0.0025110213
    0.0024958490
    0.0024806889
    0.0024655410
    0.0024504055
    0.0024352823
    0.0024201715
    0.0024050732
    0.0023899873
    0.0023749139
    0.0023598530
    0.0023448046
    0.0023297689
    0.0023147458
    0.0022997354
    0.0022847376
    0.0022697526
    0.0022547803
    0.0022398209
    0.0022248743
    0.0022099405
    0.0021950197
    0.0021801118
    0.0021652168
    0.0021503349
    0.0021354660
    0.0021206101
    0.0021057674
    0.0020909378
    0.0020761214
    0.0020613182
    0.0020465282
    0.0020317515
    0.0020169881
    0.0020022380
    0.0019875014
    0.0019727781
    0.0019580682
    0.0019433718
    0.0019286890
    0.0019140196
    0.0018993639
    0.0018847217
    0.0018700932
    0.0018554783
    0.0018408772
    0.0018262897
    0.0018117161
    0.0017971562
    0.0017826102
    0.0017680780
    0.0017535597
    0.0017390554
    0.0017245650
    0.0017100886
    0.0016956262
    0.0016811779
    0.0016667436
    0.0016523235
    0.0016379176
    0.0016235258
    0.0016091482
    0.0015947849
    0.0015804359
    0.0015661011
    0.0015517807
    0.0015374747
    0.0015231831
    0.0015089059
    0.0014946432
    0.0014803950
    0.0014661613
    0.0014519422
    0.0014377376
    0.0014235477
    0.0014093724
    0.0013952118
    0.0013810660
    0.0013669349
    0.0013528185
    0.0013387170
    0.0013246303
    0.0013105584
    0.0012965015
    0.0012824594
    0.0012684324
    0.0012544203
    0.0012404233
    0.0012264413
    0.0012124743
    0.0011985225
    0.0011845858
    0.0011706643
    0.0011567580
    0.0011428669
    0.0011289911
    0.0011151305
    0.0011012853
    0.0010874554
    0.0010736409
    0.0010598418
    0.0010460581
    0.0010322899
    0.0010185372
    0.0010048000
   0.00099107839
   0.00097737233
   0.00096368187
   0.00095000705
   0.00093634790
   0.00092270444
   0.00090907671
   0.00089546473
   0.00088186853
   0.00086828813
   0.00085472358
   0.00084117489
   0.00082764209
   0.00081412522
   0.00080062430
   0.00078713935
   0.00077367042
   0.00076021751
   0.00074678067
   0.00073335992
   0.00071995529
   0.00070656680
   0.00069319449
   0.00067983838
   0.00066649849
   0.00065317487
   0.00063986752
   0.00062657649
   0.00061330179
   0.00060004346
   0.00058680153
   0.00057357601
   0.00056036694
   0.00054717434
   0.00053399824
   0.00052083867
   0.00050769565
   0.00049456922
   0.00048145939
   0.00046836619
   0.00045528966
   0.00044222981
   0.00042918668
   0.00041616028
   0.00040315065
   0.00039015781
   0.00037718179
   0.00036422262
   0.00035128031
   0.00033835490
   0.00032544641
   0.00031255487
   0.00029968030
   0.00028682273
   0.00027398218
   0.00026115869
   0.00024835227
   0.00023556295
   0.00022279075
   0.00021003571
   0.00019729784
   0.00018457718
   0.00017187374
   0.00015918755
   0.00014651864
   0.00013386703
   0.00012123275
   0.00010861581
   9.6016256e-05
   8.3434098e-05
   7.0869364e-05
   5.8322079e-05
   4.5792267e-05
   3.3279953e-05
   2.0785160e-05
   8.3079138e-06
  -4.1517629e-06
  -1.6593846e-05
  -2.9018310e-05
  -4.1425133e-05
  -5.3814291e-05
  -6.6185758e-05
  -7.8539513e-05
  -9.0875531e-05
  -0.00010319379
  -0.00011549426
  -0.00012777693
  -0.00014004177
  -0.00015228875
  -0.00016451785
  -0.00017672906
  -0.00018892234
  -0.00020109768
  -0.00021325504
  -0.00022539442
  -0.00023751578
  -0.00024961910
  -0.00026170436
  -0.00027377154
  -0.00028582061
  -0.00029785156
  -0.00030986435
  -0.00032185897
  -0.00033383540
  -0.00034579361
  -0.00035773359
  -0.00036965530
  -0.00038155873
  -0.00039344385
  -0.00040531064
  -0.00041715909
  -0.00042898917
  -0.00044080085
  -0.00045259413
  -0.00046436896
  -0.00047612535
  -0.00048786325
  -0.00049958265
  -0.00051128354
  -0.00052296588
  -0.00053462966
  -0.00054627486
  -0.00055790145
  -0.00056950942
  -0.00058109874
  -0.00059266940
  -0.00060422137
  -0.00061575463
  -0.00062726916
  -0.00063876494
  -0.00065024196
  -0.00066170018
  -0.00067313960
  -0.00068456019
  -0.00069596192
  -0.00070734479
  -0.00071870877
  -0.00073005384
  -0.00074137997
  -0.00075268716
  -0.00076397538
  -0.00077524462
  -0.00078649484
  -0.00079772604
  -0.00080893819
  -0.00082013128
  -0.00083130528
  -0.00084246017
  -0.00085359594
  -0.00086471257
  -0.00087581004
  -0.00088688833
  -0.00089794742
  -0.00090898730
  -0.00092000793
  -0.00093100931
  -0.00094199142
  -0.00095295424
  -0.00096389775
  -0.00097482192
