   1.8551690e-09
  -4.4471717e-05
  -8.9001544e-05
  -0.00013358461
  -0.00017821790
  -0.00022289838
  -0.00026762303
  -0.00031238879
  -0.00035719261
  -0.00040203145
  -0.00044690225
  -0.00049180192
  -0.00053672741
  -0.00058167562
  -0.00062664348
  -0.00067162789
  -0.00071662576
  -0.00076163399
  -0.00080664946
  -0.00085166908
  -0.00089668971
  -0.00094170826
  -0.00098672158
   -0.0010317266
   -0.0010767201
   -0.0011216989
   -0.0011666601
   -0.0012116003
   -0.0012565166
   -0.0013014056
   -0.0013462643
   -0.0013910896
   -0.0014358782
   -0.0014806270
   -0.0015253329
   -0.0015699927
   -0.0016146032
   -0.0016591614
   -0.0017036639
   -0.0017481078
   -0.0017924897
   -0.0018368066
   -0.0018810553
   -0.0019252326
   -0.0019693354
   -0.0020133605
   -0.0020573047
   -0.0021011650
   -0.0021449381
   -0.0021886209
   -0.0022322102
   -0.0022757029
   -0.0023190959
   -0.0023623860
   -0.0024055700
   -0.0024486449
   -0.0024916074
   -0.0025344545
   -0.0025771830
   -0.0026197899
   -0.0026622719
   -0.0027046259
   -0.0027468490
   -0.0027889378
   -0.0028308895
   -0.0028727007
   -0.0029143686
   -0.0029558899
   -0.0029972616
   -0.0030384806
   -0.0030795438
   -0.0031204483
   -0.0031611909
   -0.0032017685
   -0.0032421782
   -0.0032824169
   -0.0033224816
   -0.0033623693
   -0.0034020769
   -0.0034416015
   -0.0034809400
   -0.0035200895
   -0.0035590469
   -0.0035978094
   -0.0036363740
   -0.0036747377
   -0.0037128975
   -0.0037508506
   -0.0037885940
   -0.0038261249
   -0.0038634402
   -0.0039005372
   -0.0039374129
   -0.0039740645
   -0.0040104891
   -0.0040466840
   -0.0040826461
   -0.0041183728
   -0.0041538612
   -0.0041891085
   -0.0042241119
   -0.0042588688
   -0.0042933762
   -0.0043276315
   -0.0043616319
   -0.0043953747
   -0.0044288573
   -0.0044620768
   -0.0044950307
   -0.0045277163
   -0.0045601309
   -0.0045922719
   -0.0046241367
   -0.0046557226
   -0.0046870272
   -0.0047180478
   -0.0047487818
   -0.0047792267
   -0.0048093800
   -0.0048392393
   -0.0048688019
   -0.0048980654
   -0.0049270274
   -0.0049556854
   -0.0049840370
   -0.0050120798
   -0.0050398114
   -0.0050672294
   -0.0050943315
   -0.0051211153
   -0.0051475786
   -0.0051737189
   -0.0051995341
   -0.0052250219
   -0.0052501801
   -0.0052750063
   -0.0052994985
   -0.0053236544
   -0.0053474718
   -0.0053709487
   -0.0053940829
   -0.0054168722
   -0.0054393147
   -0.0054614082
   -0.0054831507
   -0.0055045402
   -0.0055255747
   -0.0055462522
   -0.0055665707
   -0.0055865284
   -0.0056061232
   -0.0056253533
   -0.0056442169
   -0.0056627120
   -0.0056808369
   -0.0056985898
   -0.0057159688
   -0.0057329723
   -0.0057495984
   -0.0057658455
   -0.0057817119
   -0.0057971959
   -0.0058122959
   -0.0058270102
   -0.0058413373
   -0.0058552756
   -0.0058688235
   -0.0058819796
   -0.0058947422
   -0.0059071101
   -0.0059190816
   -0.0059306554
   -0.0059418301
   -0.0059526043
   -0.0059629767
   -0.0059729459
   -0.0059825106
   -0.0059916697
   -0.0060004217
   -0.0060087655
   -0.0060167000
   -0.0060242239
   -0.0060313361
   -0.0060380354
   -0.0060443209
   -0.0060501913
   -0.0060556458
   -0.0060606833
   -0.0060653027
   -0.0060695032
   -0.0060732838
   -0.0060766435
   -0.0060795817
   -0.0060820973
   -0.0060841896
   -0.0060858577
   -0.0060871009
   -0.0060879186
   -0.0060883098
   -0.0060882741
   -0.0060878106
   -0.0060869189
   -0.0060855982
   -0.0060838481
   -0.0060816680
   -0.0060790573
   -0.0060760156
   -0.0060725425
   -0.0060686374
   -0.0060643001
   -0.0060595301
   -0.0060543271
   -0.0060486907
   -0.0060426208
   -0.0060361169
   -0.0060291790
   -0.0060218069
   -0.0060140002
   -0.0060057590
   -0.0059970831
   -0.0059879723
   -0.0059784268
   -0.0059684464
   -0.0059580312
   -0.0059471811
   -0.0059358963
   -0.0059241769
   -0.0059120229
   -0.0058994346
   -0.0058864121
   -0.0058729557
   -0.0058590655
   -0.0058447419
   -0.0058299851
   -0.0058147956
   -0.0057991736
   -0.0057831195
   -0.0057666339
   -0.0057497170
   -0.0057323695
   -0.0057145918
   -0.0056963845
   -0.0056777481
   -0.0056586833
   -0.0056391906
   -0.0056192708
   -0.0055989246
   -0.0055781525
   -0.0055569555
   -0.0055353343
   -0.0055132897
   -0.0054908226
   -0.0054679337
   -0.0054446241
   -0.0054208947
   -0.0053967463
   -0.0053721801
   -0.0053471970
   -0.0053217981
   -0.0052959845
   -0.0052697572
   -0.0052431174
   -0.0052160664
   -0.0051886052
   -0.0051607351
   -0.0051324574
   -0.0051037734
   -0.0050746843
   -0.0050451916
   -0.0050152966
   -0.0049850007
   -0.0049543053
   -0.0049232120
   -0.0048917222
   -0.0048598374
   -0.0048275592
   -0.0047948891
   -0.0047618288
   -0.0047283800
   -0.0046945442
   -0.0046603232
   -0.0046257188
   -0.0045907326
   -0.0045553664
   -0.0045196221
   -0.0044835015
   -0.0044470064
   -0.0044101388
   -0.0043729006
   -0.0043352938
   -0.0042973203
   -0.0042589821
   -0.0042202812
   -0.0041812198
   -0.0041418000
   -0.0041020237
   -0.0040618933
   -0.0040214108
   -0.0039805785
   -0.0039393986
   -0.0038978734
   -0.0038560051
   -0.0038137961
   -0.0037712486
   -0.0037283651
   -0.0036851479
   -0.0036415995
   -0.0035977223
   -0.0035535187
   -0.0035089913
   -0.0034641426
   -0.0034189752
   -0.0033734915
   -0.0033276942
   -0.0032815860
   -0.0032351694
   -0.0031884472
   -0.0031414220
   -0.0030940966
   -0.0030464737
   -0.0029985561
   -0.0029503466
   -0.0029018480
   -0.0028530631
   -0.0028039949
   -0.0027546462
   -0.0027050199
   -0.0026551190
   -0.0026049465
   -0.0025545052
   -0.0025037983
   -0.0024528288
   -0.0024015997
   -0.0023501141
   -0.0022983752
   -0.0022463859
   -0.0021941495
   -0.0021416692
   -0.0020889481
   -0.0020359895
   -0.0019827965
   -0.0019293725
   -0.0018757206
   -0.0018218443
   -0.0017677468
   -0.0017134314
   -0.0016589015
   -0.0016041605
   -0.0015492118
   -0.0014940588
   -0.0014387050
   -0.0013831537
   -0.0013274085
   -0.0012714728
   -0.0012153502
   -0.0011590442
   -0.0011025583
   -0.0010458962
  -0.00098906132
  -0.00093205737
  -0.00087488794
  -0.00081755667
  -0.00076006722
  -0.00070242324
  -0.00064462844
  -0.00058668652
  -0.00052860119
  -0.00047037620
  -0.00041201530
  -0.00035352225
  -0.00029490084
  -0.00023615487
  -0.00017728815
  -0.00011830451
  -5.9207792e-05
  -1.8551690e-09
   5.9309430e-05
   0.00011872218
   0.00017823249
   0.00023783646
   0.00029753016
   0.00035730965
   0.00041717098
   0.00047711018
   0.00053712329
   0.00059720631
   0.00065735526
   0.00071756610
   0.00077783484
   0.00083815743
   0.00089852983
   0.00095894799
    0.0010194078
    0.0010799053
    0.0011404363
    0.0012009968
    0.0012615826
    0.0013221896
    0.0013828138
    0.0014434509
    0.0015040969
    0.0015647476
    0.0016253989
    0.0016860465
    0.0017466864
    0.0018073144
    0.0018679262
    0.0019285177
    0.0019890847
    0.0020496230
    0.0021101284
    0.0021705967
    0.0022310237
    0.0022914051
    0.0023517368
    0.0024120144
    0.0024722339
    0.0025323908
    0.0025924811
    0.0026525005
    0.0027124446
    0.0027723093
    0.0028320903
    0.0028917834
    0.0029513843
    0.0030108888
    0.0030702925
    0.0031295913
    0.0031887809
    0.0032478570
    0.0033068154
    0.0033656517
    0.0034243619
    0.0034829415
    0.0035413863
    0.0035996921
    0.0036578546
    0.0037158696
    0.0037737328
    0.0038314400
    0.0038889869
    0.0039463693
    0.0040035830
    0.0040606236
    0.0041174870
    0.0041741690
    0.0042306653
    0.0042869716
    0.0043430839
    0.0043989978
    0.0044547093
    0.0045102139
    0.0045655077
    0.0046205864
    0.0046754457
    0.0047300816
    0.0047844899
    0.0048386664
    0.0048926070
    0.0049463075
    0.0049997638
    0.0050529717
    0.0051059272
    0.0051586261
    0.0052110644
    0.0052632379
    0.0053151426
    0.0053667743
    0.0054181291
    0.0054692029
    0.0055199917
    0.0055704914
    0.0056206979
    0.0056706074
    0.0057202159
    0.0057695192
    0.0058185135
    0.0058671949
    0.0059155593
    0.0059636029
    0.0060113218
    0.0060587119
    0.0061057696
    0.0061524908
    0.0061988718
    0.0062449087
    0.0062905977
    0.0063359350
    0.0063809167
    0.0064255392
    0.0064697985
    0.0065136911
    0.0065572132
    0.0066003611
    0.0066431310
    0.0066855194
    0.0067275225
    0.0067691367
    0.0068103584
    0.0068511841
    0.0068916101
    0.0069316328
    0.0069712488
    0.0070104545
    0.0070492464
    0.0070876211
    0.0071255750
    0.0071631048
    0.0072002070
    0.0072368782
    0.0072731151
    0.0073089143
    0.0073442725
    0.0073791863
    0.0074136526
    0.0074476680
    0.0074812293
    0.0075143333
    0.0075469768
    0.0075791566
    0.0076108696
    0.0076421128
    0.0076728829
    0.0077031769
    0.0077329918
    0.0077623246
    0.0077911723
    0.0078195319
    0.0078474005
    0.0078747752
    0.0079016531
    0.0079280313
    0.0079539070
    0.0079792774
    0.0080041398
    0.0080284913
    0.0080523293
    0.0080756511
    0.0080984540
    0.0081207354
    0.0081424927
    0.0081637233
    0.0081844247
    0.0082045943
    0.0082242297
    0.0082433284
    0.0082618880
    0.0082799061
    0.0082973803
    0.0083143083
    0.0083306878
    0.0083465165
    0.0083617922
    0.0083765127
    0.0083906758
    0.0084042794
    0.0084173213
    0.0084297995
    0.0084417120
    0.0084530566
    0.0084638315
    0.0084740347
    0.0084836643
    0.0084927184
    0.0085011951
    0.0085090927
    0.0085164094
    0.0085231434
    0.0085292930
    0.0085348566
    0.0085398325
    0.0085442191
    0.0085480149
    0.0085512183
    0.0085538277
    0.0085558419
    0.0085572593
    0.0085580785
    0.0085582982
    0.0085579171
    0.0085569338
    0.0085553473
    0.0085531561
    0.0085503593
    0.0085469556
    0.0085429439
    0.0085383232
    0.0085330925
    0.0085272508
    0.0085207972
    0.0085137307
    0.0085060504
    0.0084977556
    0.0084888455
    0.0084793192
    0.0084691761
    0.0084584156
    0.0084470369
    0.0084350395
    0.0084224227
    0.0084091862
    0.0083953294
    0.0083808519
    0.0083657532
    0.0083500330
    0.0083336910
    0.0083167269
    0.0082991405
    0.0082809315
    0.0082620998
    0.0082426453
    0.0082225678
    0.0082018675
    0.0081805441
    0.0081585978
    0.0081360287
    0.0081128369
    0.0080890225
    0.0080645857
    0.0080395268
    0.0080138461
    0.0079875439
    0.0079606205
    0.0079330764
    0.0079049120
    0.0078761278
    0.0078467243
    0.0078167021
    0.0077860618
    0.0077548041
    0.0077229297
    0.0076904392
    0.0076573335
    0.0076236135
    0.0075892798
    0.0075543335
    0.0075187756
    0.0074826069
    0.0074458285
    0.0074084415
    0.0073704471
    0.0073318462
    0.0072926403
    0.0072528304
    0.0072124178
    0.0071714040
    0.0071297902
    0.0070875778
    0.0070447684
    0.0070013633
    0.0069573641
    0.0069127725
    0.0068675899
    0.0068218180
    0.0067754587
    0.0067285135
    0.0066809842
    0.0066328728
    0.0065841810
    0.0065349107
    0.0064850640
    0.0064346428
    0.0063836490
    0.0063320849
    0.0062799525
    0.0062272539
    0.0061739913
    0.0061201671
    0.0060657834
    0.0060108426
    0.0059553470
    0.0058992991
    0.0058427013
    0.0057855560
    0.0057278659
    0.0056696334
    0.0056108611
    0.0055515518
    0.0054917080
    0.0054313326
    0.0053704283
    0.0053089978
    0.0052470441
    0.0051845700
    0.0051215785
    0.0050580726
    0.0049940551
    0.0049295293
    0.0048644981
    0.0047989647
    0.0047329323
    0.0046664040
    0.0045993832
    0.0045318731
    0.0044638769
    0.0043953982
    0.0043264403
    0.0042570066
    0.0041871006
    0.0041167258
    0.0040458858
    0.0039745841
    0.0039028245
    0.0038306105
    0.0037579459
    0.0036848345
    0.0036112799
    0.0035372860
    0.0034628567
    0.0033879959
    0.0033127075
    0.0032369955
    0.0031608638
    0.0030843165
    0.0030073577
    0.0029299915
    0.0028522220
    0.0027740534
    0.0026954900
    0.0026165360
    0.0025371956
    0.0024574733
    0.0023773733
    0.0022969001
    0.0022160580
    0.0021348516
    0.0020532854
    0.0019713638
    0.0018890914
    0.0018064729
    0.0017235128
    0.0016402159
    0.0015565868
    0.0014726302
    0.0013883509
    0.0013037537
    0.0012188434
    0.0011336249
    0.0010481031
   0.00096228281
   0.00087616909
   0.00078976688
   0.00070308119
   0.00061611707
   0.00052887959
   0.00044137385
   0.00035360498
   0.00026557814
   0.00017729852
   8.8771342e-05
   1.8551690e-09
  -8.9004667e-05
  -0.00017824292
  -0.00026770757
  -0.00035739326
  -0.00044729460
  -0.00053740617
  -0.00062772254
  -0.00071823823
  -0.00080894775
  -0.00089984559
  -0.00099092618
   -0.0010821840
   -0.0011736133
   -0.0012652087
   -0.0013569644
   -0.0014488747
   -0.0015409339
   -0.0016331364
   -0.0017254764
   -0.0018179481
   -0.0019105458
   -0.0020032635
   -0.0020960956
   -0.0021890360
   -0.0022820790
   -0.0023752187
   -0.0024684490
   -0.0025617642
   -0.0026551581
   -0.0027486249
   -0.0028421584
   -0.0029357528
   -0.0030294019
   -0.0031230997
   -0.0032168400
   -0.0033106169
   -0.0034044241
   -0.0034982556
   -0.0035921052
   -0.0036859666
   -0.0037798338
   -0.0038737005
   -0.0039675604
   -0.0040614074
   -0.0041552352
   -0.0042490375
   -0.0043428080
   -0.0044365405
   -0.0045302285
   -0.0046238658
   -0.0047174461
   -0.0048109630
   -0.0049044100
   -0.0049977809
   -0.0050910692
   -0.0051842685
   -0.0052773724
   -0.0053703745
   -0.0054632683
   -0.0055560474
   -0.0056487053
   -0.0057412355
   -0.0058336316
   -0.0059258870
   -0.0060179953
   -0.0061099499
   -0.0062017443
   -0.0062933721
   -0.0063848265
   -0.0064761013
   -0.0065671896
   -0.0066580851
   -0.0067487811
   -0.0068392711
   -0.0069295486
   -0.0070196068
   -0.0071094393
   -0.0071990394
   -0.0072884006
   -0.0073775162
   -0.0074663797
   -0.0075549845
   -0.0076433239
   -0.0077313914
   -0.0078191803
   -0.0079066840
   -0.0079938959
   -0.0080808094
   -0.0081674179
   -0.0082537148
   -0.0083396934
   -0.0084253471
   -0.0085106694
   -0.0085956535
   -0.0086802930
   -0.0087645812
   -0.0088485114
   -0.0089320772
   -0.0090152718
   -0.0090980887
   -0.0091805213
   -0.0092625630
   -0.0093442072
   -0.0094254474
   -0.0095062769
   -0.0095866893
   -0.0096666779
   -0.0097462362
   -0.0098253576
   -0.0099040356
   -0.0099822637
    -0.010060035
    -0.010137344
    -0.010214183
    -0.010290546
    -0.010366427
    -0.010441819
    -0.010516715
    -0.010591110
    -0.010664996
    -0.010738367
    -0.010811217
    -0.010883540
    -0.010955328
    -0.011026577
    -0.011097278
    -0.011167426
    -0.011237015
    -0.011306038
    -0.011374489
    -0.011442362
    -0.011509649
    -0.011576346
    -0.011642446
    -0.011707942
    -0.011772828
    -0.011837099
    -0.011900747
    -0.011963767
    -0.012026153
    -0.012087898
    -0.012148996
    -0.012209442
    -0.012269229
    -0.012328351
    -0.012386802
    -0.012444577
    -0.012501668
    -0.012558070
    -0.012613778
    -0.012668785
    -0.012723085
    -0.012776673
    -0.012829542
    -0.012881687
    -0.012933102
    -0.012983781
    -0.013033719
    -0.013082909
    -0.013131346
    -0.013179025
    -0.013225939
    -0.013272083
    -0.013317452
    -0.013362040
    -0.013405840
    -0.013448849
    -0.013491060
    -0.013532468
    -0.013573067
    -0.013612852
    -0.013651818
    -0.013689959
    -0.013727270
    -0.013763745
    -0.013799380
    -0.013834169
    -0.013868108
    -0.013901190
    -0.013933411
    -0.013964765
    -0.013995248
    -0.014024855
    -0.014053580
    -0.014081419
    -0.014108366
    -0.014134418
    -0.014159568
    -0.014183812
    -0.014207146
    -0.014229564
    -0.014251062
    -0.014271636
    -0.014291280
    -0.014309990
    -0.014327761
    -0.014344589
    -0.014360470
    -0.014375398
    -0.014389370
    -0.014402382
    -0.014414428
    -0.014425504
    -0.014435607
    -0.014444732
    -0.014452875
    -0.014460032
    -0.014466198
    -0.014471370
    -0.014475544
    -0.014478715
    -0.014480880
    -0.014482035
    -0.014482176
    -0.014481299
    -0.014479400
    -0.014476476
    -0.014472524
    -0.014467539
    -0.014461517
    -0.014454457
    -0.014446352
    -0.014437202
    -0.014427001
    -0.014415747
    -0.014403437
    -0.014390066
    -0.014375633
    -0.014360133
    -0.014343564
    -0.014325922
    -0.014307205
    -0.014287409
    -0.014266532
    -0.014244571
    -0.014221522
    -0.014197384
    -0.014172153
    -0.014145827
    -0.014118402
    -0.014089877
    -0.014060249
    -0.014029515
    -0.013997674
    -0.013964721
    -0.013930656
    -0.013895476
    -0.013859179
    -0.013821762
    -0.013783223
    -0.013743561
    -0.013702772
    -0.013660856
    -0.013617811
    -0.013573633
    -0.013528322
    -0.013481877
    -0.013434294
    -0.013385572
    -0.013335710
    -0.013284707
    -0.013232560
    -0.013179269
    -0.013124831
    -0.013069245
    -0.013012511
    -0.012954627
    -0.012895592
    -0.012835404
    -0.012774062
    -0.012711567
    -0.012647915
    -0.012583107
    -0.012517142
    -0.012450019
    -0.012381737
    -0.012312295
    -0.012241694
    -0.012169931
    -0.012097007
    -0.012022922
    -0.011947674
    -0.011871263
    -0.011793690
    -0.011714953
    -0.011635053
    -0.011553990
    -0.011471763
    -0.011388373
    -0.011303818
    -0.011218101
    -0.011131220
    -0.011043176
    -0.010953969
    -0.010863599
    -0.010772067
    -0.010679373
    -0.010585518
    -0.010490503
    -0.010394327
    -0.010296991
    -0.010198497
    -0.010098844
   -0.0099980347
   -0.0098960687
   -0.0097929474
   -0.0096886716
   -0.0095832424
   -0.0094766610
   -0.0093689285
   -0.0092600462
   -0.0091500153
   -0.0090388372
   -0.0089265132
   -0.0088130449
   -0.0086984337
   -0.0085826813
   -0.0084657892
   -0.0083477592
   -0.0082285929
   -0.0081082922
   -0.0079868590
   -0.0078642952
   -0.0077406026
   -0.0076157835
   -0.0074898399
   -0.0073627738
   -0.0072345876
   -0.0071052834
   -0.0069748637
   -0.0068433307
   -0.0067106870
   -0.0065769350
   -0.0064420772
   -0.0063061163
   -0.0061690550
   -0.0060308958
   -0.0058916418
   -0.0057512955
   -0.0056098601
   -0.0054673383
   -0.0053237332
   -0.0051790479
   -0.0050332855
   -0.0048864492
   -0.0047385421
   -0.0045895676
   -0.0044395291
   -0.0042884298
   -0.0041362734
   -0.0039830632
   -0.0038288029
   -0.0036734960
   -0.0035171463
   -0.0033597575
   -0.0032013333
   -0.0030418777
   -0.0028813945
   -0.0027198877
   -0.0025573612
   -0.0023938192
   -0.0022292657
   -0.0020637050
   -0.0018971413
   -0.0017295787
   -0.0015610218
   -0.0013914748
   -0.0012209422
   -0.0010494285
  -0.00087693831
  -0.00070347614
  -0.00052904667
  -0.00035365462
  -0.00017730474
  -1.8551690e-09
   0.00017824917
   0.00035744343
   0.00053757594
   0.00071864169
   0.00090063559
    0.0010835525
    0.0012673873
    0.0014521348
    0.0016377896
    0.0018243464
    0.0020117998
    0.0022001445
    0.0023893749
    0.0025794856
    0.0027704708
    0.0029623251
    0.0031550427
    0.0033486178
    0.0035430448
    0.0037383178
    0.0039344310
    0.0041313783
    0.0043291539
    0.0045277517
    0.0047271657
    0.0049273897
    0.0051284176
    0.0053302432
    0.0055328603
    0.0057362625
    0.0059404435
    0.0061453970
    0.0063511164
    0.0065575954
    0.0067648273
    0.0069728057
    0.0071815239
    0.0073909753
    0.0076011531
    0.0078120506
    0.0080236611
    0.0082359777
    0.0084489936
    0.0086627018
    0.0088770953
    0.0090921673
    0.0093079106
    0.0095243182
    0.0097413829
    0.0099590976
     0.010177455
     0.010396448
     0.010616070
     0.010836312
     0.011057168
     0.011278630
     0.011500691
     0.011723343
     0.011946579
     0.012170391
     0.012394772
     0.012619714
     0.012845210
     0.013071251
     0.013297830
     0.013524940
     0.013752571
     0.013980718
     0.014209371
     0.014438523
     0.014668166
     0.014898291
     0.015128892
     0.015359960
     0.015591486
     0.015823463
     0.016055883
     0.016288737
     0.016522018
     0.016755717
     0.016989825
     0.017224335
     0.017459238
     0.017694526
     0.017930191
     0.018166224
     0.018402616
     0.018639360
     0.018876447
     0.019113868
     0.019351614
     0.019589678
     0.019828051
     0.020066723
     0.020305687
     0.020544934
     0.020784455
     0.021024241
     0.021264284
     0.021504575
     0.021745105
     0.021985865
     0.022226848
     0.022468042
     0.022709441
     0.022951035
     0.023192815
     0.023434772
     0.023676897
     0.023919182
     0.024161617
     0.024404194
     0.024646903
     0.024889735
     0.025132682
     0.025375734
     0.025618883
     0.025862118
     0.026105432
     0.026348815
     0.026592257
     0.026835750
     0.027079285
     0.027322853
     0.027566443
     0.027810048
     0.028053657
     0.028297262
     0.028540854
     0.028784423
     0.029027960
     0.029271455
     0.029514900
     0.029758286
     0.030001602
     0.030244840
     0.030487991
     0.030731044
     0.030973991
     0.031216823
     0.031459531
     0.031702104
     0.031944533
     0.032186810
     0.032428925
     0.032670868
     0.032912631
     0.033154204
     0.033395577
     0.033636742
     0.033877689
     0.034118408
     0.034358891
     0.034599127
     0.034839108
     0.035078825
     0.035318268
     0.035557427
     0.035796293
     0.036034858
     0.036273111
     0.036511044
     0.036748647
     0.036985910
     0.037222825
     0.037459382
     0.037695573
     0.037931386
     0.038166815
     0.038401848
     0.038636477
     0.038870693
     0.039104486
     0.039337847
     0.039570768
     0.039803238
     0.040035248
     0.040266790
     0.040497854
     0.040728431
     0.040958512
     0.041188088
     0.041417150
     0.041645688
     0.041873693
     0.042101157
     0.042328070
     0.042554423
     0.042780208
     0.043005414
     0.043230034
     0.043454059
     0.043677478
     0.043900284
     0.044122468
     0.044344019
     0.044564931
     0.044785193
     0.045004797
     0.045223735
     0.045441997
     0.045659574
     0.045876458
     0.046092640
     0.046308111
     0.046522863
     0.046736887
     0.046950175
     0.047162717
     0.047374506
     0.047585532
     0.047795787
     0.048005262
     0.048213950
     0.048421841
     0.048628928
     0.048835201
     0.049040653
     0.049245275
     0.049449058
     0.049651995
     0.049854078
     0.050055297
     0.050255645
     0.050455114
     0.050653696
     0.050851382
     0.051048164
     0.051244035
     0.051438986
     0.051633010
     0.051826098
     0.052018242
     0.052209435
     0.052399670
     0.052588937
     0.052777230
     0.052964540
     0.053150861
     0.053336184
     0.053520501
     0.053703806
     0.053886091
     0.054067347
     0.054247569
     0.054426747
     0.054604876
     0.054781947
     0.054957954
     0.055132889
     0.055306745
     0.055479514
     0.055651190
     0.055821766
     0.055991234
     0.056159588
     0.056326820
     0.056492924
     0.056657893
     0.056821719
     0.056984397
     0.057145920
     0.057306280
     0.057465472
     0.057623488
     0.057780322
     0.057935967
     0.058090418
     0.058243668
     0.058395710
     0.058546538
     0.058696145
     0.058844527
     0.058991676
     0.059137586
     0.059282251
     0.059425666
     0.059567824
     0.059708719
     0.059848346
     0.059986699
     0.060123772
     0.060259559
     0.060394054
     0.060527253
     0.060659149
     0.060789737
     0.060919012
     0.061046967
     0.061173599
     0.061298901
     0.061422869
     0.061545497
     0.061666779
     0.061786712
     0.061905290
     0.062022507
     0.062138360
     0.062252843
     0.062365952
     0.062477681
     0.062588027
     0.062696984
     0.062804548
     0.062910714
     0.063015479
     0.063118837
     0.063220784
     0.063321317
     0.063420430
     0.063518120
     0.063614382
     0.063709213
     0.063802609
     0.063894565
     0.063985078
     0.064074145
     0.064161760
     0.064247921
     0.064332624
     0.064415866
     0.064497642
     0.064577950
     0.064656786
     0.064734147
     0.064810030
     0.064884431
     0.064957347
     0.065028776
     0.065098714
     0.065167158
     0.065234105
     0.065299553
     0.065363499
     0.065425940
     0.065486874
     0.065546298
     0.065604209
     0.065660606
     0.065715485
     0.065768844
     0.065820681
     0.065870995
     0.065919782
     0.065967041
     0.066012770
     0.066056967
     0.066099630
     0.066140757
     0.066180347
     0.066218397
     0.066254907
     0.066289874
     0.066323298
     0.066355176
     0.066385508
     0.066414292
     0.066441527
     0.066467212
     0.066491346
     0.066513927
     0.066534955
     0.066554429
     0.066572348
     0.066588712
     0.066603519
     0.066616769
     0.066628462
     0.066638597
     0.066647173
     0.066654190
     0.066659649
     0.066663547
     0.066665887
     0.066666667
     0.066665887
     0.066663547
     0.066659649
     0.066654190
     0.066647173
     0.066638597
     0.066628462
     0.066616769
     0.066603519
     0.066588712
     0.066572348
     0.066554429
     0.066534955
     0.066513927
     0.066491346
     0.066467212
     0.066441527
     0.066414292
     0.066385508
     0.066355176
     0.066323298
     0.066289874
     0.066254907
     0.066218397
     0.066180347
     0.066140757
     0.066099630
     0.066056967
     0.066012770
     0.065967041
     0.065919782
     0.065870995
     0.065820681
     0.065768844
     0.065715485
     0.065660606
     0.065604209
     0.065546298
     0.065486874
     0.065425940
     0.065363499
     0.065299553
     0.065234105
     0.065167158
     0.065098714
     0.065028776
     0.064957347
     0.064884431
     0.064810030
     0.064734147
     0.064656786
     0.064577950
     0.064497642
     0.064415866
     0.064332624
     0.064247921
     0.064161760
     0.064074145
     0.063985078
     0.063894565
     0.063802609
     0.063709213
     0.063614382
     0.063518120
     0.063420430
     0.063321317
     0.063220784
     0.063118837
     0.063015479
     0.062910714
     0.062804548
     0.062696984
     0.062588027
     0.062477681
     0.062365952
     0.062252843
     0.062138360
     0.062022507
     0.061905290
     0.061786712
     0.061666779
     0.061545497
     0.061422869
     0.061298901
     0.061173599
     0.061046967
     0.060919012
     0.060789737
     0.060659149
     0.060527253
     0.060394054
     0.060259559
     0.060123772
     0.059986699
     0.059848346
     0.059708719
     0.059567824
     0.059425666
     0.059282251
     0.059137586
     0.058991676
     0.058844527
     0.058696145
     0.058546538
     0.058395710
     0.058243668
     0.058090418
     0.057935967
     0.057780322
     0.057623488
     0.057465472
     0.057306280
     0.057145920
     0.056984397
     0.056821719
     0.056657893
     0.056492924
     0.056326820
     0.056159588
     0.055991234
     0.055821766
     0.055651190
     0.055479514
     0.055306745
     0.055132889
     0.054957954
     0.054781947
     0.054604876
     0.054426747
     0.054247569
     0.054067347
     0.053886091
     0.053703806
     0.053520501
     0.053336184
     0.053150861
     0.052964540
     0.052777230
     0.052588937
     0.052399670
     0.052209435
     0.052018242
     0.051826098
     0.051633010
     0.051438986
     0.051244035
     0.051048164
     0.050851382
     0.050653696
     0.050455114
     0.050255645
     0.050055297
     0.049854078
     0.049651995
     0.049449058
     0.049245275
     0.049040653
     0.048835201
     0.048628928
     0.048421841
     0.048213950
     0.048005262
     0.047795787
     0.047585532
     0.047374506
     0.047162717
     0.046950175
     0.046736887
     0.046522863
     0.046308111
     0.046092640
     0.045876458
     0.045659574
     0.045441997
     0.045223735
     0.045004797
     0.044785193
     0.044564931
     0.044344019
     0.044122468
     0.043900284
     0.043677478
     0.043454059
     0.043230034
     0.043005414
     0.042780208
     0.042554423
     0.042328070
     0.042101157
     0.041873693
     0.041645688
     0.041417150
     0.041188088
     0.040958512
     0.040728431
     0.040497854
     0.040266790
     0.040035248
     0.039803238
     0.039570768
     0.039337847
     0.039104486
     0.038870693
     0.038636477
     0.038401848
     0.038166815
     0.037931386
     0.037695573
     0.037459382
     0.037222825
     0.036985910
     0.036748647
     0.036511044
     0.036273111
     0.036034858
     0.035796293
     0.035557427
     0.035318268
     0.035078825
     0.034839108
     0.034599127
     0.034358891
     0.034118408
     0.033877689
     0.033636742
     0.033395577
     0.033154204
     0.032912631
     0.032670868
     0.032428925
     0.032186810
     0.031944533
     0.031702104
     0.031459531
     0.031216823
     0.030973991
     0.030731044
     0.030487991
     0.030244840
     0.030001602
     0.029758286
     0.029514900
     0.029271455
     0.029027960
     0.028784423
     0.028540854
     0.028297262
     0.028053657
     0.027810048
     0.027566443
     0.027322853
     0.027079285
     0.026835750
     0.026592257
     0.026348815
     0.026105432
     0.025862118
     0.025618883
     0.025375734
     0.025132682
     0.024889735
     0.024646903
     0.024404194
     0.024161617
     0.023919182
     0.023676897
     0.023434772
     0.023192815
     0.022951035
     0.022709441
     0.022468042
     0.022226848
     0.021985865
     0.021745105
     0.021504575
     0.021264284
     0.021024241
     0.020784455
     0.020544934
     0.020305687
     0.020066723
     0.019828051
     0.019589678
     0.019351614
     0.019113868
     0.018876447
     0.018639360
     0.018402616
     0.018166224
     0.017930191
     0.017694526
     0.017459238
     0.017224335
     0.016989825
     0.016755717
     0.016522018
     0.016288737
     0.016055883
     0.015823463
     0.015591486
     0.015359960
     0.015128892
     0.014898291
     0.014668166
     0.014438523
     0.014209371
     0.013980718
     0.013752571
     0.013524940
     0.013297830
     0.013071251
     0.012845210
     0.012619714
     0.012394772
     0.012170391
     0.011946579
     0.011723343
     0.011500691
     0.011278630
     0.011057168
     0.010836312
     0.010616070
     0.010396448
     0.010177455
    0.0099590976
    0.0097413829
    0.0095243182
    0.0093079106
    0.0090921673
    0.0088770953
    0.0086627018
    0.0084489936
    0.0082359777
    0.0080236611
    0.0078120506
    0.0076011531
    0.0073909753
    0.0071815239
    0.0069728057
    0.0067648273
    0.0065575954
    0.0063511164
    0.0061453970
    0.0059404435
    0.0057362625
    0.0055328603
    0.0053302432
    0.0051284176
    0.0049273897
    0.0047271657
    0.0045277517
    0.0043291539
    0.0041313783
    0.0039344310
    0.0037383178
    0.0035430448
    0.0033486178
    0.0031550427
    0.0029623251
    0.0027704708
    0.0025794856
    0.0023893749
    0.0022001445
    0.0020117998
    0.0018243464
    0.0016377896
    0.0014521348
    0.0012673873
    0.0010835525
   0.00090063559
   0.00071864169
   0.00053757594
   0.00035744343
   0.00017824917
  -1.8551690e-09
  -0.00017730474
  -0.00035365462
  -0.00052904667
  -0.00070347614
  -0.00087693831
   -0.0010494285
   -0.0012209422
   -0.0013914748
   -0.0015610218
   -0.0017295787
   -0.0018971413
   -0.0020637050
   -0.0022292657
   -0.0023938192
   -0.0025573612
   -0.0027198877
   -0.0028813945
   -0.0030418777
   -0.0032013333
   -0.0033597575
   -0.0035171463
   -0.0036734960
   -0.0038288029
   -0.0039830632
   -0.0041362734
   -0.0042884298
   -0.0044395291
   -0.0045895676
   -0.0047385421
   -0.0048864492
   -0.0050332855
   -0.0051790479
   -0.0053237332
   -0.0054673383
   -0.0056098601
   -0.0057512955
   -0.0058916418
   -0.0060308958
   -0.0061690550
   -0.0063061163
   -0.0064420772
   -0.0065769350
   -0.0067106870
   -0.0068433307
   -0.0069748637
   -0.0071052834
   -0.0072345876
   -0.0073627738
   -0.0074898399
   -0.0076157835
   -0.0077406026
   -0.0078642952
   -0.0079868590
   -0.0081082922
   -0.0082285929
   -0.0083477592
   -0.0084657892
   -0.0085826813
   -0.0086984337
   -0.0088130449
   -0.0089265132
   -0.0090388372
   -0.0091500153
   -0.0092600462
   -0.0093689285
   -0.0094766610
   -0.0095832424
   -0.0096886716
   -0.0097929474
   -0.0098960687
   -0.0099980347
    -0.010098844
    -0.010198497
    -0.010296991
    -0.010394327
    -0.010490503
    -0.010585518
    -0.010679373
    -0.010772067
    -0.010863599
    -0.010953969
    -0.011043176
    -0.011131220
    -0.011218101
    -0.011303818
    -0.011388373
    -0.011471763
    -0.011553990
    -0.011635053
    -0.011714953
    -0.011793690
    -0.011871263
    -0.011947674
    -0.012022922
    -0.012097007
    -0.012169931
    -0.012241694
    -0.012312295
    -0.012381737
    -0.012450019
    -0.012517142
    -0.012583107
    -0.012647915
    -0.012711567
    -0.012774062
    -0.012835404
    -0.012895592
    -0.012954627
    -0.013012511
    -0.013069245
    -0.013124831
    -0.013179269
    -0.013232560
    -0.013284707
    -0.013335710
    -0.013385572
    -0.013434294
    -0.013481877
    -0.013528322
    -0.013573633
    -0.013617811
    -0.013660856
    -0.013702772
    -0.013743561
    -0.013783223
    -0.013821762
    -0.013859179
    -0.013895476
    -0.013930656
    -0.013964721
    -0.013997674
    -0.014029515
    -0.014060249
    -0.014089877
    -0.014118402
    -0.014145827
    -0.014172153
    -0.014197384
    -0.014221522
    -0.014244571
    -0.014266532
    -0.014287409
    -0.014307205
    -0.014325922
    -0.014343564
    -0.014360133
    -0.014375633
    -0.014390066
    -0.014403437
    -0.014415747
    -0.014427001
    -0.014437202
    -0.014446352
    -0.014454457
    -0.014461517
    -0.014467539
    -0.014472524
    -0.014476476
    -0.014479400
    -0.014481299
    -0.014482176
    -0.014482035
    -0.014480880
    -0.014478715
    -0.014475544
    -0.014471370
    -0.014466198
    -0.014460032
    -0.014452875
    -0.014444732
    -0.014435607
    -0.014425504
    -0.014414428
    -0.014402382
    -0.014389370
    -0.014375398
    -0.014360470
    -0.014344589
    -0.014327761
    -0.014309990
    -0.014291280
    -0.014271636
    -0.014251062
    -0.014229564
    -0.014207146
    -0.014183812
    -0.014159568
    -0.014134418
    -0.014108366
    -0.014081419
    -0.014053580
    -0.014024855
    -0.013995248
    -0.013964765
    -0.013933411
    -0.013901190
    -0.013868108
    -0.013834169
    -0.013799380
    -0.013763745
    -0.013727270
    -0.013689959
    -0.013651818
    -0.013612852
    -0.013573067
    -0.013532468
    -0.013491060
    -0.013448849
    -0.013405840
    -0.013362040
    -0.013317452
    -0.013272083
    -0.013225939
    -0.013179025
    -0.013131346
    -0.013082909
    -0.013033719
    -0.012983781
    -0.012933102
    -0.012881687
    -0.012829542
    -0.012776673
    -0.012723085
    -0.012668785
    -0.012613778
    -0.012558070
    -0.012501668
    -0.012444577
    -0.012386802
    -0.012328351
    -0.012269229
    -0.012209442
    -0.012148996
    -0.012087898
    -0.012026153
    -0.011963767
    -0.011900747
    -0.011837099
    -0.011772828
    -0.011707942
    -0.011642446
    -0.011576346
    -0.011509649
    -0.011442362
    -0.011374489
    -0.011306038
    -0.011237015
    -0.011167426
    -0.011097278
    -0.011026577
    -0.010955328
    -0.010883540
    -0.010811217
    -0.010738367
    -0.010664996
    -0.010591110
    -0.010516715
    -0.010441819
    -0.010366427
    -0.010290546
    -0.010214183
    -0.010137344
    -0.010060035
   -0.0099822637
   -0.0099040356
   -0.0098253576
   -0.0097462362
   -0.0096666779
   -0.0095866893
   -0.0095062769
   -0.0094254474
   -0.0093442072
   -0.0092625630
   -0.0091805213
   -0.0090980887
   -0.0090152718
   -0.0089320772
   -0.0088485114
   -0.0087645812
   -0.0086802930
   -0.0085956535
   -0.0085106694
   -0.0084253471
   -0.0083396934
   -0.0082537148
   -0.0081674179
   -0.0080808094
   -0.0079938959
   -0.0079066840
   -0.0078191803
   -0.0077313914
   -0.0076433239
   -0.0075549845
   -0.0074663797
   -0.0073775162
   -0.0072884006
   -0.0071990394
   -0.0071094393
   -0.0070196068
   -0.0069295486
   -0.0068392711
   -0.0067487811
   -0.0066580851
   -0.0065671896
   -0.0064761013
   -0.0063848265
   -0.0062933721
   -0.0062017443
   -0.0061099499
   -0.0060179953
   -0.0059258870
   -0.0058336316
   -0.0057412355
   -0.0056487053
   -0.0055560474
   -0.0054632683
   -0.0053703745
   -0.0052773724
   -0.0051842685
   -0.0050910692
   -0.0049977809
   -0.0049044100
   -0.0048109630
   -0.0047174461
   -0.0046238658
   -0.0045302285
   -0.0044365405
   -0.0043428080
   -0.0042490375
   -0.0041552352
   -0.0040614074
   -0.0039675604
   -0.0038737005
   -0.0037798338
   -0.0036859666
   -0.0035921052
   -0.0034982556
   -0.0034044241
   -0.0033106169
   -0.0032168400
   -0.0031230997
   -0.0030294019
   -0.0029357528
   -0.0028421584
   -0.0027486249
   -0.0026551581
   -0.0025617642
   -0.0024684490
   -0.0023752187
   -0.0022820790
   -0.0021890360
   -0.0020960956
   -0.0020032635
   -0.0019105458
   -0.0018179481
   -0.0017254764
   -0.0016331364
   -0.0015409339
   -0.0014488747
   -0.0013569644
   -0.0012652087
   -0.0011736133
   -0.0010821840
  -0.00099092618
  -0.00089984559
  -0.00080894775
  -0.00071823823
  -0.00062772254
  -0.00053740617
  -0.00044729460
  -0.00035739326
  -0.00026770757
  -0.00017824292
  -8.9004667e-05
   1.8551690e-09
   8.8771342e-05
   0.00017729852
   0.00026557814
   0.00035360498
   0.00044137385
   0.00052887959
   0.00061611707
   0.00070308119
   0.00078976688
   0.00087616909
   0.00096228281
    0.0010481031
    0.0011336249
    0.0012188434
    0.0013037537
    0.0013883509
    0.0014726302
    0.0015565868
    0.0016402159
    0.0017235128
    0.0018064729
    0.0018890914
    0.0019713638
    0.0020532854
    0.0021348516
    0.0022160580
    0.0022969001
    0.0023773733
    0.0024574733
    0.0025371956
    0.0026165360
    0.0026954900
    0.0027740534
    0.0028522220
    0.0029299915
    0.0030073577
    0.0030843165
    0.0031608638
    0.0032369955
    0.0033127075
    0.0033879959
    0.0034628567
    0.0035372860
    0.0036112799
    0.0036848345
    0.0037579459
    0.0038306105
    0.0039028245
    0.0039745841
    0.0040458858
    0.0041167258
    0.0041871006
    0.0042570066
    0.0043264403
    0.0043953982
    0.0044638769
    0.0045318731
    0.0045993832
    0.0046664040
    0.0047329323
    0.0047989647
    0.0048644981
    0.0049295293
    0.0049940551
    0.0050580726
    0.0051215785
    0.0051845700
    0.0052470441
    0.0053089978
    0.0053704283
    0.0054313326
    0.0054917080
    0.0055515518
    0.0056108611
    0.0056696334
    0.0057278659
    0.0057855560
    0.0058427013
    0.0058992991
    0.0059553470
    0.0060108426
    0.0060657834
    0.0061201671
    0.0061739913
    0.0062272539
    0.0062799525
    0.0063320849
    0.0063836490
    0.0064346428
    0.0064850640
    0.0065349107
    0.0065841810
    0.0066328728
    0.0066809842
    0.0067285135
    0.0067754587
    0.0068218180
    0.0068675899
    0.0069127725
    0.0069573641
    0.0070013633
    0.0070447684
    0.0070875778
    0.0071297902
    0.0071714040
    0.0072124178
    0.0072528304
    0.0072926403
    0.0073318462
    0.0073704471
    0.0074084415
    0.0074458285
    0.0074826069
    0.0075187756
    0.0075543335
    0.0075892798
    0.0076236135
    0.0076573335
    0.0076904392
    0.0077229297
    0.0077548041
    0.0077860618
    0.0078167021
    0.0078467243
    0.0078761278
    0.0079049120
    0.0079330764
    0.0079606205
    0.0079875439
    0.0080138461
    0.0080395268
    0.0080645857
    0.0080890225
    0.0081128369
    0.0081360287
    0.0081585978
    0.0081805441
    0.0082018675
    0.0082225678
    0.0082426453
    0.0082620998
    0.0082809315
    0.0082991405
    0.0083167269
    0.0083336910
    0.0083500330
    0.0083657532
    0.0083808519
    0.0083953294
    0.0084091862
    0.0084224227
    0.0084350395
    0.0084470369
    0.0084584156
    0.0084691761
    0.0084793192
    0.0084888455
    0.0084977556
    0.0085060504
    0.0085137307
    0.0085207972
    0.0085272508
    0.0085330925
    0.0085383232
    0.0085429439
    0.0085469556
    0.0085503593
    0.0085531561
    0.0085553473
    0.0085569338
    0.0085579171
    0.0085582982
    0.0085580785
    0.0085572593
    0.0085558419
    0.0085538277
    0.0085512183
    0.0085480149
    0.0085442191
    0.0085398325
    0.0085348566
    0.0085292930
    0.0085231434
    0.0085164094
    0.0085090927
    0.0085011951
    0.0084927184
    0.0084836643
    0.0084740347
    0.0084638315
    0.0084530566
    0.0084417120
    0.0084297995
    0.0084173213
    0.0084042794
    0.0083906758
    0.0083765127
    0.0083617922
    0.0083465165
    0.0083306878
    0.0083143083
    0.0082973803
    0.0082799061
    0.0082618880
    0.0082433284
    0.0082242297
    0.0082045943
    0.0081844247
    0.0081637233
    0.0081424927
    0.0081207354
    0.0080984540
    0.0080756511
    0.0080523293
    0.0080284913
    0.0080041398
    0.0079792774
    0.0079539070
    0.0079280313
    0.0079016531
    0.0078747752
    0.0078474005
    0.0078195319
    0.0077911723
    0.0077623246
    0.0077329918
    0.0077031769
    0.0076728829
    0.0076421128
    0.0076108696
    0.0075791566
    0.0075469768
    0.0075143333
    0.0074812293
    0.0074476680
    0.0074136526
    0.0073791863
    0.0073442725
    0.0073089143
    0.0072731151
    0.0072368782
    0.0072002070
    0.0071631048
    0.0071255750
    0.0070876211
    0.0070492464
    0.0070104545
    0.0069712488
    0.0069316328
    0.0068916101
    0.0068511841
    0.0068103584
    0.0067691367
    0.0067275225
    0.0066855194
    0.0066431310
    0.0066003611
    0.0065572132
    0.0065136911
    0.0064697985
    0.0064255392
    0.0063809167
    0.0063359350
    0.0062905977
    0.0062449087
    0.0061988718
    0.0061524908
    0.0061057696
    0.0060587119
    0.0060113218
    0.0059636029
    0.0059155593
    0.0058671949
    0.0058185135
    0.0057695192
    0.0057202159
    0.0056706074
    0.0056206979
    0.0055704914
    0.0055199917
    0.0054692029
    0.0054181291
    0.0053667743
    0.0053151426
    0.0052632379
    0.0052110644
    0.0051586261
    0.0051059272
    0.0050529717
    0.0049997638
    0.0049463075
    0.0048926070
    0.0048386664
    0.0047844899
    0.0047300816
    0.0046754457
    0.0046205864
    0.0045655077
    0.0045102139
    0.0044547093
    0.0043989978
    0.0043430839
    0.0042869716
    0.0042306653
    0.0041741690
    0.0041174870
    0.0040606236
    0.0040035830
    0.0039463693
    0.0038889869
    0.0038314400
    0.0037737328
    0.0037158696
    0.0036578546
    0.0035996921
    0.0035413863
    0.0034829415
    0.0034243619
    0.0033656517
    0.0033068154
    0.0032478570
    0.0031887809
    0.0031295913
    0.0030702925
    0.0030108888
    0.0029513843
    0.0028917834
    0.0028320903
    0.0027723093
    0.0027124446
    0.0026525005
    0.0025924811
    0.0025323908
    0.0024722339
    0.0024120144
    0.0023517368
    0.0022914051
    0.0022310237
    0.0021705967
    0.0021101284
    0.0020496230
    0.0019890847
    0.0019285177
    0.0018679262
    0.0018073144
    0.0017466864
    0.0016860465
    0.0016253989
    0.0015647476
    0.0015040969
    0.0014434509
    0.0013828138
    0.0013221896
    0.0012615826
    0.0012009968
    0.0011404363
    0.0010799053
    0.0010194078
   0.00095894799
   0.00089852983
   0.00083815743
   0.00077783484
   0.00071756610
   0.00065735526
   0.00059720631
   0.00053712329
   0.00047711018
   0.00041717098
   0.00035730965
   0.00029753016
   0.00023783646
   0.00017823249
   0.00011872218
   5.9309430e-05
  -1.8551690e-09
  -5.9207792e-05
  -0.00011830451
  -0.00017728815
  -0.00023615487
  -0.00029490084
  -0.00035352225
  -0.00041201530
  -0.00047037620
  -0.00052860119
  -0.00058668652
  -0.00064462844
  -0.00070242324
  -0.00076006722
  -0.00081755667
  -0.00087488794
  -0.00093205737
  -0.00098906132
   -0.0010458962
   -0.0011025583
   -0.0011590442
   -0.0012153502
   -0.0012714728
   -0.0013274085
   -0.0013831537
   -0.0014387050
   -0.0014940588
   -0.0015492118
   -0.0016041605
   -0.0016589015
   -0.0017134314
   -0.0017677468
   -0.0018218443
   -0.0018757206
   -0.0019293725
   -0.0019827965
   -0.0020359895
   -0.0020889481
   -0.0021416692
   -0.0021941495
   -0.0022463859
   -0.0022983752
   -0.0023501141
   -0.0024015997
   -0.0024528288
   -0.0025037983
   -0.0025545052
   -0.0026049465
   -0.0026551190
   -0.0027050199
   -0.0027546462
   -0.0028039949
   -0.0028530631
   -0.0029018480
   -0.0029503466
   -0.0029985561
   -0.0030464737
   -0.0030940966
   -0.0031414220
   -0.0031884472
   -0.0032351694
   -0.0032815860
   -0.0033276942
   -0.0033734915
   -0.0034189752
   -0.0034641426
   -0.0035089913
   -0.0035535187
   -0.0035977223
   -0.0036415995
   -0.0036851479
   -0.0037283651
   -0.0037712486
   -0.0038137961
   -0.0038560051
   -0.0038978734
   -0.0039393986
   -0.0039805785
   -0.0040214108
   -0.0040618933
   -0.0041020237
   -0.0041418000
   -0.0041812198
   -0.0042202812
   -0.0042589821
   -0.0042973203
   -0.0043352938
   -0.0043729006
   -0.0044101388
   -0.0044470064
   -0.0044835015
   -0.0045196221
   -0.0045553664
   -0.0045907326
   -0.0046257188
   -0.0046603232
   -0.0046945442
   -0.0047283800
   -0.0047618288
   -0.0047948891
   -0.0048275592
   -0.0048598374
   -0.0048917222
   -0.0049232120
   -0.0049543053
   -0.0049850007
   -0.0050152966
   -0.0050451916
   -0.0050746843
   -0.0051037734
   -0.0051324574
   -0.0051607351
   -0.0051886052
   -0.0052160664
   -0.0052431174
   -0.0052697572
   -0.0052959845
   -0.0053217981
   -0.0053471970
   -0.0053721801
   -0.0053967463
   -0.0054208947
   -0.0054446241
   -0.0054679337
   -0.0054908226
   -0.0055132897
   -0.0055353343
   -0.0055569555
   -0.0055781525
   -0.0055989246
   -0.0056192708
   -0.0056391906
   -0.0056586833
   -0.0056777481
   -0.0056963845
   -0.0057145918
   -0.0057323695
   -0.0057497170
   -0.0057666339
   -0.0057831195
   -0.0057991736
   -0.0058147956
   -0.0058299851
   -0.0058447419
   -0.0058590655
   -0.0058729557
   -0.0058864121
   -0.0058994346
   -0.0059120229
   -0.0059241769
   -0.0059358963
   -0.0059471811
   -0.0059580312
   -0.0059684464
   -0.0059784268
   -0.0059879723
   -0.0059970831
   -0.0060057590
   -0.0060140002
   -0.0060218069
   -0.0060291790
   -0.0060361169
   -0.0060426208
   -0.0060486907
   -0.0060543271
   -0.0060595301
   -0.0060643001
   -0.0060686374
   -0.0060725425
   -0.0060760156
   -0.0060790573
   -0.0060816680
   -0.0060838481
   -0.0060855982
   -0.0060869189
   -0.0060878106
   -0.0060882741
   -0.0060883098
   -0.0060879186
   -0.0060871009
   -0.0060858577
   -0.0060841896
   -0.0060820973
   -0.0060795817
   -0.0060766435
   -0.0060732838
   -0.0060695032
   -0.0060653027
   -0.0060606833
   -0.0060556458
   -0.0060501913
   -0.0060443209
   -0.0060380354
   -0.0060313361
   -0.0060242239
   -0.0060167000
   -0.0060087655
   -0.0060004217
   -0.0059916697
   -0.0059825106
   -0.0059729459
   -0.0059629767
   -0.0059526043
   -0.0059418301
   -0.0059306554
   -0.0059190816
   -0.0059071101
   -0.0058947422
   -0.0058819796
   -0.0058688235
   -0.0058552756
   -0.0058413373
   -0.0058270102
   -0.0058122959
   -0.0057971959
   -0.0057817119
   -0.0057658455
   -0.0057495984
   -0.0057329723
   -0.0057159688
   -0.0056985898
   -0.0056808369
   -0.0056627120
   -0.0056442169
   -0.0056253533
   -0.0056061232
   -0.0055865284
   -0.0055665707
   -0.0055462522
   -0.0055255747
   -0.0055045402
   -0.0054831507
   -0.0054614082
   -0.0054393147
   -0.0054168722
   -0.0053940829
   -0.0053709487
   -0.0053474718
   -0.0053236544
   -0.0052994985
   -0.0052750063
   -0.0052501801
   -0.0052250219
   -0.0051995341
   -0.0051737189
   -0.0051475786
   -0.0051211153
   -0.0050943315
   -0.0050672294
   -0.0050398114
   -0.0050120798
   -0.0049840370
   -0.0049556854
   -0.0049270274
   -0.0048980654
   -0.0048688019
   -0.0048392393
   -0.0048093800
   -0.0047792267
   -0.0047487818
   -0.0047180478
   -0.0046870272
   -0.0046557226
   -0.0046241367
   -0.0045922719
   -0.0045601309
   -0.0045277163
   -0.0044950307
   -0.0044620768
   -0.0044288573
   -0.0043953747
   -0.0043616319
   -0.0043276315
   -0.0042933762
   -0.0042588688
   -0.0042241119
   -0.0041891085
   -0.0041538612
   -0.0041183728
   -0.0040826461
   -0.0040466840
   -0.0040104891
   -0.0039740645
   -0.0039374129
   -0.0039005372
   -0.0038634402
   -0.0038261249
   -0.0037885940
   -0.0037508506
   -0.0037128975
   -0.0036747377
   -0.0036363740
   -0.0035978094
   -0.0035590469
   -0.0035200895
   -0.0034809400
   -0.0034416015
   -0.0034020769
   -0.0033623693
   -0.0033224816
   -0.0032824169
   -0.0032421782
   -0.0032017685
   -0.0031611909
   -0.0031204483
   -0.0030795438
   -0.0030384806
   -0.0029972616
   -0.0029558899
   -0.0029143686
   -0.0028727007
   -0.0028308895
   -0.0027889378
   -0.0027468490
   -0.0027046259
   -0.0026622719
   -0.0026197899
   -0.0025771830
   -0.0025344545
   -0.0024916074
   -0.0024486449
   -0.0024055700
   -0.0023623860
   -0.0023190959
   -0.0022757029
   -0.0022322102
   -0.0021886209
   -0.0021449381
   -0.0021011650
   -0.0020573047
   -0.0020133605
   -0.0019693354
   -0.0019252326
   -0.0018810553
   -0.0018368066
   -0.0017924897
   -0.0017481078
   -0.0017036639
   -0.0016591614
   -0.0016146032
   -0.0015699927
   -0.0015253329
   -0.0014806270
   -0.0014358782
   -0.0013910896
   -0.0013462643
   -0.0013014056
   -0.0012565166
   -0.0012116003
   -0.0011666601
   -0.0011216989
   -0.0010767201
   -0.0010317266
  -0.00098672158
  -0.00094170826
  -0.00089668971
  -0.00085166908
  -0.00080664946
  -0.00076163399
  -0.00071662576
  -0.00067162789
  -0.00062664348
  -0.00058167562
  -0.00053672741
  -0.00049180192
  -0.00044690225
  -0.00040203145
  -0.00035719261
  -0.00031238879
  -0.00026762303
  -0.00022289838
  -0.00017821790
  -0.00013358461
  -8.9001544e-05
  -4.4471717e-05
   1.8551690e-09
