   0.00048784932
   0.00046570307
   0.00044351884
   0.00042129695
   0.00039903774
   0.00037674154
   0.00035440867
   0.00033203949
   0.00030963432
   0.00028719349
   0.00026471736
   0.00024220625
   0.00021966050
   0.00019708046
   0.00017446647
   0.00015181886
   0.00012913799
   0.00010642420
   8.3677832e-05
   6.0899233e-05
   3.8088751e-05
   1.5246735e-05
  -7.6264662e-06
  -3.0530502e-05
  -5.3465021e-05
  -7.6429671e-05
  -9.9424100e-05
  -0.00012244795
  -0.00014550087
  -0.00016858251
  -0.00019169250
  -0.00021483049
  -0.00023799612
  -0.00026118903
  -0.00028440886
  -0.00030765524
  -0.00033092783
  -0.00035422624
  -0.00037755013
  -0.00040089912
  -0.00042427284
  -0.00044767094
  -0.00047109305
  -0.00049453878
  -0.00051800779
  -0.00054149969
  -0.00056501411
  -0.00058855069
  -0.00061210905
  -0.00063568882
  -0.00065928962
  -0.00068291107
  -0.00070655281
  -0.00073021445
  -0.00075389563
  -0.00077759594
  -0.00080131503
  -0.00082505251
  -0.00084880800
  -0.00087258112
  -0.00089637148
  -0.00092017870
  -0.00094400240
  -0.00096784219
  -0.00099169769
   -0.0010155685
   -0.0010394543
   -0.0010633546
   -0.0010872690
   -0.0011111973
   -0.0011351389
   -0.0011590935
   -0.0011830607
   -0.0012070401
   -0.0012310313
   -0.0012550339
   -0.0012790476
   -0.0013030719
   -0.0013271064
   -0.0013511508
   -0.0013752046
   -0.0013992674
   -0.0014233389
   -0.0014474186
   -0.0014715062
   -0.0014956012
   -0.0015197033
   -0.0015438120
   -0.0015679270
   -0.0015920478
   -0.0016161740
   -0.0016403053
   -0.0016644411
   -0.0016885812
   -0.0017127252
   -0.0017368725
   -0.0017610228
   -0.0017851758
   -0.0018093309
   -0.0018334877
   -0.0018576460
   -0.0018818052
   -0.0019059649
   -0.0019301248
   -0.0019542844
   -0.0019784433
   -0.0020026012
   -0.0020267575
   -0.0020509118
   -0.0020750638
   -0.0020992131
   -0.0021233592
   -0.0021475017
   -0.0021716402
   -0.0021957742
   -0.0022199034
   -0.0022440274
   -0.0022681457
   -0.0022922579
   -0.0023163635
   -0.0023404623
   -0.0023645536
   -0.0023886372
   -0.0024127126
   -0.0024367794
   -0.0024608371
   -0.0024848854
   -0.0025089237
   -0.0025329518
   -0.0025569691
   -0.0025809753
   -0.0026049698
   -0.0026289524
   -0.0026529225
   -0.0026768798
   -0.0027008237
   -0.0027247540
   -0.0027486701
   -0.0027725717
   -0.0027964582
   -0.0028203293
   -0.0028441846
   -0.0028680236
   -0.0028918459
   -0.0029156510
   -0.0029394386
   -0.0029632082
   -0.0029869593
   -0.0030106916
   -0.0030344046
   -0.0030580978
   -0.0030817709
   -0.0031054234
   -0.0031290549
   -0.0031526650
   -0.0031762531
   -0.0031998190
   -0.0032233621
   -0.0032468820
   -0.0032703783
   -0.0032938505
   -0.0033172983
   -0.0033407211
   -0.0033641186
   -0.0033874903
   -0.0034108357
   -0.0034341545
   -0.0034574463
   -0.0034807104
   -0.0035039467
   -0.0035271545
   -0.0035503335
   -0.0035734832
   -0.0035966032
   -0.0036196930
   -0.0036427523
   -0.0036657806
   -0.0036887773
   -0.0037117422
   -0.0037346748
   -0.0037575746
   -0.0037804412
   -0.0038032742
   -0.0038260730
   -0.0038488374
   -0.0038715668
   -0.0038942608
   -0.0039169190
   -0.0039395409
   -0.0039621261
   -0.0039846741
   -0.0040071846
   -0.0040296570
   -0.0040520910
   -0.0040744861
   -0.0040968419
   -0.0041191578
   -0.0041414336
   -0.0041636687
   -0.0041858627
   -0.0042080152
   -0.0042301258
   -0.0042521939
   -0.0042742192
   -0.0042962012
   -0.0043181395
   -0.0043400336
   -0.0043618832
   -0.0043836877
   -0.0044054467
   -0.0044271599
   -0.0044488267
   -0.0044704467
   -0.0044920195
   -0.0045135446
   -0.0045350216
   -0.0045564502
   -0.0045778297
   -0.0045991598
   -0.0046204401
   -0.0046416701
   -0.0046628494
   -0.0046839776
   -0.0047050542
   -0.0047260787
   -0.0047470508
   -0.0047679700
   -0.0047888358
   -0.0048096479
   -0.0048304058
   -0.0048511090
   -0.0048717572
   -0.0048923499
   -0.0049128866
   -0.0049333670
   -0.0049537906
   -0.0049741569
   -0.0049944655
   -0.0050147160
   -0.0050349080
   -0.0050550411
   -0.0050751147
   -0.0050951285
   -0.0051150820
   -0.0051349748
   -0.0051548065
   -0.0051745766
   -0.0051942848
   -0.0052139305
   -0.0052335133
   -0.0052530329
   -0.0052724888
   -0.0052918805
   -0.0053112077
   -0.0053304698
   -0.0053496666
   -0.0053687975
   -0.0053878621
   -0.0054068600
   -0.0054257907
   -0.0054446540
   -0.0054634492
   -0.0054821760
   -0.0055008340
   -0.0055194228
   -0.0055379418
   -0.0055563908
   -0.0055747692
   -0.0055930767
   -0.0056113128
   -0.0056294771
   -0.0056475692
   -0.0056655887
   -0.0056835351
   -0.0057014080
   -0.0057192070
   -0.0057369318
   -0.0057545818
   -0.0057721566
   -0.0057896559
   -0.0058070792
   -0.0058244261
   -0.0058416962
   -0.0058588890
   -0.0058760042
   -0.0058930414
   -0.0059100001
   -0.0059268799
   -0.0059436804
   -0.0059604012
   -0.0059770418
   -0.0059936020
   -0.0060100812
   -0.0060264790
   -0.0060427951
   -0.0060590290
   -0.0060751804
   -0.0060912487
   -0.0061072337
   -0.0061231349
   -0.0061389519
   -0.0061546843
   -0.0061703316
   -0.0061858936
   -0.0062013698
   -0.0062167597
   -0.0062320630
   -0.0062472793
   -0.0062624082
   -0.0062774493
   -0.0062924022
   -0.0063072664
   -0.0063220417
   -0.0063367275
   -0.0063513236
   -0.0063658294
   -0.0063802447
   -0.0063945690
   -0.0064088019
   -0.0064229431
   -0.0064369921
   -0.0064509485
   -0.0064648121
   -0.0064785823
   -0.0064922588
   -0.0065058412
   -0.0065193291
   -0.0065327221
   -0.0065460199
   -0.0065592221
   -0.0065723282
   -0.0065853379
   -0.0065982509
   -0.0066110667
   -0.0066237849
   -0.0066364052
   -0.0066489273
   -0.0066613506
   -0.0066736749
   -0.0066858998
   -0.0066980249
   -0.0067100498
   -0.0067219741
   -0.0067337975
   -0.0067455197
   -0.0067571402
   -0.0067686586
   -0.0067800747
   -0.0067913880
   -0.0068025982
   -0.0068137048
   -0.0068247077
   -0.0068356063
   -0.0068464003
   -0.0068570893
   -0.0068676731
   -0.0068781512
   -0.0068885233
   -0.0068987890
   -0.0069089480
   -0.0069189999
   -0.0069289443
   -0.0069387810
   -0.0069485094
   -0.0069581294
   -0.0069676406
   -0.0069770425
   -0.0069863349
   -0.0069955174
   -0.0070045897
   -0.0070135513
   -0.0070224021
   -0.0070311415
   -0.0070397694
   -0.0070482853
   -0.0070566889
   -0.0070649799
   -0.0070731579
   -0.0070812226
   -0.0070891736
   -0.0070970107
   -0.0071047335
   -0.0071123416
   -0.0071198348
   -0.0071272126
   -0.0071344749
   -0.0071416211
   -0.0071486511
   -0.0071555645
   -0.0071623610
   -0.0071690402
   -0.0071756018
   -0.0071820456
   -0.0071883711
   -0.0071945781
   -0.0072006663
   -0.0072066353
   -0.0072124848
   -0.0072182145
   -0.0072238242
   -0.0072293134
   -0.0072346819
   -0.0072399294
   -0.0072450555
   -0.0072500600
   -0.0072549426
   -0.0072597029
   -0.0072643406
   -0.0072688555
   -0.0072732473
   -0.0072775156
   -0.0072816602
   -0.0072856807
   -0.0072895769
   -0.0072933485
   -0.0072969952
   -0.0073005166
   -0.0073039126
   -0.0073071828
   -0.0073103269
   -0.0073133446
   -0.0073162357
   -0.0073189999
   -0.0073216369
   -0.0073241465
   -0.0073265282
   -0.0073287819
   -0.0073309074
   -0.0073329042
   -0.0073347722
   -0.0073365110
   -0.0073381205
   -0.0073396002
   -0.0073409501
   -0.0073421697
   -0.0073432589
   -0.0073442174
   -0.0073450449
   -0.0073457411
   -0.0073463058
   -0.0073467388
   -0.0073470397
   -0.0073472084
   -0.0073472445
   -0.0073471479
   -0.0073469182
   -0.0073465553
   -0.0073460588
   -0.0073454286
   -0.0073446643
   -0.0073437658
   -0.0073427328
   -0.0073415650
   -0.0073402623
   -0.0073388244
   -0.0073372510
   -0.0073355420
   -0.0073336970
   -0.0073317159
   -0.0073295984
   -0.0073273443
   -0.0073249534
   -0.0073224254
   -0.0073197602
   -0.0073169574
   -0.0073140169
   -0.0073109385
   -0.0073077220
   -0.0073043671
   -0.0073008736
   -0.0072972413
   -0.0072934700
   -0.0072895595
   -0.0072855095
   -0.0072813200
   -0.0072769906
   -0.0072725211
   -0.0072679114
   -0.0072631613
   -0.0072582706
   -0.0072532390
   -0.0072480664
   -0.0072427526
   -0.0072372974
   -0.0072317005
   -0.0072259619
   -0.0072200813
   -0.0072140585
   -0.0072078934
   -0.0072015858
   -0.0071951354
   -0.0071885422
   -0.0071818059
   -0.0071749263
   -0.0071679034
   -0.0071607368
   -0.0071534265
   -0.0071459723
   -0.0071383740
   -0.0071306314
   -0.0071227444
   -0.0071147128
   -0.0071065365
   -0.0070982153
   -0.0070897490
   -0.0070811375
   -0.0070723806
   -0.0070634782
   -0.0070544301
   -0.0070452362
   -0.0070358964
   -0.0070264104
   -0.0070167782
   -0.0070069996
   -0.0069970744
   -0.0069870026
   -0.0069767839
   -0.0069664183
   -0.0069559056
   -0.0069452457
   -0.0069344385
   -0.0069234838
   -0.0069123815
   -0.0069011315
   -0.0068897336
   -0.0068781878
   -0.0068664939
   -0.0068546518
   -0.0068426613
   -0.0068305225
   -0.0068182351
   -0.0068057990
   -0.0067932142
   -0.0067804805
   -0.0067675979
   -0.0067545662
   -0.0067413852
   -0.0067280551
   -0.0067145755
   -0.0067009465
   -0.0066871679
   -0.0066732396
   -0.0066591616
   -0.0066449337
   -0.0066305560
   -0.0066160282
   -0.0066013503
   -0.0065865223
   -0.0065715440
   -0.0065564153
   -0.0065411363
   -0.0065257067
   -0.0065101266
   -0.0064943959
   -0.0064785145
   -0.0064624823
   -0.0064462993
   -0.0064299654
   -0.0064134806
   -0.0063968447
   -0.0063800578
   -0.0063631197
   -0.0063460305
   -0.0063287900
   -0.0063113982
   -0.0062938551
   -0.0062761607
   -0.0062583148
   -0.0062403174
   -0.0062221685
   -0.0062038681
   -0.0061854161
   -0.0061668125
   -0.0061480572
   -0.0061291502
   -0.0061100915
   -0.0060908811
   -0.0060715189
   -0.0060520049
   -0.0060323391
   -0.0060125214
   -0.0059925519
   -0.0059724305
   -0.0059521572
   -0.0059317320
   -0.0059111550
   -0.0058904259
   -0.0058695450
   -0.0058485121
   -0.0058273273
   -0.0058059905
   -0.0057845018
   -0.0057628612
   -0.0057410686
   -0.0057191241
   -0.0056970277
   -0.0056747794
   -0.0056523791
   -0.0056298270
   -0.0056071230
   -0.0055842672
   -0.0055612595
   -0.0055381000
   -0.0055147888
   -0.0054913257
   -0.0054677109
   -0.0054439445
   -0.0054200263
   -0.0053959565
   -0.0053717351
   -0.0053473621
   -0.0053228375
   -0.0052981615
   -0.0052733340
   -0.0052483551
   -0.0052232249
   -0.0051979433
   -0.0051725105
   -0.0051469264
   -0.0051211912
   -0.0050953049
   -0.0050692676
   -0.0050430792
   -0.0050167400
   -0.0049902498
   -0.0049636089
   -0.0049368173
   -0.0049098749
   -0.0048827820
   -0.0048555386
   -0.0048281448
   -0.0048006006
   -0.0047729061
   -0.0047450614
   -0.0047170665
   -0.0046889217
   -0.0046606269
   -0.0046321822
   -0.0046035878
   -0.0045748436
   -0.0045459500
   -0.0045169068
   -0.0044877142
   -0.0044583723
   -0.0044288813
   -0.0043992412
   -0.0043694520
   -0.0043395141
   -0.0043094273
   -0.0042791920
   -0.0042488081
   -0.0042182757
   -0.0041875951
   -0.0041567663
   -0.0041257894
   -0.0040946646
   -0.0040633920
   -0.0040319717
   -0.0040004039
   -0.0039686886
   -0.0039368261
   -0.0039048164
   -0.0038726597
   -0.0038403561
   -0.0038079057
   -0.0037753088
   -0.0037425654
   -0.0037096757
   -0.0036766399
   -0.0036434581
   -0.0036101304
   -0.0035766570
   -0.0035430381
   -0.0035092738
   -0.0034753642
   -0.0034413096
   -0.0034071102
   -0.0033727659
   -0.0033382772
   -0.0033036440
   -0.0032688666
   -0.0032339452
   -0.0031988798
   -0.0031636708
   -0.0031283183
   -0.0030928225
   -0.0030571835
   -0.0030214015
   -0.0029854767
   -0.0029494094
   -0.0029131997
   -0.0028768477
   -0.0028403537
   -0.0028037180
   -0.0027669406
   -0.0027300218
   -0.0026929618
   -0.0026557607
   -0.0026184189
   -0.0025809365
   -0.0025433136
   -0.0025055506
   -0.0024676477
   -0.0024296050
   -0.0023914228
   -0.0023531012
   -0.0023146406
   -0.0022760411
   -0.0022373030
   -0.0021984264
   -0.0021594117
   -0.0021202590
   -0.0020809686
   -0.0020415407
   -0.0020019756
   -0.0019622734
   -0.0019224345
   -0.0018824591
   -0.0018423473
   -0.0018020995
   -0.0017617160
   -0.0017211968
   -0.0016805424
   -0.0016397530
   -0.0015988287
   -0.0015577699
   -0.0015165769
   -0.0014752498
   -0.0014337890
   -0.0013921947
   -0.0013504672
   -0.0013086068
   -0.0012666136
   -0.0012244881
   -0.0011822304
   -0.0011398409
   -0.0010973197
   -0.0010546673
   -0.0010118838
  -0.00096896962
  -0.00092592495
  -0.00088275012
  -0.00083944540
  -0.00079601108
  -0.00075244746
  -0.00070875483
  -0.00066493348
  -0.00062098372
  -0.00057690583
  -0.00053270013
  -0.00048836691
  -0.00044390647
  -0.00039931913
  -0.00035460518
  -0.00030976495
  -0.00026479874
  -0.00021970686
  -0.00017448963
  -0.00012914736
  -8.3680372e-05
  -3.8088990e-05
   7.6264681e-06
   5.3465678e-05
   9.9428316e-05
   0.00014551405
   0.00019172256
   0.00023805351
   0.00028450657
   0.00033108140
   0.00037777767
   0.00042459504
   0.00047153318
   0.00051859173
   0.00056577037
   0.00061306874
   0.00066048650
   0.00070802330
   0.00075567879
   0.00080345262
   0.00085134444
   0.00089935389
   0.00094748061
   0.00099572426
    0.0010440845
    0.0010925609
    0.0011411531
    0.0011898608
    0.0012386836
    0.0012876212
    0.0013366731
    0.0013858390
    0.0014351185
    0.0014845113
    0.0015340169
    0.0015836351
    0.0016333653
    0.0016832073
    0.0017331606
    0.0017832249
    0.0018333998
    0.0018836849
    0.0019340798
    0.0019845840
    0.0020351973
    0.0020859193
    0.0021367494
    0.0021876874
    0.0022387328
    0.0022898853
    0.0023411443
    0.0023925096
    0.0024439807
    0.0024955573
    0.0025472388
    0.0025990249
    0.0026509153
    0.0027029093
    0.0027550068
    0.0028072072
    0.0028595101
    0.0029119151
    0.0029644217
    0.0030170297
    0.0030697384
    0.0031225476
    0.0031754568
    0.0032284655
    0.0032815734
    0.0033347799
    0.0033880847
    0.0034414873
    0.0034949873
    0.0035485843
    0.0036022778
    0.0036560673
    0.0037099525
    0.0037639329
    0.0038180080
    0.0038721774
    0.0039264406
    0.0039807973
    0.0040352469
    0.0040897890
    0.0041444231
    0.0041991488
    0.0042539657
    0.0043088732
    0.0043638710
    0.0044189585
    0.0044741353
    0.0045294009
    0.0045847549
    0.0046401968
    0.0046957261
    0.0047513424
    0.0048070452
    0.0048628340
    0.0049187083
    0.0049746677
    0.0050307118
    0.0050868399
    0.0051430517
    0.0051993466
    0.0052557242
    0.0053121841
    0.0053687256
    0.0054253484
    0.0054820519
    0.0055388356
    0.0055956992
    0.0056526420
    0.0057096636
    0.0057667635
    0.0058239412
    0.0058811962
    0.0059385280
    0.0059959361
    0.0060534201
    0.0061109793
    0.0061686134
    0.0062263217
    0.0062841039
    0.0063419593
    0.0063998876
    0.0064578881
    0.0065159604
    0.0065741040
    0.0066323183
    0.0066906029
    0.0067489572
    0.0068073807
    0.0068658729
    0.0069244333
    0.0069830613
    0.0070417565
    0.0071005183
    0.0071593462
    0.0072182397
    0.0072771982
    0.0073362213
    0.0073953083
    0.0074544589
    0.0075136723
    0.0075729482
    0.0076322860
    0.0076916851
    0.0077511451
    0.0078106653
    0.0078702453
    0.0079298845
    0.0079895824
    0.0080493384
    0.0081091521
    0.0081690228
    0.0082289500
    0.0082889331
    0.0083489718
    0.0084090653
    0.0084692131
    0.0085294148
    0.0085896697
    0.0086499773
    0.0087103370
    0.0087707484
    0.0088312108
    0.0088917237
    0.0089522866
    0.0090128988
    0.0090735599
    0.0091342693
    0.0091950264
    0.0092558306
    0.0093166815
    0.0093775784
    0.0094385208
    0.0094995081
    0.0095605398
    0.0096216153
    0.0096827341
    0.0097438955
    0.0098050990
    0.0098663440
    0.0099276300
    0.0099889564
     0.010050323
     0.010111728
     0.010173172
     0.010234655
     0.010296175
     0.010357731
     0.010419325
     0.010480954
     0.010542618
     0.010604317
     0.010666050
     0.010727817
     0.010789616
     0.010851448
     0.010913312
     0.010975207
     0.011037132
     0.011099088
     0.011161073
     0.011223087
     0.011285129
     0.011347199
     0.011409296
     0.011471419
     0.011533569
     0.011595743
     0.011657943
     0.011720167
     0.011782414
     0.011844684
     0.011906977
     0.011969291
     0.012031627
     0.012093983
     0.012156360
     0.012218755
     0.012281170
     0.012343603
     0.012406053
     0.012468521
     0.012531005
     0.012593505
     0.012656020
     0.012718550
     0.012781094
     0.012843651
     0.012906221
     0.012968803
     0.013031398
     0.013094003
     0.013156618
     0.013219244
     0.013281878
     0.013344522
     0.013407173
     0.013469832
     0.013532498
     0.013595169
     0.013657847
     0.013720529
     0.013783216
     0.013845907
     0.013908601
     0.013971297
     0.014033996
     0.014096696
     0.014159396
     0.014222097
     0.014284797
     0.014347496
     0.014410194
     0.014472889
     0.014535581
     0.014598270
     0.014660955
     0.014723634
     0.014786309
     0.014848978
     0.014911639
     0.014974294
     0.015036941
     0.015099580
     0.015162209
     0.015224829
     0.015287439
     0.015350037
     0.015412625
     0.015475200
     0.015537762
     0.015600311
     0.015662846
     0.015725367
     0.015787872
     0.015850362
     0.015912835
     0.015975291
     0.016037729
     0.016100149
     0.016162550
     0.016224932
     0.016287294
     0.016349634
     0.016411954
     0.016474251
     0.016536526
     0.016598778
     0.016661006
     0.016723209
     0.016785388
     0.016847540
     0.016909667
     0.016971766
     0.017033838
     0.017095882
     0.017157897
     0.017219882
     0.017281838
     0.017343763
     0.017405656
     0.017467518
     0.017529347
     0.017591143
     0.017652906
     0.017714634
     0.017776327
     0.017837985
     0.017899606
     0.017961191
     0.018022738
     0.018084247
     0.018145717
     0.018207148
     0.018268540
     0.018329890
     0.018391200
     0.018452468
     0.018513693
     0.018574876
     0.018636015
     0.018697109
     0.018758159
     0.018819163
     0.018880122
     0.018941033
     0.019001898
     0.019062714
     0.019123482
     0.019184201
     0.019244870
     0.019305489
     0.019366056
     0.019426572
     0.019487036
     0.019547447
     0.019607805
     0.019668109
     0.019728357
     0.019788551
     0.019848689
     0.019908770
     0.019968794
     0.020028761
     0.020088669
     0.020148518
     0.020208308
     0.020268038
     0.020327706
     0.020387314
     0.020446859
     0.020506342
     0.020565762
     0.020625118
     0.020684409
     0.020743636
     0.020802797
     0.020861891
     0.020920919
     0.020979880
     0.021038772
     0.021097596
     0.021156350
     0.021215035
     0.021273649
     0.021332193
     0.021390664
     0.021449064
     0.021507390
     0.021565644
     0.021623823
     0.021681927
     0.021739956
     0.021797910
     0.021855787
     0.021913587
     0.021971309
     0.022028954
     0.022086519
     0.022144005
     0.022201411
     0.022258737
     0.022315981
     0.022373144
     0.022430224
     0.022487221
     0.022544135
     0.022600965
     0.022657710
     0.022714370
     0.022770944
     0.022827431
     0.022883832
     0.022940144
     0.022996369
     0.023052505
     0.023108551
     0.023164508
     0.023220374
     0.023276149
     0.023331832
     0.023387423
     0.023442921
     0.023498326
     0.023553637
     0.023608853
     0.023663974
     0.023718999
     0.023773929
     0.023828761
     0.023883496
     0.023938133
     0.023992671
     0.024047110
     0.024101450
     0.024155689
     0.024209828
     0.024263865
     0.024317800
     0.024371632
     0.024425362
     0.024478988
     0.024532510
     0.024585927
     0.024639239
     0.024692445
     0.024745544
     0.024798537
     0.024851422
     0.024904198
     0.024956867
     0.025009426
     0.025061875
     0.025114214
     0.025166443
     0.025218560
     0.025270565
     0.025322457
     0.025374237
     0.025425903
     0.025477455
     0.025528892
     0.025580214
     0.025631421
     0.025682511
     0.025733485
     0.025784341
     0.025835079
     0.025885699
     0.025936200
     0.025986581
     0.026036843
     0.026086984
     0.026137004
     0.026186903
     0.026236679
     0.026286333
     0.026335864
     0.026385271
     0.026434554
     0.026483712
     0.026532745
     0.026581653
     0.026630434
     0.026679088
     0.026727616
     0.026776015
     0.026824286
     0.026872428
     0.026920441
     0.026968325
     0.027016078
     0.027063700
     0.027111191
     0.027158550
     0.027205776
     0.027252870
     0.027299831
     0.027346657
     0.027393350
     0.027439908
     0.027486330
     0.027532617
     0.027578767
     0.027624780
     0.027670657
     0.027716395
     0.027761996
     0.027807457
     0.027852780
     0.027897963
     0.027943006
     0.027987908
     0.028032669
     0.028077288
     0.028121766
     0.028166100
     0.028210292
     0.028254341
     0.028298245
     0.028342006
     0.028385621
     0.028429091
     0.028472415
     0.028515593
     0.028558625
     0.028601509
     0.028644245
     0.028686834
     0.028729274
     0.028771565
     0.028813707
     0.028855698
     0.028897540
     0.028939230
     0.028980770
     0.029022158
     0.029063394
     0.029104477
     0.029145407
     0.029186184
     0.029226807
     0.029267276
     0.029307590
     0.029347749
     0.029387753
     0.029427601
     0.029467292
     0.029506826
     0.029546203
     0.029585422
     0.029624484
     0.029663387
     0.029702131
     0.029740715
     0.029779140
     0.029817405
     0.029855509
     0.029893452
     0.029931234
     0.029968854
     0.030006312
     0.030043607
     0.030080739
     0.030117708
     0.030154513
     0.030191154
     0.030227631
     0.030263942
     0.030300088
     0.030336069
     0.030371883
     0.030407531
     0.030443012
     0.030478326
     0.030513472
     0.030548450
     0.030583260
     0.030617901
     0.030652373
     0.030686675
     0.030720807
     0.030754770
     0.030788561
     0.030822182
     0.030855632
     0.030888909
     0.030922015
     0.030954948
     0.030987709
     0.031020297
     0.031052711
     0.031084951
     0.031117017
     0.031148909
     0.031180626
     0.031212167
     0.031243534
     0.031274724
     0.031305738
     0.031336576
     0.031367237
     0.031397721
     0.031428027
     0.031458155
     0.031488105
     0.031517877
     0.031547470
     0.031576884
     0.031606119
     0.031635174
     0.031664048
     0.031692743
     0.031721256
     0.031749589
     0.031777741
     0.031805711
     0.031833499
     0.031861105
     0.031888528
     0.031915769
     0.031942826
     0.031969700
     0.031996391
     0.032022898
     0.032049220
     0.032075358
     0.032101311
     0.032127079
     0.032152662
     0.032178059
     0.032203270
     0.032228295
     0.032253134
     0.032277786
     0.032302251
     0.032326529
     0.032350619
     0.032374521
     0.032398236
     0.032421762
     0.032445100
     0.032468249
     0.032491209
     0.032513980
     0.032536561
     0.032558952
     0.032581154
     0.032603165
     0.032624986
     0.032646616
     0.032668055
     0.032689303
     0.032710359
     0.032731224
     0.032751897
     0.032772378
     0.032792667
     0.032812763
     0.032832666
     0.032852377
     0.032871894
     0.032891218
     0.032910348
     0.032929285
     0.032948028
     0.032966576
     0.032984930
     0.033003089
     0.033021054
     0.033038823
     0.033056398
     0.033073777
     0.033090960
     0.033107948
     0.033124740
     0.033141336
     0.033157735
     0.033173938
     0.033189944
     0.033205754
     0.033221367
     0.033236782
     0.033252000
     0.033267021
     0.033281844
     0.033296469
     0.033310896
     0.033325125
     0.033339156
     0.033352988
     0.033366622
     0.033380057
     0.033393293
     0.033406330
     0.033419168
     0.033431807
     0.033444246
     0.033456486
     0.033468526
     0.033480366
     0.033492007
     0.033503447
     0.033514687
     0.033525726
     0.033536566
     0.033547204
     0.033557642
     0.033567880
     0.033577916
     0.033587751
     0.033597385
     0.033606818
     0.033616050
     0.033625080
     0.033633909
     0.033642536
     0.033650961
     0.033659185
     0.033667206
     0.033675026
     0.033682644
     0.033690059
     0.033697272
     0.033704283
     0.033711092
     0.033717698
     0.033724101
     0.033730302
     0.033736301
     0.033742096
     0.033747689
     0.033753079
     0.033758266
     0.033763250
     0.033768031
     0.033772609
     0.033776984
     0.033781156
     0.033785124
     0.033788890
     0.033792452
     0.033795810
     0.033798966
     0.033801917
     0.033804666
     0.033807211
     0.033809552
     0.033811690
     0.033813625
     0.033815355
     0.033816883
     0.033818206
     0.033819326
     0.033820243
     0.033820955
     0.033821465
     0.033821770
     0.033821872
     0.033821770
     0.033821465
     0.033820955
     0.033820243
     0.033819326
     0.033818206
     0.033816883
     0.033815355
     0.033813625
     0.033811690
     0.033809552
     0.033807211
     0.033804666
     0.033801917
     0.033798966
     0.033795810
     0.033792452
     0.033788890
     0.033785124
     0.033781156
     0.033776984
     0.033772609
     0.033768031
     0.033763250
     0.033758266
     0.033753079
     0.033747689
     0.033742096
     0.033736301
     0.033730302
     0.033724101
     0.033717698
     0.033711092
     0.033704283
     0.033697272
     0.033690059
     0.033682644
     0.033675026
     0.033667206
     0.033659185
     0.033650961
     0.033642536
     0.033633909
     0.033625080
     0.033616050
     0.033606818
     0.033597385
     0.033587751
     0.033577916
     0.033567880
     0.033557642
     0.033547204
     0.033536566
     0.033525726
     0.033514687
     0.033503447
     0.033492007
     0.033480366
     0.033468526
     0.033456486
     0.033444246
     0.033431807
     0.033419168
     0.033406330
     0.033393293
     0.033380057
     0.033366622
     0.033352988
     0.033339156
     0.033325125
     0.033310896
     0.033296469
     0.033281844
     0.033267021
     0.033252000
     0.033236782
     0.033221367
     0.033205754
     0.033189944
     0.033173938
     0.033157735
     0.033141336
     0.033124740
     0.033107948
     0.033090960
     0.033073777
     0.033056398
     0.033038823
     0.033021054
     0.033003089
     0.032984930
     0.032966576
     0.032948028
     0.032929285
     0.032910348
     0.032891218
     0.032871894
     0.032852377
     0.032832666
     0.032812763
     0.032792667
     0.032772378
     0.032751897
     0.032731224
     0.032710359
     0.032689303
     0.032668055
     0.032646616
     0.032624986
     0.032603165
     0.032581154
     0.032558952
     0.032536561
     0.032513980
     0.032491209
     0.032468249
     0.032445100
     0.032421762
     0.032398236
     0.032374521
     0.032350619
     0.032326529
     0.032302251
     0.032277786
     0.032253134
     0.032228295
     0.032203270
     0.032178059
     0.032152662
     0.032127079
     0.032101311
     0.032075358
     0.032049220
     0.032022898
     0.031996391
     0.031969700
     0.031942826
     0.031915769
     0.031888528
     0.031861105
     0.031833499
     0.031805711
     0.031777741
     0.031749589
     0.031721256
     0.031692743
     0.031664048
     0.031635174
     0.031606119
     0.031576884
     0.031547470
     0.031517877
     0.031488105
     0.031458155
     0.031428027
     0.031397721
     0.031367237
     0.031336576
     0.031305738
     0.031274724
     0.031243534
     0.031212167
     0.031180626
     0.031148909
     0.031117017
     0.031084951
     0.031052711
     0.031020297
     0.030987709
     0.030954948
     0.030922015
     0.030888909
     0.030855632
     0.030822182
     0.030788561
     0.030754770
     0.030720807
     0.030686675
     0.030652373
     0.030617901
     0.030583260
     0.030548450
     0.030513472
     0.030478326
     0.030443012
     0.030407531
     0.030371883
     0.030336069
     0.030300088
     0.030263942
     0.030227631
     0.030191154
     0.030154513
     0.030117708
     0.030080739
     0.030043607
     0.030006312
     0.029968854
     0.029931234
     0.029893452
     0.029855509
     0.029817405
     0.029779140
     0.029740715
     0.029702131
     0.029663387
     0.029624484
     0.029585422
     0.029546203
     0.029506826
     0.029467292
     0.029427601
     0.029387753
     0.029347749
     0.029307590
     0.029267276
     0.029226807
     0.029186184
     0.029145407
     0.029104477
     0.029063394
     0.029022158
     0.028980770
     0.028939230
     0.028897540
     0.028855698
     0.028813707
     0.028771565
     0.028729274
     0.028686834
     0.028644245
     0.028601509
     0.028558625
     0.028515593
     0.028472415
     0.028429091
     0.028385621
     0.028342006
     0.028298245
     0.028254341
     0.028210292
     0.028166100
     0.028121766
     0.028077288
     0.028032669
     0.027987908
     0.027943006
     0.027897963
     0.027852780
     0.027807457
     0.027761996
     0.027716395
     0.027670657
     0.027624780
     0.027578767
     0.027532617
     0.027486330
     0.027439908
     0.027393350
     0.027346657
     0.027299831
     0.027252870
     0.027205776
     0.027158550
     0.027111191
     0.027063700
     0.027016078
     0.026968325
     0.026920441
     0.026872428
     0.026824286
     0.026776015
     0.026727616
     0.026679088
     0.026630434
     0.026581653
     0.026532745
     0.026483712
     0.026434554
     0.026385271
     0.026335864
     0.026286333
     0.026236679
     0.026186903
     0.026137004
     0.026086984
     0.026036843
     0.025986581
     0.025936200
     0.025885699
     0.025835079
     0.025784341
     0.025733485
     0.025682511
     0.025631421
     0.025580214
     0.025528892
     0.025477455
     0.025425903
     0.025374237
     0.025322457
     0.025270565
     0.025218560
     0.025166443
     0.025114214
     0.025061875
     0.025009426
     0.024956867
     0.024904198
     0.024851422
     0.024798537
     0.024745544
     0.024692445
     0.024639239
     0.024585927
     0.024532510
     0.024478988
     0.024425362
     0.024371632
     0.024317800
     0.024263865
     0.024209828
     0.024155689
     0.024101450
     0.024047110
     0.023992671
     0.023938133
     0.023883496
     0.023828761
     0.023773929
     0.023718999
     0.023663974
     0.023608853
     0.023553637
     0.023498326
     0.023442921
     0.023387423
     0.023331832
     0.023276149
     0.023220374
     0.023164508
     0.023108551
     0.023052505
     0.022996369
     0.022940144
     0.022883832
     0.022827431
     0.022770944
     0.022714370
     0.022657710
     0.022600965
     0.022544135
     0.022487221
     0.022430224
     0.022373144
     0.022315981
     0.022258737
     0.022201411
     0.022144005
     0.022086519
     0.022028954
     0.021971309
     0.021913587
     0.021855787
     0.021797910
     0.021739956
     0.021681927
     0.021623823
     0.021565644
     0.021507390
     0.021449064
     0.021390664
     0.021332193
     0.021273649
     0.021215035
     0.021156350
     0.021097596
     0.021038772
     0.020979880
     0.020920919
     0.020861891
     0.020802797
     0.020743636
     0.020684409
     0.020625118
     0.020565762
     0.020506342
     0.020446859
     0.020387314
     0.020327706
     0.020268038
     0.020208308
     0.020148518
     0.020088669
     0.020028761
     0.019968794
     0.019908770
     0.019848689
     0.019788551
     0.019728357
     0.019668109
     0.019607805
     0.019547447
     0.019487036
     0.019426572
     0.019366056
     0.019305489
     0.019244870
     0.019184201
     0.019123482
     0.019062714
     0.019001898
     0.018941033
     0.018880122
     0.018819163
     0.018758159
     0.018697109
     0.018636015
     0.018574876
     0.018513693
     0.018452468
     0.018391200
     0.018329890
     0.018268540
     0.018207148
     0.018145717
     0.018084247
     0.018022738
     0.017961191
     0.017899606
     0.017837985
     0.017776327
     0.017714634
     0.017652906
     0.017591143
     0.017529347
     0.017467518
     0.017405656
     0.017343763
     0.017281838
     0.017219882
     0.017157897
     0.017095882
     0.017033838
     0.016971766
     0.016909667
     0.016847540
     0.016785388
     0.016723209
     0.016661006
     0.016598778
     0.016536526
     0.016474251
     0.016411954
     0.016349634
     0.016287294
     0.016224932
     0.016162550
     0.016100149
     0.016037729
     0.015975291
     0.015912835
     0.015850362
     0.015787872
     0.015725367
     0.015662846
     0.015600311
     0.015537762
     0.015475200
     0.015412625
     0.015350037
     0.015287439
     0.015224829
     0.015162209
     0.015099580
     0.015036941
     0.014974294
     0.014911639
     0.014848978
     0.014786309
     0.014723634
     0.014660955
     0.014598270
     0.014535581
     0.014472889
     0.014410194
     0.014347496
     0.014284797
     0.014222097
     0.014159396
     0.014096696
     0.014033996
     0.013971297
     0.013908601
     0.013845907
     0.013783216
     0.013720529
     0.013657847
     0.013595169
     0.013532498
     0.013469832
     0.013407173
     0.013344522
     0.013281878
     0.013219244
     0.013156618
     0.013094003
     0.013031398
     0.012968803
     0.012906221
     0.012843651
     0.012781094
     0.012718550
     0.012656020
     0.012593505
     0.012531005
     0.012468521
     0.012406053
     0.012343603
     0.012281170
     0.012218755
     0.012156360
     0.012093983
     0.012031627
     0.011969291
     0.011906977
     0.011844684
     0.011782414
     0.011720167
     0.011657943
     0.011595743
     0.011533569
     0.011471419
     0.011409296
     0.011347199
     0.011285129
     0.011223087
     0.011161073
     0.011099088
     0.011037132
     0.010975207
     0.010913312
     0.010851448
     0.010789616
     0.010727817
     0.010666050
     0.010604317
     0.010542618
     0.010480954
     0.010419325
     0.010357731
     0.010296175
     0.010234655
     0.010173172
     0.010111728
     0.010050323
    0.0099889564
    0.0099276300
    0.0098663440
    0.0098050990
    0.0097438955
    0.0096827341
    0.0096216153
    0.0095605398
    0.0094995081
    0.0094385208
    0.0093775784
    0.0093166815
    0.0092558306
    0.0091950264
    0.0091342693
    0.0090735599
    0.0090128988
    0.0089522866
    0.0088917237
    0.0088312108
    0.0087707484
    0.0087103370
    0.0086499773
    0.0085896697
    0.0085294148
    0.0084692131
    0.0084090653
    0.0083489718
    0.0082889331
    0.0082289500
    0.0081690228
    0.0081091521
    0.0080493384
    0.0079895824
    0.0079298845
    0.0078702453
    0.0078106653
    0.0077511451
    0.0076916851
    0.0076322860
    0.0075729482
    0.0075136723
    0.0074544589
    0.0073953083
    0.0073362213
    0.0072771982
    0.0072182397
    0.0071593462
    0.0071005183
    0.0070417565
    0.0069830613
    0.0069244333
    0.0068658729
    0.0068073807
    0.0067489572
    0.0066906029
    0.0066323183
    0.0065741040
    0.0065159604
    0.0064578881
    0.0063998876
    0.0063419593
    0.0062841039
    0.0062263217
    0.0061686134
    0.0061109793
    0.0060534201
    0.0059959361
    0.0059385280
    0.0058811962
    0.0058239412
    0.0057667635
    0.0057096636
    0.0056526420
    0.0055956992
    0.0055388356
    0.0054820519
    0.0054253484
    0.0053687256
    0.0053121841
    0.0052557242
    0.0051993466
    0.0051430517
    0.0050868399
    0.0050307118
    0.0049746677
    0.0049187083
    0.0048628340
    0.0048070452
    0.0047513424
    0.0046957261
    0.0046401968
    0.0045847549
    0.0045294009
    0.0044741353
    0.0044189585
    0.0043638710
    0.0043088732
    0.0042539657
    0.0041991488
    0.0041444231
    0.0040897890
    0.0040352469
    0.0039807973
    0.0039264406
    0.0038721774
    0.0038180080
    0.0037639329
    0.0037099525
    0.0036560673
    0.0036022778
    0.0035485843
    0.0034949873
    0.0034414873
    0.0033880847
    0.0033347799
    0.0032815734
    0.0032284655
    0.0031754568
    0.0031225476
    0.0030697384
    0.0030170297
    0.0029644217
    0.0029119151
    0.0028595101
    0.0028072072
    0.0027550068
    0.0027029093
    0.0026509153
    0.0025990249
    0.0025472388
    0.0024955573
    0.0024439807
    0.0023925096
    0.0023411443
    0.0022898853
    0.0022387328
    0.0021876874
    0.0021367494
    0.0020859193
    0.0020351973
    0.0019845840
    0.0019340798
    0.0018836849
    0.0018333998
    0.0017832249
    0.0017331606
    0.0016832073
    0.0016333653
    0.0015836351
    0.0015340169
    0.0014845113
    0.0014351185
    0.0013858390
    0.0013366731
    0.0012876212
    0.0012386836
    0.0011898608
    0.0011411531
    0.0010925609
    0.0010440845
   0.00099572426
   0.00094748061
   0.00089935389
   0.00085134444
   0.00080345262
   0.00075567879
   0.00070802330
   0.00066048650
   0.00061306874
   0.00056577037
   0.00051859173
   0.00047153318
   0.00042459504
   0.00037777767
   0.00033108140
   0.00028450657
   0.00023805351
   0.00019172256
   0.00014551405
   9.9428316e-05
   5.3465678e-05
   7.6264681e-06
  -3.8088990e-05
  -8.3680372e-05
  -0.00012914736
  -0.00017448963
  -0.00021970686
  -0.00026479874
  -0.00030976495
  -0.00035460518
  -0.00039931913
  -0.00044390647
  -0.00048836691
  -0.00053270013
  -0.00057690583
  -0.00062098372
  -0.00066493348
  -0.00070875483
  -0.00075244746
  -0.00079601108
  -0.00083944540
  -0.00088275012
  -0.00092592495
  -0.00096896962
   -0.0010118838
   -0.0010546673
   -0.0010973197
   -0.0011398409
   -0.0011822304
   -0.0012244881
   -0.0012666136
   -0.0013086068
   -0.0013504672
   -0.0013921947
   -0.0014337890
   -0.0014752498
   -0.0015165769
   -0.0015577699
   -0.0015988287
   -0.0016397530
   -0.0016805424
   -0.0017211968
   -0.0017617160
   -0.0018020995
   -0.0018423473
   -0.0018824591
   -0.0019224345
   -0.0019622734
   -0.0020019756
   -0.0020415407
   -0.0020809686
   -0.0021202590
   -0.0021594117
   -0.0021984264
   -0.0022373030
   -0.0022760411
   -0.0023146406
   -0.0023531012
   -0.0023914228
   -0.0024296050
   -0.0024676477
   -0.0025055506
   -0.0025433136
   -0.0025809365
   -0.0026184189
   -0.0026557607
   -0.0026929618
   -0.0027300218
   -0.0027669406
   -0.0028037180
   -0.0028403537
   -0.0028768477
   -0.0029131997
   -0.0029494094
   -0.0029854767
   -0.0030214015
   -0.0030571835
   -0.0030928225
   -0.0031283183
   -0.0031636708
   -0.0031988798
   -0.0032339452
   -0.0032688666
   -0.0033036440
   -0.0033382772
   -0.0033727659
   -0.0034071102
   -0.0034413096
   -0.0034753642
   -0.0035092738
   -0.0035430381
   -0.0035766570
   -0.0036101304
   -0.0036434581
   -0.0036766399
   -0.0037096757
   -0.0037425654
   -0.0037753088
   -0.0038079057
   -0.0038403561
   -0.0038726597
   -0.0039048164
   -0.0039368261
   -0.0039686886
   -0.0040004039
   -0.0040319717
   -0.0040633920
   -0.0040946646
   -0.0041257894
   -0.0041567663
   -0.0041875951
   -0.0042182757
   -0.0042488081
   -0.0042791920
   -0.0043094273
   -0.0043395141
   -0.0043694520
   -0.0043992412
   -0.0044288813
   -0.0044583723
   -0.0044877142
   -0.0045169068
   -0.0045459500
   -0.0045748436
   -0.0046035878
   -0.0046321822
   -0.0046606269
   -0.0046889217
   -0.0047170665
   -0.0047450614
   -0.0047729061
   -0.0048006006
   -0.0048281448
   -0.0048555386
   -0.0048827820
   -0.0049098749
   -0.0049368173
   -0.0049636089
   -0.0049902498
   -0.0050167400
   -0.0050430792
   -0.0050692676
   -0.0050953049
   -0.0051211912
   -0.0051469264
   -0.0051725105
   -0.0051979433
   -0.0052232249
   -0.0052483551
   -0.0052733340
   -0.0052981615
   -0.0053228375
   -0.0053473621
   -0.0053717351
   -0.0053959565
   -0.0054200263
   -0.0054439445
   -0.0054677109
   -0.0054913257
   -0.0055147888
   -0.0055381000
   -0.0055612595
   -0.0055842672
   -0.0056071230
   -0.0056298270
   -0.0056523791
   -0.0056747794
   -0.0056970277
   -0.0057191241
   -0.0057410686
   -0.0057628612
   -0.0057845018
   -0.0058059905
   -0.0058273273
   -0.0058485121
   -0.0058695450
   -0.0058904259
   -0.0059111550
   -0.0059317320
   -0.0059521572
   -0.0059724305
   -0.0059925519
   -0.0060125214
   -0.0060323391
   -0.0060520049
   -0.0060715189
   -0.0060908811
   -0.0061100915
   -0.0061291502
   -0.0061480572
   -0.0061668125
   -0.0061854161
   -0.0062038681
   -0.0062221685
   -0.0062403174
   -0.0062583148
   -0.0062761607
   -0.0062938551
   -0.0063113982
   -0.0063287900
   -0.0063460305
   -0.0063631197
   -0.0063800578
   -0.0063968447
   -0.0064134806
   -0.0064299654
   -0.0064462993
   -0.0064624823
   -0.0064785145
   -0.0064943959
   -0.0065101266
   -0.0065257067
   -0.0065411363
   -0.0065564153
   -0.0065715440
   -0.0065865223
   -0.0066013503
   -0.0066160282
   -0.0066305560
   -0.0066449337
   -0.0066591616
   -0.0066732396
   -0.0066871679
   -0.0067009465
   -0.0067145755
   -0.0067280551
   -0.0067413852
   -0.0067545662
   -0.0067675979
   -0.0067804805
   -0.0067932142
   -0.0068057990
   -0.0068182351
   -0.0068305225
   -0.0068426613
   -0.0068546518
   -0.0068664939
   -0.0068781878
   -0.0068897336
   -0.0069011315
   -0.0069123815
   -0.0069234838
   -0.0069344385
   -0.0069452457
   -0.0069559056
   -0.0069664183
   -0.0069767839
   -0.0069870026
   -0.0069970744
   -0.0070069996
   -0.0070167782
   -0.0070264104
   -0.0070358964
   -0.0070452362
   -0.0070544301
   -0.0070634782
   -0.0070723806
   -0.0070811375
   -0.0070897490
   -0.0070982153
   -0.0071065365
   -0.0071147128
   -0.0071227444
   -0.0071306314
   -0.0071383740
   -0.0071459723
   -0.0071534265
   -0.0071607368
   -0.0071679034
   -0.0071749263
   -0.0071818059
   -0.0071885422
   -0.0071951354
   -0.0072015858
   -0.0072078934
   -0.0072140585
   -0.0072200813
   -0.0072259619
   -0.0072317005
   -0.0072372974
   -0.0072427526
   -0.0072480664
   -0.0072532390
   -0.0072582706
   -0.0072631613
   -0.0072679114
   -0.0072725211
   -0.0072769906
   -0.0072813200
   -0.0072855095
   -0.0072895595
   -0.0072934700
   -0.0072972413
   -0.0073008736
   -0.0073043671
   -0.0073077220
   -0.0073109385
   -0.0073140169
   -0.0073169574
   -0.0073197602
   -0.0073224254
   -0.0073249534
   -0.0073273443
   -0.0073295984
   -0.0073317159
   -0.0073336970
   -0.0073355420
   -0.0073372510
   -0.0073388244
   -0.0073402623
   -0.0073415650
   -0.0073427328
   -0.0073437658
   -0.0073446643
   -0.0073454286
   -0.0073460588
   -0.0073465553
   -0.0073469182
   -0.0073471479
   -0.0073472445
   -0.0073472084
   -0.0073470397
   -0.0073467388
   -0.0073463058
   -0.0073457411
   -0.0073450449
   -0.0073442174
   -0.0073432589
   -0.0073421697
   -0.0073409501
   -0.0073396002
   -0.0073381205
   -0.0073365110
   -0.0073347722
   -0.0073329042
   -0.0073309074
   -0.0073287819
   -0.0073265282
   -0.0073241465
   -0.0073216369
   -0.0073189999
   -0.0073162357
   -0.0073133446
   -0.0073103269
   -0.0073071828
   -0.0073039126
   -0.0073005166
   -0.0072969952
   -0.0072933485
   -0.0072895769
   -0.0072856807
   -0.0072816602
   -0.0072775156
   -0.0072732473
   -0.0072688555
   -0.0072643406
   -0.0072597029
   -0.0072549426
   -0.0072500600
   -0.0072450555
   -0.0072399294
   -0.0072346819
   -0.0072293134
   -0.0072238242
   -0.0072182145
   -0.0072124848
   -0.0072066353
   -0.0072006663
   -0.0071945781
   -0.0071883711
   -0.0071820456
   -0.0071756018
   -0.0071690402
   -0.0071623610
   -0.0071555645
   -0.0071486511
   -0.0071416211
   -0.0071344749
   -0.0071272126
   -0.0071198348
   -0.0071123416
   -0.0071047335
   -0.0070970107
   -0.0070891736
   -0.0070812226
   -0.0070731579
   -0.0070649799
   -0.0070566889
   -0.0070482853
   -0.0070397694
   -0.0070311415
   -0.0070224021
   -0.0070135513
   -0.0070045897
   -0.0069955174
   -0.0069863349
   -0.0069770425
   -0.0069676406
   -0.0069581294
   -0.0069485094
   -0.0069387810
   -0.0069289443
   -0.0069189999
   -0.0069089480
   -0.0068987890
   -0.0068885233
   -0.0068781512
   -0.0068676731
   -0.0068570893
   -0.0068464003
   -0.0068356063
   -0.0068247077
   -0.0068137048
   -0.0068025982
   -0.0067913880
   -0.0067800747
   -0.0067686586
   -0.0067571402
   -0.0067455197
   -0.0067337975
   -0.0067219741
   -0.0067100498
   -0.0066980249
   -0.0066858998
   -0.0066736749
   -0.0066613506
   -0.0066489273
   -0.0066364052
   -0.0066237849
   -0.0066110667
   -0.0065982509
   -0.0065853379
   -0.0065723282
   -0.0065592221
   -0.0065460199
   -0.0065327221
   -0.0065193291
   -0.0065058412
   -0.0064922588
   -0.0064785823
   -0.0064648121
   -0.0064509485
   -0.0064369921
   -0.0064229431
   -0.0064088019
   -0.0063945690
   -0.0063802447
   -0.0063658294
   -0.0063513236
   -0.0063367275
   -0.0063220417
   -0.0063072664
   -0.0062924022
   -0.0062774493
   -0.0062624082
   -0.0062472793
   -0.0062320630
   -0.0062167597
   -0.0062013698
   -0.0061858936
   -0.0061703316
   -0.0061546843
   -0.0061389519
   -0.0061231349
   -0.0061072337
   -0.0060912487
   -0.0060751804
   -0.0060590290
   -0.0060427951
   -0.0060264790
   -0.0060100812
   -0.0059936020
   -0.0059770418
   -0.0059604012
   -0.0059436804
   -0.0059268799
   -0.0059100001
   -0.0058930414
   -0.0058760042
   -0.0058588890
   -0.0058416962
   -0.0058244261
   -0.0058070792
   -0.0057896559
   -0.0057721566
   -0.0057545818
   -0.0057369318
   -0.0057192070
   -0.0057014080
   -0.0056835351
   -0.0056655887
   -0.0056475692
   -0.0056294771
   -0.0056113128
   -0.0055930767
   -0.0055747692
   -0.0055563908
   -0.0055379418
   -0.0055194228
   -0.0055008340
   -0.0054821760
   -0.0054634492
   -0.0054446540
   -0.0054257907
   -0.0054068600
   -0.0053878621
   -0.0053687975
   -0.0053496666
   -0.0053304698
   -0.0053112077
   -0.0052918805
   -0.0052724888
   -0.0052530329
   -0.0052335133
   -0.0052139305
   -0.0051942848
   -0.0051745766
   -0.0051548065
   -0.0051349748
   -0.0051150820
   -0.0050951285
   -0.0050751147
   -0.0050550411
   -0.0050349080
   -0.0050147160
   -0.0049944655
   -0.0049741569
   -0.0049537906
   -0.0049333670
   -0.0049128866
   -0.0048923499
   -0.0048717572
   -0.0048511090
   -0.0048304058
   -0.0048096479
   -0.0047888358
   -0.0047679700
   -0.0047470508
   -0.0047260787
   -0.0047050542
   -0.0046839776
   -0.0046628494
   -0.0046416701
   -0.0046204401
   -0.0045991598
   -0.0045778297
   -0.0045564502
   -0.0045350216
   -0.0045135446
   -0.0044920195
   -0.0044704467
   -0.0044488267
   -0.0044271599
   -0.0044054467
   -0.0043836877
   -0.0043618832
   -0.0043400336
   -0.0043181395
   -0.0042962012
   -0.0042742192
   -0.0042521939
   -0.0042301258
   -0.0042080152
   -0.0041858627
   -0.0041636687
   -0.0041414336
   -0.0041191578
   -0.0040968419
   -0.0040744861
   -0.0040520910
   -0.0040296570
   -0.0040071846
   -0.0039846741
   -0.0039621261
   -0.0039395409
   -0.0039169190
   -0.0038942608
   -0.0038715668
   -0.0038488374
   -0.0038260730
   -0.0038032742
   -0.0037804412
   -0.0037575746
   -0.0037346748
   -0.0037117422
   -0.0036887773
   -0.0036657806
   -0.0036427523
   -0.0036196930
   -0.0035966032
   -0.0035734832
   -0.0035503335
   -0.0035271545
   -0.0035039467
   -0.0034807104
   -0.0034574463
   -0.0034341545
   -0.0034108357
   -0.0033874903
   -0.0033641186
   -0.0033407211
   -0.0033172983
   -0.0032938505
   -0.0032703783
   -0.0032468820
   -0.0032233621
   -0.0031998190
   -0.0031762531
   -0.0031526650
   -0.0031290549
   -0.0031054234
   -0.0030817709
   -0.0030580978
   -0.0030344046
   -0.0030106916
   -0.0029869593
   -0.0029632082
   -0.0029394386
   -0.0029156510
   -0.0028918459
   -0.0028680236
   -0.0028441846
   -0.0028203293
   -0.0027964582
   -0.0027725717
   -0.0027486701
   -0.0027247540
   -0.0027008237
   -0.0026768798
   -0.0026529225
   -0.0026289524
   -0.0026049698
   -0.0025809753
   -0.0025569691
   -0.0025329518
   -0.0025089237
   -0.0024848854
   -0.0024608371
   -0.0024367794
   -0.0024127126
   -0.0023886372
   -0.0023645536
   -0.0023404623
   -0.0023163635
   -0.0022922579
   -0.0022681457
   -0.0022440274
   -0.0022199034
   -0.0021957742
   -0.0021716402
   -0.0021475017
   -0.0021233592
   -0.0020992131
   -0.0020750638
   -0.0020509118
   -0.0020267575
   -0.0020026012
   -0.0019784433
   -0.0019542844
   -0.0019301248
   -0.0019059649
   -0.0018818052
   -0.0018576460
   -0.0018334877
   -0.0018093309
   -0.0017851758
   -0.0017610228
   -0.0017368725
   -0.0017127252
   -0.0016885812
   -0.0016644411
   -0.0016403053
   -0.0016161740
   -0.0015920478
   -0.0015679270
   -0.0015438120
   -0.0015197033
   -0.0014956012
   -0.0014715062
   -0.0014474186
   -0.0014233389
   -0.0013992674
   -0.0013752046
   -0.0013511508
   -0.0013271064
   -0.0013030719
   -0.0012790476
   -0.0012550339
   -0.0012310313
   -0.0012070401
   -0.0011830607
   -0.0011590935
   -0.0011351389
   -0.0011111973
   -0.0010872690
   -0.0010633546
   -0.0010394543
   -0.0010155685
  -0.00099169769
  -0.00096784219
  -0.00094400240
  -0.00092017870
  -0.00089637148
  -0.00087258112
  -0.00084880800
  -0.00082505251
  -0.00080131503
  -0.00077759594
  -0.00075389563
  -0.00073021445
  -0.00070655281
  -0.00068291107
  -0.00065928962
  -0.00063568882
  -0.00061210905
  -0.00058855069
  -0.00056501411
  -0.00054149969
  -0.00051800779
  -0.00049453878
  -0.00047109305
  -0.00044767094
  -0.00042427284
  -0.00040089912
  -0.00037755013
  -0.00035422624
  -0.00033092783
  -0.00030765524
  -0.00028440886
  -0.00026118903
  -0.00023799612
  -0.00021483049
  -0.00019169250
  -0.00016858251
  -0.00014550087
  -0.00012244795
  -9.9424100e-05
  -7.6429671e-05
  -5.3465021e-05
  -3.0530502e-05
  -7.6264662e-06
   1.5246735e-05
   3.8088751e-05
   6.0899233e-05
   8.3677832e-05
   0.00010642420
   0.00012913799
   0.00015181886
   0.00017446647
   0.00019708046
   0.00021966050
   0.00024220625
   0.00026471736
   0.00028719349
   0.00030963432
   0.00033203949
   0.00035440867
   0.00037674154
   0.00039903774
   0.00042129695
   0.00044351884
   0.00046570307
   0.00048784932
