   7.7558240e-08
   -0.0036340013
   -0.0053017602
   -0.0040959408
  -0.00066676823
    0.0031286639
    0.0052321095
    0.0045003416
    0.0013264901
   -0.0025711418
   -0.0050793499
   -0.0048357514
   -0.0019687832
    0.0019699629
    0.0048454479
    0.0050965001
    0.0025834061
   -0.0013343896
   -0.0045336615
   -0.0052780654
   -0.0031604994
   0.00067427745
    0.0041484955
    0.0053771505
    0.0036907426
   7.7558240e-08
   -0.0036956372
   -0.0053917427
   -0.0041655042
  -0.00067809881
    0.0031818735
    0.0053211518
    0.0045769816
    0.0013490943
   -0.0026149892
   -0.0051660286
   -0.0049183286
   -0.0020024248
    0.0020036502
    0.0049283617
    0.0051837685
    0.0026276717
   -0.0013572714
   -0.0046114533
   -0.0053686913
   -0.0032148025
   0.00068587227
    0.0042198744
    0.0054697322
    0.0037543313
   7.7558240e-08
   -0.0037594001
   -0.0054848322
   -0.0042374713
  -0.00068982118
    0.0032369243
    0.0054132773
    0.0046562771
    0.0013724823
   -0.0026603580
   -0.0052557171
   -0.0050037750
   -0.0020372362
    0.0020385097
    0.0050141625
    0.0052740777
    0.0026734807
   -0.0013809515
   -0.0046919612
   -0.0054624837
   -0.0032710042
   0.00069787278
    0.0042937527
    0.0055655579
    0.0038201495
   7.7558239e-08
   -0.0038254018
   -0.0055811927
   -0.0043119688
  -0.00070195601
    0.0032939135
    0.0055086489
    0.0047383688
    0.0013966956
   -0.0027073288
   -0.0053485747
   -0.0050922429
   -0.0020732795
    0.0020746035
    0.0051030036
    0.0053675893
    0.0027209152
   -0.0014054726
   -0.0047753301
   -0.0055596115
   -0.0033292060
   0.00071030066
    0.0043702637
    0.0056648010
    0.0038883168
   7.7558240e-08
   -0.0038937624
   -0.0056809995
   -0.0043891328
  -0.00071452548
    0.0033529453
    0.0056074412
    0.0048234069
    0.0014217786
   -0.0027559880
   -0.0054447725
   -0.0051838953
   -0.0021106211
    0.0021119986
    0.0051950497
    0.0054644767
    0.0027700635
   -0.0014308802
   -0.0048617153
   -0.0056602559
   -0.0033895166
   0.00072317915
    0.0044495510
    0.0057676477
    0.0039589611
   7.7558239e-08
   -0.0039646106
   -0.0057844410
   -0.0044691088
  -0.00072755335
    0.0034141316
    0.0057098418
    0.0049115532
    0.0014477790
   -0.0028064282
   -0.0055444940
   -0.0052789074
   -0.0021493326
    0.0021507664
    0.0052904774
    0.0055649262
    0.0028210200
   -0.0014572232
   -0.0049512834
   -0.0057646114
   -0.0034520526
   0.00073653321
    0.0045317683
    0.0058742979
    0.0040322198
   7.7558240e-08
   -0.0040380848
   -0.0058917193
   -0.0045520534
  -0.00074106517
    0.0034775925
    0.0058160520
    0.0050029812
    0.0014747481
   -0.0028587492
   -0.0056479365
   -0.0053774675
   -0.0021894907
    0.0021909840
    0.0053894765
    0.0056691379
    0.0028738864
   -0.0014845544
   -0.0050442137
   -0.0058728871
   -0.0035169397
   0.00075038969
    0.0046170811
    0.0059849665
    0.0041082410
   7.7558240e-08
   -0.0041143337
   -0.0060030519
   -0.0046381352
  -0.00075508842
    0.0035434572
    0.0059262882
    0.0050978776
    0.0015027412
   -0.0029130580
   -0.0057553122
   -0.0054797778
   -0.0022311780
    0.0022327343
    0.0054922513
    0.0057773271
    0.0029287722
   -0.0015129304
   -0.0051406990
   -0.0059853081
   -0.0035843128
   0.00076477747
    0.0047056677
    0.0060998852
    0.0041871838
   7.7558240e-08
   -0.0041935175
   -0.0061186732
   -0.0047275355
  -0.00076965268
    0.0036118649
    0.0060407840
    0.0051964437
    0.0015318175
   -0.0029694702
   -0.0058668497
   -0.0055860568
   -0.0022744836
    0.0022761066
    0.0055990220
    0.0058897260
    0.0029857952
   -0.0015424122
   -0.0052409475
   -0.0061021171
   -0.0036543177
   0.00077972771
    0.0047977200
    0.0062193033
    0.0042692200
   7.7558240e-08
   -0.0042758090
   -0.0062388358
   -0.0048204499
  -0.00078478989
    0.0036829658
    0.0061597911
    0.0052988964
    0.0015620413
   -0.0030281104
   -0.0059827959
   -0.0056965399
   -0.0023195036
    0.0023211973
    0.0057100262
    0.0060065851
    0.0030450829
   -0.0015730657
   -0.0053451835
   -0.0062235761
   -0.0037271116
   0.00079527405
    0.0048934457
    0.0063434906
    0.0043545351
   7.7558240e-08
   -0.0043613947
   -0.0063638125
   -0.0049170898
  -0.00080053453
    0.0037569222
    0.0062835814
    0.0054054703
    0.0015934819
   -0.0030891132
   -0.0061034172
   -0.0058114815
   -0.0023663419
    0.0023681106
    0.0058255209
    0.0061281754
    0.0031067728
   -0.0016049623
   -0.0054536500
   -0.0063499685
   -0.0038028646
   0.00081145288
    0.0049930690
    0.0064727385
    0.0044433295
   7.7558240e-08
   -0.0044504767
   -0.0064938988
   -0.0050176840
  -0.00081692392
    0.0038339096
    0.0064124493
    0.0055164192
    0.0016262141
   -0.0031526243
   -0.0062290024
   -0.0059311572
   -0.0024151109
    0.0024169593
    0.0059457842
    0.0062547901
    0.0031710141
   -0.0016381792
   -0.0055666096
   -0.0064816011
   -0.0038817609
   0.00082830358
    0.0050968329
    0.0066073627
    0.0045358206
   7.7558240e-08
   -0.0045432734
   -0.0066294143
   -0.0051224800
  -0.00083399848
    0.0039141182
    0.0065467136
    0.0056320181
    0.0016603194
   -0.0032188017
   -0.0063598643
   -0.0060558654
   -0.0024659324
    0.0024678656
    0.0060711177
    0.0063867472
    0.0032379682
   -0.0016727999
   -0.0056843476
   -0.0066188065
   -0.0039640003
   0.00084586890
    0.0052050010
    0.0067477059
    0.0046322442
   7.7558240e-08
   -0.0046400224
   -0.0067707062
   -0.0052317469
  -0.00085180210
    0.0039977546
    0.0066867206
    0.0057525655
    0.0016958859
   -0.0032878170
   -0.0064963426
   -0.0061859305
   -0.0025189389
    0.0025209623
    0.0062018487
    0.0065243921
    0.0033078107
   -0.0017089155
   -0.0058071736
   -0.0067619465
   -0.0040497998
   0.00086419528
    0.0053178598
    0.0068941404
    0.0047328564
   7.7558240e-08
   -0.0047409814
   -0.0069181520
   -0.0053457769
  -0.00087038249
    0.0040850432
    0.0068328468
    0.0058783862
    0.0017330096
   -0.0033598565
   -0.0066388068
   -0.0063217053
   -0.0025742742
    0.0025763941
    0.0063383338
    0.0066681007
    0.0033807327
   -0.0017466250
   -0.0059354248
   -0.0069114145
   -0.0041393957
   0.00088333329
    0.0054357213
    0.0070470715
    0.0048379363
   7.7558240e-08
   -0.0048464316
   -0.0070721627
   -0.0054648885
  -0.00088979163
    0.0041762286
    0.0069855023
    0.0060098340
    0.0017717951
   -0.0034351236
   -0.0067876595
   -0.0064635740
   -0.0026320955
    0.0026343182
    0.0064809613
    0.0068182826
    0.0034569425
   -0.0017860361
   -0.0060694688
   -0.0070676396
   -0.0042330458
   0.00090333805
    0.0055589255
    0.0072069415
    0.0049477883
   7.7558240e-08
   -0.0049566793
   -0.0072331865
   -0.0055894290
  -0.00091008621
    0.0042715777
    0.0071451348
    0.0061472950
    0.0018123564
   -0.0035138402
   -0.0069433403
   -0.0066119565
   -0.0026925740
    0.0026949068
    0.0066301555
    0.0069753853
    0.0035366674
   -0.0018272667
   -0.0062097070
   -0.0072310907
   -0.0043310315
   0.00092426981
    0.0056878442
    0.0073742334
    0.0050627449
   7.7558240e-08
   -0.0050720595
   -0.0074017138
   -0.0057197784
  -0.00093132826
    0.0043713824
    0.0073122337
    0.0062911913
    0.0018548185
   -0.0035962489
   -0.0071063301
   -0.0067673119
   -0.0027558972
    0.0027583479
    0.0067863805
    0.0071398986
    0.0036201566
   -0.0018704458
   -0.0063565790
   -0.0074022810
   -0.0044336611
   0.00094619455
    0.0058228845
    0.0075494765
    0.0051831704
   7.7558240e-08
   -0.0051929393
   -0.0075782815
   -0.0058563526
  -0.00095358570
    0.0044759624
    0.0074873354
    0.0064419859
    0.0018993181
   -0.0036826158
   -0.0072771559
   -0.0069301434
   -0.0028222706
    0.0028248479
    0.0069501453
    0.0073123593
    0.0037076829
   -0.0019157150
   -0.0065105669
   -0.0075817734
   -0.0045412727
   0.00096918462
    0.0059644928
    0.0077332514
    0.0053094646
   7.7558240e-08
   -0.0053197214
   -0.0077634791
   -0.0059996085
  -0.00097693312
    0.0045856689
    0.0076710290
    0.0066001869
    0.0019460055
   -0.0037732330
   -0.0074563968
   -0.0071010041
   -0.0028919201
    0.0028946335
    0.0071220092
    0.0074933577
    0.0037995465
   -0.0019632296
   -0.0066722007
   -0.0077701869
   -0.0046542382
   0.00099331962
    0.0061131603
    0.0079261966
    0.0054420672
   7.7558240e-08
   -0.0054528490
   -0.0079579552
   -0.0061500488
   -0.0010014526
    0.0047008883
    0.0078639627
    0.0067663537
    0.0019950461
   -0.0038684223
   -0.0076446903
   -0.0072805029
   -0.0029650944
    0.0029679543
    0.0073025884
    0.0076835438
    0.0038960779
   -0.0020131611
   -0.0068420643
   -0.0079682035
   -0.0047729671
    0.0010186873
    0.0062694285
    0.0081290163
    0.0055814629
   7.7558240e-08
   -0.0055928106
   -0.0081624249
   -0.0063082278
   -0.0010272347
    0.0048220468
    0.0080668517
    0.0069411035
    0.0020466224
   -0.0039685385
   -0.0078427398
   -0.0074693118
   -0.0030420680
    0.0030450859
    0.0074925629
    0.0078836355
    0.0039976423
   -0.0020656986
   -0.0070208027
   -0.0081765766
   -0.0048979123
    0.0010453844
    0.0064338954
    0.0083424882
    0.0057281876
   7.7558240e-08
   -0.0057401464
   -0.0083776788
   -0.0064747584
   -0.0010543794
    0.0049496159
    0.0082804869
    0.0071251189
    0.0021009363
   -0.0040739744
   -0.0080513240
   -0.0076681743
   -0.0031231446
    0.0031263335
    0.0076926857
    0.0080944273
    0.0041046438
   -0.0021210516
   -0.0072091301
   -0.0083961406
   -0.0050295749
    0.0010735185
    0.0066072236
    0.0085674743
    0.0058828348
   7.7558240e-08
   -0.0058954550
   -0.0086045933
   -0.0066503199
   -0.0010829979
    0.0050841180
    0.0085057454
    0.0073191570
    0.0021582116
   -0.0041851655
   -0.0082713062
   -0.0078779156
   -0.0032086614
    0.0032120354
    0.0079037921
    0.0083168010
    0.0042175309
   -0.0021794526
   -0.0074078393
   -0.0086278218
   -0.0051685117
    0.0011032086
    0.0067901492
    0.0088049319
    0.0060460639
   7.7558240e-08
   -0.0060594013
   -0.0088441423
   -0.0068356675
   -0.0011132133
    0.0052261342
    0.0087436022
    0.0075240594
    0.0022186975
   -0.0043025963
   -0.0085036469
   -0.0080994534
   -0.0032989933
    0.0033025683
    0.0081268120
    0.0085517382
    0.0043368031
   -0.0022411607
   -0.0076178133
   -0.0088726517
   -0.0053153426
    0.0011345876
    0.0069834920
    0.0090559275
    0.0062186098
   7.7558240e-08
   -0.0062327268
   -0.0090974111
   -0.0070316428
   -0.0011451632
    0.0053763123
    0.0089951447
    0.0077407650
    0.0022826716
   -0.0044268071
   -0.0087494177
   -0.0083338116
   -0.0033945588
    0.0033983525
    0.0083627831
    0.0088003345
    0.0044630177
   -0.0023064647
   -0.0078400377
   -0.0091317825
   -0.0054707602
    0.0011678038
    0.0071881679
    0.0093216529
    0.0064012935
   7.7558240e-08
   -0.0064162599
   -0.0093656132
   -0.0072391869
   -0.0011790015
    0.0055353766
    0.0092615890
    0.0079703238
    0.0023504447
   -0.0045584027
   -0.0090098178
   -0.0085821364
   -0.0034958263
    0.0034998586
    0.0086128673
    0.0090638169
    0.0045967992
   -0.0023756886
   -0.0080756170
   -0.0094065047
   -0.0056355402
    0.0012030234
    0.0074052035
    0.0096034440
    0.0065950355
   7.7558240e-08
   -0.0066109297
   -0.0096501095
   -0.0074593553
   -0.0012149005
    0.0057041400
    0.0095442997
    0.0082139144
    0.0024223654
   -0.0046980617
   -0.0092861933
   -0.0088457145
   -0.0036033218
    0.0036076151
    0.0088783698
    0.0093435636
    0.0047388490
   -0.0024491961
   -0.0083257923
   -0.0096982693
   -0.0058105550
    0.0012404332
    0.0076357530
    0.0099028030
    0.0068008713
   7.7558240e-08
   -0.0068177816
   -0.0099524314
   -0.0076933360
   -0.0012530545
    0.0058835175
    0.0098448134
    0.0084728637
    0.0024988266
   -0.0048465488
   -0.0095800609
   -0.0091259959
   -0.0037176381
    0.0037222176
    0.0091607618
    0.0096411285
    0.0048899580
   -0.0025273977
   -0.0085919635
    -0.010008713
   -0.0059967888
    0.0012802442
    0.0078811195
     0.010221426
    0.0070199697
   7.7558240e-08
   -0.0070379960
    -0.010274308
   -0.0079424709
   -0.0012936829
    0.0060745428
     0.010164866
    0.0087486717
    0.0025802722
   -0.0050047281
   -0.0098931356
   -0.0094246203
   -0.0038394457
    0.0038443400
    0.0094617077
    0.0099582701
    0.0050510216
   -0.0026107576
   -0.0088757153
    -0.010339688
   -0.0061953558
    0.0013226951
    0.0081427784
     0.010561234
    0.0072536552
   7.7558240e-08
   -0.0072729109
    -0.010617701
   -0.0082082816
   -0.0013370343
    0.0062783886
     0.010506428
    0.0090430402
    0.0026672061
   -0.0051735809
    -0.010227364
   -0.0097434494
   -0.0039695058
    0.0039747475
    0.0097830984
     0.010296986
    0.0052230568
   -0.0026998037
   -0.0091788491
    -0.010693302
   -0.0064075234
    0.0013680577
    0.0084224085
     0.010924412
    0.0075034348
   7.7558240e-08
   -0.0075240493
    -0.010984842
   -0.0084925001
   -0.0013833920
    0.0064963904
     0.010871743
    0.0093579078
    0.0027602023
   -0.0053542251
    -0.010584965
    -0.010084605
   -0.0041086865
    0.0041143128
     0.010127090
     0.010659555
    0.0054072243
   -0.0027951384
   -0.0095034209
    -0.011071960
   -0.0066347383
    0.0014166420
    0.0087219269
     0.011313458
    0.0077710303
   7.7558240e-08
   -0.0077931518
    -0.011378282
   -0.0087971074
   -0.0014330800
    0.0067300758
     0.011263376
    0.0096954932
    0.0028599179
   -0.0055479405
    -0.010968479
    -0.010450519
   -0.0042579820
    0.0042640356
     0.010496155
     0.011048589
    0.0056048543
   -0.0028974522
   -0.0098517883
    -0.011478419
   -0.0068786602
    0.0014688040
    0.0090435337
     0.011731237
    0.0080584184
   7.7558240e-08
   -0.0080822174
    -0.011800952
   -0.0091243789
   -0.0014864706
    0.0069812004
     0.011684280
     0.010058347
    0.0029671084
   -0.0057561990
    -0.011380829
    -0.010843986
   -0.0044185367
    0.0044250669
     0.010893136
     0.011467095
    0.0058174789
   -0.0030075407
    -0.010226668
    -0.011915858
   -0.0071412021
    0.0015249539
    0.0093897659
     0.012181054
    0.0083678793
   7.7558240e-08
   -0.0083935531
    -0.012256236
   -0.0094769419
   -0.0015439936
    0.0072517920
     0.012137863
     0.010449416
    0.0030826471
   -0.0059807024
    -0.011825393
    -0.011268241
   -0.0045916740
    0.0045987380
     0.011321327
     0.011918555
    0.0060468721
   -0.0031263249
    -0.010631205
    -0.012387960
   -0.0074245807
    0.0015855672
    0.0097635642
     0.012666742
    0.0087020575
   7.7558240e-08
   -0.0087298355
    -0.012748060
   -0.0098578459
   -0.0016061480
    0.0075442055
     0.012628085
     0.010872126
    0.0032075487
   -0.0062234285
    -0.012306101
    -0.011727044
   -0.0047789335
    0.0047865979
     0.011784557
     0.012407019
    0.0062950989
   -0.0032548775
    -0.011069065
    -0.012899013
   -0.0077313789
    0.0016511981
     0.010168358
     0.013192769
    0.0090640376
   7.7558240e-08
   -0.0090941883
    -0.013281005
    -0.010270651
   -0.0016735168
    0.0078611915
     0.013159570
     0.011330477
    0.0033429994
   -0.0064866898
    -0.012827547
    -0.012224795
   -0.0049821164
    0.0049904595
     0.012287313
     0.012937233
    0.0065645779
   -0.0033944552
    -0.011544543
    -0.013454048
   -0.0080646253
    0.0017224967
     0.010608168
     0.013764379
    0.0094574396
   7.7558240e-08
   -0.0094902791
    -0.013860456
    -0.010719541
   -0.0017467847
    0.0082059834
     0.013737759
     0.011829175
    0.0034903947
   -0.0067732073
    -0.013395139
    -0.012766673
   -0.0052033439
    0.0052124582
     0.012834877
     0.013514787
    0.0068581607
   -0.0035465399
    -0.012062702
    -0.014058995
   -0.0084278939
    0.0018002302
     0.011087743
     0.014387766
    0.0098865404
   7.7558240e-08
   -0.0099224437
    -0.014492776
    -0.011209463
   -0.0018267622
    0.0085824075
     0.014369091
     0.012373795
    0.0036513873
   -0.0070862053
    -0.014015285
    -0.013358817
   -0.0054451316
    0.0054551272
     0.013433521
     0.014146318
    0.0071792324
   -0.0037128915
    -0.012629560
    -0.014720906
   -0.0088254331
    0.0018853109
     0.011612734
     0.015070297
     0.010356430
   7.7558240e-08
    -0.010395845
    -0.015185548
    -0.011746313
   -0.0019144151
    0.0089950263
     0.015061244
     0.012970984
    0.0038279498
   -0.0074295325
    -0.014695640
    -0.014008564
   -0.0057104854
    0.0057214944
     0.014090739
     0.014839763
    0.0075318436
   -0.0038956162
    -0.013252321
    -0.015448223
   -0.0092623326
    0.0019788321
     0.012189910
     0.015820810
     0.010873215
   7.7558240e-08
    -0.010916682
    -0.015947875
    -0.012337171
   -0.0020109039
    0.0094493237
     0.015823454
     0.013628739
    0.0040224556
   -0.0078078217
    -0.015445419
    -0.014724746
   -0.0060030271
    0.0060152093
     0.014815573
     0.015604698
    0.0079208816
   -0.0040972565
    -0.013939684
    -0.016251144
   -0.0097447425
    0.0020821154
     0.012827460
     0.016649993
     0.011444285
   7.7558240e-08
    -0.011492460
    -0.016790786
    -0.012990620
   -0.0021176357
    0.0099519506
     0.016666922
     0.014356768
    0.0042377864
   -0.0082266999
    -0.016275819
    -0.015518104
   -0.0063271607
    0.0063407115
     0.015619023
     0.016452778
    0.0083522985
   -0.0043209100
    -0.014702252
    -0.017142105
    -0.010280164
    0.0021967736
     0.013535380
     0.017570899
     0.012078665
   7.7558240e-08
    -0.012132355
    -0.017727772
    -0.013717162
   -0.0022363329
     0.010511053
     0.017605376
     0.015166967
    0.0044774760
   -0.0086930700
    -0.017200583
    -0.016401820
   -0.0066882959
    0.0067034566
     0.016514611
     0.017398339
    0.0088334178
   -0.0045703895
    -0.015553079
    -0.018136426
    -0.010877845
    0.0023247952
     0.014326001
     0.018599640
     0.012787504
   7.7558240e-08
    -0.012847709
    -0.018775513
    -0.014529787
   -0.0023691272
     0.011136714
     0.018655817
     0.016074080
    0.0047459053
   -0.0092154941
    -0.018236764
    -0.017392267
   -0.0070931521
    0.0071102241
     0.017519151
     0.018459212
    0.0093733536
   -0.0048504425
    -0.016508430
    -0.019253200
    -0.011549313
    0.0024686611
     0.015214713
     0.019756334
     0.013584726
   7.7558240e-08
    -0.013652707
    -0.019954880
    -0.015444758
   -0.0025186884
     0.011841573
     0.019839563
     0.017096601
    0.0050485730
   -0.0098047244
    -0.019405789
    -0.018510019
   -0.0075501804
    0.0075695455
     0.018653813
     0.019657861
    0.0099835935
   -0.0051670559
    -0.017588827
    -0.020516533
    -0.012309132
    0.0026315066
     0.016220981
     0.021066435
     0.014487962
   7.7558240e-08
    -0.014565325
    -0.021292339
    -0.016482709
   -0.0026884062
     0.012641684
     0.021183707
     0.018258052
    0.0053924762
    -0.010474451
    -0.020734954
    -0.019781310
   -0.0080701603
    0.0080923092
     0.019945631
     0.021022988
     0.010678825
   -0.0055278891
    -0.018820541
    -0.021957299
    -0.013175968
    0.0028173529
     0.017369779
     0.022562630
     0.015519865
   7.7558240e-08
    -0.015608690
    -0.022821961
    -0.017670221
   -0.0028826496
     0.013557753
     0.022723222
     0.019588811
    0.0057866575
    -0.011242377
    -0.022259585
    -0.021240106
   -0.0086670604
    0.0086926342
     0.021429683
     0.022591866
     0.011478133
   -0.0059429014
    -0.020237754
    -0.023615704
    -0.014174142
    0.0030314433
     0.018693699
     0.024287602
     0.016710034
   7.7558240e-08
    -0.016813069
    -0.024588367
    -0.019042128
   -0.0031071491
     0.014616957
     0.024504040
     0.021128809
    0.0062430126
    -0.012131811
    -0.024026221
    -0.022931194
   -0.0093593118
    0.0093891652
     0.023152329
     0.024413789
     0.012406779
   -0.0064252859
    -0.021885782
    -0.025545091
    -0.015335952
    0.0032807459
     0.020236087
     0.026298164
     0.018097906
   7.7558240e-08
    -0.018218849
    -0.026651150
    -0.020644997
   -0.0033695707
     0.015855687
     0.026587718
     0.022931605
    0.0067775107
    -0.013174069
    -0.026097449
    -0.024914859
    -0.010171746
     0.010207043
     0.025176137
     0.026555347
     0.013498919
   -0.0069928973
    -0.023826015
    -0.027817784
    -0.016705228
    0.0035747265
     0.022055884
     0.028671644
     0.019737204
   7.7558240e-08
    -0.019881157
    -0.029091732
    -0.022542510
   -0.0036804096
     0.017323812
     0.029058697
     0.025070743
    0.0074121020
    -0.014412240
    -0.028559474
    -0.027274217
    -0.011138635
     0.011181004
     0.027587648
     0.029108743
     0.014801897
   -0.0076705109
    -0.026143725
    -0.030534364
    -0.018342989
    0.0039265772
     0.024235324
     0.031516053
     0.021703055
   7.7558240e-08
    -0.021877263
    -0.032024367
    -0.024824136
   -0.0040544272
     0.019091555
     0.032036024
     0.027650033
    0.0081778073
    -0.015907292
    -0.031534422
    -0.030127166
    -0.012308652
     0.012360443
     0.030510072
     0.032205416
     0.016383289
   -0.0084935351
    -0.028960941
    -0.033838947
    -0.020336786
    0.0043552512
     0.026892711
     0.034986983
     0.024103829
   7.7558240e-08
    -0.024318928
    -0.035614543
    -0.027619641
   -0.0045130641
     0.021261057
     0.035693106
     0.030820904
    0.0091199423
    -0.017748422
    -0.035201218
    -0.033646691
    -0.013753321
     0.013818051
     0.034125013
     0.036039391
     0.018343005
   -0.0095144017
    -0.032458644
    -0.037945613
    -0.022816874
    0.0048889924
     0.030204627
     0.039317055
     0.027101811
   7.7558240e-08
    -0.027374077
    -0.040111329
    -0.031124666
   -0.0050887002
     0.023986841
     0.040292735
     0.034813243
     0.010307425
    -0.020071523
    -0.039832961
    -0.038097307
    -0.015582211
     0.015665393
     0.038711713
     0.040909576
     0.020835252
    -0.010814194
    -0.036917255
    -0.043186718
    -0.025985875
    0.0055718234
     0.034446857
     0.044870311
     0.030951492
   7.7558240e-08
    -0.031307143
    -0.045907765
    -0.035648592
   -0.0058326510
     0.027514327
     0.046253201
     0.039993779
     0.011850442
    -0.023094353
    -0.045868261
    -0.043904818
    -0.017972109
     0.018082903
     0.044722853
     0.047301693
     0.024111224
    -0.012525312
    -0.042795805
    -0.050107664
    -0.030177136
    0.0064763526
     0.040075437
     0.052250295
     0.036075902
   7.7558240e-08
    -0.036560028
    -0.053662456
    -0.041711270
   -0.0068313794
     0.032258188
     0.054283273
     0.046985692
     0.013936774
    -0.027189108
    -0.054059027
    -0.051801362
    -0.021227913
     0.021382716
     0.052943972
     0.056061262
     0.028609574
    -0.014879708
    -0.050901079
    -0.059670193
    -0.035980419
    0.0077314746
     0.047902680
     0.062535785
     0.043233808
   7.7558240e-08
    -0.043931013
    -0.064569460
    -0.050258651
   -0.0082428055
     0.038978656
     0.065687325
     0.056940279
     0.016914701
    -0.033048844
    -0.065810994
    -0.063161302
    -0.025924338
     0.026155660
     0.064868298
     0.068802452
     0.035171387
    -0.018324103
    -0.062793865
    -0.073743348
    -0.044547170
    0.0095900207
     0.059529556
     0.077863183
     0.053935231
   7.7558240e-08
    -0.055024718
    -0.081041262
    -0.063211899
    -0.010389349
     0.049236214
     0.083157362
     0.072246794
     0.021511066
    -0.042128216
    -0.084091832
    -0.080903232
    -0.033289186
     0.033671675
     0.083725370
     0.089038460
     0.045639042
    -0.023843433
    -0.081938348
    -0.096503636
    -0.058468141
     0.012624862
     0.078609558
      0.10314344
     0.071677065
   7.7558240e-08
    -0.073614168
     -0.10879512
    -0.085160458
    -0.014047544
     0.066820599
      0.11328685
     0.098808100
     0.029537556
    -0.058085899
     -0.11643485
     -0.11250604
    -0.046499152
     0.047248993
      0.11803906
      0.12613781
     0.064977590
    -0.034120807
     -0.11787624
     -0.13958561
    -0.085044541
     0.018469741
      0.11568956
      0.15273162
      0.10681285
   7.7558240e-08
     -0.11117245
     -0.16545925
     -0.13045855
    -0.021682037
      0.10394319
      0.17765438
      0.15625465
     0.047119389
    -0.093504172
     -0.18920665
     -0.18462528
    -0.077090652
     0.079174037
      0.20001065
      0.21623623
      0.11275518
    -0.059969961
     -0.20996708
     -0.25215464
     -0.15591494
     0.034391997
      0.21898386
      0.29414979
      0.20951747
   7.7558240e-08
     -0.22697714
     -0.34530626
     -0.27870684
    -0.047493894
      0.23387225
      0.41141016
      0.37327493
      0.11641250
     -0.23960455
     -0.50455111
     -0.51431323
     -0.22534177
      0.24412010
      0.65458039
      0.75682673
      0.42596383
     -0.24737632
     -0.95984967
      -1.3027989
     -0.93548932
      0.24934246
       2.0438497
       3.9710221
       5.4474527
       5.9999999
       5.4474527
       3.9710221
       2.0438497
      0.24934246
     -0.93548932
      -1.3027989
     -0.95984967
     -0.24737632
      0.42596383
      0.75682673
      0.65458039
      0.24412010
     -0.22534177
     -0.51431323
     -0.50455111
     -0.23960455
      0.11641250
      0.37327493
      0.41141016
      0.23387225
    -0.047493894
     -0.27870684
     -0.34530626
     -0.22697714
   7.7558240e-08
      0.20951747
      0.29414979
      0.21898386
     0.034391997
     -0.15591494
     -0.25215464
     -0.20996708
    -0.059969961
      0.11275518
      0.21623623
      0.20001065
     0.079174037
    -0.077090652
     -0.18462528
     -0.18920665
    -0.093504172
     0.047119389
      0.15625465
      0.17765438
      0.10394319
    -0.021682037
     -0.13045855
     -0.16545925
     -0.11117245
   7.7558240e-08
      0.10681285
      0.15273162
      0.11568956
     0.018469741
    -0.085044541
     -0.13958561
     -0.11787624
    -0.034120807
     0.064977590
      0.12613781
      0.11803906
     0.047248993
    -0.046499152
     -0.11250604
     -0.11643485
    -0.058085899
     0.029537556
     0.098808100
      0.11328685
     0.066820599
    -0.014047544
    -0.085160458
     -0.10879512
    -0.073614168
   7.7558240e-08
     0.071677065
      0.10314344
     0.078609558
     0.012624862
    -0.058468141
    -0.096503636
    -0.081938348
    -0.023843433
     0.045639042
     0.089038460
     0.083725370
     0.033671675
    -0.033289186
    -0.080903232
    -0.084091832
    -0.042128216
     0.021511066
     0.072246794
     0.083157362
     0.049236214
    -0.010389349
    -0.063211899
    -0.081041262
    -0.055024718
   7.7558240e-08
     0.053935231
     0.077863183
     0.059529556
    0.0095900207
    -0.044547170
    -0.073743348
    -0.062793865
    -0.018324103
     0.035171387
     0.068802452
     0.064868298
     0.026155660
    -0.025924338
    -0.063161302
    -0.065810994
    -0.033048844
     0.016914701
     0.056940279
     0.065687325
     0.038978656
   -0.0082428055
    -0.050258651
    -0.064569460
    -0.043931013
   7.7558240e-08
     0.043233808
     0.062535785
     0.047902680
    0.0077314746
    -0.035980419
    -0.059670193
    -0.050901079
    -0.014879708
     0.028609574
     0.056061262
     0.052943972
     0.021382716
    -0.021227913
    -0.051801362
    -0.054059027
    -0.027189108
     0.013936774
     0.046985692
     0.054283273
     0.032258188
   -0.0068313794
    -0.041711270
    -0.053662456
    -0.036560028
   7.7558240e-08
     0.036075902
     0.052250295
     0.040075437
    0.0064763526
    -0.030177136
    -0.050107664
    -0.042795805
    -0.012525312
     0.024111224
     0.047301693
     0.044722853
     0.018082903
    -0.017972109
    -0.043904818
    -0.045868261
    -0.023094353
     0.011850442
     0.039993779
     0.046253201
     0.027514327
   -0.0058326510
    -0.035648592
    -0.045907765
    -0.031307143
   7.7558240e-08
     0.030951492
     0.044870311
     0.034446857
    0.0055718234
    -0.025985875
    -0.043186718
    -0.036917255
    -0.010814194
     0.020835252
     0.040909576
     0.038711713
     0.015665393
    -0.015582211
    -0.038097307
    -0.039832961
    -0.020071523
     0.010307425
     0.034813243
     0.040292735
     0.023986841
   -0.0050887002
    -0.031124666
    -0.040111329
    -0.027374077
   7.7558240e-08
     0.027101811
     0.039317055
     0.030204627
    0.0048889924
    -0.022816874
    -0.037945613
    -0.032458644
   -0.0095144017
     0.018343005
     0.036039391
     0.034125013
     0.013818051
    -0.013753321
    -0.033646691
    -0.035201218
    -0.017748422
    0.0091199423
     0.030820904
     0.035693106
     0.021261057
   -0.0045130641
    -0.027619641
    -0.035614543
    -0.024318928
   7.7558240e-08
     0.024103829
     0.034986983
     0.026892711
    0.0043552512
    -0.020336786
    -0.033838947
    -0.028960941
   -0.0084935351
     0.016383289
     0.032205416
     0.030510072
     0.012360443
    -0.012308652
    -0.030127166
    -0.031534422
    -0.015907292
    0.0081778073
     0.027650033
     0.032036024
     0.019091555
   -0.0040544272
    -0.024824136
    -0.032024367
    -0.021877263
   7.7558240e-08
     0.021703055
     0.031516053
     0.024235324
    0.0039265772
    -0.018342989
    -0.030534364
    -0.026143725
   -0.0076705109
     0.014801897
     0.029108743
     0.027587648
     0.011181004
    -0.011138635
    -0.027274217
    -0.028559474
    -0.014412240
    0.0074121020
     0.025070743
     0.029058697
     0.017323812
   -0.0036804096
    -0.022542510
    -0.029091732
    -0.019881157
   7.7558240e-08
     0.019737204
     0.028671644
     0.022055884
    0.0035747265
    -0.016705228
    -0.027817784
    -0.023826015
   -0.0069928973
     0.013498919
     0.026555347
     0.025176137
     0.010207043
    -0.010171746
    -0.024914859
    -0.026097449
    -0.013174069
    0.0067775107
     0.022931605
     0.026587718
     0.015855687
   -0.0033695707
    -0.020644997
    -0.026651150
    -0.018218849
   7.7558240e-08
     0.018097906
     0.026298164
     0.020236087
    0.0032807459
    -0.015335952
    -0.025545091
    -0.021885782
   -0.0064252859
     0.012406779
     0.024413789
     0.023152329
    0.0093891652
   -0.0093593118
    -0.022931194
    -0.024026221
    -0.012131811
    0.0062430126
     0.021128809
     0.024504040
     0.014616957
   -0.0031071491
    -0.019042128
    -0.024588367
    -0.016813069
   7.7558240e-08
     0.016710034
     0.024287602
     0.018693699
    0.0030314433
    -0.014174142
    -0.023615704
    -0.020237754
   -0.0059429014
     0.011478133
     0.022591866
     0.021429683
    0.0086926342
   -0.0086670604
    -0.021240106
    -0.022259585
    -0.011242377
    0.0057866575
     0.019588811
     0.022723222
     0.013557753
   -0.0028826496
    -0.017670221
    -0.022821961
    -0.015608690
   7.7558240e-08
     0.015519865
     0.022562630
     0.017369779
    0.0028173529
    -0.013175968
    -0.021957299
    -0.018820541
   -0.0055278891
     0.010678825
     0.021022988
     0.019945631
    0.0080923092
   -0.0080701603
    -0.019781310
    -0.020734954
    -0.010474451
    0.0053924762
     0.018258052
     0.021183707
     0.012641684
   -0.0026884062
    -0.016482709
    -0.021292339
    -0.014565325
   7.7558240e-08
     0.014487962
     0.021066435
     0.016220981
    0.0026315066
    -0.012309132
    -0.020516533
    -0.017588827
   -0.0051670559
    0.0099835935
     0.019657861
     0.018653813
    0.0075695455
   -0.0075501804
    -0.018510019
    -0.019405789
   -0.0098047244
    0.0050485730
     0.017096601
     0.019839563
     0.011841573
   -0.0025186884
    -0.015444758
    -0.019954880
    -0.013652707
   7.7558240e-08
     0.013584726
     0.019756334
     0.015214713
    0.0024686611
    -0.011549313
    -0.019253200
    -0.016508430
   -0.0048504425
    0.0093733536
     0.018459212
     0.017519151
    0.0071102241
   -0.0070931521
    -0.017392267
    -0.018236764
   -0.0092154941
    0.0047459053
     0.016074080
     0.018655817
     0.011136714
   -0.0023691272
    -0.014529787
    -0.018775513
    -0.012847709
   7.7558240e-08
     0.012787504
     0.018599640
     0.014326001
    0.0023247952
    -0.010877845
    -0.018136426
    -0.015553079
   -0.0045703895
    0.0088334178
     0.017398339
     0.016514611
    0.0067034566
   -0.0066882959
    -0.016401820
    -0.017200583
   -0.0086930700
    0.0044774760
     0.015166967
     0.017605376
     0.010511053
   -0.0022363329
    -0.013717162
    -0.017727772
    -0.012132355
   7.7558240e-08
     0.012078665
     0.017570899
     0.013535380
    0.0021967736
    -0.010280164
    -0.017142105
    -0.014702252
   -0.0043209100
    0.0083522985
     0.016452778
     0.015619023
    0.0063407115
   -0.0063271607
    -0.015518104
    -0.016275819
   -0.0082266999
    0.0042377864
     0.014356768
     0.016666922
    0.0099519506
   -0.0021176357
    -0.012990620
    -0.016790786
    -0.011492460
   7.7558240e-08
     0.011444285
     0.016649993
     0.012827460
    0.0020821154
   -0.0097447425
    -0.016251144
    -0.013939684
   -0.0040972565
    0.0079208816
     0.015604698
     0.014815573
    0.0060152093
   -0.0060030271
    -0.014724746
    -0.015445419
   -0.0078078217
    0.0040224556
     0.013628739
     0.015823454
    0.0094493237
   -0.0020109039
    -0.012337171
    -0.015947875
    -0.010916682
   7.7558240e-08
     0.010873215
     0.015820810
     0.012189910
    0.0019788321
   -0.0092623326
    -0.015448223
    -0.013252321
   -0.0038956162
    0.0075318436
     0.014839763
     0.014090739
    0.0057214944
   -0.0057104854
    -0.014008564
    -0.014695640
   -0.0074295325
    0.0038279498
     0.012970984
     0.015061244
    0.0089950263
   -0.0019144151
    -0.011746313
    -0.015185548
    -0.010395845
   7.7558240e-08
     0.010356430
     0.015070297
     0.011612734
    0.0018853109
   -0.0088254331
    -0.014720906
    -0.012629560
   -0.0037128915
    0.0071792324
     0.014146318
     0.013433521
    0.0054551272
   -0.0054451316
    -0.013358817
    -0.014015285
   -0.0070862053
    0.0036513873
     0.012373795
     0.014369091
    0.0085824075
   -0.0018267622
    -0.011209463
    -0.014492776
   -0.0099224437
   7.7558240e-08
    0.0098865404
     0.014387766
     0.011087743
    0.0018002302
   -0.0084278939
    -0.014058995
    -0.012062702
   -0.0035465399
    0.0068581607
     0.013514787
     0.012834877
    0.0052124582
   -0.0052033439
    -0.012766673
    -0.013395139
   -0.0067732073
    0.0034903947
     0.011829175
     0.013737759
    0.0082059834
   -0.0017467847
    -0.010719541
    -0.013860456
   -0.0094902791
   7.7558240e-08
    0.0094574396
     0.013764379
     0.010608168
    0.0017224967
   -0.0080646253
    -0.013454048
    -0.011544543
   -0.0033944552
    0.0065645779
     0.012937233
     0.012287313
    0.0049904595
   -0.0049821164
    -0.012224795
    -0.012827547
   -0.0064866898
    0.0033429994
     0.011330477
     0.013159570
    0.0078611915
   -0.0016735168
    -0.010270651
    -0.013281005
   -0.0090941883
   7.7558240e-08
    0.0090640376
     0.013192769
     0.010168358
    0.0016511981
   -0.0077313789
    -0.012899013
    -0.011069065
   -0.0032548775
    0.0062950989
     0.012407019
     0.011784557
    0.0047865979
   -0.0047789335
    -0.011727044
    -0.012306101
   -0.0062234285
    0.0032075487
     0.010872126
     0.012628085
    0.0075442055
   -0.0016061480
   -0.0098578459
    -0.012748060
   -0.0087298355
   7.7558240e-08
    0.0087020575
     0.012666742
    0.0097635642
    0.0015855672
   -0.0074245807
    -0.012387960
    -0.010631205
   -0.0031263249
    0.0060468721
     0.011918555
     0.011321327
    0.0045987380
   -0.0045916740
    -0.011268241
    -0.011825393
   -0.0059807024
    0.0030826471
     0.010449416
     0.012137863
    0.0072517920
   -0.0015439936
   -0.0094769419
    -0.012256236
   -0.0083935531
   7.7558240e-08
    0.0083678793
     0.012181054
    0.0093897659
    0.0015249539
   -0.0071412021
    -0.011915858
    -0.010226668
   -0.0030075407
    0.0058174789
     0.011467095
     0.010893136
    0.0044250669
   -0.0044185367
    -0.010843986
    -0.011380829
   -0.0057561990
    0.0029671084
     0.010058347
     0.011684280
    0.0069812004
   -0.0014864706
   -0.0091243789
    -0.011800952
   -0.0080822174
   7.7558240e-08
    0.0080584184
     0.011731237
    0.0090435337
    0.0014688040
   -0.0068786602
    -0.011478419
   -0.0098517883
   -0.0028974522
    0.0056048543
     0.011048589
     0.010496155
    0.0042640356
   -0.0042579820
    -0.010450519
    -0.010968479
   -0.0055479405
    0.0028599179
    0.0096954932
     0.011263376
    0.0067300758
   -0.0014330800
   -0.0087971074
    -0.011378282
   -0.0077931518
   7.7558240e-08
    0.0077710303
     0.011313458
    0.0087219269
    0.0014166420
   -0.0066347383
    -0.011071960
   -0.0095034209
   -0.0027951384
    0.0054072243
     0.010659555
     0.010127090
    0.0041143128
   -0.0041086865
    -0.010084605
    -0.010584965
   -0.0053542251
    0.0027602023
    0.0093579078
     0.010871743
    0.0064963904
   -0.0013833920
   -0.0084925001
    -0.010984842
   -0.0075240493
   7.7558240e-08
    0.0075034348
     0.010924412
    0.0084224085
    0.0013680577
   -0.0064075234
    -0.010693302
   -0.0091788491
   -0.0026998037
    0.0052230568
     0.010296986
    0.0097830984
    0.0039747475
   -0.0039695058
   -0.0097434494
    -0.010227364
   -0.0051735809
    0.0026672061
    0.0090430402
     0.010506428
    0.0062783886
   -0.0013370343
   -0.0082082816
    -0.010617701
   -0.0072729109
   7.7558240e-08
    0.0072536552
     0.010561234
    0.0081427784
    0.0013226951
   -0.0061953558
    -0.010339688
   -0.0088757153
   -0.0026107576
    0.0050510216
    0.0099582701
    0.0094617077
    0.0038443400
   -0.0038394457
   -0.0094246203
   -0.0098931356
   -0.0050047281
    0.0025802722
    0.0087486717
     0.010164866
    0.0060745428
   -0.0012936829
   -0.0079424709
    -0.010274308
   -0.0070379960
   7.7558240e-08
    0.0070199697
     0.010221426
    0.0078811195
    0.0012802442
   -0.0059967888
    -0.010008713
   -0.0085919635
   -0.0025273977
    0.0048899580
    0.0096411285
    0.0091607618
    0.0037222176
   -0.0037176381
   -0.0091259959
   -0.0095800609
   -0.0048465488
    0.0024988266
    0.0084728637
    0.0098448134
    0.0058835175
   -0.0012530545
   -0.0076933360
   -0.0099524314
   -0.0068177816
   7.7558240e-08
    0.0068008713
    0.0099028030
    0.0076357530
    0.0012404332
   -0.0058105550
   -0.0096982693
   -0.0083257923
   -0.0024491961
    0.0047388490
    0.0093435636
    0.0088783698
    0.0036076151
   -0.0036033218
   -0.0088457145
   -0.0092861933
   -0.0046980617
    0.0024223654
    0.0082139144
    0.0095442997
    0.0057041400
   -0.0012149005
   -0.0074593553
   -0.0096501095
   -0.0066109297
   7.7558240e-08
    0.0065950355
    0.0096034440
    0.0074052035
    0.0012030234
   -0.0056355402
   -0.0094065047
   -0.0080756170
   -0.0023756886
    0.0045967992
    0.0090638169
    0.0086128673
    0.0034998586
   -0.0034958263
   -0.0085821364
   -0.0090098178
   -0.0045584027
    0.0023504447
    0.0079703238
    0.0092615890
    0.0055353766
   -0.0011790015
   -0.0072391869
   -0.0093656132
   -0.0064162599
   7.7558240e-08
    0.0064012935
    0.0093216529
    0.0071881679
    0.0011678038
   -0.0054707602
   -0.0091317825
   -0.0078400377
   -0.0023064647
    0.0044630177
    0.0088003345
    0.0083627831
    0.0033983525
   -0.0033945588
   -0.0083338116
   -0.0087494177
   -0.0044268071
    0.0022826716
    0.0077407650
    0.0089951447
    0.0053763123
   -0.0011451632
   -0.0070316428
   -0.0090974111
   -0.0062327268
   7.7558240e-08
    0.0062186098
    0.0090559275
    0.0069834920
    0.0011345876
   -0.0053153426
   -0.0088726517
   -0.0076178133
   -0.0022411607
    0.0043368031
    0.0085517382
    0.0081268120
    0.0033025683
   -0.0032989933
   -0.0080994534
   -0.0085036469
   -0.0043025963
    0.0022186975
    0.0075240594
    0.0087436022
    0.0052261342
   -0.0011132133
   -0.0068356675
   -0.0088441423
   -0.0060594013
   7.7558240e-08
    0.0060460639
    0.0088049319
    0.0067901492
    0.0011032086
   -0.0051685117
   -0.0086278218
   -0.0074078393
   -0.0021794526
    0.0042175309
    0.0083168010
    0.0079037921
    0.0032120354
   -0.0032086614
   -0.0078779156
   -0.0082713062
   -0.0041851655
    0.0021582116
    0.0073191570
    0.0085057454
    0.0050841180
   -0.0010829979
   -0.0066503199
   -0.0086045933
   -0.0058954550
   7.7558240e-08
    0.0058828348
    0.0085674743
    0.0066072236
    0.0010735185
   -0.0050295749
   -0.0083961406
   -0.0072091301
   -0.0021210516
    0.0041046438
    0.0080944273
    0.0076926857
    0.0031263335
   -0.0031231446
   -0.0076681743
   -0.0080513240
   -0.0040739744
    0.0021009363
    0.0071251189
    0.0082804869
    0.0049496159
   -0.0010543794
   -0.0064747584
   -0.0083776788
   -0.0057401464
   7.7558240e-08
    0.0057281876
    0.0083424882
    0.0064338954
    0.0010453844
   -0.0048979123
   -0.0081765766
   -0.0070208027
   -0.0020656986
    0.0039976423
    0.0078836355
    0.0074925629
    0.0030450859
   -0.0030420680
   -0.0074693118
   -0.0078427398
   -0.0039685385
    0.0020466224
    0.0069411035
    0.0080668517
    0.0048220468
   -0.0010272347
   -0.0063082278
   -0.0081624249
   -0.0055928106
   7.7558240e-08
    0.0055814629
    0.0081290163
    0.0062694285
    0.0010186873
   -0.0047729671
   -0.0079682035
   -0.0068420643
   -0.0020131611
    0.0038960779
    0.0076835438
    0.0073025884
    0.0029679543
   -0.0029650944
   -0.0072805029
   -0.0076446903
   -0.0038684223
    0.0019950461
    0.0067663537
    0.0078639627
    0.0047008883
   -0.0010014526
   -0.0061500488
   -0.0079579552
   -0.0054528490
   7.7558240e-08
    0.0054420672
    0.0079261966
    0.0061131603
   0.00099331962
   -0.0046542382
   -0.0077701869
   -0.0066722007
   -0.0019632296
    0.0037995465
    0.0074933577
    0.0071220092
    0.0028946335
   -0.0028919201
   -0.0071010041
   -0.0074563968
   -0.0037732330
    0.0019460055
    0.0066001869
    0.0076710290
    0.0045856689
  -0.00097693312
   -0.0059996085
   -0.0077634791
   -0.0053197214
   7.7558240e-08
    0.0053094646
    0.0077332514
    0.0059644928
   0.00096918462
   -0.0045412727
   -0.0075817734
   -0.0065105669
   -0.0019157150
    0.0037076829
    0.0073123593
    0.0069501453
    0.0028248479
   -0.0028222706
   -0.0069301434
   -0.0072771559
   -0.0036826158
    0.0018993181
    0.0064419859
    0.0074873354
    0.0044759624
  -0.00095358570
   -0.0058563526
   -0.0075782815
   -0.0051929393
   7.7558240e-08
    0.0051831704
    0.0075494765
    0.0058228845
   0.00094619455
   -0.0044336611
   -0.0074022810
   -0.0063565790
   -0.0018704458
    0.0036201566
    0.0071398986
    0.0067863805
    0.0027583479
   -0.0027558972
   -0.0067673119
   -0.0071063301
   -0.0035962489
    0.0018548185
    0.0062911913
    0.0073122337
    0.0043713824
  -0.00093132826
   -0.0057197784
   -0.0074017138
   -0.0050720595
   7.7558240e-08
    0.0050627449
    0.0073742334
    0.0056878442
   0.00092426981
   -0.0043310315
   -0.0072310907
   -0.0062097070
   -0.0018272667
    0.0035366674
    0.0069753853
    0.0066301555
    0.0026949068
   -0.0026925740
   -0.0066119565
   -0.0069433403
   -0.0035138402
    0.0018123564
    0.0061472950
    0.0071451348
    0.0042715777
  -0.00091008621
   -0.0055894290
   -0.0072331865
   -0.0049566793
   7.7558240e-08
    0.0049477883
    0.0072069415
    0.0055589255
   0.00090333805
   -0.0042330458
   -0.0070676396
   -0.0060694688
   -0.0017860361
    0.0034569425
    0.0068182826
    0.0064809613
    0.0026343182
   -0.0026320955
   -0.0064635740
   -0.0067876595
   -0.0034351236
    0.0017717951
    0.0060098340
    0.0069855023
    0.0041762286
  -0.00088979163
   -0.0054648885
   -0.0070721627
   -0.0048464316
   7.7558240e-08
    0.0048379363
    0.0070470715
    0.0054357213
   0.00088333329
   -0.0041393957
   -0.0069114145
   -0.0059354248
   -0.0017466250
    0.0033807327
    0.0066681007
    0.0063383338
    0.0025763941
   -0.0025742742
   -0.0063217053
   -0.0066388068
   -0.0033598565
    0.0017330096
    0.0058783862
    0.0068328468
    0.0040850432
  -0.00087038249
   -0.0053457769
   -0.0069181520
   -0.0047409814
   7.7558240e-08
    0.0047328564
    0.0068941404
    0.0053178598
   0.00086419528
   -0.0040497998
   -0.0067619465
   -0.0058071736
   -0.0017089155
    0.0033078107
    0.0065243921
    0.0062018487
    0.0025209623
   -0.0025189389
   -0.0061859305
   -0.0064963426
   -0.0032878170
    0.0016958859
    0.0057525655
    0.0066867206
    0.0039977546
  -0.00085180210
   -0.0052317469
   -0.0067707062
   -0.0046400224
   7.7558240e-08
    0.0046322442
    0.0067477059
    0.0052050010
   0.00084586890
   -0.0039640003
   -0.0066188065
   -0.0056843476
   -0.0016727999
    0.0032379682
    0.0063867472
    0.0060711177
    0.0024678656
   -0.0024659324
   -0.0060558654
   -0.0063598643
   -0.0032188017
    0.0016603194
    0.0056320181
    0.0065467136
    0.0039141182
  -0.00083399848
   -0.0051224800
   -0.0066294143
   -0.0045432734
   7.7558240e-08
    0.0045358206
    0.0066073627
    0.0050968329
   0.00082830358
   -0.0038817609
   -0.0064816011
   -0.0055666096
   -0.0016381792
    0.0031710141
    0.0062547901
    0.0059457842
    0.0024169593
   -0.0024151109
   -0.0059311572
   -0.0062290024
   -0.0031526243
    0.0016262141
    0.0055164192
    0.0064124493
    0.0038339096
  -0.00081692392
   -0.0050176840
   -0.0064938988
   -0.0044504767
   7.7558240e-08
    0.0044433295
    0.0064727385
    0.0049930690
   0.00081145288
   -0.0038028646
   -0.0063499685
   -0.0054536500
   -0.0016049623
    0.0031067728
    0.0061281754
    0.0058255209
    0.0023681106
   -0.0023663419
   -0.0058114815
   -0.0061034172
   -0.0030891132
    0.0015934819
    0.0054054703
    0.0062835814
    0.0037569222
  -0.00080053453
   -0.0049170898
   -0.0063638125
   -0.0043613947
   7.7558240e-08
    0.0043545351
    0.0063434906
    0.0048934457
   0.00079527405
   -0.0037271116
   -0.0062235761
   -0.0053451835
   -0.0015730657
    0.0030450829
    0.0060065851
    0.0057100262
    0.0023211973
   -0.0023195036
   -0.0056965399
   -0.0059827959
   -0.0030281104
    0.0015620413
    0.0052988964
    0.0061597911
    0.0036829658
  -0.00078478989
   -0.0048204499
   -0.0062388358
   -0.0042758090
   7.7558240e-08
    0.0042692200
    0.0062193033
    0.0047977200
   0.00077972771
   -0.0036543177
   -0.0061021171
   -0.0052409475
   -0.0015424122
    0.0029857952
    0.0058897260
    0.0055990220
    0.0022761066
   -0.0022744836
   -0.0055860568
   -0.0058668497
   -0.0029694702
    0.0015318175
    0.0051964437
    0.0060407840
    0.0036118649
  -0.00076965268
   -0.0047275355
   -0.0061186732
   -0.0041935175
   7.7558240e-08
    0.0041871838
    0.0060998852
    0.0047056677
   0.00076477747
   -0.0035843128
   -0.0059853081
   -0.0051406990
   -0.0015129304
    0.0029287722
    0.0057773271
    0.0054922513
    0.0022327343
   -0.0022311780
   -0.0054797778
   -0.0057553122
   -0.0029130580
    0.0015027412
    0.0050978776
    0.0059262882
    0.0035434572
  -0.00075508842
   -0.0046381352
   -0.0060030519
   -0.0041143337
   7.7558240e-08
    0.0041082410
    0.0059849665
    0.0046170811
   0.00075038969
   -0.0035169397
   -0.0058728871
   -0.0050442137
   -0.0014845544
    0.0028738864
    0.0056691379
    0.0053894765
    0.0021909840
   -0.0021894907
   -0.0053774675
   -0.0056479365
   -0.0028587492
    0.0014747481
    0.0050029812
    0.0058160520
    0.0034775925
  -0.00074106517
   -0.0045520534
   -0.0058917193
   -0.0040380848
   7.7558240e-08
    0.0040322198
    0.0058742979
    0.0045317683
   0.00073653321
   -0.0034520526
   -0.0057646114
   -0.0049512834
   -0.0014572232
    0.0028210200
    0.0055649262
    0.0052904774
    0.0021507664
   -0.0021493326
   -0.0052789074
   -0.0055444940
   -0.0028064282
    0.0014477790
    0.0049115532
    0.0057098418
    0.0034141316
  -0.00072755335
   -0.0044691088
   -0.0057844410
   -0.0039646106
   7.7558239e-08
    0.0039589611
    0.0057676477
    0.0044495510
   0.00072317915
   -0.0033895166
   -0.0056602559
   -0.0048617153
   -0.0014308802
    0.0027700635
    0.0054644767
    0.0051950497
    0.0021119986
   -0.0021106211
   -0.0051838953
   -0.0054447725
   -0.0027559880
    0.0014217786
    0.0048234069
    0.0056074412
    0.0033529453
  -0.00071452548
   -0.0043891328
   -0.0056809995
   -0.0038937624
   7.7558240e-08
    0.0038883168
    0.0056648010
    0.0043702637
   0.00071030066
   -0.0033292060
   -0.0055596115
   -0.0047753301
   -0.0014054726
    0.0027209152
    0.0053675893
    0.0051030036
    0.0020746035
   -0.0020732795
   -0.0050922429
   -0.0053485747
   -0.0027073288
    0.0013966956
    0.0047383688
    0.0055086489
    0.0032939135
  -0.00070195601
   -0.0043119688
   -0.0055811927
   -0.0038254018
   7.7558239e-08
    0.0038201495
    0.0055655579
    0.0042937527
   0.00069787278
   -0.0032710042
   -0.0054624837
   -0.0046919612
   -0.0013809515
    0.0026734807
    0.0052740777
    0.0050141625
    0.0020385097
   -0.0020372362
   -0.0050037750
   -0.0052557171
   -0.0026603580
    0.0013724823
    0.0046562771
    0.0054132773
    0.0032369243
  -0.00068982118
   -0.0042374713
   -0.0054848322
   -0.0037594001
   7.7558240e-08
    0.0037543313
    0.0054697322
    0.0042198744
   0.00068587227
   -0.0032148025
   -0.0053686913
   -0.0046114533
   -0.0013572714
    0.0026276717
    0.0051837685
    0.0049283617
    0.0020036502
   -0.0020024248
   -0.0049183286
   -0.0051660286
   -0.0026149892
    0.0013490943
    0.0045769816
    0.0053211518
    0.0031818735
  -0.00067809881
   -0.0041655042
   -0.0053917427
   -0.0036956372
   7.7558240e-08
    0.0036907426
    0.0053771505
    0.0041484955
   0.00067427745
   -0.0031604994
   -0.0052780654
   -0.0045336615
   -0.0013343896
    0.0025834061
    0.0050965001
    0.0048454479
    0.0019699629
   -0.0019687832
   -0.0048357514
   -0.0050793499
   -0.0025711418
    0.0013264901
    0.0045003416
    0.0052321095
    0.0031286639
  -0.00066676823
   -0.0040959408
   -0.0053017602
   -0.0036340013
   7.7558240e-08
