   2.5344007e-08
  -0.00066533186
   -0.0013210777
   -0.0019568515
   -0.0025625940
   -0.0031287061
   -0.0036462015
   -0.0041068488
   -0.0045033027
   -0.0048292211
   -0.0050793660
   -0.0052496886
   -0.0053373937
   -0.0053409862
   -0.0052602964
   -0.0050964840
   -0.0048520220
   -0.0045306595
   -0.0041373639
   -0.0036782444
   -0.0031604572
   -0.0025920938
   -0.0019820547
   -0.0013399103
  -0.00067575018
  -2.5344007e-08
   0.00067661675
    0.0013434997
    0.0019900865
    0.0026061463
    0.0031819157
    0.0037082542
    0.0041767886
    0.0045800464
    0.0049115750
    0.0051660448
    0.0053393350
    0.0054286000
    0.0054323163
    0.0053503082
    0.0051837524
    0.0049351614
    0.0046083455
    0.0042083548
    0.0037414008
    0.0032147602
    0.0026366617
    0.0020161571
    0.0013629799
   0.00068739258
   2.5344007e-08
  -0.00068829104
   -0.0013666959
   -0.0020244699
   -0.0026512045
   -0.0032369665
   -0.0037724556
   -0.0042491518
   -0.0046594510
   -0.0049967864
   -0.0052557332
   -0.0054320963
   -0.0055229776
   -0.0055268242
   -0.0054434542
   -0.0052740615
   -0.0050211996
   -0.0046887421
   -0.0042818244
   -0.0038067639
   -0.0032709620
   -0.0026827891
   -0.0020514536
   -0.0013868579
  -0.00069944321
  -2.5344007e-08
   0.00070037525
    0.0013907071
    0.0020600623
    0.0026978482
    0.0032939558
    0.0038389193
    0.0043240666
    0.0047416575
    0.0050850067
    0.0053485908
    0.0055281377
    0.0056206949
    0.0056246787
    0.0055399008
    0.0053675731
    0.0051102909
    0.0047719937
    0.0043579049
    0.0038744514
    0.0033291638
    0.0027305591
    0.0020880079
    0.0014115874
   0.00071192390
   2.5344007e-08
  -0.00071289134
   -0.0014155772
   -0.0020969285
   -0.0027461625
   -0.0033529876
   -0.0039077668
   -0.0044016704
   -0.0048268169
   -0.0051763981
   -0.0054447886
   -0.0056276363
   -0.0057219322
   -0.0057260608
   -0.0056398268
   -0.0054644606
   -0.0052026009
   -0.0048582551
   -0.0044367379
   -0.0039445895
   -0.0033894743
   -0.0027800612
   -0.0021258886
   -0.0014372150
  -0.00072485811
  -2.5344008e-08
   0.00072586289
    0.0014413529
    0.0021351383
    0.0027962388
    0.0034141739
    0.0039791288
    0.0044821106
    0.0049150910
    0.0052711347
    0.0055445102
    0.0057307822
    0.0058268833
    0.0058311647
    0.0057434238
    0.0055649101
    0.0052983071
    0.0049476925
    0.0045184755
    0.0040173139
    0.0034520104
    0.0028313914
    0.0021651692
    0.0014637902
   0.00073827100
   2.5344007e-08
  -0.00073931522
   -0.0014680846
   -0.0021747664
   -0.0028481753
   -0.0034776347
   -0.0040531457
   -0.0045655456
   -0.0050066541
   -0.0053694036
   -0.0056479527
   -0.0058377797
   -0.0059357564
   -0.0059401992
   -0.0058508980
   -0.0056691217
   -0.0053976005
   -0.0050404847
   -0.0046032815
   -0.0040927703
   -0.0035168974
   -0.0028846526
   -0.0022059287
   -0.0014913668
  -0.00075218967
  -2.5344007e-08
   0.00075327558
    0.0014958267
    0.0022158933
    0.0029020776
    0.0035434994
    0.0041299684
    0.0046521458
    0.0051016933
    0.0054714062
    0.0057553283
    0.0059488486
    0.0060487754
    0.0060533889
    0.0059624711
    0.0057773109
    0.0055006867
    0.0051368239
    0.0046913317
    0.0041711154
    0.0035842705
    0.0029399561
    0.0022482523
    0.0015200024
   0.00076664325
   2.5344007e-08
  -0.00076777328
   -0.0015246374
   -0.0022586056
   -0.0029580594
   -0.0036119071
   -0.0042097594
   -0.0047420947
   -0.0052004105
   -0.0055773592
   -0.0058668659
   -0.0060642259
   -0.0061661817
   -0.0061709761
   -0.0060783822
   -0.0058897098
   -0.0056077870
   -0.0052369177
   -0.0047828160
   -0.0042525186
   -0.0036542754
   -0.0029974216
   -0.0022922317
   -0.0015497592
  -0.00078166320
  -2.5344007e-08
   0.00078283997
    0.0015545797
    0.0023029969
    0.0030162436
    0.0036830081
    0.0042926944
    0.0048355906
    0.0053030235
    0.0056874969
    0.0059828120
    0.0061841672
    0.0062882360
    0.0062932220
    0.0061988893
    0.0060065690
    0.0057191408
    0.0053409897
    0.0048779393
    0.0043371623
    0.0037270693
    0.0030571784
    0.0023379661
    0.0015807044
   0.00079728346
   2.5344007e-08
  -0.00079850981
   -0.0015857216
   -0.0023491681
   -0.0030767626
   -0.0037569645
   -0.0043789627
   -0.0049328474
   -0.0054097674
   -0.0058020720
   -0.0061034334
   -0.0063089487
   -0.0064152198
   -0.0064204091
   -0.0063242712
   -0.0061281593
   -0.0058350065
   -0.0054492820
   -0.0049769231
   -0.0044252440
   -0.0038028224
   -0.0031193662
   -0.0023855627
   -0.0016129106
  -0.00081354077
  -2.5344007e-08
   0.00081481975
    0.0016181367
    0.0023972285
    0.0031397598
    0.0038339519
    0.0044687696
    0.0050340966
    0.0055208968
    0.0059213582
    0.0062290186
    0.0064388695
    0.0065474379
    0.0065528433
    0.0064548300
    0.0062547740
    0.0059556640
    0.0055620566
    0.0050800074
    0.0045169775
    0.0038817187
    0.0031841367
    0.0024351375
    0.0016464565
   0.00083047490
   2.5344008e-08
  -0.00083180985
   -0.0016519047
   -0.0024472964
   -0.0032053907
   -0.0039141605
   -0.0045623372
   -0.0051395894
   -0.0056366877
   -0.0060456523
   -0.0063598805
   -0.0065742538
   -0.0066852207
   -0.0066908560
   -0.0065908929
   -0.0063867311
   -0.0060814168
   -0.0056795977
   -0.0051874522
   -0.0046125948
   -0.0039639580
   -0.0032516540
   -0.0024868165
   -0.0016814274
  -0.00084812902
  -2.5344007e-08
   0.00084952354
    0.0016871120
    0.0024995004
    0.0032738239
    0.0039977968
    0.0046599068
    0.0052495981
    0.0057574397
    0.0061752763
    0.0064963588
    0.0067154535
    0.0068289272
    0.0068348072
    0.0067328156
    0.0065243760
    0.0062125947
    0.0058022139
    0.0052995403
    0.0047123477
    0.0040497576
    0.0033220966
    0.0025407365
    0.0017179162
   0.00086655004
   2.5344007e-08
  -0.00086800806
   -0.0017238528
   -0.0025539799
   -0.0033452429
   -0.0040850854
   -0.0047617408
   -0.0053644190
   -0.0058834785
   -0.0063105805
   -0.0066388229
   -0.0068628516
   -0.0069789476
   -0.0069850888
   -0.0068809848
   -0.0066680846
   -0.0063495564
   -0.0059302413
   -0.0054165792
   -0.0048165106
   -0.0041393535
   -0.0033956589
   -0.0025970466
   -0.0017560238
  -0.00088578905
  -2.5344007e-08
   0.00088731485
    0.0017622294
    0.0026108873
    0.0034198474
    0.0041762708
    0.0048681251
    0.0054843751
    0.0060151592
    0.0064519468
    0.0067876756
    0.0070168654
    0.0071357074
    0.0071421276
    0.0070358224
    0.0068182665
    0.0064926931
    0.0060640460
    0.0055389045
    0.0049253825
    0.0042330036
    0.0034725528
    0.0026559094
    0.0017958605
   0.00090590176
   2.5344007e-08
  -0.00090750002
   -0.0018023536
   -0.0026703885
   -0.0034978554
   -0.0042716199
   -0.0049793715
   -0.0056098186
   -0.0061528692
   -0.0065997919
   -0.0069433565
   -0.0071779506
   -0.0072996713
   -0.0073063899
   -0.0071977887
   -0.0069753692
   -0.0066424321
   -0.0062040283
   -0.0056668825
   -0.0050392901
   -0.0043309893
   -0.0035530100
   -0.0027175023
   -0.0018375465
  -0.00092694908
  -2.5344007e-08
   0.00092862491
    0.0018443475
    0.0027326649
    0.0035795052
    0.0043714246
    0.0050958212
    0.0057411350
    0.0062970323
    0.0067545715
    0.0071063462
    0.0073466055
    0.0074713476
    0.0074783859
    0.0073673877
    0.0071398824
    0.0067992409
    0.0063506260
    0.0058009144
    0.0051585910
    0.0044336189
    0.0036372839
    0.0027820198
    0.0018812139
   0.00094899770
   2.5344007e-08
  -0.00095075670
   -0.0018883449
   -0.0027979153
   -0.0036650579
   -0.0044760047
   -0.0052178480
   -0.0058787464
   -0.0064481131
   -0.0069167853
   -0.0072771720
   -0.0075233767
   -0.0076512933
   -0.0076586748
   -0.0075451721
   -0.0073123432
   -0.0069636324
   -0.0065043194
   -0.0059414400
   -0.0052836777
   -0.0045412305
   -0.0037256527
   -0.0028496753
   -0.0019270072
  -0.00097212081
  -2.5344008e-08
   0.00097396915
    0.0019344927
    0.0028663581
    0.0037548003
    0.0045857112
    0.0053458624
    0.0060231168
    0.0066066216
    0.0070869820
    0.0074564129
    0.0077088644
    0.0078401210
    0.0078478713
    0.0077317489
    0.0074933416
    0.0071361701
    0.0066656366
    0.0060889431
    0.0054149813
    0.0046541959
    0.0038184224
    0.0029207036
    0.0019750856
   0.00099639893
   2.5344007e-08
  -0.00099834338
   -0.0019829526
   -0.0029382332
   -0.0038490479
   -0.0047009305
   -0.0054803162
   -0.0061747566
   -0.0067731194
   -0.0072657659
   -0.0076447064
   -0.0079037297
   -0.0080385046
   -0.0080466522
   -0.0079277871
   -0.0076835277
   -0.0073174749
   -0.0068351590
   -0.0062439565
   -0.0055529773
   -0.0047729249
   -0.0039159301
   -0.0029953631
   -0.0020256245
   -0.0010219208
  -2.5344007e-08
    0.0010239689
    0.0020339027
    0.0030138057
    0.0039481486
    0.0048220891
    0.0056217077
    0.0063342291
    0.0069482263
    0.0074538036
    0.0078427560
    0.0081087021
    0.0082471886
    0.0082557647
    0.0081340249
    0.0078836194
    0.0075082326
    0.0070135292
    0.0064070688
    0.0056981907
    0.0048978700
    0.0040185482
    0.0030739397
    0.0020788178
    0.0010487845
   2.5344007e-08
   -0.0010509445
   -0.0020875400
   -0.0030933682
   -0.0040524871
   -0.0049496581
   -0.0057705881
   -0.0065021571
   -0.0071326276
   -0.0076518327
   -0.0080513401
   -0.0083245888
   -0.0084669964
   -0.0084760359
   -0.0083512797
   -0.0080944111
   -0.0077092021
   -0.0072014583
   -0.0065789318
   -0.0058512028
   -0.0050295326
   -0.0041266894
   -0.0031567499
   -0.0021348802
   -0.0010770987
  -2.5344007e-08
    0.0010793798
    0.0021440829
    0.0031772454
    0.0041624901
    0.0050841602
    0.0059275687
    0.0066792316
    0.0073270834
    0.0078606712
    0.0082713223
    0.0085522856
    0.0086988419
    0.0087083833
    0.0085804585
    0.0083167848
    0.0079212261
    0.0073997360
    0.0067602691
    0.0060126594
    0.0051684694
    0.0042408118
    0.0032441454
    0.0021940503
    0.0011069843
   2.5344007e-08
   -0.0011093966
   -0.0022037741
   -0.0032657981
   -0.0042786316
   -0.0052261765
   -0.0060933290
   -0.0068662206
   -0.0075324393
   -0.0080812291
   -0.0085036630
   -0.0087927887
   -0.0089437418
   -0.0089538281
   -0.0088225706
   -0.0085517220
   -0.0081452424
   -0.0076092412
   -0.0069518862
   -0.0061832791
   -0.0053153004
   -0.0043614259
   -0.0033365179
   -0.0022565937
   -0.0011385755
  -2.5344007e-08
    0.0011411306
    0.0022668840
    0.0033594283
    0.0044014403
    0.0053763545
    0.0062686267
    0.0070639808
    0.0077496380
    0.0083145212
    0.0087494339
    0.0090472098
    0.0092028305
    0.0092135099
    0.0090787427
    0.0088003184
    0.0083822980
    0.0078309553
    0.0071546829
    0.0063638650
    0.0054707179
    0.0044891016
    0.0034343050
    0.0023228076
    0.0011720230
   2.5344007e-08
   -0.0011747336
   -0.0023337151
   -0.0034585857
   -0.0045315071
   -0.0055354189
   -0.0064543093
   -0.0072734707
   -0.0079797346
   -0.0085616833
   -0.0090098339
   -0.0093167931
   -0.0094773780
   -0.0094887043
   -0.0093502360
   -0.0090638007
   -0.0086335656
   -0.0080659775
   -0.0073696669
   -0.0065553165
   -0.0056354980
   -0.0046244780
   -0.0035379970
   -0.0023930248
   -0.0012074951
  -2.5344007e-08
    0.0012103755
    0.0024046063
    0.0035637745
    0.0046694952
    0.0057041823
    0.0066513278
    0.0074957655
    0.0082239129
    0.0088239901
    0.0092862094
    0.0096029355
    0.0097688104
    0.0097808441
    0.0096384676
    0.0093435474
    0.0089003627
    0.0083155432
    0.0075979708
    0.0067586446
    0.0058105128
    0.0047682732
    0.0036481456
    0.0024676195
    0.0012451814
   2.5344007e-08
   -0.0012482479
   -0.0024799393
   -0.0036755624
   -0.0048161509
   -0.0058835597
   -0.0068607531
   -0.0077320764
   -0.0084835066
   -0.0091028776
   -0.0095800771
   -0.0099072112
    -0.010078735
    -0.010091544
   -0.0099450345
   -0.0096411124
   -0.0091841750
   -0.0085810455
   -0.0078408722
   -0.0069749898
   -0.0059967465
   -0.0049212980
   -0.0037653732
   -0.0025470145
   -0.0012852960
  -2.5344007e-08
    0.0012885668
    0.0025601452
    0.0037945905
    0.0049723174
    0.0060745851
    0.0070837951
    0.0079837721
    0.0087600229
    0.0093999692
    0.0098931517
     0.010231400
     0.010408968
     0.010422632
     0.010271744
    0.0099582540
    0.0094866837
    0.0088640610
    0.0080998172
    0.0072056437
    0.0061953136
    0.0050844702
    0.0038903848
    0.0026316884
    0.0013280813
   2.5344007e-08
   -0.0013315772
   -0.0026457123
   -0.0039215856
   -0.0051389507
   -0.0062784309
   -0.0073218265
   -0.0082524056
   -0.0090551723
   -0.0097171076
    -0.010227380
    -0.010577523
    -0.010761576
    -0.010776181
    -0.010620648
    -0.010296970
   -0.0098097992
   -0.0091663819
   -0.0083764498
   -0.0074520741
   -0.0064074812
   -0.0052588340
   -0.0040239824
   -0.0027221857
   -0.0013738132
  -2.5344007e-08
    0.0013775579
    0.0027371970
    0.0040573754
    0.0053171398
    0.0064964327
    0.0075764108
    0.0085397462
    0.0093709041
     0.010056392
     0.010584981
     0.010947885
     0.011138910
     0.011154558
     0.010994088
     0.010659539
     0.010155701
    0.0094900531
    0.0086726461
    0.0077159570
    0.0066346961
    0.0054455816
    0.0041670819
    0.0028191288
    0.0014228071
   2.5344007e-08
   -0.0014268277
   -0.0028352350
   -0.0042029062
   -0.0055081298
   -0.0067301180
   -0.0078493369
   -0.0088478185
   -0.0097094488
    -0.010420228
    -0.010968495
    -0.011345123
    -0.011543667
    -0.011560473
    -0.011394747
    -0.011048573
    -0.010526889
   -0.0098374191
   -0.0089905578
   -0.0079992147
   -0.0068786180
   -0.0056460809
   -0.0043207345
   -0.0029232316
   -0.0014754248
  -2.5344007e-08
    0.0014797525
    0.0029405567
    0.0043592652
    0.0057133516
    0.0069812426
    0.0081426611
    0.0091789500
     0.010073372
     0.010811378
     0.011380845
     0.011772274
     0.011978949
     0.011997047
     0.011825713
     0.011467079
     0.010926239
     0.010211181
    0.0093326636
    0.0083040621
    0.0071411599
    0.0058619088
    0.0044861522
    0.0030353178
    0.0015320838
   2.5344007e-08
   -0.0015367548
   -0.0030540051
   -0.0045277075
   -0.0059344574
   -0.0072518342
   -0.0084587589
   -0.0095358305
    -0.010465637
    -0.011233039
    -0.011825409
    -0.012232849
    -0.012448343
    -0.012467889
    -0.012290560
    -0.011918539
    -0.011357084
    -0.010614465
   -0.0097018348
   -0.0086330654
   -0.0074245384
   -0.0060948932
   -0.0046647402
   -0.0031563422
   -0.0015932682
  -2.5344007e-08
    0.0015983245
    0.0031765584
    0.0047096903
    0.0061733656
    0.0075442477
    0.0088003897
    0.0099215848
     0.010889691
     0.011688925
     0.012306117
     0.012730929
     0.012956025
     0.012977198
     0.012793447
     0.012407003
     0.011823303
     0.011050915
     0.010101415
    0.0089892142
    0.0077313367
    0.0063471643
    0.0048581364
    0.0032874185
    0.0016595429
   2.5344008e-08
   -0.0016650335
   -0.0033093587
   -0.0049069145
   -0.0064323164
   -0.0078612338
   -0.0091707772
    -0.010339865
    -0.011349561
    -0.012183381
    -0.012827563
    -0.013271291
    -0.013506876
    -0.013529889
    -0.013339243
    -0.012937217
    -0.012329437
    -0.011524796
    -0.010535324
   -0.0093760127
   -0.0080645831
   -0.0066212205
   -0.0050682624
   -0.0034298533
   -0.0017315706
  -2.5344007e-08
    0.0017375535
    0.0034537472
    0.0051213786
    0.0067139425
    0.0082060256
    0.0095737120
     0.010794965
     0.011849983
     0.012721517
     0.013395155
     0.013859558
     0.014106649
     0.014131753
     0.013933683
     0.013514770
     0.012880842
     0.012041139
     0.011008184
    0.0097975952
    0.0084278517
    0.0069200111
    0.0052973871
    0.0035851897
    0.0018101343
   2.5344007e-08
   -0.0018166782
   -0.0036113097
   -0.0053554463
   -0.0070213584
   -0.0085824498
    -0.010013681
    -0.011291972
    -0.012396569
    -0.013309388
    -0.014015302
    -0.014502395
    -0.014762162
    -0.014789655
    -0.014583574
    -0.014146301
    -0.013483877
    -0.012605920
    -0.011525485
    -0.010258875
   -0.0088253909
   -0.0072470427
   -0.0055482092
   -0.0037552640
   -0.0018961661
  -2.5344007e-08
    0.0019033530
    0.0037839357
    0.0056119343
    0.0073582769
    0.0089950685
     0.010496037
     0.011836952
     0.012996017
     0.013954223
     0.014695656
     0.015207764
     0.015481566
     0.015511807
     0.015297056
     0.014839747
     0.014146150
     0.013226289
     0.012093802
     0.010765735
    0.0092622904
    0.0076065179
    0.0058239640
    0.0039422779
    0.0019907839
   2.5344007e-08
   -0.0019987126
   -0.0039738935
   -0.0058942260
   -0.0077291589
   -0.0094493659
    -0.011027214
    -0.012437204
    -0.013656385
    -0.014664724
    -0.015445435
    -0.015985258
    -0.016274679
    -0.016308100
    -0.016083942
    -0.015604682
    -0.014876839
    -0.013910879
    -0.012721073
    -0.011325284
   -0.0097447003
   -0.0080035166
   -0.0061285634
   -0.0041488950
   -0.0020953406
  -2.5344007e-08
    0.0021041313
    0.0041839314
    0.0062064214
    0.0081394127
    0.0099519929
     0.011615019
     0.013101585
     0.014387455
     0.015451459
     0.016275835
     0.016846533
     0.017153441
     0.017190573
     0.016956173
     0.016452762
     0.015687123
     0.014670206
     0.013416973
     0.011946187
     0.010280122
    0.0084442377
    0.0064667830
    0.0043783679
    0.0022114889
   2.5344007e-08
   -0.0022212892
   -0.0044174111
   -0.0065535380
   -0.0085956590
    -0.010511095
    -0.012269019
    -0.013840953
    -0.015201226
    -0.016327392
    -0.017200599
    -0.017805903
    -0.018132519
    -0.018174016
    -0.017928430
    -0.017398323
    -0.016590759
    -0.015517214
    -0.014193418
    -0.012639120
    -0.010877803
   -0.0089363248
   -0.0068445143
   -0.0046347112
   -0.0023412696
  -2.5344007e-08
    0.0023522630
    0.0046784889
    0.0069417822
    0.0091060914
     0.011136756
     0.013001062
     0.014668762
     0.016112571
     0.017308606
     0.018236780
     0.018881139
     0.019230129
     0.019276808
     0.019018967
     0.018459196
     0.017604863
     0.016468023
     0.015065248
     0.013417389
     0.011549271
    0.0094893138
    0.0072691105
    0.0049229379
    0.0024872325
   2.5344007e-08
   -0.0024996494
   -0.0049723654
   -0.0073789236
   -0.0096809723
    -0.011841616
    -0.013826003
    -0.015601891
    -0.017140160
    -0.018415295
    -0.019405805
    -0.020094580
    -0.020469184
    -0.020522079
    -0.020250765
    -0.019657844
    -0.018751013
    -0.017542959
    -0.016051193
    -0.014297794
    -0.012309090
    -0.010115257
   -0.0077498702
   -0.0052493911
   -0.0026526053
  -2.5344007e-08
    0.0026667400
    0.0053056355
    0.0078748206
     0.010333330
     0.012641726
     0.014762726
     0.016661803
     0.018307747
     0.019673171
     0.020734970
     0.021474702
     0.021878908
     0.021939350
     0.021653172
     0.021022972
     0.020056793
     0.018768025
     0.017175225
     0.015301852
     0.013175926
     0.010829609
    0.0082987262
    0.0056222154
    0.0028415356
   2.5344007e-08
   -0.0028577690
   -0.0056867892
   -0.0084421725
    -0.011079960
    -0.013557795
    -0.015835600
    -0.017876221
    -0.019646033
    -0.021115487
    -0.022259601
    -0.023058383
    -0.023497170
    -0.023566898
    -0.023264271
    -0.022591850
    -0.021558049
    -0.020177034
    -0.018468538
    -0.016457579
    -0.014174100
    -0.011652526
   -0.0089312493
   -0.0060520465
   -0.0030594428
  -2.5344007e-08
    0.0030782778
    0.0061269451
    0.0090976225
     0.011942887
     0.014616999
     0.017076636
     0.019281586
     0.021195406
     0.022786017
     0.024026237
     0.024894242
     0.025373941
     0.025455271
     0.025134389
     0.024413773
     0.023302227
     0.021814780
     0.019972490
     0.017802151
     0.015335910
     0.012610791
    0.0096681491
    0.0065530417
    0.0033135473
   2.5344008e-08
   -0.0033356610
   -0.0066409526
   -0.0098634176
    -0.012951579
    -0.015855730
    -0.018528732
    -0.020926774
    -0.023010082
    -0.024743579
    -0.026097465
    -0.027047723
    -0.027576541
    -0.027672629
    -0.027331450
    -0.026555331
    -0.025353478
    -0.023741879
    -0.021743099
    -0.019385971
    -0.016705186
    -0.013740789
    -0.010537585
   -0.0071444693
   -0.0036136851
  -2.5344007e-08
    0.0036400119
    0.0072491007
     0.010769984
     0.014146376
     0.017323855
     0.020250735
     0.022878899
     0.025164586
     0.027069105
     0.028559491
     0.029609061
     0.030197885
     0.030313147
     0.029949405
     0.029108727
     0.027800724
     0.026042448
     0.023858185
     0.021279130
     0.018342947
     0.015093226
     0.011578846
    0.0078532435
    0.0039736114
   2.5344007e-08
   -0.0040054775
   -0.0079798593
    -0.011860066
    -0.015584018
    -0.019091597
    -0.022325607
    -0.025232697
    -0.027764234
    -0.029877104
    -0.031534438
    -0.032706244
    -0.033369932
    -0.033510736
    -0.033122010
    -0.032205400
    -0.030770886
    -0.028836700
    -0.026429108
    -0.023582065
    -0.020336743
    -0.016740956
    -0.012848454
   -0.0087181355
   -0.0044131674
  -2.5344007e-08
    0.0044525202
    0.0088744651
     0.013195661
     0.017346918
     0.021261099
     0.024874194
     0.028126357
     0.030962880
     0.033335104
     0.035201234
     0.036527067
     0.037286591
     0.037462474
     0.037046419
     0.036039375
     0.034451612
     0.032302648
     0.029621028
     0.026443963
     0.022816832
     0.018792541
     0.014430772
    0.0097971096
    0.0049620657
   2.5344007e-08
   -0.0050118852
   -0.0099949814
    -0.014870241
    -0.019559538
    -0.023986884
    -0.028079634
    -0.031769670
    -0.034994507
    -0.037698338
    -0.039832977
    -0.041358690
    -0.042244914
    -0.042470826
    -0.042025775
    -0.040909560
    -0.039132536
    -0.036715576
    -0.033689848
    -0.030096442
    -0.025985833
    -0.021417194
    -0.016457563
    -0.011180879
   -0.0056669010
  -2.5344007e-08
    0.0057319872
     0.011439346
     0.017031616
     0.022419123
     0.027514369
     0.032233429
     0.036497302
     0.040233208
     0.043375801
     0.045868277
     0.047663369
     0.048724196
     0.049024965
     0.048551516
     0.047301677
     0.045285449
     0.042525001
     0.039054471
     0.034919587
     0.030177093
     0.024894008
     0.019146703
     0.013019835
    0.0066051255
   2.5344008e-08
   -0.0066937343
    -0.013371673
    -0.019928154
    -0.026258018
    -0.032258230
    -0.037829514
    -0.042877952
    -0.047316521
    -0.051066547
    -0.054059043
    -0.056235919
    -0.057551043
    -0.057971127
    -0.057476426
    -0.056061245
    -0.053734225
    -0.050518419
    -0.046451148
    -0.041583626
    -0.035980377
    -0.029718424
    -0.022886289
    -0.015582790
   -0.0079156613
  -2.5344007e-08
    0.0080432826
     0.016089497
     0.024011796
     0.031683233
     0.038978699
     0.045776894
     0.051962267
     0.057426892
     0.062072271
     0.065811010
     0.068568358
     0.070283575
     0.070911110
     0.070421567
     0.068802436
     0.066058586
     0.062212495
     0.057304216
     0.051391081
     0.044547128
     0.036862271
     0.028441208
     0.019402095
    0.0098749772
   2.5344007e-08
    -0.010074421
    -0.020193967
    -0.030200410
    -0.039934080
    -0.049236256
    -0.057951605
    -0.065930622
    -0.073032029
    -0.079125096
    -0.084091849
    -0.087829134
    -0.090250500
    -0.091287865
    -0.090892951
    -0.089038444
    -0.085718876
    -0.080951194
    -0.074775009
    -0.067252520
    -0.058468099
    -0.048527539
    -0.037556973
    -0.025701469
    -0.013123317
  -2.5344008e-08
     0.013477950
     0.027109718
     0.040686671
     0.053995384
     0.066820641
     0.078948570
     0.090169828
      0.10028279
      0.10909673
      0.11643487
      0.12213739
      0.12606419
      0.12809749
      0.12814416
      0.12613779
      0.12204043
      0.11584394
      0.10757106
     0.097275958
     0.085044498
     0.070993982
     0.055272515
     0.038057932
     0.019556303
   2.5344007e-08
    -0.020354468
    -0.041229375
    -0.062328530
    -0.083340713
     -0.10394323
     -0.12380572
     -0.14259416
     -0.15997494
     -0.17561913
     -0.18920667
     -0.20043059
     -0.20900116
     -0.21464984
     -0.21713315
     -0.21623621
     -0.21177603
     -0.20360450
     -0.19161093
     -0.17572430
     -0.15591490
     -0.13219567
     -0.10462295
    -0.073296735
    -0.038360416
  -2.5344007e-08
     0.041557065
     0.086043940
      0.13315643
      0.18255587
      0.23387229
      0.28670801
      0.34064162
      0.39523222
      0.45002403
      0.50455113
      0.55834238
      0.61092647
      0.66183701
      0.71061758
      0.75682672
      0.80004276
      0.83986851
      0.87593564
      0.90790879
      0.93548928
      0.95841848
      0.97648070
      0.98950562
      0.99737018
       1.0000000
      0.99737018
      0.98950562
      0.97648070
      0.95841848
      0.93548928
      0.90790879
      0.87593564
      0.83986851
      0.80004276
      0.75682672
      0.71061758
      0.66183701
      0.61092647
      0.55834238
      0.50455113
      0.45002403
      0.39523222
      0.34064162
      0.28670801
      0.23387229
      0.18255587
      0.13315643
     0.086043940
     0.041557065
  -2.5344007e-08
    -0.038360416
    -0.073296735
     -0.10462295
     -0.13219567
     -0.15591490
     -0.17572430
     -0.19161093
     -0.20360450
     -0.21177603
     -0.21623621
     -0.21713315
     -0.21464984
     -0.20900116
     -0.20043059
     -0.18920667
     -0.17561913
     -0.15997494
     -0.14259416
     -0.12380572
     -0.10394323
    -0.083340713
    -0.062328530
    -0.041229375
    -0.020354468
   2.5344007e-08
     0.019556303
     0.038057932
     0.055272515
     0.070993982
     0.085044498
     0.097275958
      0.10757106
      0.11584394
      0.12204043
      0.12613779
      0.12814416
      0.12809749
      0.12606419
      0.12213739
      0.11643487
      0.10909673
      0.10028279
     0.090169828
     0.078948570
     0.066820641
     0.053995384
     0.040686671
     0.027109718
     0.013477950
  -2.5344008e-08
    -0.013123317
    -0.025701469
    -0.037556973
    -0.048527539
    -0.058468099
    -0.067252520
    -0.074775009
    -0.080951194
    -0.085718876
    -0.089038444
    -0.090892951
    -0.091287865
    -0.090250500
    -0.087829134
    -0.084091849
    -0.079125096
    -0.073032029
    -0.065930622
    -0.057951605
    -0.049236256
    -0.039934080
    -0.030200410
    -0.020193967
    -0.010074421
   2.5344007e-08
    0.0098749772
     0.019402095
     0.028441208
     0.036862271
     0.044547128
     0.051391081
     0.057304216
     0.062212495
     0.066058586
     0.068802436
     0.070421567
     0.070911110
     0.070283575
     0.068568358
     0.065811010
     0.062072271
     0.057426892
     0.051962267
     0.045776894
     0.038978699
     0.031683233
     0.024011796
     0.016089497
    0.0080432826
  -2.5344007e-08
   -0.0079156613
    -0.015582790
    -0.022886289
    -0.029718424
    -0.035980377
    -0.041583626
    -0.046451148
    -0.050518419
    -0.053734225
    -0.056061245
    -0.057476426
    -0.057971127
    -0.057551043
    -0.056235919
    -0.054059043
    -0.051066547
    -0.047316521
    -0.042877952
    -0.037829514
    -0.032258230
    -0.026258018
    -0.019928154
    -0.013371673
   -0.0066937343
   2.5344008e-08
    0.0066051255
     0.013019835
     0.019146703
     0.024894008
     0.030177093
     0.034919587
     0.039054471
     0.042525001
     0.045285449
     0.047301677
     0.048551516
     0.049024965
     0.048724196
     0.047663369
     0.045868277
     0.043375801
     0.040233208
     0.036497302
     0.032233429
     0.027514369
     0.022419123
     0.017031616
     0.011439346
    0.0057319872
  -2.5344007e-08
   -0.0056669010
    -0.011180879
    -0.016457563
    -0.021417194
    -0.025985833
    -0.030096442
    -0.033689848
    -0.036715576
    -0.039132536
    -0.040909560
    -0.042025775
    -0.042470826
    -0.042244914
    -0.041358690
    -0.039832977
    -0.037698338
    -0.034994507
    -0.031769670
    -0.028079634
    -0.023986884
    -0.019559538
    -0.014870241
   -0.0099949814
   -0.0050118852
   2.5344007e-08
    0.0049620657
    0.0097971096
     0.014430772
     0.018792541
     0.022816832
     0.026443963
     0.029621028
     0.032302648
     0.034451612
     0.036039375
     0.037046419
     0.037462474
     0.037286591
     0.036527067
     0.035201234
     0.033335104
     0.030962880
     0.028126357
     0.024874194
     0.021261099
     0.017346918
     0.013195661
    0.0088744651
    0.0044525202
  -2.5344007e-08
   -0.0044131674
   -0.0087181355
    -0.012848454
    -0.016740956
    -0.020336743
    -0.023582065
    -0.026429108
    -0.028836700
    -0.030770886
    -0.032205400
    -0.033122010
    -0.033510736
    -0.033369932
    -0.032706244
    -0.031534438
    -0.029877104
    -0.027764234
    -0.025232697
    -0.022325607
    -0.019091597
    -0.015584018
    -0.011860066
   -0.0079798593
   -0.0040054775
   2.5344007e-08
    0.0039736114
    0.0078532435
     0.011578846
     0.015093226
     0.018342947
     0.021279130
     0.023858185
     0.026042448
     0.027800724
     0.029108727
     0.029949405
     0.030313147
     0.030197885
     0.029609061
     0.028559491
     0.027069105
     0.025164586
     0.022878899
     0.020250735
     0.017323855
     0.014146376
     0.010769984
    0.0072491007
    0.0036400119
  -2.5344007e-08
   -0.0036136851
   -0.0071444693
    -0.010537585
    -0.013740789
    -0.016705186
    -0.019385971
    -0.021743099
    -0.023741879
    -0.025353478
    -0.026555331
    -0.027331450
    -0.027672629
    -0.027576541
    -0.027047723
    -0.026097465
    -0.024743579
    -0.023010082
    -0.020926774
    -0.018528732
    -0.015855730
    -0.012951579
   -0.0098634176
   -0.0066409526
   -0.0033356610
   2.5344008e-08
    0.0033135473
    0.0065530417
    0.0096681491
     0.012610791
     0.015335910
     0.017802151
     0.019972490
     0.021814780
     0.023302227
     0.024413773
     0.025134389
     0.025455271
     0.025373941
     0.024894242
     0.024026237
     0.022786017
     0.021195406
     0.019281586
     0.017076636
     0.014616999
     0.011942887
    0.0090976225
    0.0061269451
    0.0030782778
  -2.5344007e-08
   -0.0030594428
   -0.0060520465
   -0.0089312493
    -0.011652526
    -0.014174100
    -0.016457579
    -0.018468538
    -0.020177034
    -0.021558049
    -0.022591850
    -0.023264271
    -0.023566898
    -0.023497170
    -0.023058383
    -0.022259601
    -0.021115487
    -0.019646033
    -0.017876221
    -0.015835600
    -0.013557795
    -0.011079960
   -0.0084421725
   -0.0056867892
   -0.0028577690
   2.5344007e-08
    0.0028415356
    0.0056222154
    0.0082987262
     0.010829609
     0.013175926
     0.015301852
     0.017175225
     0.018768025
     0.020056793
     0.021022972
     0.021653172
     0.021939350
     0.021878908
     0.021474702
     0.020734970
     0.019673171
     0.018307747
     0.016661803
     0.014762726
     0.012641726
     0.010333330
    0.0078748206
    0.0053056355
    0.0026667400
  -2.5344007e-08
   -0.0026526053
   -0.0052493911
   -0.0077498702
    -0.010115257
    -0.012309090
    -0.014297794
    -0.016051193
    -0.017542959
    -0.018751013
    -0.019657844
    -0.020250765
    -0.020522079
    -0.020469184
    -0.020094580
    -0.019405805
    -0.018415295
    -0.017140160
    -0.015601891
    -0.013826003
    -0.011841616
   -0.0096809723
   -0.0073789236
   -0.0049723654
   -0.0024996494
   2.5344007e-08
    0.0024872325
    0.0049229379
    0.0072691105
    0.0094893138
     0.011549271
     0.013417389
     0.015065248
     0.016468023
     0.017604863
     0.018459196
     0.019018967
     0.019276808
     0.019230129
     0.018881139
     0.018236780
     0.017308606
     0.016112571
     0.014668762
     0.013001062
     0.011136756
    0.0091060914
    0.0069417822
    0.0046784889
    0.0023522630
  -2.5344007e-08
   -0.0023412696
   -0.0046347112
   -0.0068445143
   -0.0089363248
    -0.010877803
    -0.012639120
    -0.014193418
    -0.015517214
    -0.016590759
    -0.017398323
    -0.017928430
    -0.018174016
    -0.018132519
    -0.017805903
    -0.017200599
    -0.016327392
    -0.015201226
    -0.013840953
    -0.012269019
    -0.010511095
   -0.0085956590
   -0.0065535380
   -0.0044174111
   -0.0022212892
   2.5344007e-08
    0.0022114889
    0.0043783679
    0.0064667830
    0.0084442377
     0.010280122
     0.011946187
     0.013416973
     0.014670206
     0.015687123
     0.016452762
     0.016956173
     0.017190573
     0.017153441
     0.016846533
     0.016275835
     0.015451459
     0.014387455
     0.013101585
     0.011615019
    0.0099519929
    0.0081394127
    0.0062064214
    0.0041839314
    0.0021041313
  -2.5344007e-08
   -0.0020953406
   -0.0041488950
   -0.0061285634
   -0.0080035166
   -0.0097447003
    -0.011325284
    -0.012721073
    -0.013910879
    -0.014876839
    -0.015604682
    -0.016083942
    -0.016308100
    -0.016274679
    -0.015985258
    -0.015445435
    -0.014664724
    -0.013656385
    -0.012437204
    -0.011027214
   -0.0094493659
   -0.0077291589
   -0.0058942260
   -0.0039738935
   -0.0019987126
   2.5344007e-08
    0.0019907839
    0.0039422779
    0.0058239640
    0.0076065179
    0.0092622904
     0.010765735
     0.012093802
     0.013226289
     0.014146150
     0.014839747
     0.015297056
     0.015511807
     0.015481566
     0.015207764
     0.014695656
     0.013954223
     0.012996017
     0.011836952
     0.010496037
    0.0089950685
    0.0073582769
    0.0056119343
    0.0037839357
    0.0019033530
  -2.5344007e-08
   -0.0018961661
   -0.0037552640
   -0.0055482092
   -0.0072470427
   -0.0088253909
    -0.010258875
    -0.011525485
    -0.012605920
    -0.013483877
    -0.014146301
    -0.014583574
    -0.014789655
    -0.014762162
    -0.014502395
    -0.014015302
    -0.013309388
    -0.012396569
    -0.011291972
    -0.010013681
   -0.0085824498
   -0.0070213584
   -0.0053554463
   -0.0036113097
   -0.0018166782
   2.5344007e-08
    0.0018101343
    0.0035851897
    0.0052973871
    0.0069200111
    0.0084278517
    0.0097975952
     0.011008184
     0.012041139
     0.012880842
     0.013514770
     0.013933683
     0.014131753
     0.014106649
     0.013859558
     0.013395155
     0.012721517
     0.011849983
     0.010794965
    0.0095737120
    0.0082060256
    0.0067139425
    0.0051213786
    0.0034537472
    0.0017375535
  -2.5344007e-08
   -0.0017315706
   -0.0034298533
   -0.0050682624
   -0.0066212205
   -0.0080645831
   -0.0093760127
    -0.010535324
    -0.011524796
    -0.012329437
    -0.012937217
    -0.013339243
    -0.013529889
    -0.013506876
    -0.013271291
    -0.012827563
    -0.012183381
    -0.011349561
    -0.010339865
   -0.0091707772
   -0.0078612338
   -0.0064323164
   -0.0049069145
   -0.0033093587
   -0.0016650335
   2.5344008e-08
    0.0016595429
    0.0032874185
    0.0048581364
    0.0063471643
    0.0077313367
    0.0089892142
     0.010101415
     0.011050915
     0.011823303
     0.012407003
     0.012793447
     0.012977198
     0.012956025
     0.012730929
     0.012306117
     0.011688925
     0.010889691
    0.0099215848
    0.0088003897
    0.0075442477
    0.0061733656
    0.0047096903
    0.0031765584
    0.0015983245
  -2.5344007e-08
   -0.0015932682
   -0.0031563422
   -0.0046647402
   -0.0060948932
   -0.0074245384
   -0.0086330654
   -0.0097018348
    -0.010614465
    -0.011357084
    -0.011918539
    -0.012290560
    -0.012467889
    -0.012448343
    -0.012232849
    -0.011825409
    -0.011233039
    -0.010465637
   -0.0095358305
   -0.0084587589
   -0.0072518342
   -0.0059344574
   -0.0045277075
   -0.0030540051
   -0.0015367548
   2.5344007e-08
    0.0015320838
    0.0030353178
    0.0044861522
    0.0058619088
    0.0071411599
    0.0083040621
    0.0093326636
     0.010211181
     0.010926239
     0.011467079
     0.011825713
     0.011997047
     0.011978949
     0.011772274
     0.011380845
     0.010811378
     0.010073372
    0.0091789500
    0.0081426611
    0.0069812426
    0.0057133516
    0.0043592652
    0.0029405567
    0.0014797525
  -2.5344007e-08
   -0.0014754248
   -0.0029232316
   -0.0043207345
   -0.0056460809
   -0.0068786180
   -0.0079992147
   -0.0089905578
   -0.0098374191
    -0.010526889
    -0.011048573
    -0.011394747
    -0.011560473
    -0.011543667
    -0.011345123
    -0.010968495
    -0.010420228
   -0.0097094488
   -0.0088478185
   -0.0078493369
   -0.0067301180
   -0.0055081298
   -0.0042029062
   -0.0028352350
   -0.0014268277
   2.5344007e-08
    0.0014228071
    0.0028191288
    0.0041670819
    0.0054455816
    0.0066346961
    0.0077159570
    0.0086726461
    0.0094900531
     0.010155701
     0.010659539
     0.010994088
     0.011154558
     0.011138910
     0.010947885
     0.010584981
     0.010056392
    0.0093709041
    0.0085397462
    0.0075764108
    0.0064964327
    0.0053171398
    0.0040573754
    0.0027371970
    0.0013775579
  -2.5344007e-08
   -0.0013738132
   -0.0027221857
   -0.0040239824
   -0.0052588340
   -0.0064074812
   -0.0074520741
   -0.0083764498
   -0.0091663819
   -0.0098097992
    -0.010296970
    -0.010620648
    -0.010776181
    -0.010761576
    -0.010577523
    -0.010227380
   -0.0097171076
   -0.0090551723
   -0.0082524056
   -0.0073218265
   -0.0062784309
   -0.0051389507
   -0.0039215856
   -0.0026457123
   -0.0013315772
   2.5344007e-08
    0.0013280813
    0.0026316884
    0.0038903848
    0.0050844702
    0.0061953136
    0.0072056437
    0.0080998172
    0.0088640610
    0.0094866837
    0.0099582540
     0.010271744
     0.010422632
     0.010408968
     0.010231400
    0.0098931517
    0.0093999692
    0.0087600229
    0.0079837721
    0.0070837951
    0.0060745851
    0.0049723174
    0.0037945905
    0.0025601452
    0.0012885668
  -2.5344007e-08
   -0.0012852960
   -0.0025470145
   -0.0037653732
   -0.0049212980
   -0.0059967465
   -0.0069749898
   -0.0078408722
   -0.0085810455
   -0.0091841750
   -0.0096411124
   -0.0099450345
    -0.010091544
    -0.010078735
   -0.0099072112
   -0.0095800771
   -0.0091028776
   -0.0084835066
   -0.0077320764
   -0.0068607531
   -0.0058835597
   -0.0048161509
   -0.0036755624
   -0.0024799393
   -0.0012482479
   2.5344007e-08
    0.0012451814
    0.0024676195
    0.0036481456
    0.0047682732
    0.0058105128
    0.0067586446
    0.0075979708
    0.0083155432
    0.0089003627
    0.0093435474
    0.0096384676
    0.0097808441
    0.0097688104
    0.0096029355
    0.0092862094
    0.0088239901
    0.0082239129
    0.0074957655
    0.0066513278
    0.0057041823
    0.0046694952
    0.0035637745
    0.0024046063
    0.0012103755
  -2.5344007e-08
   -0.0012074951
   -0.0023930248
   -0.0035379970
   -0.0046244780
   -0.0056354980
   -0.0065553165
   -0.0073696669
   -0.0080659775
   -0.0086335656
   -0.0090638007
   -0.0093502360
   -0.0094887043
   -0.0094773780
   -0.0093167931
   -0.0090098339
   -0.0085616833
   -0.0079797346
   -0.0072734707
   -0.0064543093
   -0.0055354189
   -0.0045315071
   -0.0034585857
   -0.0023337151
   -0.0011747336
   2.5344007e-08
    0.0011720230
    0.0023228076
    0.0034343050
    0.0044891016
    0.0054707179
    0.0063638650
    0.0071546829
    0.0078309553
    0.0083822980
    0.0088003184
    0.0090787427
    0.0092135099
    0.0092028305
    0.0090472098
    0.0087494339
    0.0083145212
    0.0077496380
    0.0070639808
    0.0062686267
    0.0053763545
    0.0044014403
    0.0033594283
    0.0022668840
    0.0011411306
  -2.5344007e-08
   -0.0011385755
   -0.0022565937
   -0.0033365179
   -0.0043614259
   -0.0053153004
   -0.0061832791
   -0.0069518862
   -0.0076092412
   -0.0081452424
   -0.0085517220
   -0.0088225706
   -0.0089538281
   -0.0089437418
   -0.0087927887
   -0.0085036630
   -0.0080812291
   -0.0075324393
   -0.0068662206
   -0.0060933290
   -0.0052261765
   -0.0042786316
   -0.0032657981
   -0.0022037741
   -0.0011093966
   2.5344007e-08
    0.0011069843
    0.0021940503
    0.0032441454
    0.0042408118
    0.0051684694
    0.0060126594
    0.0067602691
    0.0073997360
    0.0079212261
    0.0083167848
    0.0085804585
    0.0087083833
    0.0086988419
    0.0085522856
    0.0082713223
    0.0078606712
    0.0073270834
    0.0066792316
    0.0059275687
    0.0050841602
    0.0041624901
    0.0031772454
    0.0021440829
    0.0010793798
  -2.5344007e-08
   -0.0010770987
   -0.0021348802
   -0.0031567499
   -0.0041266894
   -0.0050295326
   -0.0058512028
   -0.0065789318
   -0.0072014583
   -0.0077092021
   -0.0080944111
   -0.0083512797
   -0.0084760359
   -0.0084669964
   -0.0083245888
   -0.0080513401
   -0.0076518327
   -0.0071326276
   -0.0065021571
   -0.0057705881
   -0.0049496581
   -0.0040524871
   -0.0030933682
   -0.0020875400
   -0.0010509445
   2.5344007e-08
    0.0010487845
    0.0020788178
    0.0030739397
    0.0040185482
    0.0048978700
    0.0056981907
    0.0064070688
    0.0070135292
    0.0075082326
    0.0078836194
    0.0081340249
    0.0082557647
    0.0082471886
    0.0081087021
    0.0078427560
    0.0074538036
    0.0069482263
    0.0063342291
    0.0056217077
    0.0048220891
    0.0039481486
    0.0030138057
    0.0020339027
    0.0010239689
  -2.5344007e-08
   -0.0010219208
   -0.0020256245
   -0.0029953631
   -0.0039159301
   -0.0047729249
   -0.0055529773
   -0.0062439565
   -0.0068351590
   -0.0073174749
   -0.0076835277
   -0.0079277871
   -0.0080466522
   -0.0080385046
   -0.0079037297
   -0.0076447064
   -0.0072657659
   -0.0067731194
   -0.0061747566
   -0.0054803162
   -0.0047009305
   -0.0038490479
   -0.0029382332
   -0.0019829526
  -0.00099834338
   2.5344007e-08
   0.00099639893
    0.0019750856
    0.0029207036
    0.0038184224
    0.0046541959
    0.0054149813
    0.0060889431
    0.0066656366
    0.0071361701
    0.0074933416
    0.0077317489
    0.0078478713
    0.0078401210
    0.0077088644
    0.0074564129
    0.0070869820
    0.0066066216
    0.0060231168
    0.0053458624
    0.0045857112
    0.0037548003
    0.0028663581
    0.0019344927
   0.00097396915
  -2.5344008e-08
  -0.00097212081
   -0.0019270072
   -0.0028496753
   -0.0037256527
   -0.0045412305
   -0.0052836777
   -0.0059414400
   -0.0065043194
   -0.0069636324
   -0.0073123432
   -0.0075451721
   -0.0076586748
   -0.0076512933
   -0.0075233767
   -0.0072771720
   -0.0069167853
   -0.0064481131
   -0.0058787464
   -0.0052178480
   -0.0044760047
   -0.0036650579
   -0.0027979153
   -0.0018883449
  -0.00095075670
   2.5344007e-08
   0.00094899770
    0.0018812139
    0.0027820198
    0.0036372839
    0.0044336189
    0.0051585910
    0.0058009144
    0.0063506260
    0.0067992409
    0.0071398824
    0.0073673877
    0.0074783859
    0.0074713476
    0.0073466055
    0.0071063462
    0.0067545715
    0.0062970323
    0.0057411350
    0.0050958212
    0.0043714246
    0.0035795052
    0.0027326649
    0.0018443475
   0.00092862491
  -2.5344007e-08
  -0.00092694908
   -0.0018375465
   -0.0027175023
   -0.0035530100
   -0.0043309893
   -0.0050392901
   -0.0056668825
   -0.0062040283
   -0.0066424321
   -0.0069753692
   -0.0071977887
   -0.0073063899
   -0.0072996713
   -0.0071779506
   -0.0069433565
   -0.0065997919
   -0.0061528692
   -0.0056098186
   -0.0049793715
   -0.0042716199
   -0.0034978554
   -0.0026703885
   -0.0018023536
  -0.00090750002
   2.5344007e-08
   0.00090590176
    0.0017958605
    0.0026559094
    0.0034725528
    0.0042330036
    0.0049253825
    0.0055389045
    0.0060640460
    0.0064926931
    0.0068182665
    0.0070358224
    0.0071421276
    0.0071357074
    0.0070168654
    0.0067876756
    0.0064519468
    0.0060151592
    0.0054843751
    0.0048681251
    0.0041762708
    0.0034198474
    0.0026108873
    0.0017622294
   0.00088731485
  -2.5344007e-08
  -0.00088578905
   -0.0017560238
   -0.0025970466
   -0.0033956589
   -0.0041393535
   -0.0048165106
   -0.0054165792
   -0.0059302413
   -0.0063495564
   -0.0066680846
   -0.0068809848
   -0.0069850888
   -0.0069789476
   -0.0068628516
   -0.0066388229
   -0.0063105805
   -0.0058834785
   -0.0053644190
   -0.0047617408
   -0.0040850854
   -0.0033452429
   -0.0025539799
   -0.0017238528
  -0.00086800806
   2.5344007e-08
   0.00086655004
    0.0017179162
    0.0025407365
    0.0033220966
    0.0040497576
    0.0047123477
    0.0052995403
    0.0058022139
    0.0062125947
    0.0065243760
    0.0067328156
    0.0068348072
    0.0068289272
    0.0067154535
    0.0064963588
    0.0061752763
    0.0057574397
    0.0052495981
    0.0046599068
    0.0039977968
    0.0032738239
    0.0024995004
    0.0016871120
   0.00084952354
  -2.5344007e-08
  -0.00084812902
   -0.0016814274
   -0.0024868165
   -0.0032516540
   -0.0039639580
   -0.0046125948
   -0.0051874522
   -0.0056795977
   -0.0060814168
   -0.0063867311
   -0.0065908929
   -0.0066908560
   -0.0066852207
   -0.0065742538
   -0.0063598805
   -0.0060456523
   -0.0056366877
   -0.0051395894
   -0.0045623372
   -0.0039141605
   -0.0032053907
   -0.0024472964
   -0.0016519047
  -0.00083180985
   2.5344008e-08
   0.00083047490
    0.0016464565
    0.0024351375
    0.0031841367
    0.0038817187
    0.0045169775
    0.0050800074
    0.0055620566
    0.0059556640
    0.0062547740
    0.0064548300
    0.0065528433
    0.0065474379
    0.0064388695
    0.0062290186
    0.0059213582
    0.0055208968
    0.0050340966
    0.0044687696
    0.0038339519
    0.0031397598
    0.0023972285
    0.0016181367
   0.00081481975
  -2.5344007e-08
  -0.00081354077
   -0.0016129106
   -0.0023855627
   -0.0031193662
   -0.0038028224
   -0.0044252440
   -0.0049769231
   -0.0054492820
   -0.0058350065
   -0.0061281593
   -0.0063242712
   -0.0064204091
   -0.0064152198
   -0.0063089487
   -0.0061034334
   -0.0058020720
   -0.0054097674
   -0.0049328474
   -0.0043789627
   -0.0037569645
   -0.0030767626
   -0.0023491681
   -0.0015857216
  -0.00079850981
   2.5344007e-08
   0.00079728346
    0.0015807044
    0.0023379661
    0.0030571784
    0.0037270693
    0.0043371623
    0.0048779393
    0.0053409897
    0.0057191408
    0.0060065690
    0.0061988893
    0.0062932220
    0.0062882360
    0.0061841672
    0.0059828120
    0.0056874969
    0.0053030235
    0.0048355906
    0.0042926944
    0.0036830081
    0.0030162436
    0.0023029969
    0.0015545797
   0.00078283997
  -2.5344007e-08
  -0.00078166320
   -0.0015497592
   -0.0022922317
   -0.0029974216
   -0.0036542754
   -0.0042525186
   -0.0047828160
   -0.0052369177
   -0.0056077870
   -0.0058897098
   -0.0060783822
   -0.0061709761
   -0.0061661817
   -0.0060642259
   -0.0058668659
   -0.0055773592
   -0.0052004105
   -0.0047420947
   -0.0042097594
   -0.0036119071
   -0.0029580594
   -0.0022586056
   -0.0015246374
  -0.00076777328
   2.5344007e-08
   0.00076664325
    0.0015200024
    0.0022482523
    0.0029399561
    0.0035842705
    0.0041711154
    0.0046913317
    0.0051368239
    0.0055006867
    0.0057773109
    0.0059624711
    0.0060533889
    0.0060487754
    0.0059488486
    0.0057553283
    0.0054714062
    0.0051016933
    0.0046521458
    0.0041299684
    0.0035434994
    0.0029020776
    0.0022158933
    0.0014958267
   0.00075327558
  -2.5344007e-08
  -0.00075218967
   -0.0014913668
   -0.0022059287
   -0.0028846526
   -0.0035168974
   -0.0040927703
   -0.0046032815
   -0.0050404847
   -0.0053976005
   -0.0056691217
   -0.0058508980
   -0.0059401992
   -0.0059357564
   -0.0058377797
   -0.0056479527
   -0.0053694036
   -0.0050066541
   -0.0045655456
   -0.0040531457
   -0.0034776347
   -0.0028481753
   -0.0021747664
   -0.0014680846
  -0.00073931522
   2.5344007e-08
   0.00073827100
    0.0014637902
    0.0021651692
    0.0028313914
    0.0034520104
    0.0040173139
    0.0045184755
    0.0049476925
    0.0052983071
    0.0055649101
    0.0057434238
    0.0058311647
    0.0058268833
    0.0057307822
    0.0055445102
    0.0052711347
    0.0049150910
    0.0044821106
    0.0039791288
    0.0034141739
    0.0027962388
    0.0021351383
    0.0014413529
   0.00072586289
  -2.5344008e-08
  -0.00072485811
   -0.0014372150
   -0.0021258886
   -0.0027800612
   -0.0033894743
   -0.0039445895
   -0.0044367379
   -0.0048582551
   -0.0052026009
   -0.0054644606
   -0.0056398268
   -0.0057260608
   -0.0057219322
   -0.0056276363
   -0.0054447886
   -0.0051763981
   -0.0048268169
   -0.0044016704
   -0.0039077668
   -0.0033529876
   -0.0027461625
   -0.0020969285
   -0.0014155772
  -0.00071289134
   2.5344007e-08
   0.00071192390
    0.0014115874
    0.0020880079
    0.0027305591
    0.0033291638
    0.0038744514
    0.0043579049
    0.0047719937
    0.0051102909
    0.0053675731
    0.0055399008
    0.0056246787
    0.0056206949
    0.0055281377
    0.0053485908
    0.0050850067
    0.0047416575
    0.0043240666
    0.0038389193
    0.0032939558
    0.0026978482
    0.0020600623
    0.0013907071
   0.00070037525
  -2.5344007e-08
  -0.00069944321
   -0.0013868579
   -0.0020514536
   -0.0026827891
   -0.0032709620
   -0.0038067639
   -0.0042818244
   -0.0046887421
   -0.0050211996
   -0.0052740615
   -0.0054434542
   -0.0055268242
   -0.0055229776
   -0.0054320963
   -0.0052557332
   -0.0049967864
   -0.0046594510
   -0.0042491518
   -0.0037724556
   -0.0032369665
   -0.0026512045
   -0.0020244699
   -0.0013666959
  -0.00068829104
   2.5344007e-08
   0.00068739258
    0.0013629799
    0.0020161571
    0.0026366617
    0.0032147602
    0.0037414008
    0.0042083548
    0.0046083455
    0.0049351614
    0.0051837524
    0.0053503082
    0.0054323163
    0.0054286000
    0.0053393350
    0.0051660448
    0.0049115750
    0.0045800464
    0.0041767886
    0.0037082542
    0.0031819157
    0.0026061463
    0.0019900865
    0.0013434997
   0.00067661675
  -2.5344007e-08
  -0.00067575018
   -0.0013399103
   -0.0019820547
   -0.0025920938
   -0.0031604572
   -0.0036782444
   -0.0041373639
   -0.0045306595
   -0.0048520220
   -0.0050964840
   -0.0052602964
   -0.0053409862
   -0.0053373937
   -0.0052496886
   -0.0050793660
   -0.0048292211
   -0.0045033027
   -0.0041068488
   -0.0036462015
   -0.0031287061
   -0.0025625940
   -0.0019568515
   -0.0013210777
  -0.00066533186
   2.5344007e-08
