   7.0556230e-07
   -0.0031209486
    0.0050524657
   -0.0050554046
    0.0031260644
   7.0556230e-07
   -0.0031313916
    0.0050693855
   -0.0050723470
    0.0031365494
   7.0556230e-07
   -0.0031419048
    0.0050864190
   -0.0050894034
    0.0031471050
   7.0556230e-07
   -0.0031524888
    0.0051035673
   -0.0051065748
    0.0031577319
   7.0556230e-07
   -0.0031631443
    0.0051208317
   -0.0051238625
    0.0031684307
   7.0556230e-07
   -0.0031738722
    0.0051382133
   -0.0051412677
    0.0031792023
   7.0556230e-07
   -0.0031846731
    0.0051557133
   -0.0051587915
    0.0031900474
   7.0556230e-07
   -0.0031955478
    0.0051733329
   -0.0051764352
    0.0032009667
   7.0556230e-07
   -0.0032064970
    0.0051910733
   -0.0051942000
    0.0032119610
   7.0556230e-07
   -0.0032175215
    0.0052089359
   -0.0052120871
    0.0032230310
   7.0556230e-07
   -0.0032286221
    0.0052269218
   -0.0052300978
    0.0032341776
   7.0556230e-07
   -0.0032397995
    0.0052450323
   -0.0052482334
    0.0032454016
   7.0556230e-07
   -0.0032510547
    0.0052632688
   -0.0052664953
    0.0032567037
   7.0556230e-07
   -0.0032623883
    0.0052816326
   -0.0052848846
    0.0032680848
   7.0556230e-07
   -0.0032738012
    0.0053001249
   -0.0053034029
    0.0032795458
   7.0556230e-07
   -0.0032852943
    0.0053187472
   -0.0053220513
    0.0032910874
   7.0556230e-07
   -0.0032968684
    0.0053375008
   -0.0053408314
    0.0033027104
   7.0556230e-07
   -0.0033085243
    0.0053563872
   -0.0053597444
    0.0033144159
   7.0556230e-07
   -0.0033202630
    0.0053754077
   -0.0053787919
    0.0033262046
   7.0556230e-07
   -0.0033320852
    0.0053945637
   -0.0053979753
    0.0033380775
   7.0556230e-07
   -0.0033439920
    0.0054138568
   -0.0054172959
    0.0033500354
   7.0556230e-07
   -0.0033559842
    0.0054332884
   -0.0054367554
    0.0033620793
   7.0556230e-07
   -0.0033680627
    0.0054528600
   -0.0054563552
    0.0033742100
   7.0556230e-07
   -0.0033802285
    0.0054725731
   -0.0054760967
    0.0033864286
   7.0556230e-07
   -0.0033924825
    0.0054924292
   -0.0054959817
    0.0033987361
   7.0556230e-07
   -0.0034048257
    0.0055124300
   -0.0055160116
    0.0034111332
   7.0556230e-07
   -0.0034172591
    0.0055325770
   -0.0055361880
    0.0034236212
   7.0556230e-07
   -0.0034297836
    0.0055528718
   -0.0055565125
    0.0034362009
   7.0556230e-07
   -0.0034424003
    0.0055733160
   -0.0055769868
    0.0034488733
   7.0556230e-07
   -0.0034551101
    0.0055939113
   -0.0055976126
    0.0034616396
   7.0556230e-07
   -0.0034679142
    0.0056146594
   -0.0056183915
    0.0034745007
   7.0556230e-07
   -0.0034808136
    0.0056355621
   -0.0056393252
    0.0034874577
   7.0556230e-07
   -0.0034938092
    0.0056566209
   -0.0056604155
    0.0035005117
   7.0556230e-07
   -0.0035069023
    0.0056778377
   -0.0056816641
    0.0035136638
   7.0556230e-07
   -0.0035200940
    0.0056992143
   -0.0057030729
    0.0035269151
   7.0556230e-07
   -0.0035333852
    0.0057207524
   -0.0057246436
    0.0035402666
   7.0556230e-07
   -0.0035467772
    0.0057424540
   -0.0057463780
    0.0035537197
   7.0556230e-07
   -0.0035602712
    0.0057643209
   -0.0057682782
    0.0035672753
   7.0556230e-07
   -0.0035738682
    0.0057863549
   -0.0057903459
    0.0035809347
   7.0556230e-07
   -0.0035875695
    0.0058085580
   -0.0058125831
    0.0035946992
   7.0556230e-07
   -0.0036013762
    0.0058309322
   -0.0058349917
    0.0036085698
   7.0556230e-07
   -0.0036152897
    0.0058534795
   -0.0058575738
    0.0036225479
   7.0556230e-07
   -0.0036293111
    0.0058762017
   -0.0058803313
    0.0036366347
   7.0556230e-07
   -0.0036434417
    0.0058991011
   -0.0059032664
    0.0036508314
   7.0556230e-07
   -0.0036576828
    0.0059221797
   -0.0059263811
    0.0036651394
   7.0556230e-07
   -0.0036720357
    0.0059454396
   -0.0059496774
    0.0036795600
   7.0556230e-07
   -0.0036865017
    0.0059688829
   -0.0059731577
    0.0036940945
   7.0556230e-07
   -0.0037010821
    0.0059925118
   -0.0059968240
    0.0037087442
   7.0556230e-07
   -0.0037157783
    0.0060163285
   -0.0060206786
    0.0037235106
   7.0556230e-07
   -0.0037305918
    0.0060403354
   -0.0060447237
    0.0037383950
   7.0556230e-07
   -0.0037455238
    0.0060645346
   -0.0060689616
    0.0037533989
   7.0556230e-07
   -0.0037605758
    0.0060889284
   -0.0060933947
    0.0037685237
   7.0556230e-07
   -0.0037757494
    0.0061135193
   -0.0061180253
    0.0037837708
   7.0556230e-07
   -0.0037910459
    0.0061383097
   -0.0061428559
    0.0037991418
   7.0556230e-07
   -0.0038064669
    0.0061633019
   -0.0061678888
    0.0038146382
   7.0556230e-07
   -0.0038220138
    0.0061884985
   -0.0061931265
    0.0038302615
   7.0556230e-07
   -0.0038376883
    0.0062139020
   -0.0062185716
    0.0038460133
   7.0556230e-07
   -0.0038534920
    0.0062395148
   -0.0062442267
    0.0038618951
   7.0556230e-07
   -0.0038694263
    0.0062653397
   -0.0062700943
    0.0038779087
   7.0556230e-07
   -0.0038854930
    0.0062913793
   -0.0062961772
    0.0038940556
   7.0556230e-07
   -0.0039016936
    0.0063176363
   -0.0063224779
    0.0039103374
   7.0556230e-07
   -0.0039180300
    0.0063441133
   -0.0063489993
    0.0039267560
   7.0556230e-07
   -0.0039345037
    0.0063708132
   -0.0063757441
    0.0039433131
   7.0556230e-07
   -0.0039511166
    0.0063977388
   -0.0064027152
    0.0039600103
   7.0556230e-07
   -0.0039678704
    0.0064248929
   -0.0064299154
    0.0039768495
   7.0556230e-07
   -0.0039847669
    0.0064522786
   -0.0064573477
    0.0039938325
   7.0556230e-07
   -0.0040018080
    0.0064798987
   -0.0064850151
    0.0040109611
   7.0556230e-07
   -0.0040189954
    0.0065077563
   -0.0065129206
    0.0040282373
   7.0556230e-07
   -0.0040363312
    0.0065358545
   -0.0065410672
    0.0040456630
   7.0556230e-07
   -0.0040538171
    0.0065641964
   -0.0065694582
    0.0040632400
   7.0556230e-07
   -0.0040714553
    0.0065927851
   -0.0065980967
    0.0040809704
   7.0556230e-07
   -0.0040892476
    0.0066216240
   -0.0066269860
    0.0040988562
   7.0556230e-07
   -0.0041071962
    0.0066507163
   -0.0066561294
    0.0041168995
   7.0556230e-07
   -0.0041253030
    0.0066800654
   -0.0066855302
    0.0041351023
   7.0556230e-07
   -0.0041435702
    0.0067096746
   -0.0067151919
    0.0041534667
   7.0556230e-07
   -0.0041619999
    0.0067395475
   -0.0067451180
    0.0041719950
   7.0556230e-07
   -0.0041805943
    0.0067696877
   -0.0067753120
    0.0041906893
   7.0556230e-07
   -0.0041993556
    0.0068000986
   -0.0068057775
    0.0042095518
   7.0556230e-07
   -0.0042182861
    0.0068307840
   -0.0068365182
    0.0042285849
   7.0556230e-07
   -0.0042373881
    0.0068617475
   -0.0068675379
    0.0042477909
   7.0556230e-07
   -0.0042566639
    0.0068929931
   -0.0068988403
    0.0042671721
   7.0556230e-07
   -0.0042761158
    0.0069245246
   -0.0069304294
    0.0042867310
   7.0556230e-07
   -0.0042957464
    0.0069563458
   -0.0069623091
    0.0043064699
   7.0556230e-07
   -0.0043155581
    0.0069884609
   -0.0069944835
    0.0043263915
   7.0556230e-07
   -0.0043355535
    0.0070208739
   -0.0070269566
    0.0043464982
   7.0556230e-07
   -0.0043557349
    0.0070535890
   -0.0070597326
    0.0043667927
   7.0556230e-07
   -0.0043761052
    0.0070866104
   -0.0070928157
    0.0043872775
   7.0556230e-07
   -0.0043966669
    0.0071199424
   -0.0071262104
    0.0044079554
   7.0556230e-07
   -0.0044174228
    0.0071535895
   -0.0071599211
    0.0044288291
   7.0556230e-07
   -0.0044383756
    0.0071875562
   -0.0071939522
    0.0044499014
   7.0556230e-07
   -0.0044595282
    0.0072218469
   -0.0072283083
    0.0044711751
   7.0556230e-07
   -0.0044808833
    0.0072564664
   -0.0072629941
    0.0044926533
   7.0556230e-07
   -0.0045024440
    0.0072914194
   -0.0072980144
    0.0045143387
   7.0556230e-07
   -0.0045242132
    0.0073267108
   -0.0073333741
    0.0045362345
   7.0556230e-07
   -0.0045461940
    0.0073623455
   -0.0073690780
    0.0045583437
   7.0556230e-07
   -0.0045683894
    0.0073983285
   -0.0074051313
    0.0045806694
   7.0556230e-07
   -0.0045908027
    0.0074346650
   -0.0074415391
    0.0046032149
   7.0556230e-07
   -0.0046134370
    0.0074713602
   -0.0074783067
    0.0046259834
   7.0556230e-07
   -0.0046362956
    0.0075084195
   -0.0075154394
    0.0046489782
   7.0556230e-07
   -0.0046593818
    0.0075458482
   -0.0075529427
    0.0046722027
   7.0556230e-07
   -0.0046826992
    0.0075836519
   -0.0075908221
    0.0046956604
   7.0556230e-07
   -0.0047062512
    0.0076218364
   -0.0076290834
    0.0047193548
   7.0556230e-07
   -0.0047300413
    0.0076604073
   -0.0076677324
    0.0047432895
   7.0556230e-07
   -0.0047540731
    0.0076993707
   -0.0077067749
    0.0047674682
   7.0556230e-07
   -0.0047783505
    0.0077387324
   -0.0077462170
    0.0047918946
   7.0556230e-07
   -0.0048028770
    0.0077784987
   -0.0077860649
    0.0048165726
   7.0556230e-07
   -0.0048276567
    0.0078186757
   -0.0078263249
    0.0048415061
   7.0556230e-07
   -0.0048526935
    0.0078592700
   -0.0078670034
    0.0048666990
   7.0556230e-07
   -0.0048779913
    0.0079002880
   -0.0079081070
    0.0048921554
   7.0556230e-07
   -0.0049035543
    0.0079417364
   -0.0079496423
    0.0049178795
   7.0556230e-07
   -0.0049293867
    0.0079836221
   -0.0079916162
    0.0049438756
   7.0556230e-07
   -0.0049554927
    0.0080259519
   -0.0080340357
    0.0049701479
   7.0556230e-07
   -0.0049818767
    0.0080687330
   -0.0080769080
    0.0049967008
   7.0556230e-07
   -0.0050085433
    0.0081119726
   -0.0081202402
    0.0050235390
   7.0556230e-07
   -0.0050354968
    0.0081556782
   -0.0081640398
    0.0050506671
   7.0556230e-07
   -0.0050627421
    0.0081998573
   -0.0082083146
    0.0050780896
   7.0556230e-07
   -0.0050902838
    0.0082445177
   -0.0082530721
    0.0051058116
   7.0556230e-07
   -0.0051181269
    0.0082896672
   -0.0082983204
    0.0051338378
   7.0556230e-07
   -0.0051462763
    0.0083353139
   -0.0083440676
    0.0051621734
   7.0556230e-07
   -0.0051747370
    0.0083814661
   -0.0083903219
    0.0051908235
   7.0556230e-07
   -0.0052035144
    0.0084281323
   -0.0084370919
    0.0052197933
   7.0556230e-07
   -0.0052326136
    0.0084753211
   -0.0084843863
    0.0052490883
   7.0556230e-07
   -0.0052620402
    0.0085230413
   -0.0085322138
    0.0052787139
   7.0556230e-07
   -0.0052917996
    0.0085713019
   -0.0085805836
    0.0053086758
   7.0556230e-07
   -0.0053218976
    0.0086201122
   -0.0086295049
    0.0053389797
   7.0556230e-07
   -0.0053523400
    0.0086694816
   -0.0086789873
    0.0053696316
   7.0556230e-07
   -0.0053831327
    0.0087194197
   -0.0087290404
    0.0054006374
   7.0556230e-07
   -0.0054142818
    0.0087699365
   -0.0087796741
    0.0054320033
   7.0556230e-07
   -0.0054457935
    0.0088210421
   -0.0088308987
    0.0054637356
   7.0556230e-07
   -0.0054776742
    0.0088727468
   -0.0088827245
    0.0054958408
   7.0556230e-07
   -0.0055099304
    0.0089250613
   -0.0089351622
    0.0055283255
   7.0556230e-07
   -0.0055425688
    0.0089779963
   -0.0089882227
    0.0055611965
   7.0556230e-07
   -0.0055755962
    0.0090315630
   -0.0090419170
    0.0055944606
   7.0556230e-07
   -0.0056090196
    0.0090857727
   -0.0090962568
    0.0056281251
   7.0556230e-07
   -0.0056428462
    0.0091406372
   -0.0091512536
    0.0056621971
   7.0556230e-07
   -0.0056770833
    0.0091961683
   -0.0092069195
    0.0056966841
   7.0556230e-07
   -0.0057117384
    0.0092523782
   -0.0092632667
    0.0057315937
   7.0556230e-07
   -0.0057468193
    0.0093092796
   -0.0093203079
    0.0057669338
   7.0556230e-07
   -0.0057823338
    0.0093668852
   -0.0093780559
    0.0058027124
   7.0556230e-07
   -0.0058182901
    0.0094252081
   -0.0094365239
    0.0058389376
   7.0556230e-07
   -0.0058546963
    0.0094842620
   -0.0094957256
    0.0058756180
   7.0556230e-07
   -0.0058915611
    0.0095440605
   -0.0095556747
    0.0059127620
   7.0556230e-07
   -0.0059288931
    0.0096046178
   -0.0096163856
    0.0059503787
   7.0556230e-07
   -0.0059667013
    0.0096659486
   -0.0096778728
    0.0059884769
   7.0556230e-07
   -0.0060049948
    0.0097280677
   -0.0097401514
    0.0060270661
   7.0556230e-07
   -0.0060437831
    0.0097909904
   -0.0098032367
    0.0060661559
   7.0556230e-07
   -0.0060830757
    0.0098547324
   -0.0098671445
    0.0061057559
   7.0556230e-07
   -0.0061228827
    0.0099193099
   -0.0099318910
    0.0061458763
   7.0556230e-07
   -0.0061632141
    0.0099847392
   -0.0099974927
    0.0061865274
   7.0556230e-07
   -0.0062040805
     0.010051037
    -0.010063967
    0.0062277198
   7.0556230e-07
   -0.0062454924
     0.010118222
    -0.010131331
    0.0062694644
   7.0556230e-07
   -0.0062874610
     0.010186311
    -0.010199603
    0.0063117723
   7.0556230e-07
   -0.0063299974
     0.010255322
    -0.010268801
    0.0063546551
   7.0556230e-07
   -0.0063731134
     0.010325275
    -0.010338945
    0.0063981245
   7.0556230e-07
   -0.0064168209
     0.010396189
    -0.010410053
    0.0064421927
   7.0556230e-07
   -0.0064611320
     0.010468084
    -0.010482146
    0.0064868720
   7.0556230e-07
   -0.0065060594
     0.010540980
    -0.010555245
    0.0065321754
   7.0556230e-07
   -0.0065516160
     0.010614898
    -0.010629371
    0.0065781159
   7.0556230e-07
   -0.0065978152
     0.010689861
    -0.010704544
    0.0066247072
   7.0556230e-07
   -0.0066446706
     0.010765890
    -0.010780789
    0.0066719631
   7.0556230e-07
   -0.0066921964
     0.010843008
    -0.010858128
    0.0067198980
   7.0556230e-07
   -0.0067404070
     0.010921238
    -0.010936584
    0.0067685266
   7.0556230e-07
   -0.0067893172
     0.011000606
    -0.011016182
    0.0068178640
   7.0556230e-07
   -0.0068389426
     0.011081136
    -0.011096948
    0.0068679259
   7.0556230e-07
   -0.0068892988
     0.011162854
    -0.011178906
    0.0069187284
   7.0556230e-07
   -0.0069404021
     0.011245786
    -0.011262084
    0.0069702880
   7.0556230e-07
   -0.0069922693
     0.011329959
    -0.011346509
    0.0070226218
   7.0556230e-07
   -0.0070449176
     0.011415402
    -0.011432210
    0.0070757473
   7.0556230e-07
   -0.0070983649
     0.011502144
    -0.011519214
    0.0071296827
   7.0556230e-07
   -0.0071526293
     0.011590214
    -0.011607554
    0.0071844465
   7.0556230e-07
   -0.0072077300
     0.011679643
    -0.011697258
    0.0072400581
   7.0556230e-07
   -0.0072636862
     0.011770462
    -0.011788360
    0.0072965373
   7.0556230e-07
   -0.0073205180
     0.011862706
    -0.011880892
    0.0073539045
   7.0556230e-07
   -0.0073782463
     0.011956406
    -0.011974888
    0.0074121808
   7.0556230e-07
   -0.0074368924
     0.012051599
    -0.012070383
    0.0074713881
   7.0556230e-07
   -0.0074964783
     0.012148319
    -0.012167414
    0.0075315488
   7.0556230e-07
   -0.0075570268
     0.012246605
    -0.012266017
    0.0075926861
   7.0556230e-07
   -0.0076185615
     0.012346494
    -0.012366231
    0.0076548241
   7.0556230e-07
   -0.0076811066
     0.012448026
    -0.012468097
    0.0077179874
   7.0556230e-07
   -0.0077446872
     0.012551241
    -0.012571654
    0.0077822017
   7.0556230e-07
   -0.0078093292
     0.012656183
    -0.012676946
    0.0078474934
   7.0556230e-07
   -0.0078750595
     0.012762894
    -0.012784017
    0.0079138899
   7.0556230e-07
   -0.0079419058
     0.012871421
    -0.012892912
    0.0079814194
   7.0556230e-07
   -0.0080098966
     0.012981808
    -0.013003677
    0.0080501113
   7.0556230e-07
   -0.0080790618
     0.013094106
    -0.013116363
    0.0081199957
   7.0556230e-07
   -0.0081494319
     0.013208363
    -0.013231018
    0.0081911039
   7.0556230e-07
   -0.0082210388
     0.013324632
    -0.013347696
    0.0082634686
   7.0556230e-07
   -0.0082939153
     0.013442966
    -0.013466449
    0.0083371231
   7.0556230e-07
   -0.0083680955
     0.013563421
    -0.013587335
    0.0084121024
   7.0556230e-07
   -0.0084436146
     0.013686054
    -0.013710411
    0.0084884424
   7.0556230e-07
   -0.0085205094
     0.013810924
    -0.013835736
    0.0085661806
   7.0556230e-07
   -0.0085988177
     0.013938095
    -0.013963374
    0.0086453558
   7.0556230e-07
   -0.0086785788
     0.014067629
    -0.014093389
    0.0087260081
   7.0556230e-07
   -0.0087598335
     0.014199593
    -0.014225848
    0.0088081793
   7.0556230e-07
   -0.0088426243
     0.014334057
    -0.014360820
    0.0088919126
   7.0556230e-07
   -0.0089269950
     0.014471092
    -0.014498378
    0.0089772531
   7.0556230e-07
   -0.0090129914
     0.014610772
    -0.014638596
    0.0090642476
   7.0556230e-07
   -0.0091006609
     0.014753175
    -0.014781554
    0.0091529444
   7.0556230e-07
   -0.0091900527
     0.014898382
    -0.014927330
    0.0092433942
   7.0556230e-07
   -0.0092812182
     0.015046475
    -0.015076011
    0.0093356493
   7.0556230e-07
   -0.0093742107
     0.015197541
    -0.015227684
    0.0094297644
   7.0556230e-07
   -0.0094690856
     0.015351673
    -0.015382439
    0.0095257964
   7.0556230e-07
   -0.0095659006
     0.015508962
    -0.015540371
    0.0096238043
   7.0556230e-07
   -0.0096647160
     0.015669508
    -0.015701581
    0.0097238497
   7.0556230e-07
   -0.0097655944
     0.015833413
    -0.015866170
    0.0098259970
   7.0556230e-07
   -0.0098686009
     0.016000783
    -0.016034246
    0.0099303130
   7.0556230e-07
   -0.0099738038
     0.016171729
    -0.016205921
     0.010036868
   7.0556230e-07
    -0.010081274
     0.016346367
    -0.016381312
     0.010145733
   7.0556230e-07
    -0.010191086
     0.016524819
    -0.016560541
     0.010256987
   7.0556230e-07
    -0.010303316
     0.016707209
    -0.016743736
     0.010370707
   7.0556230e-07
    -0.010418046
     0.016893671
    -0.016931028
     0.010486977
   7.0556230e-07
    -0.010535360
     0.017084342
    -0.017122558
     0.010605883
   7.0556230e-07
    -0.010655346
     0.017279367
    -0.017318471
     0.010727517
   7.0556230e-07
    -0.010778097
     0.017478895
    -0.017518919
     0.010851973
   7.0556230e-07
    -0.010903709
     0.017683085
    -0.017724061
     0.010979350
   7.0556230e-07
    -0.011032284
     0.017892102
    -0.017934064
     0.011109753
   7.0556230e-07
    -0.011163927
     0.018106120
    -0.018149103
     0.011243290
   7.0556230e-07
    -0.011298750
     0.018325320
    -0.018369362
     0.011380077
   7.0556230e-07
    -0.011436870
     0.018549892
    -0.018595033
     0.011520233
   7.0556230e-07
    -0.011578408
     0.018780037
    -0.018826317
     0.011663884
   7.0556230e-07
    -0.011723494
     0.019015964
    -0.019063427
     0.011811162
   7.0556230e-07
    -0.011872262
     0.019257895
    -0.019306586
     0.011962207
   7.0556230e-07
    -0.012024854
     0.019506061
    -0.019556028
     0.012117166
   7.0556230e-07
    -0.012181421
     0.019760706
    -0.019811999
     0.012276191
   7.0556230e-07
    -0.012342118
     0.020022089
    -0.020074761
     0.012439446
   7.0556230e-07
    -0.012507112
     0.020290478
    -0.020344586
     0.012607101
   7.0556230e-07
    -0.012676577
     0.020566161
    -0.020621763
     0.012779337
   7.0556230e-07
    -0.012850698
     0.020849439
    -0.020906597
     0.012956344
   7.0556230e-07
    -0.013029669
     0.021140629
    -0.021199410
     0.013138323
   7.0556230e-07
    -0.013213696
     0.021440068
    -0.021500541
     0.013325487
   7.0556230e-07
    -0.013402996
     0.021748112
    -0.021810350
     0.013518060
   7.0556230e-07
    -0.013597798
     0.022065137
    -0.022129218
     0.013716280
   7.0556230e-07
    -0.013798347
     0.022391541
    -0.022457548
     0.013920400
   7.0556230e-07
    -0.014004901
     0.022727747
    -0.022795767
     0.014130687
   7.0556230e-07
    -0.014217733
     0.023074203
    -0.023144330
     0.014347424
   7.0556230e-07
    -0.014437133
     0.023431385
    -0.023503717
     0.014570913
   7.0556230e-07
    -0.014663412
     0.023799800
    -0.023874442
     0.014801474
   7.0556230e-07
    -0.014896897
     0.024179985
    -0.024257048
     0.015039449
   7.0556230e-07
    -0.015137937
     0.024572514
    -0.024652118
     0.015285201
   7.0556230e-07
    -0.015386907
     0.024977997
    -0.025060269
     0.015539118
   7.0556230e-07
    -0.015644204
     0.025397087
    -0.025482163
     0.015801613
   7.0556230e-07
    -0.015910252
     0.025830481
    -0.025918505
     0.016073128
   7.0556230e-07
    -0.016185506
     0.026278923
    -0.026370051
     0.016354136
   7.0556230e-07
    -0.016470452
     0.026743211
    -0.026837608
     0.016645146
   7.0556230e-07
    -0.016765611
     0.027224200
    -0.027322046
     0.016946698
   7.0556230e-07
    -0.017071543
     0.027722808
    -0.027824293
     0.017259379
   7.0556230e-07
    -0.017388847
     0.028240021
    -0.028345352
     0.017583814
   7.0556230e-07
    -0.017718170
     0.028776899
    -0.028886298
     0.017920679
   7.0556230e-07
    -0.018060209
     0.029334587
    -0.029448292
     0.018270704
   7.0556230e-07
    -0.018415714
     0.029914317
    -0.030032588
     0.018634673
   7.0556230e-07
    -0.018785496
     0.030517424
    -0.030640539
     0.019013438
   7.0556230e-07
    -0.019170433
     0.031145350
    -0.031273613
     0.019407920
   7.0556230e-07
    -0.019571476
     0.031799660
    -0.031933398
     0.019819117
   7.0556230e-07
    -0.019989658
     0.032482051
    -0.032621623
     0.020248114
   7.0556230e-07
    -0.020426100
     0.033194372
    -0.033340166
     0.020696094
   7.0556230e-07
    -0.020882027
     0.033938635
    -0.034091075
     0.021164345
   7.0556230e-07
    -0.021358773
     0.034717039
    -0.034876589
     0.021654273
   7.0556230e-07
    -0.021857796
     0.035531988
    -0.035699155
     0.022167421
   7.0556230e-07
    -0.022380697
     0.036386117
    -0.036561459
     0.022705479
   7.0556230e-07
    -0.022929229
     0.037282322
    -0.037466451
     0.023270306
   7.0556230e-07
    -0.023505326
     0.038223789
    -0.038417381
     0.023863951
   7.0556230e-07
    -0.024111119
     0.039214037
    -0.039417840
     0.024488677
   7.0556230e-07
    -0.024748964
     0.040256958
    -0.040471798
     0.025146990
   7.0556230e-07
    -0.025421475
     0.041356869
    -0.041583667
     0.025841674
   7.0556230e-07
    -0.026131556
     0.042518572
    -0.042758353
     0.026575829
   7.0556230e-07
    -0.026882446
     0.043747427
    -0.044001335
     0.027352916
   7.0556230e-07
    -0.027677768
     0.045049427
    -0.045318746
     0.028176816
   7.0556230e-07
    -0.028521585
     0.046431304
    -0.046717480
     0.029051891
   7.0556230e-07
    -0.029418472
     0.047900643
    -0.048205305
     0.029983059
   7.0556230e-07
    -0.030373599
     0.049466016
    -0.049791013
     0.030975895
   7.0556230e-07
    -0.031392828
     0.051137158
    -0.051484592
     0.032036733
   7.0556230e-07
    -0.032482837
     0.052925163
    -0.053297437
     0.033172807
   7.0556230e-07
    -0.033651264
     0.054842733
    -0.055242607
     0.034392417
   7.0556230e-07
    -0.034906886
     0.056904482
    -0.057335139
     0.035705126
   7.0556230e-07
    -0.036259844
     0.059127305
    -0.059592436
     0.037122019
   7.0556230e-07
    -0.037721912
     0.061530845
    -0.062034758
     0.038656010
   7.0556230e-07
    -0.039306842
     0.064138075
    -0.064685825
     0.040322242
   7.0556230e-07
    -0.041030801
     0.066976033
    -0.067573595
     0.042138585
   7.0556230e-07
    -0.042912922
     0.070076765
    -0.070731250
     0.044126281
   7.0556230e-07
    -0.044976016
     0.073478539
    -0.074198479
     0.046310779
   7.0556230e-07
    -0.047247503
     0.077227433
    -0.078023154
     0.048722828
   7.0556230e-07
    -0.049760638
     0.081379434
    -0.082263555
     0.051399938
   7.0556230e-07
    -0.052556147
     0.086003253
    -0.086991358
     0.054388340
   7.0556230e-07
    -0.055684455
     0.091184159
    -0.092295722
     0.057745680
   7.0556230e-07
    -0.059208752
     0.097029283
    -0.098288965
     0.061544775
   7.0556230e-07
    -0.063209304
      0.10367511
     -0.10511460
     0.065878954
   7.0556230e-07
    -0.067789647
      0.11129826
     -0.11295899
     0.070869828
   7.0556230e-07
    -0.073085669
      0.12013144
     -0.12206861
     0.076678877
   7.0556230e-07
    -0.079279321
      0.13048758
     -0.13277640
     0.083525256
   7.0556230e-07
    -0.086619947
      0.14279771
     -0.14554338
     0.091714062
   7.0556230e-07
    -0.095458658
      0.15767245
     -0.16102674
      0.10168304
   7.0556230e-07
     -0.10630617
      0.17600643
     -0.18019662
      0.11408349
   7.0556230e-07
     -0.11993509
      0.19916514
     -0.20454754
      0.12992849
   7.0556230e-07
     -0.13757252
      0.22934164
     -0.23650813
      0.15088479
   7.0556230e-07
     -0.16129182
      0.27029547
     -0.28030597
      0.17990121
   7.0556230e-07
     -0.19489417
      0.32905531
     -0.34401192
      0.22273497
   7.0556230e-07
     -0.24618195
      0.42045950
     -0.44519196
      0.29233982
   7.0556230e-07
     -0.33410388
      0.58217461
     -0.63068870
      0.42522182
   7.0556230e-07
     -0.51971683
      0.94603360
      -1.0811808
      0.77957381
   7.0556230e-07
      -1.1693621
       2.5227559
      -3.7841333
       4.6774457
       20.000000
       4.6774457
      -3.7841333
       2.5227559
      -1.1693621
   7.0556230e-07
      0.77957381
      -1.0811808
      0.94603360
     -0.51971683
   7.0556230e-07
      0.42522182
     -0.63068870
      0.58217461
     -0.33410388
   7.0556230e-07
      0.29233982
     -0.44519196
      0.42045950
     -0.24618195
   7.0556230e-07
      0.22273497
     -0.34401192
      0.32905531
     -0.19489417
   7.0556230e-07
      0.17990121
     -0.28030597
      0.27029547
     -0.16129182
   7.0556230e-07
      0.15088479
     -0.23650813
      0.22934164
     -0.13757252
   7.0556230e-07
      0.12992849
     -0.20454754
      0.19916514
     -0.11993509
   7.0556230e-07
      0.11408349
     -0.18019662
      0.17600643
     -0.10630617
   7.0556230e-07
      0.10168304
     -0.16102674
      0.15767245
    -0.095458658
   7.0556230e-07
     0.091714062
     -0.14554338
      0.14279771
    -0.086619947
   7.0556230e-07
     0.083525256
     -0.13277640
      0.13048758
    -0.079279321
   7.0556230e-07
     0.076678877
     -0.12206861
      0.12013144
    -0.073085669
   7.0556230e-07
     0.070869828
     -0.11295899
      0.11129826
    -0.067789647
   7.0556230e-07
     0.065878954
     -0.10511460
      0.10367511
    -0.063209304
   7.0556230e-07
     0.061544775
    -0.098288965
     0.097029283
    -0.059208752
   7.0556230e-07
     0.057745680
    -0.092295722
     0.091184159
    -0.055684455
   7.0556230e-07
     0.054388340
    -0.086991358
     0.086003253
    -0.052556147
   7.0556230e-07
     0.051399938
    -0.082263555
     0.081379434
    -0.049760638
   7.0556230e-07
     0.048722828
    -0.078023154
     0.077227433
    -0.047247503
   7.0556230e-07
     0.046310779
    -0.074198479
     0.073478539
    -0.044976016
   7.0556230e-07
     0.044126281
    -0.070731250
     0.070076765
    -0.042912922
   7.0556230e-07
     0.042138585
    -0.067573595
     0.066976033
    -0.041030801
   7.0556230e-07
     0.040322242
    -0.064685825
     0.064138075
    -0.039306842
   7.0556230e-07
     0.038656010
    -0.062034758
     0.061530845
    -0.037721912
   7.0556230e-07
     0.037122019
    -0.059592436
     0.059127305
    -0.036259844
   7.0556230e-07
     0.035705126
    -0.057335139
     0.056904482
    -0.034906886
   7.0556230e-07
     0.034392417
    -0.055242607
     0.054842733
    -0.033651264
   7.0556230e-07
     0.033172807
    -0.053297437
     0.052925163
    -0.032482837
   7.0556230e-07
     0.032036733
    -0.051484592
     0.051137158
    -0.031392828
   7.0556230e-07
     0.030975895
    -0.049791013
     0.049466016
    -0.030373599
   7.0556230e-07
     0.029983059
    -0.048205305
     0.047900643
    -0.029418472
   7.0556230e-07
     0.029051891
    -0.046717480
     0.046431304
    -0.028521585
   7.0556230e-07
     0.028176816
    -0.045318746
     0.045049427
    -0.027677768
   7.0556230e-07
     0.027352916
    -0.044001335
     0.043747427
    -0.026882446
   7.0556230e-07
     0.026575829
    -0.042758353
     0.042518572
    -0.026131556
   7.0556230e-07
     0.025841674
    -0.041583667
     0.041356869
    -0.025421475
   7.0556230e-07
     0.025146990
    -0.040471798
     0.040256958
    -0.024748964
   7.0556230e-07
     0.024488677
    -0.039417840
     0.039214037
    -0.024111119
   7.0556230e-07
     0.023863951
    -0.038417381
     0.038223789
    -0.023505326
   7.0556230e-07
     0.023270306
    -0.037466451
     0.037282322
    -0.022929229
   7.0556230e-07
     0.022705479
    -0.036561459
     0.036386117
    -0.022380697
   7.0556230e-07
     0.022167421
    -0.035699155
     0.035531988
    -0.021857796
   7.0556230e-07
     0.021654273
    -0.034876589
     0.034717039
    -0.021358773
   7.0556230e-07
     0.021164345
    -0.034091075
     0.033938635
    -0.020882027
   7.0556230e-07
     0.020696094
    -0.033340166
     0.033194372
    -0.020426100
   7.0556230e-07
     0.020248114
    -0.032621623
     0.032482051
    -0.019989658
   7.0556230e-07
     0.019819117
    -0.031933398
     0.031799660
    -0.019571476
   7.0556230e-07
     0.019407920
    -0.031273613
     0.031145350
    -0.019170433
   7.0556230e-07
     0.019013438
    -0.030640539
     0.030517424
    -0.018785496
   7.0556230e-07
     0.018634673
    -0.030032588
     0.029914317
    -0.018415714
   7.0556230e-07
     0.018270704
    -0.029448292
     0.029334587
    -0.018060209
   7.0556230e-07
     0.017920679
    -0.028886298
     0.028776899
    -0.017718170
   7.0556230e-07
     0.017583814
    -0.028345352
     0.028240021
    -0.017388847
   7.0556230e-07
     0.017259379
    -0.027824293
     0.027722808
    -0.017071543
   7.0556230e-07
     0.016946698
    -0.027322046
     0.027224200
    -0.016765611
   7.0556230e-07
     0.016645146
    -0.026837608
     0.026743211
    -0.016470452
   7.0556230e-07
     0.016354136
    -0.026370051
     0.026278923
    -0.016185506
   7.0556230e-07
     0.016073128
    -0.025918505
     0.025830481
    -0.015910252
   7.0556230e-07
     0.015801613
    -0.025482163
     0.025397087
    -0.015644204
   7.0556230e-07
     0.015539118
    -0.025060269
     0.024977997
    -0.015386907
   7.0556230e-07
     0.015285201
    -0.024652118
     0.024572514
    -0.015137937
   7.0556230e-07
     0.015039449
    -0.024257048
     0.024179985
    -0.014896897
   7.0556230e-07
     0.014801474
    -0.023874442
     0.023799800
    -0.014663412
   7.0556230e-07
     0.014570913
    -0.023503717
     0.023431385
    -0.014437133
   7.0556230e-07
     0.014347424
    -0.023144330
     0.023074203
    -0.014217733
   7.0556230e-07
     0.014130687
    -0.022795767
     0.022727747
    -0.014004901
   7.0556230e-07
     0.013920400
    -0.022457548
     0.022391541
    -0.013798347
   7.0556230e-07
     0.013716280
    -0.022129218
     0.022065137
    -0.013597798
   7.0556230e-07
     0.013518060
    -0.021810350
     0.021748112
    -0.013402996
   7.0556230e-07
     0.013325487
    -0.021500541
     0.021440068
    -0.013213696
   7.0556230e-07
     0.013138323
    -0.021199410
     0.021140629
    -0.013029669
   7.0556230e-07
     0.012956344
    -0.020906597
     0.020849439
    -0.012850698
   7.0556230e-07
     0.012779337
    -0.020621763
     0.020566161
    -0.012676577
   7.0556230e-07
     0.012607101
    -0.020344586
     0.020290478
    -0.012507112
   7.0556230e-07
     0.012439446
    -0.020074761
     0.020022089
    -0.012342118
   7.0556230e-07
     0.012276191
    -0.019811999
     0.019760706
    -0.012181421
   7.0556230e-07
     0.012117166
    -0.019556028
     0.019506061
    -0.012024854
   7.0556230e-07
     0.011962207
    -0.019306586
     0.019257895
    -0.011872262
   7.0556230e-07
     0.011811162
    -0.019063427
     0.019015964
    -0.011723494
   7.0556230e-07
     0.011663884
    -0.018826317
     0.018780037
    -0.011578408
   7.0556230e-07
     0.011520233
    -0.018595033
     0.018549892
    -0.011436870
   7.0556230e-07
     0.011380077
    -0.018369362
     0.018325320
    -0.011298750
   7.0556230e-07
     0.011243290
    -0.018149103
     0.018106120
    -0.011163927
   7.0556230e-07
     0.011109753
    -0.017934064
     0.017892102
    -0.011032284
   7.0556230e-07
     0.010979350
    -0.017724061
     0.017683085
    -0.010903709
   7.0556230e-07
     0.010851973
    -0.017518919
     0.017478895
    -0.010778097
   7.0556230e-07
     0.010727517
    -0.017318471
     0.017279367
    -0.010655346
   7.0556230e-07
     0.010605883
    -0.017122558
     0.017084342
    -0.010535360
   7.0556230e-07
     0.010486977
    -0.016931028
     0.016893671
    -0.010418046
   7.0556230e-07
     0.010370707
    -0.016743736
     0.016707209
    -0.010303316
   7.0556230e-07
     0.010256987
    -0.016560541
     0.016524819
    -0.010191086
   7.0556230e-07
     0.010145733
    -0.016381312
     0.016346367
    -0.010081274
   7.0556230e-07
     0.010036868
    -0.016205921
     0.016171729
   -0.0099738038
   7.0556230e-07
    0.0099303130
    -0.016034246
     0.016000783
   -0.0098686009
   7.0556230e-07
    0.0098259970
    -0.015866170
     0.015833413
   -0.0097655944
   7.0556230e-07
    0.0097238497
    -0.015701581
     0.015669508
   -0.0096647160
   7.0556230e-07
    0.0096238043
    -0.015540371
     0.015508962
   -0.0095659006
   7.0556230e-07
    0.0095257964
    -0.015382439
     0.015351673
   -0.0094690856
   7.0556230e-07
    0.0094297644
    -0.015227684
     0.015197541
   -0.0093742107
   7.0556230e-07
    0.0093356493
    -0.015076011
     0.015046475
   -0.0092812182
   7.0556230e-07
    0.0092433942
    -0.014927330
     0.014898382
   -0.0091900527
   7.0556230e-07
    0.0091529444
    -0.014781554
     0.014753175
   -0.0091006609
   7.0556230e-07
    0.0090642476
    -0.014638596
     0.014610772
   -0.0090129914
   7.0556230e-07
    0.0089772531
    -0.014498378
     0.014471092
   -0.0089269950
   7.0556230e-07
    0.0088919126
    -0.014360820
     0.014334057
   -0.0088426243
   7.0556230e-07
    0.0088081793
    -0.014225848
     0.014199593
   -0.0087598335
   7.0556230e-07
    0.0087260081
    -0.014093389
     0.014067629
   -0.0086785788
   7.0556230e-07
    0.0086453558
    -0.013963374
     0.013938095
   -0.0085988177
   7.0556230e-07
    0.0085661806
    -0.013835736
     0.013810924
   -0.0085205094
   7.0556230e-07
    0.0084884424
    -0.013710411
     0.013686054
   -0.0084436146
   7.0556230e-07
    0.0084121024
    -0.013587335
     0.013563421
   -0.0083680955
   7.0556230e-07
    0.0083371231
    -0.013466449
     0.013442966
   -0.0082939153
   7.0556230e-07
    0.0082634686
    -0.013347696
     0.013324632
   -0.0082210388
   7.0556230e-07
    0.0081911039
    -0.013231018
     0.013208363
   -0.0081494319
   7.0556230e-07
    0.0081199957
    -0.013116363
     0.013094106
   -0.0080790618
   7.0556230e-07
    0.0080501113
    -0.013003677
     0.012981808
   -0.0080098966
   7.0556230e-07
    0.0079814194
    -0.012892912
     0.012871421
   -0.0079419058
   7.0556230e-07
    0.0079138899
    -0.012784017
     0.012762894
   -0.0078750595
   7.0556230e-07
    0.0078474934
    -0.012676946
     0.012656183
   -0.0078093292
   7.0556230e-07
    0.0077822017
    -0.012571654
     0.012551241
   -0.0077446872
   7.0556230e-07
    0.0077179874
    -0.012468097
     0.012448026
   -0.0076811066
   7.0556230e-07
    0.0076548241
    -0.012366231
     0.012346494
   -0.0076185615
   7.0556230e-07
    0.0075926861
    -0.012266017
     0.012246605
   -0.0075570268
   7.0556230e-07
    0.0075315488
    -0.012167414
     0.012148319
   -0.0074964783
   7.0556230e-07
    0.0074713881
    -0.012070383
     0.012051599
   -0.0074368924
   7.0556230e-07
    0.0074121808
    -0.011974888
     0.011956406
   -0.0073782463
   7.0556230e-07
    0.0073539045
    -0.011880892
     0.011862706
   -0.0073205180
   7.0556230e-07
    0.0072965373
    -0.011788360
     0.011770462
   -0.0072636862
   7.0556230e-07
    0.0072400581
    -0.011697258
     0.011679643
   -0.0072077300
   7.0556230e-07
    0.0071844465
    -0.011607554
     0.011590214
   -0.0071526293
   7.0556230e-07
    0.0071296827
    -0.011519214
     0.011502144
   -0.0070983649
   7.0556230e-07
    0.0070757473
    -0.011432210
     0.011415402
   -0.0070449176
   7.0556230e-07
    0.0070226218
    -0.011346509
     0.011329959
   -0.0069922693
   7.0556230e-07
    0.0069702880
    -0.011262084
     0.011245786
   -0.0069404021
   7.0556230e-07
    0.0069187284
    -0.011178906
     0.011162854
   -0.0068892988
   7.0556230e-07
    0.0068679259
    -0.011096948
     0.011081136
   -0.0068389426
   7.0556230e-07
    0.0068178640
    -0.011016182
     0.011000606
   -0.0067893172
   7.0556230e-07
    0.0067685266
    -0.010936584
     0.010921238
   -0.0067404070
   7.0556230e-07
    0.0067198980
    -0.010858128
     0.010843008
   -0.0066921964
   7.0556230e-07
    0.0066719631
    -0.010780789
     0.010765890
   -0.0066446706
   7.0556230e-07
    0.0066247072
    -0.010704544
     0.010689861
   -0.0065978152
   7.0556230e-07
    0.0065781159
    -0.010629371
     0.010614898
   -0.0065516160
   7.0556230e-07
    0.0065321754
    -0.010555245
     0.010540980
   -0.0065060594
   7.0556230e-07
    0.0064868720
    -0.010482146
     0.010468084
   -0.0064611320
   7.0556230e-07
    0.0064421927
    -0.010410053
     0.010396189
   -0.0064168209
   7.0556230e-07
    0.0063981245
    -0.010338945
     0.010325275
   -0.0063731134
   7.0556230e-07
    0.0063546551
    -0.010268801
     0.010255322
   -0.0063299974
   7.0556230e-07
    0.0063117723
    -0.010199603
     0.010186311
   -0.0062874610
   7.0556230e-07
    0.0062694644
    -0.010131331
     0.010118222
   -0.0062454924
   7.0556230e-07
    0.0062277198
    -0.010063967
     0.010051037
   -0.0062040805
   7.0556230e-07
    0.0061865274
   -0.0099974927
    0.0099847392
   -0.0061632141
   7.0556230e-07
    0.0061458763
   -0.0099318910
    0.0099193099
   -0.0061228827
   7.0556230e-07
    0.0061057559
   -0.0098671445
    0.0098547324
   -0.0060830757
   7.0556230e-07
    0.0060661559
   -0.0098032367
    0.0097909904
   -0.0060437831
   7.0556230e-07
    0.0060270661
   -0.0097401514
    0.0097280677
   -0.0060049948
   7.0556230e-07
    0.0059884769
   -0.0096778728
    0.0096659486
   -0.0059667013
   7.0556230e-07
    0.0059503787
   -0.0096163856
    0.0096046178
   -0.0059288931
   7.0556230e-07
    0.0059127620
   -0.0095556747
    0.0095440605
   -0.0058915611
   7.0556230e-07
    0.0058756180
   -0.0094957256
    0.0094842620
   -0.0058546963
   7.0556230e-07
    0.0058389376
   -0.0094365239
    0.0094252081
   -0.0058182901
   7.0556230e-07
    0.0058027124
   -0.0093780559
    0.0093668852
   -0.0057823338
   7.0556230e-07
    0.0057669338
   -0.0093203079
    0.0093092796
   -0.0057468193
   7.0556230e-07
    0.0057315937
   -0.0092632667
    0.0092523782
   -0.0057117384
   7.0556230e-07
    0.0056966841
   -0.0092069195
    0.0091961683
   -0.0056770833
   7.0556230e-07
    0.0056621971
   -0.0091512536
    0.0091406372
   -0.0056428462
   7.0556230e-07
    0.0056281251
   -0.0090962568
    0.0090857727
   -0.0056090196
   7.0556230e-07
    0.0055944606
   -0.0090419170
    0.0090315630
   -0.0055755962
   7.0556230e-07
    0.0055611965
   -0.0089882227
    0.0089779963
   -0.0055425688
   7.0556230e-07
    0.0055283255
   -0.0089351622
    0.0089250613
   -0.0055099304
   7.0556230e-07
    0.0054958408
   -0.0088827245
    0.0088727468
   -0.0054776742
   7.0556230e-07
    0.0054637356
   -0.0088308987
    0.0088210421
   -0.0054457935
   7.0556230e-07
    0.0054320033
   -0.0087796741
    0.0087699365
   -0.0054142818
   7.0556230e-07
    0.0054006374
   -0.0087290404
    0.0087194197
   -0.0053831327
   7.0556230e-07
    0.0053696316
   -0.0086789873
    0.0086694816
   -0.0053523400
   7.0556230e-07
    0.0053389797
   -0.0086295049
    0.0086201122
   -0.0053218976
   7.0556230e-07
    0.0053086758
   -0.0085805836
    0.0085713019
   -0.0052917996
   7.0556230e-07
    0.0052787139
   -0.0085322138
    0.0085230413
   -0.0052620402
   7.0556230e-07
    0.0052490883
   -0.0084843863
    0.0084753211
   -0.0052326136
   7.0556230e-07
    0.0052197933
   -0.0084370919
    0.0084281323
   -0.0052035144
   7.0556230e-07
    0.0051908235
   -0.0083903219
    0.0083814661
   -0.0051747370
   7.0556230e-07
    0.0051621734
   -0.0083440676
    0.0083353139
   -0.0051462763
   7.0556230e-07
    0.0051338378
   -0.0082983204
    0.0082896672
   -0.0051181269
   7.0556230e-07
    0.0051058116
   -0.0082530721
    0.0082445177
   -0.0050902838
   7.0556230e-07
    0.0050780896
   -0.0082083146
    0.0081998573
   -0.0050627421
   7.0556230e-07
    0.0050506671
   -0.0081640398
    0.0081556782
   -0.0050354968
   7.0556230e-07
    0.0050235390
   -0.0081202402
    0.0081119726
   -0.0050085433
   7.0556230e-07
    0.0049967008
   -0.0080769080
    0.0080687330
   -0.0049818767
   7.0556230e-07
    0.0049701479
   -0.0080340357
    0.0080259519
   -0.0049554927
   7.0556230e-07
    0.0049438756
   -0.0079916162
    0.0079836221
   -0.0049293867
   7.0556230e-07
    0.0049178795
   -0.0079496423
    0.0079417364
   -0.0049035543
   7.0556230e-07
    0.0048921554
   -0.0079081070
    0.0079002880
   -0.0048779913
   7.0556230e-07
    0.0048666990
   -0.0078670034
    0.0078592700
   -0.0048526935
   7.0556230e-07
    0.0048415061
   -0.0078263249
    0.0078186757
   -0.0048276567
   7.0556230e-07
    0.0048165726
   -0.0077860649
    0.0077784987
   -0.0048028770
   7.0556230e-07
    0.0047918946
   -0.0077462170
    0.0077387324
   -0.0047783505
   7.0556230e-07
    0.0047674682
   -0.0077067749
    0.0076993707
   -0.0047540731
   7.0556230e-07
    0.0047432895
   -0.0076677324
    0.0076604073
   -0.0047300413
   7.0556230e-07
    0.0047193548
   -0.0076290834
    0.0076218364
   -0.0047062512
   7.0556230e-07
    0.0046956604
   -0.0075908221
    0.0075836519
   -0.0046826992
   7.0556230e-07
    0.0046722027
   -0.0075529427
    0.0075458482
   -0.0046593818
   7.0556230e-07
    0.0046489782
   -0.0075154394
    0.0075084195
   -0.0046362956
   7.0556230e-07
    0.0046259834
   -0.0074783067
    0.0074713602
   -0.0046134370
   7.0556230e-07
    0.0046032149
   -0.0074415391
    0.0074346650
   -0.0045908027
   7.0556230e-07
    0.0045806694
   -0.0074051313
    0.0073983285
   -0.0045683894
   7.0556230e-07
    0.0045583437
   -0.0073690780
    0.0073623455
   -0.0045461940
   7.0556230e-07
    0.0045362345
   -0.0073333741
    0.0073267108
   -0.0045242132
   7.0556230e-07
    0.0045143387
   -0.0072980144
    0.0072914194
   -0.0045024440
   7.0556230e-07
    0.0044926533
   -0.0072629941
    0.0072564664
   -0.0044808833
   7.0556230e-07
    0.0044711751
   -0.0072283083
    0.0072218469
   -0.0044595282
   7.0556230e-07
    0.0044499014
   -0.0071939522
    0.0071875562
   -0.0044383756
   7.0556230e-07
    0.0044288291
   -0.0071599211
    0.0071535895
   -0.0044174228
   7.0556230e-07
    0.0044079554
   -0.0071262104
    0.0071199424
   -0.0043966669
   7.0556230e-07
    0.0043872775
   -0.0070928157
    0.0070866104
   -0.0043761052
   7.0556230e-07
    0.0043667927
   -0.0070597326
    0.0070535890
   -0.0043557349
   7.0556230e-07
    0.0043464982
   -0.0070269566
    0.0070208739
   -0.0043355535
   7.0556230e-07
    0.0043263915
   -0.0069944835
    0.0069884609
   -0.0043155581
   7.0556230e-07
    0.0043064699
   -0.0069623091
    0.0069563458
   -0.0042957464
   7.0556230e-07
    0.0042867310
   -0.0069304294
    0.0069245246
   -0.0042761158
   7.0556230e-07
    0.0042671721
   -0.0068988403
    0.0068929931
   -0.0042566639
   7.0556230e-07
    0.0042477909
   -0.0068675379
    0.0068617475
   -0.0042373881
   7.0556230e-07
    0.0042285849
   -0.0068365182
    0.0068307840
   -0.0042182861
   7.0556230e-07
    0.0042095518
   -0.0068057775
    0.0068000986
   -0.0041993556
   7.0556230e-07
    0.0041906893
   -0.0067753120
    0.0067696877
   -0.0041805943
   7.0556230e-07
    0.0041719950
   -0.0067451180
    0.0067395475
   -0.0041619999
   7.0556230e-07
    0.0041534667
   -0.0067151919
    0.0067096746
   -0.0041435702
   7.0556230e-07
    0.0041351023
   -0.0066855302
    0.0066800654
   -0.0041253030
   7.0556230e-07
    0.0041168995
   -0.0066561294
    0.0066507163
   -0.0041071962
   7.0556230e-07
    0.0040988562
   -0.0066269860
    0.0066216240
   -0.0040892476
   7.0556230e-07
    0.0040809704
   -0.0065980967
    0.0065927851
   -0.0040714553
   7.0556230e-07
    0.0040632400
   -0.0065694582
    0.0065641964
   -0.0040538171
   7.0556230e-07
    0.0040456630
   -0.0065410672
    0.0065358545
   -0.0040363312
   7.0556230e-07
    0.0040282373
   -0.0065129206
    0.0065077563
   -0.0040189954
   7.0556230e-07
    0.0040109611
   -0.0064850151
    0.0064798987
   -0.0040018080
   7.0556230e-07
    0.0039938325
   -0.0064573477
    0.0064522786
   -0.0039847669
   7.0556230e-07
    0.0039768495
   -0.0064299154
    0.0064248929
   -0.0039678704
   7.0556230e-07
    0.0039600103
   -0.0064027152
    0.0063977388
   -0.0039511166
   7.0556230e-07
    0.0039433131
   -0.0063757441
    0.0063708132
   -0.0039345037
   7.0556230e-07
    0.0039267560
   -0.0063489993
    0.0063441133
   -0.0039180300
   7.0556230e-07
    0.0039103374
   -0.0063224779
    0.0063176363
   -0.0039016936
   7.0556230e-07
    0.0038940556
   -0.0062961772
    0.0062913793
   -0.0038854930
   7.0556230e-07
    0.0038779087
   -0.0062700943
    0.0062653397
   -0.0038694263
   7.0556230e-07
    0.0038618951
   -0.0062442267
    0.0062395148
   -0.0038534920
   7.0556230e-07
    0.0038460133
   -0.0062185716
    0.0062139020
   -0.0038376883
   7.0556230e-07
    0.0038302615
   -0.0061931265
    0.0061884985
   -0.0038220138
   7.0556230e-07
    0.0038146382
   -0.0061678888
    0.0061633019
   -0.0038064669
   7.0556230e-07
    0.0037991418
   -0.0061428559
    0.0061383097
   -0.0037910459
   7.0556230e-07
    0.0037837708
   -0.0061180253
    0.0061135193
   -0.0037757494
   7.0556230e-07
    0.0037685237
   -0.0060933947
    0.0060889284
   -0.0037605758
   7.0556230e-07
    0.0037533989
   -0.0060689616
    0.0060645346
   -0.0037455238
   7.0556230e-07
    0.0037383950
   -0.0060447237
    0.0060403354
   -0.0037305918
   7.0556230e-07
    0.0037235106
   -0.0060206786
    0.0060163285
   -0.0037157783
   7.0556230e-07
    0.0037087442
   -0.0059968240
    0.0059925118
   -0.0037010821
   7.0556230e-07
    0.0036940945
   -0.0059731577
    0.0059688829
   -0.0036865017
   7.0556230e-07
    0.0036795600
   -0.0059496774
    0.0059454396
   -0.0036720357
   7.0556230e-07
    0.0036651394
   -0.0059263811
    0.0059221797
   -0.0036576828
   7.0556230e-07
    0.0036508314
   -0.0059032664
    0.0058991011
   -0.0036434417
   7.0556230e-07
    0.0036366347
   -0.0058803313
    0.0058762017
   -0.0036293111
   7.0556230e-07
    0.0036225479
   -0.0058575738
    0.0058534795
   -0.0036152897
   7.0556230e-07
    0.0036085698
   -0.0058349917
    0.0058309322
   -0.0036013762
   7.0556230e-07
    0.0035946992
   -0.0058125831
    0.0058085580
   -0.0035875695
   7.0556230e-07
    0.0035809347
   -0.0057903459
    0.0057863549
   -0.0035738682
   7.0556230e-07
    0.0035672753
   -0.0057682782
    0.0057643209
   -0.0035602712
   7.0556230e-07
    0.0035537197
   -0.0057463780
    0.0057424540
   -0.0035467772
   7.0556230e-07
    0.0035402666
   -0.0057246436
    0.0057207524
   -0.0035333852
   7.0556230e-07
    0.0035269151
   -0.0057030729
    0.0056992143
   -0.0035200940
   7.0556230e-07
    0.0035136638
   -0.0056816641
    0.0056778377
   -0.0035069023
   7.0556230e-07
    0.0035005117
   -0.0056604155
    0.0056566209
   -0.0034938092
   7.0556230e-07
    0.0034874577
   -0.0056393252
    0.0056355621
   -0.0034808136
   7.0556230e-07
    0.0034745007
   -0.0056183915
    0.0056146594
   -0.0034679142
   7.0556230e-07
    0.0034616396
   -0.0055976126
    0.0055939113
   -0.0034551101
   7.0556230e-07
    0.0034488733
   -0.0055769868
    0.0055733160
   -0.0034424003
   7.0556230e-07
    0.0034362009
   -0.0055565125
    0.0055528718
   -0.0034297836
   7.0556230e-07
    0.0034236212
   -0.0055361880
    0.0055325770
   -0.0034172591
   7.0556230e-07
    0.0034111332
   -0.0055160116
    0.0055124300
   -0.0034048257
   7.0556230e-07
    0.0033987361
   -0.0054959817
    0.0054924292
   -0.0033924825
   7.0556230e-07
    0.0033864286
   -0.0054760967
    0.0054725731
   -0.0033802285
   7.0556230e-07
    0.0033742100
   -0.0054563552
    0.0054528600
   -0.0033680627
   7.0556230e-07
    0.0033620793
   -0.0054367554
    0.0054332884
   -0.0033559842
   7.0556230e-07
    0.0033500354
   -0.0054172959
    0.0054138568
   -0.0033439920
   7.0556230e-07
    0.0033380775
   -0.0053979753
    0.0053945637
   -0.0033320852
   7.0556230e-07
    0.0033262046
   -0.0053787919
    0.0053754077
   -0.0033202630
   7.0556230e-07
    0.0033144159
   -0.0053597444
    0.0053563872
   -0.0033085243
   7.0556230e-07
    0.0033027104
   -0.0053408314
    0.0053375008
   -0.0032968684
   7.0556230e-07
    0.0032910874
   -0.0053220513
    0.0053187472
   -0.0032852943
   7.0556230e-07
    0.0032795458
   -0.0053034029
    0.0053001249
   -0.0032738012
   7.0556230e-07
    0.0032680848
   -0.0052848846
    0.0052816326
   -0.0032623883
   7.0556230e-07
    0.0032567037
   -0.0052664953
    0.0052632688
   -0.0032510547
   7.0556230e-07
    0.0032454016
   -0.0052482334
    0.0052450323
   -0.0032397995
   7.0556230e-07
    0.0032341776
   -0.0052300978
    0.0052269218
   -0.0032286221
   7.0556230e-07
    0.0032230310
   -0.0052120871
    0.0052089359
   -0.0032175215
   7.0556230e-07
    0.0032119610
   -0.0051942000
    0.0051910733
   -0.0032064970
   7.0556230e-07
    0.0032009667
   -0.0051764352
    0.0051733329
   -0.0031955478
   7.0556230e-07
    0.0031900474
   -0.0051587915
    0.0051557133
   -0.0031846731
   7.0556230e-07
    0.0031792023
   -0.0051412677
    0.0051382133
   -0.0031738722
   7.0556230e-07
    0.0031684307
   -0.0051238625
    0.0051208317
   -0.0031631443
   7.0556230e-07
    0.0031577319
   -0.0051065748
    0.0051035673
   -0.0031524888
   7.0556230e-07
    0.0031471050
   -0.0050894034
    0.0050864190
   -0.0031419048
   7.0556230e-07
    0.0031365494
   -0.0050723470
    0.0050693855
   -0.0031313916
   7.0556230e-07
    0.0031260644
   -0.0050554046
    0.0050524657
   -0.0031209486
   7.0556230e-07
