    0.0025964419
    0.0026062875
    0.0026161383
    0.0026259941
    0.0026358551
    0.0026457211
    0.0026555922
    0.0026654684
    0.0026753496
    0.0026852358
    0.0026951270
    0.0027050232
    0.0027149244
    0.0027248306
    0.0027347417
    0.0027446577
    0.0027545787
    0.0027645046
    0.0027744353
    0.0027843710
    0.0027943115
    0.0028042568
    0.0028142070
    0.0028241620
    0.0028341218
    0.0028440863
    0.0028540557
    0.0028640298
    0.0028740086
    0.0028839922
    0.0028939804
    0.0029039734
    0.0029139710
    0.0029239734
    0.0029339803
    0.0029439919
    0.0029540081
    0.0029640289
    0.0029740544
    0.0029840843
    0.0029941189
    0.0030041580
    0.0030142016
    0.0030242497
    0.0030343023
    0.0030443594
    0.0030544210
    0.0030644870
    0.0030745575
    0.0030846324
    0.0030947116
    0.0031047953
    0.0031148834
    0.0031249758
    0.0031350725
    0.0031451736
    0.0031552790
    0.0031653887
    0.0031755027
    0.0031856210
    0.0031957435
    0.0032058702
    0.0032160011
    0.0032261363
    0.0032362757
    0.0032464192
    0.0032565669
    0.0032667187
    0.0032768747
    0.0032870347
    0.0032971989
    0.0033073671
    0.0033175395
    0.0033277158
    0.0033378962
    0.0033480806
    0.0033582691
    0.0033684615
    0.0033786578
    0.0033888582
    0.0033990624
    0.0034092706
    0.0034194827
    0.0034296987
    0.0034399186
    0.0034501423
    0.0034603699
    0.0034706013
    0.0034808366
    0.0034910756
    0.0035013184
    0.0035115650
    0.0035218153
    0.0035320693
    0.0035423271
    0.0035525886
    0.0035628538
    0.0035731226
    0.0035833951
    0.0035936712
    0.0036039510
    0.0036142343
    0.0036245213
    0.0036348118
    0.0036451059
    0.0036554035
    0.0036657047
    0.0036760094
    0.0036863175
    0.0036966292
    0.0037069443
    0.0037172628
    0.0037275848
    0.0037379102
    0.0037482390
    0.0037585712
    0.0037689067
    0.0037792456
    0.0037895879
    0.0037999334
    0.0038102823
    0.0038206344
    0.0038309898
    0.0038413485
    0.0038517104
    0.0038620755
    0.0038724438
    0.0038828153
    0.0038931900
    0.0039035679
    0.0039139489
    0.0039243330
    0.0039347202
    0.0039451105
    0.0039555038
    0.0039659003
    0.0039762997
    0.0039867022
    0.0039971078
    0.0040075163
    0.0040179277
    0.0040283422
    0.0040387596
    0.0040491799
    0.0040596031
    0.0040700292
    0.0040804582
    0.0040908900
    0.0041013247
    0.0041117623
    0.0041222026
    0.0041326457
    0.0041430916
    0.0041535403
    0.0041639917
    0.0041744459
    0.0041849027
    0.0041953623
    0.0042058245
    0.0042162894
    0.0042267570
    0.0042372271
    0.0042476999
    0.0042581753
    0.0042686533
    0.0042791338
    0.0042896169
    0.0043001025
    0.0043105906
    0.0043210812
    0.0043315743
    0.0043420698
    0.0043525678
    0.0043630683
    0.0043735711
    0.0043840763
    0.0043945840
    0.0044050940
    0.0044156063
    0.0044261209
    0.0044366379
    0.0044471572
    0.0044576787
    0.0044682025
    0.0044787286
    0.0044892569
    0.0044997874
    0.0045103200
    0.0045208549
    0.0045313919
    0.0045419311
    0.0045524724
    0.0045630158
    0.0045735613
    0.0045841089
    0.0045946585
    0.0046052102
    0.0046157639
    0.0046263197
    0.0046368774
    0.0046474371
    0.0046579987
    0.0046685623
    0.0046791278
    0.0046896952
    0.0047002645
    0.0047108357
    0.0047214087
    0.0047319836
    0.0047425603
    0.0047531388
    0.0047637191
    0.0047743012
    0.0047848850
    0.0047954705
    0.0048060578
    0.0048166468
    0.0048272375
    0.0048378298
    0.0048484238
    0.0048590194
    0.0048696166
    0.0048802155
    0.0048908159
    0.0049014179
    0.0049120214
    0.0049226265
    0.0049332331
    0.0049438411
    0.0049544507
    0.0049650617
    0.0049756742
    0.0049862881
    0.0049969034
    0.0050075201
    0.0050181382
    0.0050287576
    0.0050393784
    0.0050500005
    0.0050606239
    0.0050712486
    0.0050818746
    0.0050925019
    0.0051031303
    0.0051137600
    0.0051243909
    0.0051350230
    0.0051456563
    0.0051562907
    0.0051669263
    0.0051775629
    0.0051882007
    0.0051988395
    0.0052094795
    0.0052201204
    0.0052307624
    0.0052414054
    0.0052520494
    0.0052626944
    0.0052733404
    0.0052839873
    0.0052946351
    0.0053052838
    0.0053159334
    0.0053265839
    0.0053372353
    0.0053478875
    0.0053585405
    0.0053691943
    0.0053798489
    0.0053905043
    0.0054011605
    0.0054118173
    0.0054224749
    0.0054331332
    0.0054437922
    0.0054544518
    0.0054651121
    0.0054757730
    0.0054864346
    0.0054970967
    0.0055077594
    0.0055184226
    0.0055290864
    0.0055397508
    0.0055504156
    0.0055610809
    0.0055717468
    0.0055824130
    0.0055930797
    0.0056037468
    0.0056144143
    0.0056250823
    0.0056357505
    0.0056464191
    0.0056570881
    0.0056677574
    0.0056784269
    0.0056890968
    0.0056997669
    0.0057104373
    0.0057211078
    0.0057317786
    0.0057424496
    0.0057531208
    0.0057637921
    0.0057744635
    0.0057851351
    0.0057958068
    0.0058064785
    0.0058171504
    0.0058278223
    0.0058384942
    0.0058491661
    0.0058598380
    0.0058705099
    0.0058811818
    0.0058918536
    0.0059025254
    0.0059131970
    0.0059238685
    0.0059345400
    0.0059452112
    0.0059558823
    0.0059665533
    0.0059772240
    0.0059878945
    0.0059985648
    0.0060092349
    0.0060199046
    0.0060305741
    0.0060412433
    0.0060519121
    0.0060625807
    0.0060732488
    0.0060839166
    0.0060945840
    0.0061052510
    0.0061159176
    0.0061265837
    0.0061372493
    0.0061479145
    0.0061585792
    0.0061692433
    0.0061799070
    0.0061905700
    0.0062012325
    0.0062118944
    0.0062225557
    0.0062332164
    0.0062438765
    0.0062545359
    0.0062651946
    0.0062758526
    0.0062865099
    0.0062971665
    0.0063078223
    0.0063184773
    0.0063291316
    0.0063397851
    0.0063504378
    0.0063610896
    0.0063717405
    0.0063823906
    0.0063930398
    0.0064036881
    0.0064143355
    0.0064249819
    0.0064356274
    0.0064462719
    0.0064569154
    0.0064675578
    0.0064781993
    0.0064888396
    0.0064994790
    0.0065101172
    0.0065207543
    0.0065313903
    0.0065420252
    0.0065526589
    0.0065632914
    0.0065739228
    0.0065845529
    0.0065951818
    0.0066058094
    0.0066164358
    0.0066270609
    0.0066376847
    0.0066483072
    0.0066589284
    0.0066695481
    0.0066801666
    0.0066907836
    0.0067013992
    0.0067120134
    0.0067226261
    0.0067332374
    0.0067438472
    0.0067544555
    0.0067650623
    0.0067756676
    0.0067862713
    0.0067968734
    0.0068074740
    0.0068180729
    0.0068286703
    0.0068392659
    0.0068498600
    0.0068604523
    0.0068710430
    0.0068816319
    0.0068922191
    0.0069028046
    0.0069133883
    0.0069239702
    0.0069345503
    0.0069451286
    0.0069557050
    0.0069662796
    0.0069768523
    0.0069874232
    0.0069979921
    0.0070085591
    0.0070191241
    0.0070296872
    0.0070402483
    0.0070508074
    0.0070613645
    0.0070719196
    0.0070824726
    0.0070930235
    0.0071035723
    0.0071141191
    0.0071246637
    0.0071352061
    0.0071457464
    0.0071562846
    0.0071668205
    0.0071773542
    0.0071878857
    0.0071984149
    0.0072089419
    0.0072194666
    0.0072299890
    0.0072405090
    0.0072510267
    0.0072615421
    0.0072720551
    0.0072825657
    0.0072930739
    0.0073035796
    0.0073140829
    0.0073245838
    0.0073350821
    0.0073455780
    0.0073560713
    0.0073665621
    0.0073770504
    0.0073875361
    0.0073980191
    0.0074084996
    0.0074189775
    0.0074294527
    0.0074399252
    0.0074503951
    0.0074608623
    0.0074713267
    0.0074817885
    0.0074922474
    0.0075027036
    0.0075131571
    0.0075236077
    0.0075340555
    0.0075445004
    0.0075549425
    0.0075653817
    0.0075758180
    0.0075862514
    0.0075966819
    0.0076071095
    0.0076175340
    0.0076279556
    0.0076383742
    0.0076487897
    0.0076592023
    0.0076696117
    0.0076800181
    0.0076904215
    0.0077008217
    0.0077112187
    0.0077216127
    0.0077320034
    0.0077423910
    0.0077527754
    0.0077631566
    0.0077735345
    0.0077839092
    0.0077942806
    0.0078046488
    0.0078150136
    0.0078253751
    0.0078357333
    0.0078460881
    0.0078564395
    0.0078667876
    0.0078771322
    0.0078874734
    0.0078978112
    0.0079081455
    0.0079184763
    0.0079288036
    0.0079391274
    0.0079494476
    0.0079597643
    0.0079700775
    0.0079803870
    0.0079906929
    0.0080009953
    0.0080112939
    0.0080215889
    0.0080318803
    0.0080421679
    0.0080524518
    0.0080627320
    0.0080730084
    0.0080832811
    0.0080935500
    0.0081038151
    0.0081140764
    0.0081243338
    0.0081345874
    0.0081448371
    0.0081550829
    0.0081653248
    0.0081755628
    0.0081857968
    0.0081960269
    0.0082062529
    0.0082164750
    0.0082266931
    0.0082369072
    0.0082471172
    0.0082573231
    0.0082675249
    0.0082777227
    0.0082879163
    0.0082981058
    0.0083082911
    0.0083184723
    0.0083286492
    0.0083388220
    0.0083489905
    0.0083591548
    0.0083693148
    0.0083794706
    0.0083896220
    0.0083997691
    0.0084099119
    0.0084200504
    0.0084301845
    0.0084403141
    0.0084504394
    0.0084605603
    0.0084706768
    0.0084807887
    0.0084908962
    0.0085009993
    0.0085110978
    0.0085211917
    0.0085312812
    0.0085413661
    0.0085514464
    0.0085615221
    0.0085715932
    0.0085816596
    0.0085917214
    0.0086017786
    0.0086118311
    0.0086218788
    0.0086319219
    0.0086419602
    0.0086519937
    0.0086620225
    0.0086720465
    0.0086820657
    0.0086920801
    0.0087020896
    0.0087120943
    0.0087220941
    0.0087320890
    0.0087420790
    0.0087520641
    0.0087620442
    0.0087720193
    0.0087819895
    0.0087919547
    0.0088019149
    0.0088118700
    0.0088218201
    0.0088317651
    0.0088417051
    0.0088516399
    0.0088615696
    0.0088714942
    0.0088814136
    0.0088913279
    0.0089012369
    0.0089111408
    0.0089210394
    0.0089309328
    0.0089408210
    0.0089507038
    0.0089605814
    0.0089704537
    0.0089803206
    0.0089901822
    0.0090000385
    0.0090098893
    0.0090197348
    0.0090295748
    0.0090394094
    0.0090492386
    0.0090590623
    0.0090688805
    0.0090786933
    0.0090885005
    0.0090983022
    0.0091080983
    0.0091178888
    0.0091276738
    0.0091374532
    0.0091472270
    0.0091569951
    0.0091667575
    0.0091765143
    0.0091862654
    0.0091960108
    0.0092057505
    0.0092154845
    0.0092252127
    0.0092349351
    0.0092446517
    0.0092543625
    0.0092640675
    0.0092737667
    0.0092834599
    0.0092931474
    0.0093028289
    0.0093125045
    0.0093221742
    0.0093318379
    0.0093414957
    0.0093511475
    0.0093607934
    0.0093704332
    0.0093800669
    0.0093896947
    0.0093993163
    0.0094089319
    0.0094185414
    0.0094281448
    0.0094377421
    0.0094473332
    0.0094569181
    0.0094664969
    0.0094760694
    0.0094856358
    0.0094951959
    0.0095047498
    0.0095142974
    0.0095238387
    0.0095333737
    0.0095429025
    0.0095524248
    0.0095619409
    0.0095714505
    0.0095809538
    0.0095904507
    0.0095999412
    0.0096094252
    0.0096189028
    0.0096283739
    0.0096378386
    0.0096472967
    0.0096567483
    0.0096661934
    0.0096756320
    0.0096850640
    0.0096944893
    0.0097039081
    0.0097133203
    0.0097227259
    0.0097321248
    0.0097415170
    0.0097509026
    0.0097602814
    0.0097696535
    0.0097790189
    0.0097883776
    0.0097977295
    0.0098070746
    0.0098164129
    0.0098257444
    0.0098350691
    0.0098443869
    0.0098536978
    0.0098630019
    0.0098722991
    0.0098815893
    0.0098908726
    0.0099001490
    0.0099094184
    0.0099186809
    0.0099279363
    0.0099371848
    0.0099464262
    0.0099556605
    0.0099648878
    0.0099741080
    0.0099833212
    0.0099925272
     0.010001726
     0.010010918
     0.010020102
     0.010029280
     0.010038450
     0.010047613
     0.010056769
     0.010065917
     0.010075059
     0.010084193
     0.010093319
     0.010102439
     0.010111551
     0.010120656
     0.010129753
     0.010138843
     0.010147926
     0.010157001
     0.010166069
     0.010175129
     0.010184182
     0.010193228
     0.010202266
     0.010211296
     0.010220319
     0.010229335
     0.010238342
     0.010247343
     0.010256336
     0.010265321
     0.010274298
     0.010283268
     0.010292230
     0.010301185
     0.010310132
     0.010319071
     0.010328003
     0.010336927
     0.010345843
     0.010354751
     0.010363652
     0.010372544
     0.010381429
     0.010390306
     0.010399176
     0.010408037
     0.010416891
     0.010425737
     0.010434574
     0.010443404
     0.010452226
     0.010461040
     0.010469846
     0.010478645
     0.010487435
     0.010496217
     0.010504991
     0.010513757
     0.010522515
     0.010531265
     0.010540007
     0.010548740
     0.010557466
     0.010566184
     0.010574893
     0.010583594
     0.010592287
     0.010600972
     0.010609648
     0.010618317
     0.010626977
     0.010635629
     0.010644272
     0.010652908
     0.010661535
     0.010670154
     0.010678764
     0.010687366
     0.010695960
     0.010704545
     0.010713122
     0.010721690
     0.010730250
     0.010738802
     0.010747345
     0.010755880
     0.010764406
     0.010772924
     0.010781433
     0.010789933
     0.010798425
     0.010806909
     0.010815384
     0.010823850
     0.010832308
     0.010840757
     0.010849198
     0.010857629
     0.010866053
     0.010874467
     0.010882873
     0.010891270
     0.010899658
     0.010908038
     0.010916409
     0.010924771
     0.010933124
     0.010941469
     0.010949804
     0.010958131
     0.010966449
     0.010974758
     0.010983058
     0.010991350
     0.010999632
     0.011007906
     0.011016170
     0.011024426
     0.011032673
     0.011040910
     0.011049139
     0.011057359
     0.011065569
     0.011073771
     0.011081963
     0.011090147
     0.011098321
     0.011106486
     0.011114643
     0.011122790
     0.011130927
     0.011139056
     0.011147176
     0.011155286
     0.011163387
     0.011171479
     0.011179562
     0.011187635
     0.011195700
     0.011203755
     0.011211800
     0.011219837
     0.011227864
     0.011235881
     0.011243890
     0.011251889
     0.011259878
     0.011267858
     0.011275829
     0.011283791
     0.011291743
     0.011299685
     0.011307618
     0.011315542
     0.011323456
     0.011331360
     0.011339255
     0.011347141
     0.011355017
     0.011362883
     0.011370740
     0.011378587
     0.011386425
     0.011394253
     0.011402071
     0.011409880
     0.011417679
     0.011425469
     0.011433248
     0.011441018
     0.011448779
     0.011456529
     0.011464270
     0.011472001
     0.011479723
     0.011487434
     0.011495136
     0.011502828
     0.011510510
     0.011518182
     0.011525844
     0.011533497
     0.011541139
     0.011548772
     0.011556395
     0.011564008
     0.011571611
     0.011579204
     0.011586787
     0.011594360
     0.011601923
     0.011609476
     0.011617019
     0.011624552
     0.011632075
     0.011639588
     0.011647091
     0.011654583
     0.011662066
     0.011669538
     0.011677001
     0.011684453
     0.011691895
     0.011699327
     0.011706749
     0.011714160
     0.011721561
     0.011728953
     0.011736333
     0.011743704
     0.011751064
     0.011758414
     0.011765754
     0.011773084
     0.011780403
     0.011787712
     0.011795010
     0.011802298
     0.011809576
     0.011816843
     0.011824100
     0.011831347
     0.011838583
     0.011845809
     0.011853024
     0.011860229
     0.011867423
     0.011874607
     0.011881780
     0.011888943
     0.011896096
     0.011903237
     0.011910368
     0.011917489
     0.011924599
     0.011931699
     0.011938788
     0.011945866
     0.011952933
     0.011959990
     0.011967037
     0.011974072
     0.011981097
     0.011988112
     0.011995115
     0.012002108
     0.012009090
     0.012016062
     0.012023022
     0.012029972
     0.012036911
     0.012043840
     0.012050757
     0.012057664
     0.012064560
     0.012071445
     0.012078319
     0.012085182
     0.012092034
     0.012098876
     0.012105707
     0.012112526
     0.012119335
     0.012126133
     0.012132920
     0.012139695
     0.012146460
     0.012153214
     0.012159957
     0.012166689
     0.012173410
     0.012180120
     0.012186818
     0.012193506
     0.012200183
     0.012206848
     0.012213503
     0.012220146
     0.012226778
     0.012233399
     0.012240009
     0.012246608
     0.012253195
     0.012259772
     0.012266337
     0.012272891
     0.012279433
     0.012285965
     0.012292485
     0.012298994
     0.012305492
     0.012311978
     0.012318453
     0.012324917
     0.012331370
     0.012337811
     0.012344241
     0.012350659
     0.012357066
     0.012363462
     0.012369847
     0.012376220
     0.012382581
     0.012388931
     0.012395270
     0.012401597
     0.012407913
     0.012414217
     0.012420510
     0.012426792
     0.012433061
     0.012439320
     0.012445567
     0.012451802
     0.012458026
     0.012464238
     0.012470438
     0.012476628
     0.012482805
     0.012488971
     0.012495125
     0.012501268
     0.012507399
     0.012513518
     0.012519625
     0.012525721
     0.012531806
     0.012537878
     0.012543939
     0.012549988
     0.012556026
     0.012562052
     0.012568066
     0.012574068
     0.012580058
     0.012586037
     0.012592004
     0.012597959
     0.012603902
     0.012609833
     0.012615753
     0.012621661
     0.012627557
     0.012633441
     0.012639313
     0.012645173
     0.012651021
     0.012656858
     0.012662682
     0.012668495
     0.012674295
     0.012680084
     0.012685861
     0.012691626
     0.012697378
     0.012703119
     0.012708848
     0.012714565
     0.012720269
     0.012725962
     0.012731643
     0.012737311
     0.012742968
     0.012748612
     0.012754244
     0.012759865
     0.012765473
     0.012771069
     0.012776653
     0.012782224
     0.012787784
     0.012793331
     0.012798867
     0.012804390
     0.012809901
     0.012815399
     0.012820886
     0.012826360
     0.012831822
     0.012837272
     0.012842709
     0.012848134
     0.012853547
     0.012858948
     0.012864337
     0.012869713
     0.012875077
     0.012880428
     0.012885767
     0.012891094
     0.012896408
     0.012901711
     0.012907000
     0.012912278
     0.012917543
     0.012922795
     0.012928035
     0.012933263
     0.012938478
     0.012943681
     0.012948872
     0.012954050
     0.012959215
     0.012964368
     0.012969509
     0.012974637
     0.012979753
     0.012984856
     0.012989946
     0.012995024
     0.013000090
     0.013005143
     0.013010183
     0.013015211
     0.013020226
     0.013025229
     0.013030219
     0.013035196
     0.013040161
     0.013045113
     0.013050053
     0.013054980
     0.013059894
     0.013064796
     0.013069685
     0.013074561
     0.013079424
     0.013084275
     0.013089114
     0.013093939
     0.013098752
     0.013103552
     0.013108339
     0.013113114
     0.013117876
     0.013122625
     0.013127361
     0.013132084
     0.013136795
     0.013141493
     0.013146178
     0.013150850
     0.013155510
     0.013160156
     0.013164790
     0.013169411
     0.013174019
     0.013178614
     0.013183197
     0.013187766
     0.013192323
     0.013196866
     0.013201397
     0.013205915
     0.013210420
     0.013214912
     0.013219391
     0.013223857
     0.013228310
     0.013232750
     0.013237177
     0.013241591
     0.013245992
     0.013250381
     0.013254756
     0.013259118
     0.013263467
     0.013267803
     0.013272126
     0.013276436
     0.013280733
     0.013285017
     0.013289288
     0.013293546
     0.013297790
     0.013302022
     0.013306241
     0.013310446
     0.013314638
     0.013318817
     0.013322983
     0.013327136
     0.013331276
     0.013335402
     0.013339516
     0.013343616
     0.013347703
     0.013351777
     0.013355838
     0.013359885
     0.013363919
     0.013367940
     0.013371948
     0.013375943
     0.013379924
     0.013383892
     0.013387847
     0.013391789
     0.013395717
     0.013399632
     0.013403534
     0.013407422
     0.013411297
     0.013415159
     0.013419008
     0.013422843
     0.013426665
     0.013430474
     0.013434269
     0.013438051
     0.013441819
     0.013445575
     0.013449316
     0.013453045
     0.013456760
     0.013460462
     0.013464150
     0.013467825
     0.013471486
     0.013475135
     0.013478769
     0.013482390
     0.013485998
     0.013489593
     0.013493174
     0.013496741
     0.013500295
     0.013503836
     0.013507363
     0.013510876
     0.013514376
     0.013517863
     0.013521336
     0.013524796
     0.013528242
     0.013531675
     0.013535094
     0.013538499
     0.013541891
     0.013545270
     0.013548635
     0.013551986
     0.013555324
     0.013558648
     0.013561959
     0.013565256
     0.013568539
     0.013571809
     0.013575065
     0.013578308
     0.013581537
     0.013584753
     0.013587954
     0.013591143
     0.013594317
     0.013597478
     0.013600626
     0.013603759
     0.013606879
     0.013609986
     0.013613078
     0.013616157
     0.013619223
     0.013622274
     0.013625312
     0.013628336
     0.013631347
     0.013634344
     0.013637327
     0.013640296
     0.013643252
     0.013646194
     0.013649122
     0.013652037
     0.013654937
     0.013657824
     0.013660698
     0.013663557
     0.013666403
     0.013669235
     0.013672053
     0.013674857
     0.013677648
     0.013680425
     0.013683188
     0.013685937
     0.013688672
     0.013691394
     0.013694102
     0.013696796
     0.013699476
     0.013702142
     0.013704794
     0.013707433
     0.013710058
     0.013712669
     0.013715266
     0.013717849
     0.013720418
     0.013722974
     0.013725515
     0.013728043
     0.013730557
     0.013733057
     0.013735543
     0.013738015
     0.013740473
     0.013742917
     0.013745348
     0.013747764
     0.013750167
     0.013752556
     0.013754930
     0.013757291
     0.013759638
     0.013761971
     0.013764290
     0.013766595
     0.013768886
     0.013771163
     0.013773426
     0.013775675
     0.013777910
     0.013780131
     0.013782339
     0.013784532
     0.013786711
     0.013788876
     0.013791028
     0.013793165
     0.013795288
     0.013797397
     0.013799493
     0.013801574
     0.013803641
     0.013805694
     0.013807733
     0.013809758
     0.013811769
     0.013813767
     0.013815750
     0.013817718
     0.013819673
     0.013821614
     0.013823541
     0.013825454
     0.013827352
     0.013829237
     0.013831107
     0.013832964
     0.013834806
     0.013836635
     0.013838449
     0.013840249
     0.013842035
     0.013843807
     0.013845565
     0.013847308
     0.013849038
     0.013850753
     0.013852455
     0.013854142
     0.013855815
     0.013857474
     0.013859119
     0.013860750
     0.013862367
     0.013863969
     0.013865558
     0.013867132
     0.013868692
     0.013870238
     0.013871770
     0.013873288
     0.013874791
     0.013876281
     0.013877756
     0.013879217
     0.013880664
     0.013882096
     0.013883515
     0.013884919
     0.013886310
     0.013887686
     0.013889047
     0.013890395
     0.013891729
     0.013893048
     0.013894353
     0.013895644
     0.013896921
     0.013898183
     0.013899432
     0.013900666
     0.013901886
     0.013903091
     0.013904283
     0.013905460
     0.013906623
     0.013907772
     0.013908907
     0.013910027
     0.013911134
     0.013912226
     0.013913303
     0.013914367
     0.013915416
     0.013916451
     0.013917472
     0.013918479
     0.013919471
     0.013920449
     0.013921413
     0.013922363
     0.013923298
     0.013924220
     0.013925127
     0.013926019
     0.013926898
     0.013927762
     0.013928612
     0.013929448
     0.013930269
     0.013931076
     0.013931869
     0.013932648
     0.013933412
     0.013934162
     0.013934898
     0.013935620
     0.013936327
     0.013937020
     0.013937699
     0.013938364
     0.013939014
     0.013939650
     0.013940271
     0.013940879
     0.013941472
     0.013942051
     0.013942615
     0.013943166
     0.013943702
     0.013944224
     0.013944731
     0.013945224
     0.013945703
     0.013946168
     0.013946618
     0.013947054
     0.013947476
     0.013947883
     0.013948276
     0.013948655
     0.013949020
     0.013949370
     0.013949706
     0.013950028
     0.013950335
     0.013950628
     0.013950907
     0.013951172
     0.013951422
     0.013951658
     0.013951880
     0.013952087
     0.013952280
     0.013952459
     0.013952623
     0.013952773
     0.013952909
     0.013953031
     0.013953138
     0.013953231
     0.013953310
     0.013953374
     0.013953424
     0.013953460
     0.013953481
     0.013953488
     0.013953481
     0.013953460
     0.013953424
     0.013953374
     0.013953310
     0.013953231
     0.013953138
     0.013953031
     0.013952909
     0.013952773
     0.013952623
     0.013952459
     0.013952280
     0.013952087
     0.013951880
     0.013951658
     0.013951422
     0.013951172
     0.013950907
     0.013950628
     0.013950335
     0.013950028
     0.013949706
     0.013949370
     0.013949020
     0.013948655
     0.013948276
     0.013947883
     0.013947476
     0.013947054
     0.013946618
     0.013946168
     0.013945703
     0.013945224
     0.013944731
     0.013944224
     0.013943702
     0.013943166
     0.013942615
     0.013942051
     0.013941472
     0.013940879
     0.013940271
     0.013939650
     0.013939014
     0.013938364
     0.013937699
     0.013937020
     0.013936327
     0.013935620
     0.013934898
     0.013934162
     0.013933412
     0.013932648
     0.013931869
     0.013931076
     0.013930269
     0.013929448
     0.013928612
     0.013927762
     0.013926898
     0.013926019
     0.013925127
     0.013924220
     0.013923298
     0.013922363
     0.013921413
     0.013920449
     0.013919471
     0.013918479
     0.013917472
     0.013916451
     0.013915416
     0.013914367
     0.013913303
     0.013912226
     0.013911134
     0.013910027
     0.013908907
     0.013907772
     0.013906623
     0.013905460
     0.013904283
     0.013903091
     0.013901886
     0.013900666
     0.013899432
     0.013898183
     0.013896921
     0.013895644
     0.013894353
     0.013893048
     0.013891729
     0.013890395
     0.013889047
     0.013887686
     0.013886310
     0.013884919
     0.013883515
     0.013882096
     0.013880664
     0.013879217
     0.013877756
     0.013876281
     0.013874791
     0.013873288
     0.013871770
     0.013870238
     0.013868692
     0.013867132
     0.013865558
     0.013863969
     0.013862367
     0.013860750
     0.013859119
     0.013857474
     0.013855815
     0.013854142
     0.013852455
     0.013850753
     0.013849038
     0.013847308
     0.013845565
     0.013843807
     0.013842035
     0.013840249
     0.013838449
     0.013836635
     0.013834806
     0.013832964
     0.013831107
     0.013829237
     0.013827352
     0.013825454
     0.013823541
     0.013821614
     0.013819673
     0.013817718
     0.013815750
     0.013813767
     0.013811769
     0.013809758
     0.013807733
     0.013805694
     0.013803641
     0.013801574
     0.013799493
     0.013797397
     0.013795288
     0.013793165
     0.013791028
     0.013788876
     0.013786711
     0.013784532
     0.013782339
     0.013780131
     0.013777910
     0.013775675
     0.013773426
     0.013771163
     0.013768886
     0.013766595
     0.013764290
     0.013761971
     0.013759638
     0.013757291
     0.013754930
     0.013752556
     0.013750167
     0.013747764
     0.013745348
     0.013742917
     0.013740473
     0.013738015
     0.013735543
     0.013733057
     0.013730557
     0.013728043
     0.013725515
     0.013722974
     0.013720418
     0.013717849
     0.013715266
     0.013712669
     0.013710058
     0.013707433
     0.013704794
     0.013702142
     0.013699476
     0.013696796
     0.013694102
     0.013691394
     0.013688672
     0.013685937
     0.013683188
     0.013680425
     0.013677648
     0.013674857
     0.013672053
     0.013669235
     0.013666403
     0.013663557
     0.013660698
     0.013657824
     0.013654937
     0.013652037
     0.013649122
     0.013646194
     0.013643252
     0.013640296
     0.013637327
     0.013634344
     0.013631347
     0.013628336
     0.013625312
     0.013622274
     0.013619223
     0.013616157
     0.013613078
     0.013609986
     0.013606879
     0.013603759
     0.013600626
     0.013597478
     0.013594317
     0.013591143
     0.013587954
     0.013584753
     0.013581537
     0.013578308
     0.013575065
     0.013571809
     0.013568539
     0.013565256
     0.013561959
     0.013558648
     0.013555324
     0.013551986
     0.013548635
     0.013545270
     0.013541891
     0.013538499
     0.013535094
     0.013531675
     0.013528242
     0.013524796
     0.013521336
     0.013517863
     0.013514376
     0.013510876
     0.013507363
     0.013503836
     0.013500295
     0.013496741
     0.013493174
     0.013489593
     0.013485998
     0.013482390
     0.013478769
     0.013475135
     0.013471486
     0.013467825
     0.013464150
     0.013460462
     0.013456760
     0.013453045
     0.013449316
     0.013445575
     0.013441819
     0.013438051
     0.013434269
     0.013430474
     0.013426665
     0.013422843
     0.013419008
     0.013415159
     0.013411297
     0.013407422
     0.013403534
     0.013399632
     0.013395717
     0.013391789
     0.013387847
     0.013383892
     0.013379924
     0.013375943
     0.013371948
     0.013367940
     0.013363919
     0.013359885
     0.013355838
     0.013351777
     0.013347703
     0.013343616
     0.013339516
     0.013335402
     0.013331276
     0.013327136
     0.013322983
     0.013318817
     0.013314638
     0.013310446
     0.013306241
     0.013302022
     0.013297790
     0.013293546
     0.013289288
     0.013285017
     0.013280733
     0.013276436
     0.013272126
     0.013267803
     0.013263467
     0.013259118
     0.013254756
     0.013250381
     0.013245992
     0.013241591
     0.013237177
     0.013232750
     0.013228310
     0.013223857
     0.013219391
     0.013214912
     0.013210420
     0.013205915
     0.013201397
     0.013196866
     0.013192323
     0.013187766
     0.013183197
     0.013178614
     0.013174019
     0.013169411
     0.013164790
     0.013160156
     0.013155510
     0.013150850
     0.013146178
     0.013141493
     0.013136795
     0.013132084
     0.013127361
     0.013122625
     0.013117876
     0.013113114
     0.013108339
     0.013103552
     0.013098752
     0.013093939
     0.013089114
     0.013084275
     0.013079424
     0.013074561
     0.013069685
     0.013064796
     0.013059894
     0.013054980
     0.013050053
     0.013045113
     0.013040161
     0.013035196
     0.013030219
     0.013025229
     0.013020226
     0.013015211
     0.013010183
     0.013005143
     0.013000090
     0.012995024
     0.012989946
     0.012984856
     0.012979753
     0.012974637
     0.012969509
     0.012964368
     0.012959215
     0.012954050
     0.012948872
     0.012943681
     0.012938478
     0.012933263
     0.012928035
     0.012922795
     0.012917543
     0.012912278
     0.012907000
     0.012901711
     0.012896408
     0.012891094
     0.012885767
     0.012880428
     0.012875077
     0.012869713
     0.012864337
     0.012858948
     0.012853547
     0.012848134
     0.012842709
     0.012837272
     0.012831822
     0.012826360
     0.012820886
     0.012815399
     0.012809901
     0.012804390
     0.012798867
     0.012793331
     0.012787784
     0.012782224
     0.012776653
     0.012771069
     0.012765473
     0.012759865
     0.012754244
     0.012748612
     0.012742968
     0.012737311
     0.012731643
     0.012725962
     0.012720269
     0.012714565
     0.012708848
     0.012703119
     0.012697378
     0.012691626
     0.012685861
     0.012680084
     0.012674295
     0.012668495
     0.012662682
     0.012656858
     0.012651021
     0.012645173
     0.012639313
     0.012633441
     0.012627557
     0.012621661
     0.012615753
     0.012609833
     0.012603902
     0.012597959
     0.012592004
     0.012586037
     0.012580058
     0.012574068
     0.012568066
     0.012562052
     0.012556026
     0.012549988
     0.012543939
     0.012537878
     0.012531806
     0.012525721
     0.012519625
     0.012513518
     0.012507399
     0.012501268
     0.012495125
     0.012488971
     0.012482805
     0.012476628
     0.012470438
     0.012464238
     0.012458026
     0.012451802
     0.012445567
     0.012439320
     0.012433061
     0.012426792
     0.012420510
     0.012414217
     0.012407913
     0.012401597
     0.012395270
     0.012388931
     0.012382581
     0.012376220
     0.012369847
     0.012363462
     0.012357066
     0.012350659
     0.012344241
     0.012337811
     0.012331370
     0.012324917
     0.012318453
     0.012311978
     0.012305492
     0.012298994
     0.012292485
     0.012285965
     0.012279433
     0.012272891
     0.012266337
     0.012259772
     0.012253195
     0.012246608
     0.012240009
     0.012233399
     0.012226778
     0.012220146
     0.012213503
     0.012206848
     0.012200183
     0.012193506
     0.012186818
     0.012180120
     0.012173410
     0.012166689
     0.012159957
     0.012153214
     0.012146460
     0.012139695
     0.012132920
     0.012126133
     0.012119335
     0.012112526
     0.012105707
     0.012098876
     0.012092034
     0.012085182
     0.012078319
     0.012071445
     0.012064560
     0.012057664
     0.012050757
     0.012043840
     0.012036911
     0.012029972
     0.012023022
     0.012016062
     0.012009090
     0.012002108
     0.011995115
     0.011988112
     0.011981097
     0.011974072
     0.011967037
     0.011959990
     0.011952933
     0.011945866
     0.011938788
     0.011931699
     0.011924599
     0.011917489
     0.011910368
     0.011903237
     0.011896096
     0.011888943
     0.011881780
     0.011874607
     0.011867423
     0.011860229
     0.011853024
     0.011845809
     0.011838583
     0.011831347
     0.011824100
     0.011816843
     0.011809576
     0.011802298
     0.011795010
     0.011787712
     0.011780403
     0.011773084
     0.011765754
     0.011758414
     0.011751064
     0.011743704
     0.011736333
     0.011728953
     0.011721561
     0.011714160
     0.011706749
     0.011699327
     0.011691895
     0.011684453
     0.011677001
     0.011669538
     0.011662066
     0.011654583
     0.011647091
     0.011639588
     0.011632075
     0.011624552
     0.011617019
     0.011609476
     0.011601923
     0.011594360
     0.011586787
     0.011579204
     0.011571611
     0.011564008
     0.011556395
     0.011548772
     0.011541139
     0.011533497
     0.011525844
     0.011518182
     0.011510510
     0.011502828
     0.011495136
     0.011487434
     0.011479723
     0.011472001
     0.011464270
     0.011456529
     0.011448779
     0.011441018
     0.011433248
     0.011425469
     0.011417679
     0.011409880
     0.011402071
     0.011394253
     0.011386425
     0.011378587
     0.011370740
     0.011362883
     0.011355017
     0.011347141
     0.011339255
     0.011331360
     0.011323456
     0.011315542
     0.011307618
     0.011299685
     0.011291743
     0.011283791
     0.011275829
     0.011267858
     0.011259878
     0.011251889
     0.011243890
     0.011235881
     0.011227864
     0.011219837
     0.011211800
     0.011203755
     0.011195700
     0.011187635
     0.011179562
     0.011171479
     0.011163387
     0.011155286
     0.011147176
     0.011139056
     0.011130927
     0.011122790
     0.011114643
     0.011106486
     0.011098321
     0.011090147
     0.011081963
     0.011073771
     0.011065569
     0.011057359
     0.011049139
     0.011040910
     0.011032673
     0.011024426
     0.011016170
     0.011007906
     0.010999632
     0.010991350
     0.010983058
     0.010974758
     0.010966449
     0.010958131
     0.010949804
     0.010941469
     0.010933124
     0.010924771
     0.010916409
     0.010908038
     0.010899658
     0.010891270
     0.010882873
     0.010874467
     0.010866053
     0.010857629
     0.010849198
     0.010840757
     0.010832308
     0.010823850
     0.010815384
     0.010806909
     0.010798425
     0.010789933
     0.010781433
     0.010772924
     0.010764406
     0.010755880
     0.010747345
     0.010738802
     0.010730250
     0.010721690
     0.010713122
     0.010704545
     0.010695960
     0.010687366
     0.010678764
     0.010670154
     0.010661535
     0.010652908
     0.010644272
     0.010635629
     0.010626977
     0.010618317
     0.010609648
     0.010600972
     0.010592287
     0.010583594
     0.010574893
     0.010566184
     0.010557466
     0.010548740
     0.010540007
     0.010531265
     0.010522515
     0.010513757
     0.010504991
     0.010496217
     0.010487435
     0.010478645
     0.010469846
     0.010461040
     0.010452226
     0.010443404
     0.010434574
     0.010425737
     0.010416891
     0.010408037
     0.010399176
     0.010390306
     0.010381429
     0.010372544
     0.010363652
     0.010354751
     0.010345843
     0.010336927
     0.010328003
     0.010319071
     0.010310132
     0.010301185
     0.010292230
     0.010283268
     0.010274298
     0.010265321
     0.010256336
     0.010247343
     0.010238342
     0.010229335
     0.010220319
     0.010211296
     0.010202266
     0.010193228
     0.010184182
     0.010175129
     0.010166069
     0.010157001
     0.010147926
     0.010138843
     0.010129753
     0.010120656
     0.010111551
     0.010102439
     0.010093319
     0.010084193
     0.010075059
     0.010065917
     0.010056769
     0.010047613
     0.010038450
     0.010029280
     0.010020102
     0.010010918
     0.010001726
    0.0099925272
    0.0099833212
    0.0099741080
    0.0099648878
    0.0099556605
    0.0099464262
    0.0099371848
    0.0099279363
    0.0099186809
    0.0099094184
    0.0099001490
    0.0098908726
    0.0098815893
    0.0098722991
    0.0098630019
    0.0098536978
    0.0098443869
    0.0098350691
    0.0098257444
    0.0098164129
    0.0098070746
    0.0097977295
    0.0097883776
    0.0097790189
    0.0097696535
    0.0097602814
    0.0097509026
    0.0097415170
    0.0097321248
    0.0097227259
    0.0097133203
    0.0097039081
    0.0096944893
    0.0096850640
    0.0096756320
    0.0096661934
    0.0096567483
    0.0096472967
    0.0096378386
    0.0096283739
    0.0096189028
    0.0096094252
    0.0095999412
    0.0095904507
    0.0095809538
    0.0095714505
    0.0095619409
    0.0095524248
    0.0095429025
    0.0095333737
    0.0095238387
    0.0095142974
    0.0095047498
    0.0094951959
    0.0094856358
    0.0094760694
    0.0094664969
    0.0094569181
    0.0094473332
    0.0094377421
    0.0094281448
    0.0094185414
    0.0094089319
    0.0093993163
    0.0093896947
    0.0093800669
    0.0093704332
    0.0093607934
    0.0093511475
    0.0093414957
    0.0093318379
    0.0093221742
    0.0093125045
    0.0093028289
    0.0092931474
    0.0092834599
    0.0092737667
    0.0092640675
    0.0092543625
    0.0092446517
    0.0092349351
    0.0092252127
    0.0092154845
    0.0092057505
    0.0091960108
    0.0091862654
    0.0091765143
    0.0091667575
    0.0091569951
    0.0091472270
    0.0091374532
    0.0091276738
    0.0091178888
    0.0091080983
    0.0090983022
    0.0090885005
    0.0090786933
    0.0090688805
    0.0090590623
    0.0090492386
    0.0090394094
    0.0090295748
    0.0090197348
    0.0090098893
    0.0090000385
    0.0089901822
    0.0089803206
    0.0089704537
    0.0089605814
    0.0089507038
    0.0089408210
    0.0089309328
    0.0089210394
    0.0089111408
    0.0089012369
    0.0088913279
    0.0088814136
    0.0088714942
    0.0088615696
    0.0088516399
    0.0088417051
    0.0088317651
    0.0088218201
    0.0088118700
    0.0088019149
    0.0087919547
    0.0087819895
    0.0087720193
    0.0087620442
    0.0087520641
    0.0087420790
    0.0087320890
    0.0087220941
    0.0087120943
    0.0087020896
    0.0086920801
    0.0086820657
    0.0086720465
    0.0086620225
    0.0086519937
    0.0086419602
    0.0086319219
    0.0086218788
    0.0086118311
    0.0086017786
    0.0085917214
    0.0085816596
    0.0085715932
    0.0085615221
    0.0085514464
    0.0085413661
    0.0085312812
    0.0085211917
    0.0085110978
    0.0085009993
    0.0084908962
    0.0084807887
    0.0084706768
    0.0084605603
    0.0084504394
    0.0084403141
    0.0084301845
    0.0084200504
    0.0084099119
    0.0083997691
    0.0083896220
    0.0083794706
    0.0083693148
    0.0083591548
    0.0083489905
    0.0083388220
    0.0083286492
    0.0083184723
    0.0083082911
    0.0082981058
    0.0082879163
    0.0082777227
    0.0082675249
    0.0082573231
    0.0082471172
    0.0082369072
    0.0082266931
    0.0082164750
    0.0082062529
    0.0081960269
    0.0081857968
    0.0081755628
    0.0081653248
    0.0081550829
    0.0081448371
    0.0081345874
    0.0081243338
    0.0081140764
    0.0081038151
    0.0080935500
    0.0080832811
    0.0080730084
    0.0080627320
    0.0080524518
    0.0080421679
    0.0080318803
    0.0080215889
    0.0080112939
    0.0080009953
    0.0079906929
    0.0079803870
    0.0079700775
    0.0079597643
    0.0079494476
    0.0079391274
    0.0079288036
    0.0079184763
    0.0079081455
    0.0078978112
    0.0078874734
    0.0078771322
    0.0078667876
    0.0078564395
    0.0078460881
    0.0078357333
    0.0078253751
    0.0078150136
    0.0078046488
    0.0077942806
    0.0077839092
    0.0077735345
    0.0077631566
    0.0077527754
    0.0077423910
    0.0077320034
    0.0077216127
    0.0077112187
    0.0077008217
    0.0076904215
    0.0076800181
    0.0076696117
    0.0076592023
    0.0076487897
    0.0076383742
    0.0076279556
    0.0076175340
    0.0076071095
    0.0075966819
    0.0075862514
    0.0075758180
    0.0075653817
    0.0075549425
    0.0075445004
    0.0075340555
    0.0075236077
    0.0075131571
    0.0075027036
    0.0074922474
    0.0074817885
    0.0074713267
    0.0074608623
    0.0074503951
    0.0074399252
    0.0074294527
    0.0074189775
    0.0074084996
    0.0073980191
    0.0073875361
    0.0073770504
    0.0073665621
    0.0073560713
    0.0073455780
    0.0073350821
    0.0073245838
    0.0073140829
    0.0073035796
    0.0072930739
    0.0072825657
    0.0072720551
    0.0072615421
    0.0072510267
    0.0072405090
    0.0072299890
    0.0072194666
    0.0072089419
    0.0071984149
    0.0071878857
    0.0071773542
    0.0071668205
    0.0071562846
    0.0071457464
    0.0071352061
    0.0071246637
    0.0071141191
    0.0071035723
    0.0070930235
    0.0070824726
    0.0070719196
    0.0070613645
    0.0070508074
    0.0070402483
    0.0070296872
    0.0070191241
    0.0070085591
    0.0069979921
    0.0069874232
    0.0069768523
    0.0069662796
    0.0069557050
    0.0069451286
    0.0069345503
    0.0069239702
    0.0069133883
    0.0069028046
    0.0068922191
    0.0068816319
    0.0068710430
    0.0068604523
    0.0068498600
    0.0068392659
    0.0068286703
    0.0068180729
    0.0068074740
    0.0067968734
    0.0067862713
    0.0067756676
    0.0067650623
    0.0067544555
    0.0067438472
    0.0067332374
    0.0067226261
    0.0067120134
    0.0067013992
    0.0066907836
    0.0066801666
    0.0066695481
    0.0066589284
    0.0066483072
    0.0066376847
    0.0066270609
    0.0066164358
    0.0066058094
    0.0065951818
    0.0065845529
    0.0065739228
    0.0065632914
    0.0065526589
    0.0065420252
    0.0065313903
    0.0065207543
    0.0065101172
    0.0064994790
    0.0064888396
    0.0064781993
    0.0064675578
    0.0064569154
    0.0064462719
    0.0064356274
    0.0064249819
    0.0064143355
    0.0064036881
    0.0063930398
    0.0063823906
    0.0063717405
    0.0063610896
    0.0063504378
    0.0063397851
    0.0063291316
    0.0063184773
    0.0063078223
    0.0062971665
    0.0062865099
    0.0062758526
    0.0062651946
    0.0062545359
    0.0062438765
    0.0062332164
    0.0062225557
    0.0062118944
    0.0062012325
    0.0061905700
    0.0061799070
    0.0061692433
    0.0061585792
    0.0061479145
    0.0061372493
    0.0061265837
    0.0061159176
    0.0061052510
    0.0060945840
    0.0060839166
    0.0060732488
    0.0060625807
    0.0060519121
    0.0060412433
    0.0060305741
    0.0060199046
    0.0060092349
    0.0059985648
    0.0059878945
    0.0059772240
    0.0059665533
    0.0059558823
    0.0059452112
    0.0059345400
    0.0059238685
    0.0059131970
    0.0059025254
    0.0058918536
    0.0058811818
    0.0058705099
    0.0058598380
    0.0058491661
    0.0058384942
    0.0058278223
    0.0058171504
    0.0058064785
    0.0057958068
    0.0057851351
    0.0057744635
    0.0057637921
    0.0057531208
    0.0057424496
    0.0057317786
    0.0057211078
    0.0057104373
    0.0056997669
    0.0056890968
    0.0056784269
    0.0056677574
    0.0056570881
    0.0056464191
    0.0056357505
    0.0056250823
    0.0056144143
    0.0056037468
    0.0055930797
    0.0055824130
    0.0055717468
    0.0055610809
    0.0055504156
    0.0055397508
    0.0055290864
    0.0055184226
    0.0055077594
    0.0054970967
    0.0054864346
    0.0054757730
    0.0054651121
    0.0054544518
    0.0054437922
    0.0054331332
    0.0054224749
    0.0054118173
    0.0054011605
    0.0053905043
    0.0053798489
    0.0053691943
    0.0053585405
    0.0053478875
    0.0053372353
    0.0053265839
    0.0053159334
    0.0053052838
    0.0052946351
    0.0052839873
    0.0052733404
    0.0052626944
    0.0052520494
    0.0052414054
    0.0052307624
    0.0052201204
    0.0052094795
    0.0051988395
    0.0051882007
    0.0051775629
    0.0051669263
    0.0051562907
    0.0051456563
    0.0051350230
    0.0051243909
    0.0051137600
    0.0051031303
    0.0050925019
    0.0050818746
    0.0050712486
    0.0050606239
    0.0050500005
    0.0050393784
    0.0050287576
    0.0050181382
    0.0050075201
    0.0049969034
    0.0049862881
    0.0049756742
    0.0049650617
    0.0049544507
    0.0049438411
    0.0049332331
    0.0049226265
    0.0049120214
    0.0049014179
    0.0048908159
    0.0048802155
    0.0048696166
    0.0048590194
    0.0048484238
    0.0048378298
    0.0048272375
    0.0048166468
    0.0048060578
    0.0047954705
    0.0047848850
    0.0047743012
    0.0047637191
    0.0047531388
    0.0047425603
    0.0047319836
    0.0047214087
    0.0047108357
    0.0047002645
    0.0046896952
    0.0046791278
    0.0046685623
    0.0046579987
    0.0046474371
    0.0046368774
    0.0046263197
    0.0046157639
    0.0046052102
    0.0045946585
    0.0045841089
    0.0045735613
    0.0045630158
    0.0045524724
    0.0045419311
    0.0045313919
    0.0045208549
    0.0045103200
    0.0044997874
    0.0044892569
    0.0044787286
    0.0044682025
    0.0044576787
    0.0044471572
    0.0044366379
    0.0044261209
    0.0044156063
    0.0044050940
    0.0043945840
    0.0043840763
    0.0043735711
    0.0043630683
    0.0043525678
    0.0043420698
    0.0043315743
    0.0043210812
    0.0043105906
    0.0043001025
    0.0042896169
    0.0042791338
    0.0042686533
    0.0042581753
    0.0042476999
    0.0042372271
    0.0042267570
    0.0042162894
    0.0042058245
    0.0041953623
    0.0041849027
    0.0041744459
    0.0041639917
    0.0041535403
    0.0041430916
    0.0041326457
    0.0041222026
    0.0041117623
    0.0041013247
    0.0040908900
    0.0040804582
    0.0040700292
    0.0040596031
    0.0040491799
    0.0040387596
    0.0040283422
    0.0040179277
    0.0040075163
    0.0039971078
    0.0039867022
    0.0039762997
    0.0039659003
    0.0039555038
    0.0039451105
    0.0039347202
    0.0039243330
    0.0039139489
    0.0039035679
    0.0038931900
    0.0038828153
    0.0038724438
    0.0038620755
    0.0038517104
    0.0038413485
    0.0038309898
    0.0038206344
    0.0038102823
    0.0037999334
    0.0037895879
    0.0037792456
    0.0037689067
    0.0037585712
    0.0037482390
    0.0037379102
    0.0037275848
    0.0037172628
    0.0037069443
    0.0036966292
    0.0036863175
    0.0036760094
    0.0036657047
    0.0036554035
    0.0036451059
    0.0036348118
    0.0036245213
    0.0036142343
    0.0036039510
    0.0035936712
    0.0035833951
    0.0035731226
    0.0035628538
    0.0035525886
    0.0035423271
    0.0035320693
    0.0035218153
    0.0035115650
    0.0035013184
    0.0034910756
    0.0034808366
    0.0034706013
    0.0034603699
    0.0034501423
    0.0034399186
    0.0034296987
    0.0034194827
    0.0034092706
    0.0033990624
    0.0033888582
    0.0033786578
    0.0033684615
    0.0033582691
    0.0033480806
    0.0033378962
    0.0033277158
    0.0033175395
    0.0033073671
    0.0032971989
    0.0032870347
    0.0032768747
    0.0032667187
    0.0032565669
    0.0032464192
    0.0032362757
    0.0032261363
    0.0032160011
    0.0032058702
    0.0031957435
    0.0031856210
    0.0031755027
    0.0031653887
    0.0031552790
    0.0031451736
    0.0031350725
    0.0031249758
    0.0031148834
    0.0031047953
    0.0030947116
    0.0030846324
    0.0030745575
    0.0030644870
    0.0030544210
    0.0030443594
    0.0030343023
    0.0030242497
    0.0030142016
    0.0030041580
    0.0029941189
    0.0029840843
    0.0029740544
    0.0029640289
    0.0029540081
    0.0029439919
    0.0029339803
    0.0029239734
    0.0029139710
    0.0029039734
    0.0028939804
    0.0028839922
    0.0028740086
    0.0028640298
    0.0028540557
    0.0028440863
    0.0028341218
    0.0028241620
    0.0028142070
    0.0028042568
    0.0027943115
    0.0027843710
    0.0027744353
    0.0027645046
    0.0027545787
    0.0027446577
    0.0027347417
    0.0027248306
    0.0027149244
    0.0027050232
    0.0026951270
    0.0026852358
    0.0026753496
    0.0026654684
    0.0026555922
    0.0026457211
    0.0026358551
    0.0026259941
    0.0026161383
    0.0026062875
    0.0025964419
