  -4.1741302e-09
   0.00010005661
   0.00020021541
   0.00030043684
   0.00040068545
   0.00050092571
   0.00060112206
   0.00070123891
   0.00080124066
   0.00090109168
    0.0010007564
    0.0011001991
    0.0011993843
    0.0012982766
    0.0013968403
    0.0014950402
    0.0015928408
    0.0016902071
    0.0017871038
    0.0018834960
    0.0019793488
    0.0020746275
    0.0021692976
    0.0022633245
    0.0023566742
    0.0024493126
    0.0025412058
    0.0026323203
    0.0027226227
    0.0028120800
    0.0029006591
    0.0029883275
    0.0030750529
    0.0031608033
    0.0032455468
    0.0033292521
    0.0034118881
    0.0034934241
    0.0035738295
    0.0036530743
    0.0037311289
    0.0038079639
    0.0038835505
    0.0039578600
    0.0040308645
    0.0041025361
    0.0041728477
    0.0042417726
    0.0043092842
    0.0043753567
    0.0044399648
    0.0045030835
    0.0045646883
    0.0046247553
    0.0046832611
    0.0047401828
    0.0047954980
    0.0048491849
    0.0049012221
    0.0049515890
    0.0050002654
    0.0050472316
    0.0050924686
    0.0051359580
    0.0051776819
    0.0052176230
    0.0052557648
    0.0052920912
    0.0053265867
    0.0053592366
    0.0053900267
    0.0054189435
    0.0054459742
    0.0054711064
    0.0054943287
    0.0055156301
    0.0055350004
    0.0055524299
    0.0055679099
    0.0055814319
    0.0055929886
    0.0056025729
    0.0056101789
    0.0056158009
    0.0056194341
    0.0056210745
    0.0056207187
    0.0056183640
    0.0056140083
    0.0056076504
    0.0055992897
    0.0055889263
    0.0055765611
    0.0055621955
    0.0055458319
    0.0055274732
    0.0055071231
    0.0054847859
    0.0054604667
    0.0054341714
    0.0054059063
    0.0053756788
    0.0053434968
    0.0053093688
    0.0052733041
    0.0052353128
    0.0051954056
    0.0051535939
    0.0051098897
    0.0050643059
    0.0050168558
    0.0049675537
    0.0049164143
    0.0048634532
    0.0048086864
    0.0047521308
    0.0046938038
    0.0046337236
    0.0045719089
    0.0045083792
    0.0044431544
    0.0043762552
    0.0043077030
    0.0042375195
    0.0041657274
    0.0040923497
    0.0040174102
    0.0039409331
    0.0038629433
    0.0037834662
    0.0037025279
    0.0036201549
    0.0035363743
    0.0034512137
    0.0033647014
    0.0032768659
    0.0031877366
    0.0030973430
    0.0030057155
    0.0029128846
    0.0028188815
    0.0027237377
    0.0026274854
    0.0025301571
    0.0024317855
    0.0023324041
    0.0022320466
    0.0021307472
    0.0020285403
    0.0019254608
    0.0018215440
    0.0017168255
    0.0016113411
    0.0015051272
    0.0013982204
    0.0012906574
    0.0011824754
    0.0010737119
   0.00096440457
   0.00085459128
   0.00074431023
   0.00063359981
   0.00052249862
   0.00041104546
   0.00029927930
   0.00018723928
   7.4964718e-05
  -3.7504955e-05
  -0.00015013017
  -0.00026287123
  -0.00037568836
  -0.00048854169
  -0.00060139128
  -0.00071419711
  -0.00082691914
  -0.00093951730
   -0.0010519515
   -0.0011641816
   -0.0012761676
   -0.0013878693
   -0.0014992469
   -0.0016102602
   -0.0017208694
   -0.0018310347
   -0.0019407164
   -0.0020498749
   -0.0021584706
   -0.0022664643
   -0.0023738167
   -0.0024804889
   -0.0025864419
   -0.0026916372
   -0.0027960362
   -0.0028996008
   -0.0030022931
   -0.0031040752
   -0.0032049096
   -0.0033047593
   -0.0034035873
   -0.0035013571
   -0.0035980322
   -0.0036935769
   -0.0037879555
   -0.0038811327
   -0.0039730737
   -0.0040637439
   -0.0041531094
   -0.0042411364
   -0.0043277916
   -0.0044130423
   -0.0044968559
   -0.0045792007
   -0.0046600451
   -0.0047393581
   -0.0048171093
   -0.0048932687
   -0.0049678069
   -0.0050406948
   -0.0051119040
   -0.0051814068
   -0.0052491759
   -0.0053151844
   -0.0053794063
   -0.0054418160
   -0.0055023886
   -0.0055610996
   -0.0056179255
   -0.0056728430
   -0.0057258298
   -0.0057768640
   -0.0058259244
   -0.0058729906
   -0.0059180428
   -0.0059610618
   -0.0060020291
   -0.0060409270
   -0.0060777384
   -0.0061124471
   -0.0061450373
   -0.0061754941
   -0.0062038035
   -0.0062299518
   -0.0062539266
   -0.0062757156
   -0.0062953079
   -0.0063126930
   -0.0063278611
   -0.0063408033
   -0.0063515116
   -0.0063599785
   -0.0063661975
   -0.0063701628
   -0.0063718693
   -0.0063713129
   -0.0063684900
   -0.0063633981
   -0.0063560353
   -0.0063464006
   -0.0063344937
   -0.0063203152
   -0.0063038664
   -0.0062851495
   -0.0062641675
   -0.0062409242
   -0.0062154240
   -0.0061876725
   -0.0061576758
   -0.0061254408
   -0.0060909755
   -0.0060542882
   -0.0060153885
   -0.0059742865
   -0.0059309932
   -0.0058855204
   -0.0058378806
   -0.0057880871
   -0.0057361542
   -0.0056820966
   -0.0056259300
   -0.0055676710
   -0.0055073366
   -0.0054449450
   -0.0053805147
   -0.0053140653
   -0.0052456170
   -0.0051751907
   -0.0051028082
   -0.0050284919
   -0.0049522648
   -0.0048741509
   -0.0047941746
   -0.0047123614
   -0.0046287369
   -0.0045433280
   -0.0044561619
   -0.0043672666
   -0.0042766706
   -0.0041844033
   -0.0040904945
   -0.0039949748
   -0.0038978753
   -0.0037992278
   -0.0036990646
   -0.0035974187
   -0.0034943236
   -0.0033898134
   -0.0032839228
   -0.0031766869
   -0.0030681415
   -0.0029583228
   -0.0028472675
   -0.0027350130
   -0.0026215969
   -0.0025070576
   -0.0023914335
   -0.0022747640
   -0.0021570884
   -0.0020384469
   -0.0019188798
   -0.0017984278
   -0.0016771322
   -0.0015550344
   -0.0014321763
   -0.0013086003
   -0.0011843487
   -0.0010594644
  -0.00093399073
  -0.00080797095
  -0.00068144880
  -0.00055446824
  -0.00042707345
  -0.00029930884
  -0.00017121902
  -4.2848792e-05
   8.5756860e-05
   0.00021455280
   0.00034349374
   0.00047253428
   0.00060162888
   0.00073073193
   0.00085979772
   0.00098878048
    0.0011176344
    0.0012463136
    0.0013747723
    0.0015029645
    0.0016308444
    0.0017583663
    0.0018854842
    0.0020121525
    0.0021383256
    0.0022639579
    0.0023890041
    0.0025134187
    0.0026371566
    0.0027601729
    0.0028824228
    0.0030038615
    0.0031244447
    0.0032441283
    0.0033628681
    0.0034806206
    0.0035973423
    0.0037129901
    0.0038275211
    0.0039408928
    0.0040530631
    0.0041639901
    0.0042736323
    0.0043819486
    0.0044888984
    0.0045944413
    0.0046985376
    0.0048011477
    0.0049022328
    0.0050017542
    0.0050996741
    0.0051959548
    0.0052905595
    0.0053834515
    0.0054745950
    0.0055639546
    0.0056514954
    0.0057371832
    0.0058209843
    0.0059028657
    0.0059827950
    0.0060607404
    0.0061366706
    0.0062105553
    0.0062823645
    0.0063520691
    0.0064196406
    0.0064850513
    0.0065482740
    0.0066092826
    0.0066680512
    0.0067245552
    0.0067787703
    0.0068306733
    0.0068802415
    0.0069274532
    0.0069722873
    0.0070147238
    0.0070547430
    0.0070923266
    0.0071274567
    0.0071601164
    0.0071902897
    0.0072179612
    0.0072431167
    0.0072657425
    0.0072858261
    0.0073033556
    0.0073183202
    0.0073307098
    0.0073405153
    0.0073477284
    0.0073523419
    0.0073543492
    0.0073537448
    0.0073505242
    0.0073446835
    0.0073362201
    0.0073251320
    0.0073114182
    0.0072950788
    0.0072761146
    0.0072545274
    0.0072303200
    0.0072034961
    0.0071740602
    0.0071420179
    0.0071073756
    0.0070701408
    0.0070303217
    0.0069879275
    0.0069429685
    0.0068954556
    0.0068454010
    0.0067928175
    0.0067377190
    0.0066801202
    0.0066200367
    0.0065574851
    0.0064924829
    0.0064250484
    0.0063552009
    0.0062829605
    0.0062083481
    0.0061313858
    0.0060520962
    0.0059705029
    0.0058866305
    0.0058005042
    0.0057121502
    0.0056215955
    0.0055288679
    0.0054339961
    0.0053370094
    0.0052379383
    0.0051368136
    0.0050336672
    0.0049285317
    0.0048214405
    0.0047124277
    0.0046015281
    0.0044887772
    0.0043742115
    0.0042578679
    0.0041397841
    0.0040199986
    0.0038985503
    0.0037754790
    0.0036508251
    0.0035246296
    0.0033969341
    0.0032677808
    0.0031372127
    0.0030052730
    0.0028720059
    0.0027374557
    0.0026016677
    0.0024646874
    0.0023265608
    0.0021873347
    0.0020470560
    0.0019057723
    0.0017635317
    0.0016203825
    0.0014763735
    0.0013315540
    0.0011859736
    0.0010396823
   0.00089273034
   0.00074516848
   0.00059704764
   0.00044841912
   0.00029933445
   0.00014984545
   4.1741302e-09
  -0.00015013708
  -0.00030052582
  -0.00045110937
  -0.00060183485
  -0.00075264925
  -0.00090349942
   -0.0010543321
   -0.0012050939
   -0.0013557313
   -0.0015061909
   -0.0016564191
   -0.0018063623
   -0.0019559669
   -0.0021051792
   -0.0022539459
   -0.0024022132
   -0.0025499279
   -0.0026970365
   -0.0028434858
   -0.0029892227
   -0.0031341941
   -0.0032783474
   -0.0034216297
   -0.0035639887
   -0.0037053722
   -0.0038457281
   -0.0039850048
   -0.0041231507
   -0.0042601147
   -0.0043958460
   -0.0045302940
   -0.0046634085
   -0.0047951397
   -0.0049254382
   -0.0050542550
   -0.0051815414
   -0.0053072492
   -0.0054313308
   -0.0055537389
   -0.0056744268
   -0.0057933481
   -0.0059104572
   -0.0060257090
   -0.0061390586
   -0.0062504622
   -0.0063598763
   -0.0064672580
   -0.0065725650
   -0.0066757559
   -0.0067767897
   -0.0068756260
   -0.0069722255
   -0.0070665491
   -0.0071585588
   -0.0072482172
   -0.0073354875
   -0.0074203338
   -0.0075027211
   -0.0075826150
   -0.0076599819
   -0.0077347892
   -0.0078070049
   -0.0078765980
   -0.0079435383
   -0.0080077965
   -0.0080693441
   -0.0081281535
   -0.0081841982
   -0.0082374523
   -0.0082878911
   -0.0083354906
   -0.0083802280
   -0.0084220812
   -0.0084610293
   -0.0084970522
   -0.0085301308
   -0.0085602471
   -0.0085873840
   -0.0086115254
   -0.0086326564
   -0.0086507629
   -0.0086658319
   -0.0086778515
   -0.0086868108
   -0.0086926999
   -0.0086955100
   -0.0086952334
   -0.0086918635
   -0.0086853946
   -0.0086758222
   -0.0086631429
   -0.0086473543
   -0.0086284551
   -0.0086064451
   -0.0085813254
   -0.0085530977
   -0.0085217653
   -0.0084873324
   -0.0084498041
   -0.0084091869
   -0.0083654883
   -0.0083187169
   -0.0082688823
   -0.0082159952
   -0.0081600676
   -0.0081011125
   -0.0080391437
   -0.0079741766
   -0.0079062273
   -0.0078353130
   -0.0077614523
   -0.0076846644
   -0.0076049701
   -0.0075223908
   -0.0074369491
   -0.0073486689
   -0.0072575748
   -0.0071636926
   -0.0070670492
   -0.0069676724
   -0.0068655911
   -0.0067608352
   -0.0066534355
   -0.0065434241
   -0.0064308336
   -0.0063156980
   -0.0061980522
   -0.0060779319
   -0.0059553738
   -0.0058304156
   -0.0057030960
   -0.0055734543
   -0.0054415311
   -0.0053073676
   -0.0051710061
   -0.0050324895
   -0.0048918619
   -0.0047491679
   -0.0046044531
   -0.0044577639
   -0.0043091475
   -0.0041586519
   -0.0040063258
   -0.0038522188
   -0.0036963809
   -0.0035388633
   -0.0033797175
   -0.0032189959
   -0.0030567516
   -0.0028930381
   -0.0027279100
   -0.0025614220
   -0.0023936297
   -0.0022245894
   -0.0020543576
   -0.0018829916
   -0.0017105493
   -0.0015370889
   -0.0013626692
   -0.0011873496
   -0.0010111896
  -0.00083424949
  -0.00065658984
  -0.00047827160
  -0.00029935611
  -0.00011990509
   6.0019439e-05
   0.00024035513
   0.00042103934
   0.00060200916
   0.00078320144
   0.00096455277
    0.0011459996
    0.0013274780
    0.0015089242
    0.0016902741
    0.0018714633
    0.0020524277
    0.0022331028
    0.0024134242
    0.0025933275
    0.0027727480
    0.0029516215
    0.0031298833
    0.0033074693
    0.0034843149
    0.0036603562
    0.0038355289
    0.0040097692
    0.0041830133
    0.0043551977
    0.0045262589
    0.0046961340
    0.0048647600
    0.0050320744
    0.0051980149
    0.0053625195
    0.0055255267
    0.0056869753
    0.0058468045
    0.0060049538
    0.0061613632
    0.0063159733
    0.0064687250
    0.0066195597
    0.0067684196
    0.0069152470
    0.0070599852
    0.0072025778
    0.0073429691
    0.0074811041
    0.0076169282
    0.0077503879
    0.0078814299
    0.0080100021
    0.0081360526
    0.0082595308
    0.0083803864
    0.0084985702
    0.0086140336
    0.0087267290
    0.0088366096
    0.0089436294
    0.0090477433
    0.0091489071
    0.0092470775
    0.0093422122
    0.0094342699
    0.0095232100
    0.0096089932
    0.0096915811
    0.0097709362
    0.0098470221
    0.0099198035
    0.0099892461
     0.010055317
     0.010117983
     0.010177215
     0.010232981
     0.010285254
     0.010334005
     0.010379208
     0.010420839
     0.010458872
     0.010493285
     0.010524056
     0.010551164
     0.010574591
     0.010594319
     0.010610329
     0.010622608
     0.010631140
     0.010635913
     0.010636915
     0.010634135
     0.010627564
     0.010617195
     0.010603020
     0.010585035
     0.010563235
     0.010537618
     0.010508183
     0.010474929
     0.010437858
     0.010396973
     0.010352277
     0.010303776
     0.010251477
     0.010195387
     0.010135517
     0.010071876
     0.010004476
    0.0099333324
    0.0098584583
    0.0097798701
    0.0096975853
    0.0096116225
    0.0095220020
    0.0094287450
    0.0093318744
    0.0092314141
    0.0091273896
    0.0090198274
    0.0089087556
    0.0087942034
    0.0086762015
    0.0085547816
    0.0084299769
    0.0083018218
    0.0081703520
    0.0080356043
    0.0078976169
    0.0077564292
    0.0076120818
    0.0074646166
    0.0073140765
    0.0071605057
    0.0070039498
    0.0068444551
    0.0066820695
    0.0065168418
    0.0063488218
    0.0061780609
    0.0060046110
    0.0058285256
    0.0056498588
    0.0054686662
    0.0052850040
    0.0050989299
    0.0049105021
    0.0047197802
    0.0045268245
    0.0043316963
    0.0041344580
    0.0039351728
    0.0037339046
    0.0035307185
    0.0033256802
    0.0031188564
    0.0029103146
    0.0027001230
    0.0024883506
    0.0022750671
    0.0020603432
    0.0018442499
    0.0016268591
    0.0014082435
    0.0011884761
   0.00096763075
   0.00074578187
   0.00052300441
   0.00029937384
   7.4966197e-05
  -0.00015014202
  -0.00037587383
  -0.00060215181
  -0.00082889811
   -0.0010560345
   -0.0012834824
   -0.0015111628
   -0.0017389964
   -0.0019669038
   -0.0021948050
   -0.0024226201
   -0.0026502688
   -0.0028776705
   -0.0031047448
   -0.0033314108
   -0.0035575877
   -0.0037831946
   -0.0040081505
   -0.0042323744
   -0.0044557854
   -0.0046783025
   -0.0048998449
   -0.0051203316
   -0.0053396821
   -0.0055578158
   -0.0057746524
   -0.0059901117
   -0.0062041137
   -0.0064165789
   -0.0066274278
   -0.0068365813
   -0.0070439608
   -0.0072494878
   -0.0074530844
   -0.0076546730
   -0.0078541767
   -0.0080515187
   -0.0082466230
   -0.0084394139
   -0.0086298166
   -0.0088177565
   -0.0090031600
   -0.0091859537
   -0.0093660654
   -0.0095434230
   -0.0097179557
   -0.0098895931
    -0.010058266
    -0.010223905
    -0.010386442
    -0.010545811
    -0.010701945
    -0.010854780
    -0.011004250
    -0.011150292
    -0.011292844
    -0.011431845
    -0.011567234
    -0.011698952
    -0.011826940
    -0.011951142
    -0.012071501
    -0.012187962
    -0.012300473
    -0.012408979
    -0.012513431
    -0.012613777
    -0.012709969
    -0.012801960
    -0.012889703
    -0.012973152
    -0.013052266
    -0.013127000
    -0.013197315
    -0.013263170
    -0.013324528
    -0.013381352
    -0.013433606
    -0.013481257
    -0.013524272
    -0.013562621
    -0.013596274
    -0.013625203
    -0.013649382
    -0.013668787
    -0.013683393
    -0.013693180
    -0.013698127
    -0.013698216
    -0.013693429
    -0.013683753
    -0.013669173
    -0.013649676
    -0.013625254
    -0.013595897
    -0.013561598
    -0.013522351
    -0.013478154
    -0.013429004
    -0.013374901
    -0.013315847
    -0.013251844
    -0.013182897
    -0.013109014
    -0.013030201
    -0.012946470
    -0.012857832
    -0.012764300
    -0.012665889
    -0.012562617
    -0.012454502
    -0.012341565
    -0.012223827
    -0.012101312
    -0.011974046
    -0.011842056
    -0.011705371
    -0.011564021
    -0.011418040
    -0.011267460
    -0.011112319
    -0.010952652
    -0.010788501
    -0.010619904
    -0.010446905
    -0.010269548
    -0.010087878
   -0.0099019439
   -0.0097117936
   -0.0095174782
   -0.0093190499
   -0.0091165626
   -0.0089100718
   -0.0086996345
   -0.0084853093
   -0.0082671565
   -0.0080452376
   -0.0078196158
   -0.0075903559
   -0.0073575239
   -0.0071211877
   -0.0068814161
   -0.0066382798
   -0.0063918507
   -0.0061422020
   -0.0058894085
   -0.0056335462
   -0.0053746926
   -0.0051129262
   -0.0048483270
   -0.0045809763
   -0.0043109567
   -0.0040383517
   -0.0037632463
   -0.0034857266
   -0.0032058799
   -0.0029237945
   -0.0026395598
   -0.0023532664
   -0.0020650059
   -0.0017748708
   -0.0014829549
   -0.0011893527
  -0.00089415962
  -0.00059747217
  -0.00029938763
  -4.1741302e-09
   0.00030057922
   0.00060226277
   0.00090494592
    0.0012085274
    0.0015129052
    0.0018179767
    0.0021236386
    0.0024297870
    0.0027363173
    0.0030431246
    0.0033501034
    0.0036571475
    0.0039641505
    0.0042710056
    0.0045776055
    0.0048838426
    0.0051896089
    0.0054947963
    0.0057992963
    0.0061030003
    0.0064057996
    0.0067075850
    0.0070082476
    0.0073076783
    0.0076057679
    0.0079024072
    0.0081974873
    0.0084908989
    0.0087825333
    0.0090722817
    0.0093600354
    0.0096456862
    0.0099291259
     0.010210247
     0.010488941
     0.010765102
     0.011038623
     0.011309398
     0.011577320
     0.011842285
     0.012104188
     0.012362925
     0.012618391
     0.012870486
     0.013119105
     0.013364148
     0.013605515
     0.013843104
     0.014076818
     0.014306559
     0.014532228
     0.014753730
     0.014970969
     0.015183851
     0.015392284
     0.015596174
     0.015795431
     0.015989964
     0.016179686
     0.016364509
     0.016544346
     0.016719113
     0.016888726
     0.017053102
     0.017212162
     0.017365825
     0.017514014
     0.017656651
     0.017793663
     0.017924975
     0.018050516
     0.018170215
     0.018284004
     0.018391816
     0.018493585
     0.018589248
     0.018678743
     0.018762010
     0.018838991
     0.018909629
     0.018973869
     0.019031660
     0.019082949
     0.019127689
     0.019165832
     0.019197333
     0.019222150
     0.019240241
     0.019251568
     0.019256093
     0.019253781
     0.019244601
     0.019228522
     0.019205514
     0.019175553
     0.019138613
     0.019094674
     0.019043714
     0.018985718
     0.018920669
     0.018848555
     0.018769364
     0.018683090
     0.018589725
     0.018489265
     0.018381710
     0.018267060
     0.018145318
     0.018016490
     0.017880584
     0.017737609
     0.017587580
     0.017430510
     0.017266417
     0.017095322
     0.016917245
     0.016732212
     0.016540250
     0.016341389
     0.016135659
     0.015923096
     0.015703735
     0.015477617
     0.015244782
     0.015005274
     0.014759141
     0.014506429
     0.014247191
     0.013981480
     0.013709351
     0.013430864
     0.013146078
     0.012855057
     0.012557865
     0.012254571
     0.011945245
     0.011629959
     0.011308787
     0.010981807
     0.010649098
     0.010310741
    0.0099668198
    0.0096174212
    0.0092626330
    0.0089025458
    0.0085372523
    0.0081668472
    0.0077914277
    0.0074110929
    0.0070259441
    0.0066360847
    0.0062416202
    0.0058426581
    0.0054393080
    0.0050316815
    0.0046198921
    0.0042040554
    0.0037842889
    0.0033607119
    0.0029334458
    0.0025026135
    0.0020683402
    0.0016307526
    0.0011899791
   0.00074615006
   0.00029939748
  -0.00015014498
  -0.00060234203
   -0.0010570567
   -0.0015141506
   -0.0019734835
   -0.0024349139
   -0.0028982988
   -0.0033634936
   -0.0038303524
   -0.0042987280
   -0.0047684717
   -0.0052394336
   -0.0057114625
   -0.0061844059
   -0.0066581104
   -0.0071324210
   -0.0076071821
   -0.0080822366
   -0.0085574267
   -0.0090325933
   -0.0095075767
   -0.0099822160
    -0.010456350
    -0.010929815
    -0.011402449
    -0.011874088
    -0.012344567
    -0.012813720
    -0.013281383
    -0.013747387
    -0.014211567
    -0.014673756
    -0.015133784
    -0.015591484
    -0.016046688
    -0.016499226
    -0.016948930
    -0.017395631
    -0.017839158
    -0.018279342
    -0.018716015
    -0.019149006
    -0.019578146
    -0.020003266
    -0.020424196
    -0.020840767
    -0.021252810
    -0.021660158
    -0.022062642
    -0.022460093
    -0.022852346
    -0.023239232
    -0.023620585
    -0.023996240
    -0.024366032
    -0.024729796
    -0.025087368
    -0.025438586
    -0.025783287
    -0.026121310
    -0.026452494
    -0.026776681
    -0.027093711
    -0.027403428
    -0.027705675
    -0.028000297
    -0.028287141
    -0.028566053
    -0.028836882
    -0.029099479
    -0.029353695
    -0.029599382
    -0.029836395
    -0.030064589
    -0.030283823
    -0.030493954
    -0.030694845
    -0.030886356
    -0.031068353
    -0.031240701
    -0.031403268
    -0.031555923
    -0.031698539
    -0.031830988
    -0.031953146
    -0.032064890
    -0.032166101
    -0.032256660
    -0.032336450
    -0.032405358
    -0.032463273
    -0.032510085
    -0.032545686
    -0.032569973
    -0.032582843
    -0.032584195
    -0.032573933
    -0.032551962
    -0.032518189
    -0.032472524
    -0.032414881
    -0.032345174
    -0.032263322
    -0.032169245
    -0.032062867
    -0.031944114
    -0.031812915
    -0.031669203
    -0.031512910
    -0.031343977
    -0.031162341
    -0.030967948
    -0.030760742
    -0.030540675
    -0.030307697
    -0.030061764
    -0.029802834
    -0.029530869
    -0.029245833
    -0.028947694
    -0.028636422
    -0.028311991
    -0.027974379
    -0.027623564
    -0.027259531
    -0.026882266
    -0.026491758
    -0.026088001
    -0.025670991
    -0.025240727
    -0.024797211
    -0.024340451
    -0.023870455
    -0.023387235
    -0.022890807
    -0.022381191
    -0.021858410
    -0.021322487
    -0.020773454
    -0.020211341
    -0.019636186
    -0.019048026
    -0.018446904
    -0.017832866
    -0.017205961
    -0.016566241
    -0.015913762
    -0.015248582
    -0.014570764
    -0.013880374
    -0.013177479
    -0.012462153
    -0.011734471
    -0.010994511
    -0.010242355
   -0.0094780879
   -0.0087017989
   -0.0079135792
   -0.0071135235
   -0.0063017298
   -0.0054782993
   -0.0046433363
   -0.0037969482
   -0.0029392457
   -0.0020703424
   -0.0011903550
  -0.00029940339
   0.00060238959
    0.0015148981
    0.0024379932
    0.0033715431
    0.0043154131
    0.0052694653
    0.0062335593
    0.0072075516
    0.0081912959
    0.0091846431
     0.010187441
     0.011199536
     0.012220770
     0.013250983
     0.014290012
     0.015337692
     0.016393856
     0.017458333
     0.018530950
     0.019611531
     0.020699900
     0.021795875
     0.022899274
     0.024009912
     0.025127603
     0.026252156
     0.027383381
     0.028521083
     0.029665066
     0.030815133
     0.031971084
     0.033132717
     0.034299828
     0.035472211
     0.036649659
     0.037831963
     0.039018911
     0.040210290
     0.041405887
     0.042605484
     0.043808866
     0.045015812
     0.046226101
     0.047439513
     0.048655824
     0.049874809
     0.051096242
     0.052319897
     0.053545545
     0.054772958
     0.056001904
     0.057232153
     0.058463473
     0.059695630
     0.060928392
     0.062161522
     0.063394787
     0.064627950
     0.065860775
     0.067093024
     0.068324461
     0.069554847
     0.070783944
     0.072011513
     0.073237317
     0.074461115
     0.075682669
     0.076901740
     0.078118088
     0.079331474
     0.080541660
     0.081748406
     0.082951473
     0.084150624
     0.085345619
     0.086536223
     0.087722196
     0.088903304
     0.090079308
     0.091249975
     0.092415069
     0.093574356
     0.094727603
     0.095874577
     0.097015046
     0.098148781
     0.099275552
      0.10039513
      0.10150729
      0.10261180
      0.10370844
      0.10479699
      0.10587721
      0.10694891
      0.10801184
      0.10906580
      0.11011057
      0.11114593
      0.11217168
      0.11318759
      0.11419347
      0.11518909
      0.11617427
      0.11714879
      0.11811246
      0.11906506
      0.12000641
      0.12093631
      0.12185457
      0.12276100
      0.12365540
      0.12453759
      0.12540739
      0.12626461
      0.12710908
      0.12794062
      0.12875905
      0.12956421
      0.13035593
      0.13113403
      0.13189836
      0.13264876
      0.13338507
      0.13410712
      0.13481479
      0.13550790
      0.13618632
      0.13684990
      0.13749851
      0.13813201
      0.13875025
      0.13935312
      0.13994049
      0.14051223
      0.14106821
      0.14160833
      0.14213247
      0.14264052
      0.14313236
      0.14360790
      0.14406703
      0.14450966
      0.14493570
      0.14534504
      0.14573762
      0.14611333
      0.14647211
      0.14681387
      0.14713854
      0.14744606
      0.14773636
      0.14800938
      0.14826505
      0.14850333
      0.14872417
      0.14892751
      0.14911331
      0.14928154
      0.14943216
      0.14956513
      0.14968043
      0.14977803
      0.14985792
      0.14992007
      0.14996447
      0.14999112
      0.15000000
      0.14999112
      0.14996447
      0.14992007
      0.14985792
      0.14977803
      0.14968043
      0.14956513
      0.14943216
      0.14928154
      0.14911331
      0.14892751
      0.14872417
      0.14850333
      0.14826505
      0.14800938
      0.14773636
      0.14744606
      0.14713854
      0.14681387
      0.14647211
      0.14611333
      0.14573762
      0.14534504
      0.14493570
      0.14450966
      0.14406703
      0.14360790
      0.14313236
      0.14264052
      0.14213247
      0.14160833
      0.14106821
      0.14051223
      0.13994049
      0.13935312
      0.13875025
      0.13813201
      0.13749851
      0.13684990
      0.13618632
      0.13550790
      0.13481479
      0.13410712
      0.13338507
      0.13264876
      0.13189836
      0.13113403
      0.13035593
      0.12956421
      0.12875905
      0.12794062
      0.12710908
      0.12626461
      0.12540739
      0.12453759
      0.12365540
      0.12276100
      0.12185457
      0.12093631
      0.12000641
      0.11906506
      0.11811246
      0.11714879
      0.11617427
      0.11518909
      0.11419347
      0.11318759
      0.11217168
      0.11114593
      0.11011057
      0.10906580
      0.10801184
      0.10694891
      0.10587721
      0.10479699
      0.10370844
      0.10261180
      0.10150729
      0.10039513
     0.099275552
     0.098148781
     0.097015046
     0.095874577
     0.094727603
     0.093574356
     0.092415069
     0.091249975
     0.090079308
     0.088903304
     0.087722196
     0.086536223
     0.085345619
     0.084150624
     0.082951473
     0.081748406
     0.080541660
     0.079331474
     0.078118088
     0.076901740
     0.075682669
     0.074461115
     0.073237317
     0.072011513
     0.070783944
     0.069554847
     0.068324461
     0.067093024
     0.065860775
     0.064627950
     0.063394787
     0.062161522
     0.060928392
     0.059695630
     0.058463473
     0.057232153
     0.056001904
     0.054772958
     0.053545545
     0.052319897
     0.051096242
     0.049874809
     0.048655824
     0.047439513
     0.046226101
     0.045015812
     0.043808866
     0.042605484
     0.041405887
     0.040210290
     0.039018911
     0.037831963
     0.036649659
     0.035472211
     0.034299828
     0.033132717
     0.031971084
     0.030815133
     0.029665066
     0.028521083
     0.027383381
     0.026252156
     0.025127603
     0.024009912
     0.022899274
     0.021795875
     0.020699900
     0.019611531
     0.018530950
     0.017458333
     0.016393856
     0.015337692
     0.014290012
     0.013250983
     0.012220770
     0.011199536
     0.010187441
    0.0091846431
    0.0081912959
    0.0072075516
    0.0062335593
    0.0052694653
    0.0043154131
    0.0033715431
    0.0024379932
    0.0015148981
   0.00060238959
  -0.00029940339
   -0.0011903550
   -0.0020703424
   -0.0029392457
   -0.0037969482
   -0.0046433363
   -0.0054782993
   -0.0063017298
   -0.0071135235
   -0.0079135792
   -0.0087017989
   -0.0094780879
    -0.010242355
    -0.010994511
    -0.011734471
    -0.012462153
    -0.013177479
    -0.013880374
    -0.014570764
    -0.015248582
    -0.015913762
    -0.016566241
    -0.017205961
    -0.017832866
    -0.018446904
    -0.019048026
    -0.019636186
    -0.020211341
    -0.020773454
    -0.021322487
    -0.021858410
    -0.022381191
    -0.022890807
    -0.023387235
    -0.023870455
    -0.024340451
    -0.024797211
    -0.025240727
    -0.025670991
    -0.026088001
    -0.026491758
    -0.026882266
    -0.027259531
    -0.027623564
    -0.027974379
    -0.028311991
    -0.028636422
    -0.028947694
    -0.029245833
    -0.029530869
    -0.029802834
    -0.030061764
    -0.030307697
    -0.030540675
    -0.030760742
    -0.030967948
    -0.031162341
    -0.031343977
    -0.031512910
    -0.031669203
    -0.031812915
    -0.031944114
    -0.032062867
    -0.032169245
    -0.032263322
    -0.032345174
    -0.032414881
    -0.032472524
    -0.032518189
    -0.032551962
    -0.032573933
    -0.032584195
    -0.032582843
    -0.032569973
    -0.032545686
    -0.032510085
    -0.032463273
    -0.032405358
    -0.032336450
    -0.032256660
    -0.032166101
    -0.032064890
    -0.031953146
    -0.031830988
    -0.031698539
    -0.031555923
    -0.031403268
    -0.031240701
    -0.031068353
    -0.030886356
    -0.030694845
    -0.030493954
    -0.030283823
    -0.030064589
    -0.029836395
    -0.029599382
    -0.029353695
    -0.029099479
    -0.028836882
    -0.028566053
    -0.028287141
    -0.028000297
    -0.027705675
    -0.027403428
    -0.027093711
    -0.026776681
    -0.026452494
    -0.026121310
    -0.025783287
    -0.025438586
    -0.025087368
    -0.024729796
    -0.024366032
    -0.023996240
    -0.023620585
    -0.023239232
    -0.022852346
    -0.022460093
    -0.022062642
    -0.021660158
    -0.021252810
    -0.020840767
    -0.020424196
    -0.020003266
    -0.019578146
    -0.019149006
    -0.018716015
    -0.018279342
    -0.017839158
    -0.017395631
    -0.016948930
    -0.016499226
    -0.016046688
    -0.015591484
    -0.015133784
    -0.014673756
    -0.014211567
    -0.013747387
    -0.013281383
    -0.012813720
    -0.012344567
    -0.011874088
    -0.011402449
    -0.010929815
    -0.010456350
   -0.0099822160
   -0.0095075767
   -0.0090325933
   -0.0085574267
   -0.0080822366
   -0.0076071821
   -0.0071324210
   -0.0066581104
   -0.0061844059
   -0.0057114625
   -0.0052394336
   -0.0047684717
   -0.0042987280
   -0.0038303524
   -0.0033634936
   -0.0028982988
   -0.0024349139
   -0.0019734835
   -0.0015141506
   -0.0010570567
  -0.00060234203
  -0.00015014498
   0.00029939748
   0.00074615006
    0.0011899791
    0.0016307526
    0.0020683402
    0.0025026135
    0.0029334458
    0.0033607119
    0.0037842889
    0.0042040554
    0.0046198921
    0.0050316815
    0.0054393080
    0.0058426581
    0.0062416202
    0.0066360847
    0.0070259441
    0.0074110929
    0.0077914277
    0.0081668472
    0.0085372523
    0.0089025458
    0.0092626330
    0.0096174212
    0.0099668198
     0.010310741
     0.010649098
     0.010981807
     0.011308787
     0.011629959
     0.011945245
     0.012254571
     0.012557865
     0.012855057
     0.013146078
     0.013430864
     0.013709351
     0.013981480
     0.014247191
     0.014506429
     0.014759141
     0.015005274
     0.015244782
     0.015477617
     0.015703735
     0.015923096
     0.016135659
     0.016341389
     0.016540250
     0.016732212
     0.016917245
     0.017095322
     0.017266417
     0.017430510
     0.017587580
     0.017737609
     0.017880584
     0.018016490
     0.018145318
     0.018267060
     0.018381710
     0.018489265
     0.018589725
     0.018683090
     0.018769364
     0.018848555
     0.018920669
     0.018985718
     0.019043714
     0.019094674
     0.019138613
     0.019175553
     0.019205514
     0.019228522
     0.019244601
     0.019253781
     0.019256093
     0.019251568
     0.019240241
     0.019222150
     0.019197333
     0.019165832
     0.019127689
     0.019082949
     0.019031660
     0.018973869
     0.018909629
     0.018838991
     0.018762010
     0.018678743
     0.018589248
     0.018493585
     0.018391816
     0.018284004
     0.018170215
     0.018050516
     0.017924975
     0.017793663
     0.017656651
     0.017514014
     0.017365825
     0.017212162
     0.017053102
     0.016888726
     0.016719113
     0.016544346
     0.016364509
     0.016179686
     0.015989964
     0.015795431
     0.015596174
     0.015392284
     0.015183851
     0.014970969
     0.014753730
     0.014532228
     0.014306559
     0.014076818
     0.013843104
     0.013605515
     0.013364148
     0.013119105
     0.012870486
     0.012618391
     0.012362925
     0.012104188
     0.011842285
     0.011577320
     0.011309398
     0.011038623
     0.010765102
     0.010488941
     0.010210247
    0.0099291259
    0.0096456862
    0.0093600354
    0.0090722817
    0.0087825333
    0.0084908989
    0.0081974873
    0.0079024072
    0.0076057679
    0.0073076783
    0.0070082476
    0.0067075850
    0.0064057996
    0.0061030003
    0.0057992963
    0.0054947963
    0.0051896089
    0.0048838426
    0.0045776055
    0.0042710056
    0.0039641505
    0.0036571475
    0.0033501034
    0.0030431246
    0.0027363173
    0.0024297870
    0.0021236386
    0.0018179767
    0.0015129052
    0.0012085274
   0.00090494592
   0.00060226277
   0.00030057922
  -4.1741302e-09
  -0.00029938763
  -0.00059747217
  -0.00089415962
   -0.0011893527
   -0.0014829549
   -0.0017748708
   -0.0020650059
   -0.0023532664
   -0.0026395598
   -0.0029237945
   -0.0032058799
   -0.0034857266
   -0.0037632463
   -0.0040383517
   -0.0043109567
   -0.0045809763
   -0.0048483270
   -0.0051129262
   -0.0053746926
   -0.0056335462
   -0.0058894085
   -0.0061422020
   -0.0063918507
   -0.0066382798
   -0.0068814161
   -0.0071211877
   -0.0073575239
   -0.0075903559
   -0.0078196158
   -0.0080452376
   -0.0082671565
   -0.0084853093
   -0.0086996345
   -0.0089100718
   -0.0091165626
   -0.0093190499
   -0.0095174782
   -0.0097117936
   -0.0099019439
    -0.010087878
    -0.010269548
    -0.010446905
    -0.010619904
    -0.010788501
    -0.010952652
    -0.011112319
    -0.011267460
    -0.011418040
    -0.011564021
    -0.011705371
    -0.011842056
    -0.011974046
    -0.012101312
    -0.012223827
    -0.012341565
    -0.012454502
    -0.012562617
    -0.012665889
    -0.012764300
    -0.012857832
    -0.012946470
    -0.013030201
    -0.013109014
    -0.013182897
    -0.013251844
    -0.013315847
    -0.013374901
    -0.013429004
    -0.013478154
    -0.013522351
    -0.013561598
    -0.013595897
    -0.013625254
    -0.013649676
    -0.013669173
    -0.013683753
    -0.013693429
    -0.013698216
    -0.013698127
    -0.013693180
    -0.013683393
    -0.013668787
    -0.013649382
    -0.013625203
    -0.013596274
    -0.013562621
    -0.013524272
    -0.013481257
    -0.013433606
    -0.013381352
    -0.013324528
    -0.013263170
    -0.013197315
    -0.013127000
    -0.013052266
    -0.012973152
    -0.012889703
    -0.012801960
    -0.012709969
    -0.012613777
    -0.012513431
    -0.012408979
    -0.012300473
    -0.012187962
    -0.012071501
    -0.011951142
    -0.011826940
    -0.011698952
    -0.011567234
    -0.011431845
    -0.011292844
    -0.011150292
    -0.011004250
    -0.010854780
    -0.010701945
    -0.010545811
    -0.010386442
    -0.010223905
    -0.010058266
   -0.0098895931
   -0.0097179557
   -0.0095434230
   -0.0093660654
   -0.0091859537
   -0.0090031600
   -0.0088177565
   -0.0086298166
   -0.0084394139
   -0.0082466230
   -0.0080515187
   -0.0078541767
   -0.0076546730
   -0.0074530844
   -0.0072494878
   -0.0070439608
   -0.0068365813
   -0.0066274278
   -0.0064165789
   -0.0062041137
   -0.0059901117
   -0.0057746524
   -0.0055578158
   -0.0053396821
   -0.0051203316
   -0.0048998449
   -0.0046783025
   -0.0044557854
   -0.0042323744
   -0.0040081505
   -0.0037831946
   -0.0035575877
   -0.0033314108
   -0.0031047448
   -0.0028776705
   -0.0026502688
   -0.0024226201
   -0.0021948050
   -0.0019669038
   -0.0017389964
   -0.0015111628
   -0.0012834824
   -0.0010560345
  -0.00082889811
  -0.00060215181
  -0.00037587383
  -0.00015014202
   7.4966197e-05
   0.00029937384
   0.00052300441
   0.00074578187
   0.00096763075
    0.0011884761
    0.0014082435
    0.0016268591
    0.0018442499
    0.0020603432
    0.0022750671
    0.0024883506
    0.0027001230
    0.0029103146
    0.0031188564
    0.0033256802
    0.0035307185
    0.0037339046
    0.0039351728
    0.0041344580
    0.0043316963
    0.0045268245
    0.0047197802
    0.0049105021
    0.0050989299
    0.0052850040
    0.0054686662
    0.0056498588
    0.0058285256
    0.0060046110
    0.0061780609
    0.0063488218
    0.0065168418
    0.0066820695
    0.0068444551
    0.0070039498
    0.0071605057
    0.0073140765
    0.0074646166
    0.0076120818
    0.0077564292
    0.0078976169
    0.0080356043
    0.0081703520
    0.0083018218
    0.0084299769
    0.0085547816
    0.0086762015
    0.0087942034
    0.0089087556
    0.0090198274
    0.0091273896
    0.0092314141
    0.0093318744
    0.0094287450
    0.0095220020
    0.0096116225
    0.0096975853
    0.0097798701
    0.0098584583
    0.0099333324
     0.010004476
     0.010071876
     0.010135517
     0.010195387
     0.010251477
     0.010303776
     0.010352277
     0.010396973
     0.010437858
     0.010474929
     0.010508183
     0.010537618
     0.010563235
     0.010585035
     0.010603020
     0.010617195
     0.010627564
     0.010634135
     0.010636915
     0.010635913
     0.010631140
     0.010622608
     0.010610329
     0.010594319
     0.010574591
     0.010551164
     0.010524056
     0.010493285
     0.010458872
     0.010420839
     0.010379208
     0.010334005
     0.010285254
     0.010232981
     0.010177215
     0.010117983
     0.010055317
    0.0099892461
    0.0099198035
    0.0098470221
    0.0097709362
    0.0096915811
    0.0096089932
    0.0095232100
    0.0094342699
    0.0093422122
    0.0092470775
    0.0091489071
    0.0090477433
    0.0089436294
    0.0088366096
    0.0087267290
    0.0086140336
    0.0084985702
    0.0083803864
    0.0082595308
    0.0081360526
    0.0080100021
    0.0078814299
    0.0077503879
    0.0076169282
    0.0074811041
    0.0073429691
    0.0072025778
    0.0070599852
    0.0069152470
    0.0067684196
    0.0066195597
    0.0064687250
    0.0063159733
    0.0061613632
    0.0060049538
    0.0058468045
    0.0056869753
    0.0055255267
    0.0053625195
    0.0051980149
    0.0050320744
    0.0048647600
    0.0046961340
    0.0045262589
    0.0043551977
    0.0041830133
    0.0040097692
    0.0038355289
    0.0036603562
    0.0034843149
    0.0033074693
    0.0031298833
    0.0029516215
    0.0027727480
    0.0025933275
    0.0024134242
    0.0022331028
    0.0020524277
    0.0018714633
    0.0016902741
    0.0015089242
    0.0013274780
    0.0011459996
   0.00096455277
   0.00078320144
   0.00060200916
   0.00042103934
   0.00024035513
   6.0019439e-05
  -0.00011990509
  -0.00029935611
  -0.00047827160
  -0.00065658984
  -0.00083424949
   -0.0010111896
   -0.0011873496
   -0.0013626692
   -0.0015370889
   -0.0017105493
   -0.0018829916
   -0.0020543576
   -0.0022245894
   -0.0023936297
   -0.0025614220
   -0.0027279100
   -0.0028930381
   -0.0030567516
   -0.0032189959
   -0.0033797175
   -0.0035388633
   -0.0036963809
   -0.0038522188
   -0.0040063258
   -0.0041586519
   -0.0043091475
   -0.0044577639
   -0.0046044531
   -0.0047491679
   -0.0048918619
   -0.0050324895
   -0.0051710061
   -0.0053073676
   -0.0054415311
   -0.0055734543
   -0.0057030960
   -0.0058304156
   -0.0059553738
   -0.0060779319
   -0.0061980522
   -0.0063156980
   -0.0064308336
   -0.0065434241
   -0.0066534355
   -0.0067608352
   -0.0068655911
   -0.0069676724
   -0.0070670492
   -0.0071636926
   -0.0072575748
   -0.0073486689
   -0.0074369491
   -0.0075223908
   -0.0076049701
   -0.0076846644
   -0.0077614523
   -0.0078353130
   -0.0079062273
   -0.0079741766
   -0.0080391437
   -0.0081011125
   -0.0081600676
   -0.0082159952
   -0.0082688823
   -0.0083187169
   -0.0083654883
   -0.0084091869
   -0.0084498041
   -0.0084873324
   -0.0085217653
   -0.0085530977
   -0.0085813254
   -0.0086064451
   -0.0086284551
   -0.0086473543
   -0.0086631429
   -0.0086758222
   -0.0086853946
   -0.0086918635
   -0.0086952334
   -0.0086955100
   -0.0086926999
   -0.0086868108
   -0.0086778515
   -0.0086658319
   -0.0086507629
   -0.0086326564
   -0.0086115254
   -0.0085873840
   -0.0085602471
   -0.0085301308
   -0.0084970522
   -0.0084610293
   -0.0084220812
   -0.0083802280
   -0.0083354906
   -0.0082878911
   -0.0082374523
   -0.0081841982
   -0.0081281535
   -0.0080693441
   -0.0080077965
   -0.0079435383
   -0.0078765980
   -0.0078070049
   -0.0077347892
   -0.0076599819
   -0.0075826150
   -0.0075027211
   -0.0074203338
   -0.0073354875
   -0.0072482172
   -0.0071585588
   -0.0070665491
   -0.0069722255
   -0.0068756260
   -0.0067767897
   -0.0066757559
   -0.0065725650
   -0.0064672580
   -0.0063598763
   -0.0062504622
   -0.0061390586
   -0.0060257090
   -0.0059104572
   -0.0057933481
   -0.0056744268
   -0.0055537389
   -0.0054313308
   -0.0053072492
   -0.0051815414
   -0.0050542550
   -0.0049254382
   -0.0047951397
   -0.0046634085
   -0.0045302940
   -0.0043958460
   -0.0042601147
   -0.0041231507
   -0.0039850048
   -0.0038457281
   -0.0037053722
   -0.0035639887
   -0.0034216297
   -0.0032783474
   -0.0031341941
   -0.0029892227
   -0.0028434858
   -0.0026970365
   -0.0025499279
   -0.0024022132
   -0.0022539459
   -0.0021051792
   -0.0019559669
   -0.0018063623
   -0.0016564191
   -0.0015061909
   -0.0013557313
   -0.0012050939
   -0.0010543321
  -0.00090349942
  -0.00075264925
  -0.00060183485
  -0.00045110937
  -0.00030052582
  -0.00015013708
   4.1741302e-09
   0.00014984545
   0.00029933445
   0.00044841912
   0.00059704764
   0.00074516848
   0.00089273034
    0.0010396823
    0.0011859736
    0.0013315540
    0.0014763735
    0.0016203825
    0.0017635317
    0.0019057723
    0.0020470560
    0.0021873347
    0.0023265608
    0.0024646874
    0.0026016677
    0.0027374557
    0.0028720059
    0.0030052730
    0.0031372127
    0.0032677808
    0.0033969341
    0.0035246296
    0.0036508251
    0.0037754790
    0.0038985503
    0.0040199986
    0.0041397841
    0.0042578679
    0.0043742115
    0.0044887772
    0.0046015281
    0.0047124277
    0.0048214405
    0.0049285317
    0.0050336672
    0.0051368136
    0.0052379383
    0.0053370094
    0.0054339961
    0.0055288679
    0.0056215955
    0.0057121502
    0.0058005042
    0.0058866305
    0.0059705029
    0.0060520962
    0.0061313858
    0.0062083481
    0.0062829605
    0.0063552009
    0.0064250484
    0.0064924829
    0.0065574851
    0.0066200367
    0.0066801202
    0.0067377190
    0.0067928175
    0.0068454010
    0.0068954556
    0.0069429685
    0.0069879275
    0.0070303217
    0.0070701408
    0.0071073756
    0.0071420179
    0.0071740602
    0.0072034961
    0.0072303200
    0.0072545274
    0.0072761146
    0.0072950788
    0.0073114182
    0.0073251320
    0.0073362201
    0.0073446835
    0.0073505242
    0.0073537448
    0.0073543492
    0.0073523419
    0.0073477284
    0.0073405153
    0.0073307098
    0.0073183202
    0.0073033556
    0.0072858261
    0.0072657425
    0.0072431167
    0.0072179612
    0.0071902897
    0.0071601164
    0.0071274567
    0.0070923266
    0.0070547430
    0.0070147238
    0.0069722873
    0.0069274532
    0.0068802415
    0.0068306733
    0.0067787703
    0.0067245552
    0.0066680512
    0.0066092826
    0.0065482740
    0.0064850513
    0.0064196406
    0.0063520691
    0.0062823645
    0.0062105553
    0.0061366706
    0.0060607404
    0.0059827950
    0.0059028657
    0.0058209843
    0.0057371832
    0.0056514954
    0.0055639546
    0.0054745950
    0.0053834515
    0.0052905595
    0.0051959548
    0.0050996741
    0.0050017542
    0.0049022328
    0.0048011477
    0.0046985376
    0.0045944413
    0.0044888984
    0.0043819486
    0.0042736323
    0.0041639901
    0.0040530631
    0.0039408928
    0.0038275211
    0.0037129901
    0.0035973423
    0.0034806206
    0.0033628681
    0.0032441283
    0.0031244447
    0.0030038615
    0.0028824228
    0.0027601729
    0.0026371566
    0.0025134187
    0.0023890041
    0.0022639579
    0.0021383256
    0.0020121525
    0.0018854842
    0.0017583663
    0.0016308444
    0.0015029645
    0.0013747723
    0.0012463136
    0.0011176344
   0.00098878048
   0.00085979772
   0.00073073193
   0.00060162888
   0.00047253428
   0.00034349374
   0.00021455280
   8.5756860e-05
  -4.2848792e-05
  -0.00017121902
  -0.00029930884
  -0.00042707345
  -0.00055446824
  -0.00068144880
  -0.00080797095
  -0.00093399073
   -0.0010594644
   -0.0011843487
   -0.0013086003
   -0.0014321763
   -0.0015550344
   -0.0016771322
   -0.0017984278
   -0.0019188798
   -0.0020384469
   -0.0021570884
   -0.0022747640
   -0.0023914335
   -0.0025070576
   -0.0026215969
   -0.0027350130
   -0.0028472675
   -0.0029583228
   -0.0030681415
   -0.0031766869
   -0.0032839228
   -0.0033898134
   -0.0034943236
   -0.0035974187
   -0.0036990646
   -0.0037992278
   -0.0038978753
   -0.0039949748
   -0.0040904945
   -0.0041844033
   -0.0042766706
   -0.0043672666
   -0.0044561619
   -0.0045433280
   -0.0046287369
   -0.0047123614
   -0.0047941746
   -0.0048741509
   -0.0049522648
   -0.0050284919
   -0.0051028082
   -0.0051751907
   -0.0052456170
   -0.0053140653
   -0.0053805147
   -0.0054449450
   -0.0055073366
   -0.0055676710
   -0.0056259300
   -0.0056820966
   -0.0057361542
   -0.0057880871
   -0.0058378806
   -0.0058855204
   -0.0059309932
   -0.0059742865
   -0.0060153885
   -0.0060542882
   -0.0060909755
   -0.0061254408
   -0.0061576758
   -0.0061876725
   -0.0062154240
   -0.0062409242
   -0.0062641675
   -0.0062851495
   -0.0063038664
   -0.0063203152
   -0.0063344937
   -0.0063464006
   -0.0063560353
   -0.0063633981
   -0.0063684900
   -0.0063713129
   -0.0063718693
   -0.0063701628
   -0.0063661975
   -0.0063599785
   -0.0063515116
   -0.0063408033
   -0.0063278611
   -0.0063126930
   -0.0062953079
   -0.0062757156
   -0.0062539266
   -0.0062299518
   -0.0062038035
   -0.0061754941
   -0.0061450373
   -0.0061124471
   -0.0060777384
   -0.0060409270
   -0.0060020291
   -0.0059610618
   -0.0059180428
   -0.0058729906
   -0.0058259244
   -0.0057768640
   -0.0057258298
   -0.0056728430
   -0.0056179255
   -0.0055610996
   -0.0055023886
   -0.0054418160
   -0.0053794063
   -0.0053151844
   -0.0052491759
   -0.0051814068
   -0.0051119040
   -0.0050406948
   -0.0049678069
   -0.0048932687
   -0.0048171093
   -0.0047393581
   -0.0046600451
   -0.0045792007
   -0.0044968559
   -0.0044130423
   -0.0043277916
   -0.0042411364
   -0.0041531094
   -0.0040637439
   -0.0039730737
   -0.0038811327
   -0.0037879555
   -0.0036935769
   -0.0035980322
   -0.0035013571
   -0.0034035873
   -0.0033047593
   -0.0032049096
   -0.0031040752
   -0.0030022931
   -0.0028996008
   -0.0027960362
   -0.0026916372
   -0.0025864419
   -0.0024804889
   -0.0023738167
   -0.0022664643
   -0.0021584706
   -0.0020498749
   -0.0019407164
   -0.0018310347
   -0.0017208694
   -0.0016102602
   -0.0014992469
   -0.0013878693
   -0.0012761676
   -0.0011641816
   -0.0010519515
  -0.00093951730
  -0.00082691914
  -0.00071419711
  -0.00060139128
  -0.00048854169
  -0.00037568836
  -0.00026287123
  -0.00015013017
  -3.7504955e-05
   7.4964718e-05
   0.00018723928
   0.00029927930
   0.00041104546
   0.00052249862
   0.00063359981
   0.00074431023
   0.00085459128
   0.00096440457
    0.0010737119
    0.0011824754
    0.0012906574
    0.0013982204
    0.0015051272
    0.0016113411
    0.0017168255
    0.0018215440
    0.0019254608
    0.0020285403
    0.0021307472
    0.0022320466
    0.0023324041
    0.0024317855
    0.0025301571
    0.0026274854
    0.0027237377
    0.0028188815
    0.0029128846
    0.0030057155
    0.0030973430
    0.0031877366
    0.0032768659
    0.0033647014
    0.0034512137
    0.0035363743
    0.0036201549
    0.0037025279
    0.0037834662
    0.0038629433
    0.0039409331
    0.0040174102
    0.0040923497
    0.0041657274
    0.0042375195
    0.0043077030
    0.0043762552
    0.0044431544
    0.0045083792
    0.0045719089
    0.0046337236
    0.0046938038
    0.0047521308
    0.0048086864
    0.0048634532
    0.0049164143
    0.0049675537
    0.0050168558
    0.0050643059
    0.0051098897
    0.0051535939
    0.0051954056
    0.0052353128
    0.0052733041
    0.0053093688
    0.0053434968
    0.0053756788
    0.0054059063
    0.0054341714
    0.0054604667
    0.0054847859
    0.0055071231
    0.0055274732
    0.0055458319
    0.0055621955
    0.0055765611
    0.0055889263
    0.0055992897
    0.0056076504
    0.0056140083
    0.0056183640
    0.0056207187
    0.0056210745
    0.0056194341
    0.0056158009
    0.0056101789
    0.0056025729
    0.0055929886
    0.0055814319
    0.0055679099
    0.0055524299
    0.0055350004
    0.0055156301
    0.0054943287
    0.0054711064
    0.0054459742
    0.0054189435
    0.0053900267
    0.0053592366
    0.0053265867
    0.0052920912
    0.0052557648
    0.0052176230
    0.0051776819
    0.0051359580
    0.0050924686
    0.0050472316
    0.0050002654
    0.0049515890
    0.0049012221
    0.0048491849
    0.0047954980
    0.0047401828
    0.0046832611
    0.0046247553
    0.0045646883
    0.0045030835
    0.0044399648
    0.0043753567
    0.0043092842
    0.0042417726
    0.0041728477
    0.0041025361
    0.0040308645
    0.0039578600
    0.0038835505
    0.0038079639
    0.0037311289
    0.0036530743
    0.0035738295
    0.0034934241
    0.0034118881
    0.0033292521
    0.0032455468
    0.0031608033
    0.0030750529
    0.0029883275
    0.0029006591
    0.0028120800
    0.0027226227
    0.0026323203
    0.0025412058
    0.0024493126
    0.0023566742
    0.0022633245
    0.0021692976
    0.0020746275
    0.0019793488
    0.0018834960
    0.0017871038
    0.0016902071
    0.0015928408
    0.0014950402
    0.0013968403
    0.0012982766
    0.0011993843
    0.0011001991
    0.0010007564
   0.00090109168
   0.00080124066
   0.00070123891
   0.00060112206
   0.00050092571
   0.00040068545
   0.00030043684
   0.00020021541
   0.00010005661
  -4.1741302e-09
