   -0.0033541076
   -0.0033458431
   -0.0033375458
   -0.0033292157
   -0.0033208528
   -0.0033124571
   -0.0033040286
   -0.0032955673
   -0.0032870731
   -0.0032785462
   -0.0032699865
   -0.0032613940
   -0.0032527688
   -0.0032441107
   -0.0032354199
   -0.0032266963
   -0.0032179400
   -0.0032091508
   -0.0032003290
   -0.0031914744
   -0.0031825870
   -0.0031736669
   -0.0031647141
   -0.0031557285
   -0.0031467102
   -0.0031376593
   -0.0031285756
   -0.0031194592
   -0.0031103101
   -0.0031011283
   -0.0030919138
   -0.0030826667
   -0.0030733869
   -0.0030640744
   -0.0030547293
   -0.0030453515
   -0.0030359411
   -0.0030264980
   -0.0030170224
   -0.0030075141
   -0.0029979732
   -0.0029883998
   -0.0029787937
   -0.0029691551
   -0.0029594839
   -0.0029497801
   -0.0029400438
   -0.0029302749
   -0.0029204735
   -0.0029106396
   -0.0029007731
   -0.0028908742
   -0.0028809427
   -0.0028709788
   -0.0028609824
   -0.0028509536
   -0.0028408923
   -0.0028307985
   -0.0028206724
   -0.0028105138
   -0.0028003228
   -0.0027900994
   -0.0027798436
   -0.0027695554
   -0.0027592349
   -0.0027488821
   -0.0027384969
   -0.0027280793
   -0.0027176295
   -0.0027071474
   -0.0026966330
   -0.0026860863
   -0.0026755073
   -0.0026648962
   -0.0026542527
   -0.0026435771
   -0.0026328692
   -0.0026221292
   -0.0026113570
   -0.0026005526
   -0.0025897161
   -0.0025788474
   -0.0025679466
   -0.0025570138
   -0.0025460488
   -0.0025350517
   -0.0025240226
   -0.0025129615
   -0.0025018683
   -0.0024907431
   -0.0024795859
   -0.0024683967
   -0.0024571756
   -0.0024459225
   -0.0024346375
   -0.0024233206
   -0.0024119717
   -0.0024005910
   -0.0023891785
   -0.0023777340
   -0.0023662578
   -0.0023547497
   -0.0023432099
   -0.0023316382
   -0.0023200349
   -0.0023083997
   -0.0022967329
   -0.0022850343
   -0.0022733041
   -0.0022615421
   -0.0022497486
   -0.0022379234
   -0.0022260666
   -0.0022141782
   -0.0022022583
   -0.0021903067
   -0.0021783237
   -0.0021663092
   -0.0021542631
   -0.0021421856
   -0.0021300766
   -0.0021179362
   -0.0021057644
   -0.0020935612
   -0.0020813267
   -0.0020690608
   -0.0020567635
   -0.0020444350
   -0.0020320752
   -0.0020196841
   -0.0020072618
   -0.0019948082
   -0.0019823235
   -0.0019698076
   -0.0019572605
   -0.0019446824
   -0.0019320731
   -0.0019194327
   -0.0019067613
   -0.0018940588
   -0.0018813254
   -0.0018685609
   -0.0018557655
   -0.0018429391
   -0.0018300818
   -0.0018171936
   -0.0018042746
   -0.0017913247
   -0.0017783440
   -0.0017653325
   -0.0017522902
   -0.0017392172
   -0.0017261135
   -0.0017129790
   -0.0016998139
   -0.0016866182
   -0.0016733918
   -0.0016601349
   -0.0016468474
   -0.0016335293
   -0.0016201807
   -0.0016068017
   -0.0015933921
   -0.0015799522
   -0.0015664818
   -0.0015529811
   -0.0015394500
   -0.0015258886
   -0.0015122969
   -0.0014986749
   -0.0014850227
   -0.0014713402
   -0.0014576276
   -0.0014438848
   -0.0014301119
   -0.0014163089
   -0.0014024758
   -0.0013886127
   -0.0013747195
   -0.0013607964
   -0.0013468433
   -0.0013328603
   -0.0013188474
   -0.0013048046
   -0.0012907320
   -0.0012766296
   -0.0012624974
   -0.0012483355
   -0.0012341438
   -0.0012199225
   -0.0012056715
   -0.0011913908
   -0.0011770806
   -0.0011627409
   -0.0011483715
   -0.0011339727
   -0.0011195445
   -0.0011050868
   -0.0010905996
   -0.0010760832
   -0.0010615373
   -0.0010469622
   -0.0010323578
   -0.0010177242
   -0.0010030613
  -0.00098836927
  -0.00097364810
  -0.00095889781
  -0.00094411845
  -0.00092931005
  -0.00091447263
  -0.00089960624
  -0.00088471091
  -0.00086978667
  -0.00085483356
  -0.00083985160
  -0.00082484085
  -0.00080980132
  -0.00079473306
  -0.00077963609
  -0.00076451046
  -0.00074935621
  -0.00073417335
  -0.00071896194
  -0.00070372200
  -0.00068845358
  -0.00067315671
  -0.00065783141
  -0.00064247774
  -0.00062709573
  -0.00061168541
  -0.00059624682
  -0.00058077999
  -0.00056528497
  -0.00054976179
  -0.00053421049
  -0.00051863110
  -0.00050302367
  -0.00048738823
  -0.00047172481
  -0.00045603346
  -0.00044031422
  -0.00042456711
  -0.00040879219
  -0.00039298948
  -0.00037715904
  -0.00036130089
  -0.00034541507
  -0.00032950163
  -0.00031356060
  -0.00029759203
  -0.00028159595
  -0.00026557240
  -0.00024952142
  -0.00023344305
  -0.00021733733
  -0.00020120431
  -0.00018504401
  -0.00016885649
  -0.00015264178
  -0.00013639993
  -0.00012013097
  -0.00010383494
  -8.7511890e-05
  -7.1161858e-05
  -5.4784884e-05
  -3.8381011e-05
  -2.1950280e-05
  -5.4927326e-06
   1.0991589e-05
   2.7502643e-05
   4.4040387e-05
   6.0604778e-05
   7.7195775e-05
   9.3813334e-05
   0.00011045741
   0.00012712797
   0.00014382496
   0.00016054834
   0.00017729807
   0.00019407410
   0.00021087639
   0.00022770490
   0.00024455959
   0.00026144040
   0.00027834730
   0.00029528024
   0.00031223917
   0.00032922406
   0.00034623485
   0.00036327151
   0.00038033398
   0.00039742223
   0.00041453620
   0.00043167586
   0.00044884115
   0.00046603203
   0.00048324846
   0.00050049039
   0.00051775778
   0.00053505057
   0.00055236872
   0.00056971219
   0.00058708092
   0.00060447488
   0.00062189401
   0.00063933828
   0.00065680762
   0.00067430200
   0.00069182136
   0.00070936566
   0.00072693486
   0.00074452890
   0.00076214773
   0.00077979132
   0.00079745960
   0.00081515254
   0.00083287009
   0.00085061218
   0.00086837879
   0.00088616985
   0.00090398532
   0.00092182516
   0.00093968930
   0.00095757771
   0.00097549033
   0.00099342712
    0.0010113880
    0.0010293730
    0.0010473820
    0.0010654149
    0.0010834718
    0.0011015525
    0.0011196570
    0.0011377853
    0.0011559373
    0.0011741130
    0.0011923123
    0.0012105351
    0.0012287815
    0.0012470513
    0.0012653445
    0.0012836611
    0.0013020009
    0.0013203641
    0.0013387504
    0.0013571599
    0.0013755924
    0.0013940481
    0.0014125267
    0.0014310282
    0.0014495526
    0.0014680999
    0.0014866700
    0.0015052627
    0.0015238782
    0.0015425162
    0.0015611769
    0.0015798600
    0.0015985657
    0.0016172937
    0.0016360440
    0.0016548167
    0.0016736116
    0.0016924288
    0.0017112680
    0.0017301293
    0.0017490127
    0.0017679180
    0.0017868453
    0.0018057944
    0.0018247653
    0.0018437580
    0.0018627724
    0.0018818084
    0.0019008660
    0.0019199452
    0.0019390458
    0.0019581678
    0.0019773112
    0.0019964759
    0.0020156619
    0.0020348691
    0.0020540974
    0.0020733468
    0.0020926172
    0.0021119086
    0.0021312209
    0.0021505540
    0.0021699080
    0.0021892826
    0.0022086780
    0.0022280940
    0.0022475306
    0.0022669877
    0.0022864652
    0.0023059632
    0.0023254814
    0.0023450200
    0.0023645788
    0.0023841577
    0.0024037568
    0.0024233759
    0.0024430149
    0.0024626739
    0.0024823528
    0.0025020515
    0.0025217700
    0.0025415081
    0.0025612659
    0.0025810432
    0.0026008401
    0.0026206564
    0.0026404921
    0.0026603471
    0.0026802214
    0.0027001150
    0.0027200276
    0.0027399594
    0.0027599102
    0.0027798800
    0.0027998687
    0.0028198763
    0.0028399026
    0.0028599477
    0.0028800114
    0.0029000938
    0.0029201947
    0.0029403141
    0.0029604519
    0.0029806080
    0.0030007825
    0.0030209752
    0.0030411861
    0.0030614151
    0.0030816621
    0.0031019272
    0.0031222102
    0.0031425110
    0.0031628296
    0.0031831660
    0.0032035201
    0.0032238917
    0.0032442809
    0.0032646877
    0.0032851118
    0.0033055533
    0.0033260121
    0.0033464881
    0.0033669813
    0.0033874916
    0.0034080190
    0.0034285633
    0.0034491246
    0.0034697027
    0.0034902976
    0.0035109092
    0.0035315375
    0.0035521824
    0.0035728438
    0.0035935216
    0.0036142159
    0.0036349265
    0.0036556534
    0.0036763965
    0.0036971557
    0.0037179310
    0.0037387224
    0.0037595296
    0.0037803528
    0.0038011917
    0.0038220464
    0.0038429168
    0.0038638028
    0.0038847044
    0.0039056214
    0.0039265539
    0.0039475017
    0.0039684648
    0.0039894431
    0.0040104366
    0.0040314452
    0.0040524687
    0.0040735073
    0.0040945607
    0.0041156289
    0.0041367119
    0.0041578096
    0.0041789219
    0.0042000487
    0.0042211901
    0.0042423458
    0.0042635159
    0.0042847003
    0.0043058988
    0.0043271116
    0.0043483384
    0.0043695792
    0.0043908339
    0.0044121026
    0.0044333850
    0.0044546811
    0.0044759910
    0.0044973144
    0.0045186513
    0.0045400018
    0.0045613656
    0.0045827427
    0.0046041331
    0.0046255366
    0.0046469533
    0.0046683831
    0.0046898258
    0.0047112814
    0.0047327498
    0.0047542310
    0.0047757250
    0.0047972315
    0.0048187506
    0.0048402822
    0.0048618262
    0.0048833826
    0.0049049512
    0.0049265321
    0.0049481251
    0.0049697301
    0.0049913472
    0.0050129762
    0.0050346170
    0.0050562696
    0.0050779340
    0.0050996099
    0.0051212975
    0.0051429966
    0.0051647070
    0.0051864289
    0.0052081620
    0.0052299064
    0.0052516619
    0.0052734284
    0.0052952060
    0.0053169945
    0.0053387939
    0.0053606040
    0.0053824249
    0.0054042564
    0.0054260985
    0.0054479511
    0.0054698141
    0.0054916874
    0.0055135711
    0.0055354649
    0.0055573689
    0.0055792830
    0.0056012070
    0.0056231410
    0.0056450848
    0.0056670384
    0.0056890017
    0.0057109746
    0.0057329571
    0.0057549491
    0.0057769505
    0.0057989612
    0.0058209811
    0.0058430103
    0.0058650486
    0.0058870959
    0.0059091522
    0.0059312174
    0.0059532914
    0.0059753741
    0.0059974656
    0.0060195656
    0.0060416742
    0.0060637912
    0.0060859166
    0.0061080503
    0.0061301922
    0.0061523423
    0.0061745004
    0.0061966666
    0.0062188407
    0.0062410227
    0.0062632124
    0.0062854099
    0.0063076150
    0.0063298276
    0.0063520477
    0.0063742753
    0.0063965102
    0.0064187523
    0.0064410016
    0.0064632581
    0.0064855215
    0.0065077920
    0.0065300693
    0.0065523534
    0.0065746443
    0.0065969418
    0.0066192459
    0.0066415565
    0.0066638735
    0.0066861969
    0.0067085266
    0.0067308625
    0.0067532045
    0.0067755525
    0.0067979066
    0.0068202665
    0.0068426323
    0.0068650038
    0.0068873809
    0.0069097637
    0.0069321520
    0.0069545458
    0.0069769449
    0.0069993493
    0.0070217589
    0.0070441736
    0.0070665934
    0.0070890182
    0.0071114479
    0.0071338825
    0.0071563218
    0.0071787657
    0.0072012143
    0.0072236674
    0.0072461249
    0.0072685869
    0.0072910531
    0.0073135235
    0.0073359980
    0.0073584766
    0.0073809593
    0.0074034458
    0.0074259361
    0.0074484302
    0.0074709280
    0.0074934293
    0.0075159342
    0.0075384425
    0.0075609542
    0.0075834692
    0.0076059874
    0.0076285087
    0.0076510331
    0.0076735604
    0.0076960907
    0.0077186237
    0.0077411596
    0.0077636980
    0.0077862391
    0.0078087827
    0.0078313287
    0.0078538770
    0.0078764277
    0.0078989805
    0.0079215354
    0.0079440924
    0.0079666514
    0.0079892122
    0.0080117748
    0.0080343392
    0.0080569052
    0.0080794728
    0.0081020418
    0.0081246123
    0.0081471841
    0.0081697572
    0.0081923314
    0.0082149068
    0.0082374831
    0.0082600604
    0.0082826386
    0.0083052175
    0.0083277972
    0.0083503775
    0.0083729583
    0.0083955396
    0.0084181213
    0.0084407032
    0.0084632855
    0.0084858678
    0.0085084503
    0.0085310327
    0.0085536151
    0.0085761972
    0.0085987792
    0.0086213608
    0.0086439420
    0.0086665227
    0.0086891029
    0.0087116824
    0.0087342613
    0.0087568393
    0.0087794164
    0.0088019926
    0.0088245677
    0.0088471417
    0.0088697146
    0.0088922861
    0.0089148563
    0.0089374251
    0.0089599923
    0.0089825579
    0.0090051219
    0.0090276841
    0.0090502445
    0.0090728030
    0.0090953595
    0.0091179139
    0.0091404662
    0.0091630162
    0.0091855639
    0.0092081093
    0.0092306521
    0.0092531924
    0.0092757301
    0.0092982651
    0.0093207972
    0.0093433266
    0.0093658529
    0.0093883762
    0.0094108965
    0.0094334135
    0.0094559272
    0.0094784377
    0.0095009446
    0.0095234481
    0.0095459480
    0.0095684442
    0.0095909367
    0.0096134253
    0.0096359100
    0.0096583908
    0.0096808674
    0.0097033399
    0.0097258082
    0.0097482722
    0.0097707318
    0.0097931869
    0.0098156375
    0.0098380834
    0.0098605246
    0.0098829611
    0.0099053926
    0.0099278193
    0.0099502408
    0.0099726573
    0.0099950686
     0.010017475
     0.010039875
     0.010062270
     0.010084660
     0.010107044
     0.010129423
     0.010151795
     0.010174162
     0.010196523
     0.010218878
     0.010241227
     0.010263570
     0.010285906
     0.010308237
     0.010330560
     0.010352878
     0.010375188
     0.010397493
     0.010419790
     0.010442081
     0.010464364
     0.010486641
     0.010508911
     0.010531174
     0.010553429
     0.010575677
     0.010597918
     0.010620151
     0.010642377
     0.010664595
     0.010686806
     0.010709009
     0.010731204
     0.010753391
     0.010775570
     0.010797741
     0.010819904
     0.010842058
     0.010864205
     0.010886343
     0.010908472
     0.010930593
     0.010952705
     0.010974808
     0.010996903
     0.011018989
     0.011041066
     0.011063134
     0.011085192
     0.011107242
     0.011129282
     0.011151313
     0.011173334
     0.011195346
     0.011217349
     0.011239341
     0.011261324
     0.011283297
     0.011305260
     0.011327213
     0.011349156
     0.011371089
     0.011393012
     0.011414924
     0.011436826
     0.011458718
     0.011480599
     0.011502469
     0.011524328
     0.011546177
     0.011568015
     0.011589842
     0.011611658
     0.011633463
     0.011655256
     0.011677039
     0.011698810
     0.011720569
     0.011742317
     0.011764054
     0.011785778
     0.011807491
     0.011829192
     0.011850882
     0.011872559
     0.011894224
     0.011915877
     0.011937518
     0.011959147
     0.011980763
     0.012002367
     0.012023958
     0.012045536
     0.012067102
     0.012088655
     0.012110196
     0.012131723
     0.012153237
     0.012174738
     0.012196226
     0.012217701
     0.012239162
     0.012260610
     0.012282045
     0.012303466
     0.012324873
     0.012346267
     0.012367647
     0.012389013
     0.012410364
     0.012431702
     0.012453026
     0.012474336
     0.012495631
     0.012516912
     0.012538178
     0.012559431
     0.012580668
     0.012601891
     0.012623099
     0.012644292
     0.012665470
     0.012686634
     0.012707782
     0.012728915
     0.012750033
     0.012771135
     0.012792223
     0.012813295
     0.012834351
     0.012855392
     0.012876417
     0.012897426
     0.012918419
     0.012939397
     0.012960358
     0.012981304
     0.013002233
     0.013023146
     0.013044043
     0.013064923
     0.013085787
     0.013106635
     0.013127465
     0.013148279
     0.013169077
     0.013189857
     0.013210621
     0.013231368
     0.013252097
     0.013272809
     0.013293505
     0.013314182
     0.013334843
     0.013355486
     0.013376111
     0.013396719
     0.013417310
     0.013437882
     0.013458437
     0.013478973
     0.013499492
     0.013519993
     0.013540475
     0.013560939
     0.013581385
     0.013601813
     0.013622222
     0.013642613
     0.013662985
     0.013683338
     0.013703673
     0.013723988
     0.013744285
     0.013764563
     0.013784822
     0.013805062
     0.013825282
     0.013845483
     0.013865665
     0.013885828
     0.013905971
     0.013926094
     0.013946198
     0.013966282
     0.013986346
     0.014006390
     0.014026415
     0.014046419
     0.014066403
     0.014086367
     0.014106311
     0.014126234
     0.014146137
     0.014166020
     0.014185882
     0.014205723
     0.014225544
     0.014245344
     0.014265123
     0.014284881
     0.014304618
     0.014324334
     0.014344029
     0.014363703
     0.014383355
     0.014402986
     0.014422596
     0.014442184
     0.014461750
     0.014481295
     0.014500818
     0.014520320
     0.014539799
     0.014559256
     0.014578692
     0.014598105
     0.014617496
     0.014636865
     0.014656212
     0.014675536
     0.014694838
     0.014714117
     0.014733374
     0.014752608
     0.014771819
     0.014791007
     0.014810173
     0.014829315
     0.014848435
     0.014867531
     0.014886604
     0.014905654
     0.014924681
     0.014943684
     0.014962664
     0.014981620
     0.015000552
     0.015019461
     0.015038346
     0.015057208
     0.015076045
     0.015094858
     0.015113648
     0.015132413
     0.015151154
     0.015169871
     0.015188564
     0.015207232
     0.015225875
     0.015244495
     0.015263089
     0.015281659
     0.015300204
     0.015318724
     0.015337220
     0.015355690
     0.015374136
     0.015392556
     0.015410951
     0.015429321
     0.015447666
     0.015465985
     0.015484279
     0.015502547
     0.015520790
     0.015539007
     0.015557198
     0.015575364
     0.015593504
     0.015611617
     0.015629705
     0.015647767
     0.015665803
     0.015683812
     0.015701795
     0.015719752
     0.015737683
     0.015755587
     0.015773464
     0.015791315
     0.015809139
     0.015826936
     0.015844707
     0.015862451
     0.015880168
     0.015897857
     0.015915520
     0.015933156
     0.015950764
     0.015968345
     0.015985899
     0.016003425
     0.016020924
     0.016038395
     0.016055839
     0.016073255
     0.016090643
     0.016108004
     0.016125336
     0.016142641
     0.016159918
     0.016177166
     0.016194387
     0.016211579
     0.016228743
     0.016245879
     0.016262986
     0.016280065
     0.016297115
     0.016314136
     0.016331130
     0.016348094
     0.016365029
     0.016381936
     0.016398814
     0.016415662
     0.016432482
     0.016449273
     0.016466034
     0.016482766
     0.016499469
     0.016516143
     0.016532787
     0.016549401
     0.016565987
     0.016582542
     0.016599068
     0.016615564
     0.016632030
     0.016648466
     0.016664873
     0.016681249
     0.016697596
     0.016713912
     0.016730198
     0.016746454
     0.016762679
     0.016778874
     0.016795039
     0.016811173
     0.016827277
     0.016843350
     0.016859392
     0.016875404
     0.016891385
     0.016907335
     0.016923254
     0.016939142
     0.016954999
     0.016970825
     0.016986620
     0.017002384
     0.017018116
     0.017033817
     0.017049486
     0.017065124
     0.017080731
     0.017096306
     0.017111849
     0.017127361
     0.017142841
     0.017158289
     0.017173705
     0.017189089
     0.017204442
     0.017219762
     0.017235050
     0.017250306
     0.017265529
     0.017280721
     0.017295880
     0.017311006
     0.017326101
     0.017341162
     0.017356191
     0.017371188
     0.017386151
     0.017401082
     0.017415981
     0.017430846
     0.017445678
     0.017460478
     0.017475244
     0.017489977
     0.017504677
     0.017519344
     0.017533978
     0.017548578
     0.017563145
     0.017577679
     0.017592179
     0.017606645
     0.017621078
     0.017635477
     0.017649843
     0.017664175
     0.017678473
     0.017692737
     0.017706967
     0.017721163
     0.017735325
     0.017749453
     0.017763547
     0.017777607
     0.017791632
     0.017805623
     0.017819580
     0.017833502
     0.017847390
     0.017861244
     0.017875062
     0.017888847
     0.017902596
     0.017916311
     0.017929991
     0.017943636
     0.017957246
     0.017970821
     0.017984362
     0.017997867
     0.018011337
     0.018024772
     0.018038172
     0.018051536
     0.018064865
     0.018078159
     0.018091418
     0.018104640
     0.018117828
     0.018130980
     0.018144096
     0.018157177
     0.018170222
     0.018183231
     0.018196204
     0.018209141
     0.018222043
     0.018234908
     0.018247738
     0.018260531
     0.018273289
     0.018286010
     0.018298695
     0.018311344
     0.018323956
     0.018336532
     0.018349072
     0.018361575
     0.018374042
     0.018386472
     0.018398865
     0.018411222
     0.018423542
     0.018435826
     0.018448073
     0.018460282
     0.018472455
     0.018484591
     0.018496690
     0.018508752
     0.018520777
     0.018532765
     0.018544716
     0.018556629
     0.018568505
     0.018580344
     0.018592146
     0.018603910
     0.018615636
     0.018627326
     0.018638977
     0.018650591
     0.018662168
     0.018673707
     0.018685208
     0.018696671
     0.018708097
     0.018719484
     0.018730834
     0.018742146
     0.018753420
     0.018764656
     0.018775854
     0.018787014
     0.018798135
     0.018809219
     0.018820264
     0.018831271
     0.018842239
     0.018853169
     0.018864061
     0.018874915
     0.018885729
     0.018896506
     0.018907244
     0.018917943
     0.018928603
     0.018939225
     0.018949808
     0.018960352
     0.018970858
     0.018981325
     0.018991752
     0.019002141
     0.019012491
     0.019022802
     0.019033073
     0.019043306
     0.019053499
     0.019063654
     0.019073769
     0.019083845
     0.019093881
     0.019103878
     0.019113836
     0.019123755
     0.019133633
     0.019143473
     0.019153273
     0.019163033
     0.019172754
     0.019182435
     0.019192077
     0.019201678
     0.019211240
     0.019220762
     0.019230245
     0.019239687
     0.019249090
     0.019258452
     0.019267775
     0.019277058
     0.019286300
     0.019295503
     0.019304665
     0.019313788
     0.019322870
     0.019331912
     0.019340913
     0.019349874
     0.019358795
     0.019367676
     0.019376516
     0.019385316
     0.019394075
     0.019402794
     0.019411472
     0.019420110
     0.019428707
     0.019437264
     0.019445779
     0.019454254
     0.019462689
     0.019471082
     0.019479435
     0.019487747
     0.019496018
     0.019504248
     0.019512438
     0.019520586
     0.019528693
     0.019536760
     0.019544785
     0.019552769
     0.019560712
     0.019568614
     0.019576475
     0.019584294
     0.019592072
     0.019599809
     0.019607505
     0.019615159
     0.019622772
     0.019630344
     0.019637874
     0.019645363
     0.019652810
     0.019660216
     0.019667580
     0.019674903
     0.019682184
     0.019689423
     0.019696621
     0.019703777
     0.019710892
     0.019717964
     0.019724995
     0.019731985
     0.019738932
     0.019745837
     0.019752701
     0.019759523
     0.019766303
     0.019773040
     0.019779736
     0.019786390
     0.019793002
     0.019799572
     0.019806100
     0.019812585
     0.019819029
     0.019825430
     0.019831789
     0.019838106
     0.019844381
     0.019850613
     0.019856804
     0.019862951
     0.019869057
     0.019875120
     0.019881141
     0.019887120
     0.019893056
     0.019898949
     0.019904800
     0.019910609
     0.019916375
     0.019922099
     0.019927780
     0.019933418
     0.019939014
     0.019944568
     0.019950078
     0.019955546
     0.019960971
     0.019966354
     0.019971694
     0.019976991
     0.019982245
     0.019987457
     0.019992626
     0.019997752
     0.020002835
     0.020007875
     0.020012872
     0.020017826
     0.020022738
     0.020027606
     0.020032432
     0.020037215
     0.020041954
     0.020046651
     0.020051304
     0.020055915
     0.020060482
     0.020065006
     0.020069487
     0.020073926
     0.020078320
     0.020082672
     0.020086981
     0.020091246
     0.020095468
     0.020099647
     0.020103783
     0.020107875
     0.020111924
     0.020115930
     0.020119893
     0.020123812
     0.020127688
     0.020131520
     0.020135309
     0.020139055
     0.020142757
     0.020146416
     0.020150032
     0.020153604
     0.020157133
     0.020160618
     0.020164059
     0.020167457
     0.020170812
     0.020174123
     0.020177391
     0.020180615
     0.020183795
     0.020186932
     0.020190025
     0.020193075
     0.020196081
     0.020199044
     0.020201963
     0.020204838
     0.020207669
     0.020210457
     0.020213201
     0.020215902
     0.020218559
     0.020221172
     0.020223741
     0.020226267
     0.020228749
     0.020231187
     0.020233581
     0.020235932
     0.020238239
     0.020240502
     0.020242721
     0.020244897
     0.020247028
     0.020249116
     0.020251160
     0.020253160
     0.020255117
     0.020257029
     0.020258898
     0.020260722
     0.020262503
     0.020264240
     0.020265933
     0.020267582
     0.020269188
     0.020270749
     0.020272267
     0.020273740
     0.020275170
     0.020276556
     0.020277897
     0.020279195
     0.020280449
     0.020281659
     0.020282825
     0.020283947
     0.020285025
     0.020286059
     0.020287049
     0.020287995
     0.020288897
     0.020289755
     0.020290570
     0.020291340
     0.020292066
     0.020292748
     0.020293386
     0.020293981
     0.020294531
     0.020295037
     0.020295499
     0.020295917
     0.020296291
     0.020296622
     0.020296908
     0.020297150
     0.020297348
     0.020297502
     0.020297612
     0.020297678
     0.020297700
     0.020297678
     0.020297612
     0.020297502
     0.020297348
     0.020297150
     0.020296908
     0.020296622
     0.020296291
     0.020295917
     0.020295499
     0.020295037
     0.020294531
     0.020293981
     0.020293386
     0.020292748
     0.020292066
     0.020291340
     0.020290570
     0.020289755
     0.020288897
     0.020287995
     0.020287049
     0.020286059
     0.020285025
     0.020283947
     0.020282825
     0.020281659
     0.020280449
     0.020279195
     0.020277897
     0.020276556
     0.020275170
     0.020273740
     0.020272267
     0.020270749
     0.020269188
     0.020267582
     0.020265933
     0.020264240
     0.020262503
     0.020260722
     0.020258898
     0.020257029
     0.020255117
     0.020253160
     0.020251160
     0.020249116
     0.020247028
     0.020244897
     0.020242721
     0.020240502
     0.020238239
     0.020235932
     0.020233581
     0.020231187
     0.020228749
     0.020226267
     0.020223741
     0.020221172
     0.020218559
     0.020215902
     0.020213201
     0.020210457
     0.020207669
     0.020204838
     0.020201963
     0.020199044
     0.020196081
     0.020193075
     0.020190025
     0.020186932
     0.020183795
     0.020180615
     0.020177391
     0.020174123
     0.020170812
     0.020167457
     0.020164059
     0.020160618
     0.020157133
     0.020153604
     0.020150032
     0.020146416
     0.020142757
     0.020139055
     0.020135309
     0.020131520
     0.020127688
     0.020123812
     0.020119893
     0.020115930
     0.020111924
     0.020107875
     0.020103783
     0.020099647
     0.020095468
     0.020091246
     0.020086981
     0.020082672
     0.020078320
     0.020073926
     0.020069487
     0.020065006
     0.020060482
     0.020055915
     0.020051304
     0.020046651
     0.020041954
     0.020037215
     0.020032432
     0.020027606
     0.020022738
     0.020017826
     0.020012872
     0.020007875
     0.020002835
     0.019997752
     0.019992626
     0.019987457
     0.019982245
     0.019976991
     0.019971694
     0.019966354
     0.019960971
     0.019955546
     0.019950078
     0.019944568
     0.019939014
     0.019933418
     0.019927780
     0.019922099
     0.019916375
     0.019910609
     0.019904800
     0.019898949
     0.019893056
     0.019887120
     0.019881141
     0.019875120
     0.019869057
     0.019862951
     0.019856804
     0.019850613
     0.019844381
     0.019838106
     0.019831789
     0.019825430
     0.019819029
     0.019812585
     0.019806100
     0.019799572
     0.019793002
     0.019786390
     0.019779736
     0.019773040
     0.019766303
     0.019759523
     0.019752701
     0.019745837
     0.019738932
     0.019731985
     0.019724995
     0.019717964
     0.019710892
     0.019703777
     0.019696621
     0.019689423
     0.019682184
     0.019674903
     0.019667580
     0.019660216
     0.019652810
     0.019645363
     0.019637874
     0.019630344
     0.019622772
     0.019615159
     0.019607505
     0.019599809
     0.019592072
     0.019584294
     0.019576475
     0.019568614
     0.019560712
     0.019552769
     0.019544785
     0.019536760
     0.019528693
     0.019520586
     0.019512438
     0.019504248
     0.019496018
     0.019487747
     0.019479435
     0.019471082
     0.019462689
     0.019454254
     0.019445779
     0.019437264
     0.019428707
     0.019420110
     0.019411472
     0.019402794
     0.019394075
     0.019385316
     0.019376516
     0.019367676
     0.019358795
     0.019349874
     0.019340913
     0.019331912
     0.019322870
     0.019313788
     0.019304665
     0.019295503
     0.019286300
     0.019277058
     0.019267775
     0.019258452
     0.019249090
     0.019239687
     0.019230245
     0.019220762
     0.019211240
     0.019201678
     0.019192077
     0.019182435
     0.019172754
     0.019163033
     0.019153273
     0.019143473
     0.019133633
     0.019123755
     0.019113836
     0.019103878
     0.019093881
     0.019083845
     0.019073769
     0.019063654
     0.019053499
     0.019043306
     0.019033073
     0.019022802
     0.019012491
     0.019002141
     0.018991752
     0.018981325
     0.018970858
     0.018960352
     0.018949808
     0.018939225
     0.018928603
     0.018917943
     0.018907244
     0.018896506
     0.018885729
     0.018874915
     0.018864061
     0.018853169
     0.018842239
     0.018831271
     0.018820264
     0.018809219
     0.018798135
     0.018787014
     0.018775854
     0.018764656
     0.018753420
     0.018742146
     0.018730834
     0.018719484
     0.018708097
     0.018696671
     0.018685208
     0.018673707
     0.018662168
     0.018650591
     0.018638977
     0.018627326
     0.018615636
     0.018603910
     0.018592146
     0.018580344
     0.018568505
     0.018556629
     0.018544716
     0.018532765
     0.018520777
     0.018508752
     0.018496690
     0.018484591
     0.018472455
     0.018460282
     0.018448073
     0.018435826
     0.018423542
     0.018411222
     0.018398865
     0.018386472
     0.018374042
     0.018361575
     0.018349072
     0.018336532
     0.018323956
     0.018311344
     0.018298695
     0.018286010
     0.018273289
     0.018260531
     0.018247738
     0.018234908
     0.018222043
     0.018209141
     0.018196204
     0.018183231
     0.018170222
     0.018157177
     0.018144096
     0.018130980
     0.018117828
     0.018104640
     0.018091418
     0.018078159
     0.018064865
     0.018051536
     0.018038172
     0.018024772
     0.018011337
     0.017997867
     0.017984362
     0.017970821
     0.017957246
     0.017943636
     0.017929991
     0.017916311
     0.017902596
     0.017888847
     0.017875062
     0.017861244
     0.017847390
     0.017833502
     0.017819580
     0.017805623
     0.017791632
     0.017777607
     0.017763547
     0.017749453
     0.017735325
     0.017721163
     0.017706967
     0.017692737
     0.017678473
     0.017664175
     0.017649843
     0.017635477
     0.017621078
     0.017606645
     0.017592179
     0.017577679
     0.017563145
     0.017548578
     0.017533978
     0.017519344
     0.017504677
     0.017489977
     0.017475244
     0.017460478
     0.017445678
     0.017430846
     0.017415981
     0.017401082
     0.017386151
     0.017371188
     0.017356191
     0.017341162
     0.017326101
     0.017311006
     0.017295880
     0.017280721
     0.017265529
     0.017250306
     0.017235050
     0.017219762
     0.017204442
     0.017189089
     0.017173705
     0.017158289
     0.017142841
     0.017127361
     0.017111849
     0.017096306
     0.017080731
     0.017065124
     0.017049486
     0.017033817
     0.017018116
     0.017002384
     0.016986620
     0.016970825
     0.016954999
     0.016939142
     0.016923254
     0.016907335
     0.016891385
     0.016875404
     0.016859392
     0.016843350
     0.016827277
     0.016811173
     0.016795039
     0.016778874
     0.016762679
     0.016746454
     0.016730198
     0.016713912
     0.016697596
     0.016681249
     0.016664873
     0.016648466
     0.016632030
     0.016615564
     0.016599068
     0.016582542
     0.016565987
     0.016549401
     0.016532787
     0.016516143
     0.016499469
     0.016482766
     0.016466034
     0.016449273
     0.016432482
     0.016415662
     0.016398814
     0.016381936
     0.016365029
     0.016348094
     0.016331130
     0.016314136
     0.016297115
     0.016280065
     0.016262986
     0.016245879
     0.016228743
     0.016211579
     0.016194387
     0.016177166
     0.016159918
     0.016142641
     0.016125336
     0.016108004
     0.016090643
     0.016073255
     0.016055839
     0.016038395
     0.016020924
     0.016003425
     0.015985899
     0.015968345
     0.015950764
     0.015933156
     0.015915520
     0.015897857
     0.015880168
     0.015862451
     0.015844707
     0.015826936
     0.015809139
     0.015791315
     0.015773464
     0.015755587
     0.015737683
     0.015719752
     0.015701795
     0.015683812
     0.015665803
     0.015647767
     0.015629705
     0.015611617
     0.015593504
     0.015575364
     0.015557198
     0.015539007
     0.015520790
     0.015502547
     0.015484279
     0.015465985
     0.015447666
     0.015429321
     0.015410951
     0.015392556
     0.015374136
     0.015355690
     0.015337220
     0.015318724
     0.015300204
     0.015281659
     0.015263089
     0.015244495
     0.015225875
     0.015207232
     0.015188564
     0.015169871
     0.015151154
     0.015132413
     0.015113648
     0.015094858
     0.015076045
     0.015057208
     0.015038346
     0.015019461
     0.015000552
     0.014981620
     0.014962664
     0.014943684
     0.014924681
     0.014905654
     0.014886604
     0.014867531
     0.014848435
     0.014829315
     0.014810173
     0.014791007
     0.014771819
     0.014752608
     0.014733374
     0.014714117
     0.014694838
     0.014675536
     0.014656212
     0.014636865
     0.014617496
     0.014598105
     0.014578692
     0.014559256
     0.014539799
     0.014520320
     0.014500818
     0.014481295
     0.014461750
     0.014442184
     0.014422596
     0.014402986
     0.014383355
     0.014363703
     0.014344029
     0.014324334
     0.014304618
     0.014284881
     0.014265123
     0.014245344
     0.014225544
     0.014205723
     0.014185882
     0.014166020
     0.014146137
     0.014126234
     0.014106311
     0.014086367
     0.014066403
     0.014046419
     0.014026415
     0.014006390
     0.013986346
     0.013966282
     0.013946198
     0.013926094
     0.013905971
     0.013885828
     0.013865665
     0.013845483
     0.013825282
     0.013805062
     0.013784822
     0.013764563
     0.013744285
     0.013723988
     0.013703673
     0.013683338
     0.013662985
     0.013642613
     0.013622222
     0.013601813
     0.013581385
     0.013560939
     0.013540475
     0.013519993
     0.013499492
     0.013478973
     0.013458437
     0.013437882
     0.013417310
     0.013396719
     0.013376111
     0.013355486
     0.013334843
     0.013314182
     0.013293505
     0.013272809
     0.013252097
     0.013231368
     0.013210621
     0.013189857
     0.013169077
     0.013148279
     0.013127465
     0.013106635
     0.013085787
     0.013064923
     0.013044043
     0.013023146
     0.013002233
     0.012981304
     0.012960358
     0.012939397
     0.012918419
     0.012897426
     0.012876417
     0.012855392
     0.012834351
     0.012813295
     0.012792223
     0.012771135
     0.012750033
     0.012728915
     0.012707782
     0.012686634
     0.012665470
     0.012644292
     0.012623099
     0.012601891
     0.012580668
     0.012559431
     0.012538178
     0.012516912
     0.012495631
     0.012474336
     0.012453026
     0.012431702
     0.012410364
     0.012389013
     0.012367647
     0.012346267
     0.012324873
     0.012303466
     0.012282045
     0.012260610
     0.012239162
     0.012217701
     0.012196226
     0.012174738
     0.012153237
     0.012131723
     0.012110196
     0.012088655
     0.012067102
     0.012045536
     0.012023958
     0.012002367
     0.011980763
     0.011959147
     0.011937518
     0.011915877
     0.011894224
     0.011872559
     0.011850882
     0.011829192
     0.011807491
     0.011785778
     0.011764054
     0.011742317
     0.011720569
     0.011698810
     0.011677039
     0.011655256
     0.011633463
     0.011611658
     0.011589842
     0.011568015
     0.011546177
     0.011524328
     0.011502469
     0.011480599
     0.011458718
     0.011436826
     0.011414924
     0.011393012
     0.011371089
     0.011349156
     0.011327213
     0.011305260
     0.011283297
     0.011261324
     0.011239341
     0.011217349
     0.011195346
     0.011173334
     0.011151313
     0.011129282
     0.011107242
     0.011085192
     0.011063134
     0.011041066
     0.011018989
     0.010996903
     0.010974808
     0.010952705
     0.010930593
     0.010908472
     0.010886343
     0.010864205
     0.010842058
     0.010819904
     0.010797741
     0.010775570
     0.010753391
     0.010731204
     0.010709009
     0.010686806
     0.010664595
     0.010642377
     0.010620151
     0.010597918
     0.010575677
     0.010553429
     0.010531174
     0.010508911
     0.010486641
     0.010464364
     0.010442081
     0.010419790
     0.010397493
     0.010375188
     0.010352878
     0.010330560
     0.010308237
     0.010285906
     0.010263570
     0.010241227
     0.010218878
     0.010196523
     0.010174162
     0.010151795
     0.010129423
     0.010107044
     0.010084660
     0.010062270
     0.010039875
     0.010017475
    0.0099950686
    0.0099726573
    0.0099502408
    0.0099278193
    0.0099053926
    0.0098829611
    0.0098605246
    0.0098380834
    0.0098156375
    0.0097931869
    0.0097707318
    0.0097482722
    0.0097258082
    0.0097033399
    0.0096808674
    0.0096583908
    0.0096359100
    0.0096134253
    0.0095909367
    0.0095684442
    0.0095459480
    0.0095234481
    0.0095009446
    0.0094784377
    0.0094559272
    0.0094334135
    0.0094108965
    0.0093883762
    0.0093658529
    0.0093433266
    0.0093207972
    0.0092982651
    0.0092757301
    0.0092531924
    0.0092306521
    0.0092081093
    0.0091855639
    0.0091630162
    0.0091404662
    0.0091179139
    0.0090953595
    0.0090728030
    0.0090502445
    0.0090276841
    0.0090051219
    0.0089825579
    0.0089599923
    0.0089374251
    0.0089148563
    0.0088922861
    0.0088697146
    0.0088471417
    0.0088245677
    0.0088019926
    0.0087794164
    0.0087568393
    0.0087342613
    0.0087116824
    0.0086891029
    0.0086665227
    0.0086439420
    0.0086213608
    0.0085987792
    0.0085761972
    0.0085536151
    0.0085310327
    0.0085084503
    0.0084858678
    0.0084632855
    0.0084407032
    0.0084181213
    0.0083955396
    0.0083729583
    0.0083503775
    0.0083277972
    0.0083052175
    0.0082826386
    0.0082600604
    0.0082374831
    0.0082149068
    0.0081923314
    0.0081697572
    0.0081471841
    0.0081246123
    0.0081020418
    0.0080794728
    0.0080569052
    0.0080343392
    0.0080117748
    0.0079892122
    0.0079666514
    0.0079440924
    0.0079215354
    0.0078989805
    0.0078764277
    0.0078538770
    0.0078313287
    0.0078087827
    0.0077862391
    0.0077636980
    0.0077411596
    0.0077186237
    0.0076960907
    0.0076735604
    0.0076510331
    0.0076285087
    0.0076059874
    0.0075834692
    0.0075609542
    0.0075384425
    0.0075159342
    0.0074934293
    0.0074709280
    0.0074484302
    0.0074259361
    0.0074034458
    0.0073809593
    0.0073584766
    0.0073359980
    0.0073135235
    0.0072910531
    0.0072685869
    0.0072461249
    0.0072236674
    0.0072012143
    0.0071787657
    0.0071563218
    0.0071338825
    0.0071114479
    0.0070890182
    0.0070665934
    0.0070441736
    0.0070217589
    0.0069993493
    0.0069769449
    0.0069545458
    0.0069321520
    0.0069097637
    0.0068873809
    0.0068650038
    0.0068426323
    0.0068202665
    0.0067979066
    0.0067755525
    0.0067532045
    0.0067308625
    0.0067085266
    0.0066861969
    0.0066638735
    0.0066415565
    0.0066192459
    0.0065969418
    0.0065746443
    0.0065523534
    0.0065300693
    0.0065077920
    0.0064855215
    0.0064632581
    0.0064410016
    0.0064187523
    0.0063965102
    0.0063742753
    0.0063520477
    0.0063298276
    0.0063076150
    0.0062854099
    0.0062632124
    0.0062410227
    0.0062188407
    0.0061966666
    0.0061745004
    0.0061523423
    0.0061301922
    0.0061080503
    0.0060859166
    0.0060637912
    0.0060416742
    0.0060195656
    0.0059974656
    0.0059753741
    0.0059532914
    0.0059312174
    0.0059091522
    0.0058870959
    0.0058650486
    0.0058430103
    0.0058209811
    0.0057989612
    0.0057769505
    0.0057549491
    0.0057329571
    0.0057109746
    0.0056890017
    0.0056670384
    0.0056450848
    0.0056231410
    0.0056012070
    0.0055792830
    0.0055573689
    0.0055354649
    0.0055135711
    0.0054916874
    0.0054698141
    0.0054479511
    0.0054260985
    0.0054042564
    0.0053824249
    0.0053606040
    0.0053387939
    0.0053169945
    0.0052952060
    0.0052734284
    0.0052516619
    0.0052299064
    0.0052081620
    0.0051864289
    0.0051647070
    0.0051429966
    0.0051212975
    0.0050996099
    0.0050779340
    0.0050562696
    0.0050346170
    0.0050129762
    0.0049913472
    0.0049697301
    0.0049481251
    0.0049265321
    0.0049049512
    0.0048833826
    0.0048618262
    0.0048402822
    0.0048187506
    0.0047972315
    0.0047757250
    0.0047542310
    0.0047327498
    0.0047112814
    0.0046898258
    0.0046683831
    0.0046469533
    0.0046255366
    0.0046041331
    0.0045827427
    0.0045613656
    0.0045400018
    0.0045186513
    0.0044973144
    0.0044759910
    0.0044546811
    0.0044333850
    0.0044121026
    0.0043908339
    0.0043695792
    0.0043483384
    0.0043271116
    0.0043058988
    0.0042847003
    0.0042635159
    0.0042423458
    0.0042211901
    0.0042000487
    0.0041789219
    0.0041578096
    0.0041367119
    0.0041156289
    0.0040945607
    0.0040735073
    0.0040524687
    0.0040314452
    0.0040104366
    0.0039894431
    0.0039684648
    0.0039475017
    0.0039265539
    0.0039056214
    0.0038847044
    0.0038638028
    0.0038429168
    0.0038220464
    0.0038011917
    0.0037803528
    0.0037595296
    0.0037387224
    0.0037179310
    0.0036971557
    0.0036763965
    0.0036556534
    0.0036349265
    0.0036142159
    0.0035935216
    0.0035728438
    0.0035521824
    0.0035315375
    0.0035109092
    0.0034902976
    0.0034697027
    0.0034491246
    0.0034285633
    0.0034080190
    0.0033874916
    0.0033669813
    0.0033464881
    0.0033260121
    0.0033055533
    0.0032851118
    0.0032646877
    0.0032442809
    0.0032238917
    0.0032035201
    0.0031831660
    0.0031628296
    0.0031425110
    0.0031222102
    0.0031019272
    0.0030816621
    0.0030614151
    0.0030411861
    0.0030209752
    0.0030007825
    0.0029806080
    0.0029604519
    0.0029403141
    0.0029201947
    0.0029000938
    0.0028800114
    0.0028599477
    0.0028399026
    0.0028198763
    0.0027998687
    0.0027798800
    0.0027599102
    0.0027399594
    0.0027200276
    0.0027001150
    0.0026802214
    0.0026603471
    0.0026404921
    0.0026206564
    0.0026008401
    0.0025810432
    0.0025612659
    0.0025415081
    0.0025217700
    0.0025020515
    0.0024823528
    0.0024626739
    0.0024430149
    0.0024233759
    0.0024037568
    0.0023841577
    0.0023645788
    0.0023450200
    0.0023254814
    0.0023059632
    0.0022864652
    0.0022669877
    0.0022475306
    0.0022280940
    0.0022086780
    0.0021892826
    0.0021699080
    0.0021505540
    0.0021312209
    0.0021119086
    0.0020926172
    0.0020733468
    0.0020540974
    0.0020348691
    0.0020156619
    0.0019964759
    0.0019773112
    0.0019581678
    0.0019390458
    0.0019199452
    0.0019008660
    0.0018818084
    0.0018627724
    0.0018437580
    0.0018247653
    0.0018057944
    0.0017868453
    0.0017679180
    0.0017490127
    0.0017301293
    0.0017112680
    0.0016924288
    0.0016736116
    0.0016548167
    0.0016360440
    0.0016172937
    0.0015985657
    0.0015798600
    0.0015611769
    0.0015425162
    0.0015238782
    0.0015052627
    0.0014866700
    0.0014680999
    0.0014495526
    0.0014310282
    0.0014125267
    0.0013940481
    0.0013755924
    0.0013571599
    0.0013387504
    0.0013203641
    0.0013020009
    0.0012836611
    0.0012653445
    0.0012470513
    0.0012287815
    0.0012105351
    0.0011923123
    0.0011741130
    0.0011559373
    0.0011377853
    0.0011196570
    0.0011015525
    0.0010834718
    0.0010654149
    0.0010473820
    0.0010293730
    0.0010113880
   0.00099342712
   0.00097549033
   0.00095757771
   0.00093968930
   0.00092182516
   0.00090398532
   0.00088616985
   0.00086837879
   0.00085061218
   0.00083287009
   0.00081515254
   0.00079745960
   0.00077979132
   0.00076214773
   0.00074452890
   0.00072693486
   0.00070936566
   0.00069182136
   0.00067430200
   0.00065680762
   0.00063933828
   0.00062189401
   0.00060447488
   0.00058708092
   0.00056971219
   0.00055236872
   0.00053505057
   0.00051775778
   0.00050049039
   0.00048324846
   0.00046603203
   0.00044884115
   0.00043167586
   0.00041453620
   0.00039742223
   0.00038033398
   0.00036327151
   0.00034623485
   0.00032922406
   0.00031223917
   0.00029528024
   0.00027834730
   0.00026144040
   0.00024455959
   0.00022770490
   0.00021087639
   0.00019407410
   0.00017729807
   0.00016054834
   0.00014382496
   0.00012712797
   0.00011045741
   9.3813334e-05
   7.7195775e-05
   6.0604778e-05
   4.4040387e-05
   2.7502643e-05
   1.0991589e-05
  -5.4927326e-06
  -2.1950280e-05
  -3.8381011e-05
  -5.4784884e-05
  -7.1161858e-05
  -8.7511890e-05
  -0.00010383494
  -0.00012013097
  -0.00013639993
  -0.00015264178
  -0.00016885649
  -0.00018504401
  -0.00020120431
  -0.00021733733
  -0.00023344305
  -0.00024952142
  -0.00026557240
  -0.00028159595
  -0.00029759203
  -0.00031356060
  -0.00032950163
  -0.00034541507
  -0.00036130089
  -0.00037715904
  -0.00039298948
  -0.00040879219
  -0.00042456711
  -0.00044031422
  -0.00045603346
  -0.00047172481
  -0.00048738823
  -0.00050302367
  -0.00051863110
  -0.00053421049
  -0.00054976179
  -0.00056528497
  -0.00058077999
  -0.00059624682
  -0.00061168541
  -0.00062709573
  -0.00064247774
  -0.00065783141
  -0.00067315671
  -0.00068845358
  -0.00070372200
  -0.00071896194
  -0.00073417335
  -0.00074935621
  -0.00076451046
  -0.00077963609
  -0.00079473306
  -0.00080980132
  -0.00082484085
  -0.00083985160
  -0.00085483356
  -0.00086978667
  -0.00088471091
  -0.00089960624
  -0.00091447263
  -0.00092931005
  -0.00094411845
  -0.00095889781
  -0.00097364810
  -0.00098836927
   -0.0010030613
   -0.0010177242
   -0.0010323578
   -0.0010469622
   -0.0010615373
   -0.0010760832
   -0.0010905996
   -0.0011050868
   -0.0011195445
   -0.0011339727
   -0.0011483715
   -0.0011627409
   -0.0011770806
   -0.0011913908
   -0.0012056715
   -0.0012199225
   -0.0012341438
   -0.0012483355
   -0.0012624974
   -0.0012766296
   -0.0012907320
   -0.0013048046
   -0.0013188474
   -0.0013328603
   -0.0013468433
   -0.0013607964
   -0.0013747195
   -0.0013886127
   -0.0014024758
   -0.0014163089
   -0.0014301119
   -0.0014438848
   -0.0014576276
   -0.0014713402
   -0.0014850227
   -0.0014986749
   -0.0015122969
   -0.0015258886
   -0.0015394500
   -0.0015529811
   -0.0015664818
   -0.0015799522
   -0.0015933921
   -0.0016068017
   -0.0016201807
   -0.0016335293
   -0.0016468474
   -0.0016601349
   -0.0016733918
   -0.0016866182
   -0.0016998139
   -0.0017129790
   -0.0017261135
   -0.0017392172
   -0.0017522902
   -0.0017653325
   -0.0017783440
   -0.0017913247
   -0.0018042746
   -0.0018171936
   -0.0018300818
   -0.0018429391
   -0.0018557655
   -0.0018685609
   -0.0018813254
   -0.0018940588
   -0.0019067613
   -0.0019194327
   -0.0019320731
   -0.0019446824
   -0.0019572605
   -0.0019698076
   -0.0019823235
   -0.0019948082
   -0.0020072618
   -0.0020196841
   -0.0020320752
   -0.0020444350
   -0.0020567635
   -0.0020690608
   -0.0020813267
   -0.0020935612
   -0.0021057644
   -0.0021179362
   -0.0021300766
   -0.0021421856
   -0.0021542631
   -0.0021663092
   -0.0021783237
   -0.0021903067
   -0.0022022583
   -0.0022141782
   -0.0022260666
   -0.0022379234
   -0.0022497486
   -0.0022615421
   -0.0022733041
   -0.0022850343
   -0.0022967329
   -0.0023083997
   -0.0023200349
   -0.0023316382
   -0.0023432099
   -0.0023547497
   -0.0023662578
   -0.0023777340
   -0.0023891785
   -0.0024005910
   -0.0024119717
   -0.0024233206
   -0.0024346375
   -0.0024459225
   -0.0024571756
   -0.0024683967
   -0.0024795859
   -0.0024907431
   -0.0025018683
   -0.0025129615
   -0.0025240226
   -0.0025350517
   -0.0025460488
   -0.0025570138
   -0.0025679466
   -0.0025788474
   -0.0025897161
   -0.0026005526
   -0.0026113570
   -0.0026221292
   -0.0026328692
   -0.0026435771
   -0.0026542527
   -0.0026648962
   -0.0026755073
   -0.0026860863
   -0.0026966330
   -0.0027071474
   -0.0027176295
   -0.0027280793
   -0.0027384969
   -0.0027488821
   -0.0027592349
   -0.0027695554
   -0.0027798436
   -0.0027900994
   -0.0028003228
   -0.0028105138
   -0.0028206724
   -0.0028307985
   -0.0028408923
   -0.0028509536
   -0.0028609824
   -0.0028709788
   -0.0028809427
   -0.0028908742
   -0.0029007731
   -0.0029106396
   -0.0029204735
   -0.0029302749
   -0.0029400438
   -0.0029497801
   -0.0029594839
   -0.0029691551
   -0.0029787937
   -0.0029883998
   -0.0029979732
   -0.0030075141
   -0.0030170224
   -0.0030264980
   -0.0030359411
   -0.0030453515
   -0.0030547293
   -0.0030640744
   -0.0030733869
   -0.0030826667
   -0.0030919138
   -0.0031011283
   -0.0031103101
   -0.0031194592
   -0.0031285756
   -0.0031376593
   -0.0031467102
   -0.0031557285
   -0.0031647141
   -0.0031736669
   -0.0031825870
   -0.0031914744
   -0.0032003290
   -0.0032091508
   -0.0032179400
   -0.0032266963
   -0.0032354199
   -0.0032441107
   -0.0032527688
   -0.0032613940
   -0.0032699865
   -0.0032785462
   -0.0032870731
   -0.0032955673
   -0.0033040286
   -0.0033124571
   -0.0033208528
   -0.0033292157
   -0.0033375458
   -0.0033458431
   -0.0033541076
