   2.0207374e-07
   -0.0039450005
   -0.0052831677
   -0.0031247101
    0.0011057573
    0.0046096722
    0.0050658369
    0.0021681064
   -0.0021691902
   -0.0050759047
   -0.0046253433
   -0.0011113519
    0.0031432816
    0.0053222072
    0.0039797842
   2.0207374e-07
   -0.0039848772
   -0.0053366048
   -0.0031563351
    0.0011169587
    0.0046563929
    0.0051172139
    0.0021901083
   -0.0021912218
   -0.0051274898
   -0.0046723797
   -0.0011226594
    0.0031752922
    0.0053764419
    0.0040203653
   2.0207374e-07
   -0.0040255683
   -0.0053911339
   -0.0031886068
    0.0011283894
    0.0047040703
    0.0051696438
    0.0022125614
   -0.0022137055
   -0.0051801340
   -0.0047203825
   -0.0011341995
    0.0032079615
    0.0054317933
    0.0040617825
   2.0207374e-07
   -0.0040670989
   -0.0054467889
   -0.0032215452
    0.0011400564
    0.0047527341
    0.0052231591
    0.0022354797
   -0.0022366553
   -0.0052338705
   -0.0047693820
   -0.0011459792
    0.0032413100
    0.0054882962
    0.0041040620
   2.0207374e-07
   -0.0041094954
   -0.0055036050
   -0.0032551713
    0.0011519671
    0.0048024153
    0.0052777940
    0.0022588777
   -0.0022600858
   -0.0052887336
   -0.0048194094
   -0.0011580063
    0.0032753591
    0.0055459870
    0.0041472309
   2.0207374e-07
   -0.0041527850
   -0.0055616188
   -0.0032895069
    0.0011641293
    0.0048531461
    0.0053335840
    0.0022827708
   -0.0022840125
   -0.0053447589
   -0.0048704975
   -0.0011702886
    0.0033101311
    0.0056049035
    0.0041913177
   2.0207374e-07
   -0.0041969964
   -0.0056208688
   -0.0033245745
    0.0011765510
    0.0049049602
    0.0053905661
    0.0023071748
   -0.0023084511
   -0.0054019840
   -0.0049226803
   -0.0011828343
    0.0033456493
    0.0056650852
    0.0042363519
   2.0207374e-07
   -0.0042421592
   -0.0056813948
   -0.0033603979
    0.0011892406
    0.0049578925
    0.0054487788
    0.0023321063
   -0.0023334183
   -0.0054604477
   -0.0049759935
   -0.0011956519
    0.0033819380
    0.0057265733
    0.0042823644
   2.0207374e-07
   -0.0042883046
   -0.0057432385
   -0.0033970017
    0.0012022069
    0.0050119797
    0.0055082626
    0.0023575825
   -0.0023589315
   -0.0055201907
   -0.0050304740
   -0.0012087503
    0.0034190224
    0.0057894109
    0.0043293874
   2.0207374e-07
   -0.0043354648
   -0.0058064434
   -0.0034344119
    0.0012154589
    0.0050672600
    0.0055690596
    0.0023836215
   -0.0023850087
   -0.0055812555
   -0.0050861608
   -0.0012221390
    0.0034569291
    0.0058536428
    0.0043774546
   2.0207374e-07
   -0.0043836739
   -0.0058710549
   -0.0034726552
    0.0012290064
    0.0051237733
    0.0056312135
    0.0024102421
   -0.0024116688
   -0.0056436863
   -0.0051430943
   -0.0012358277
    0.0034956858
    0.0059193159
    0.0044266011
   2.0207374e-07
   -0.0044329671
   -0.0059371206
   -0.0035117598
    0.0012428592
    0.0051815614
    0.0056947705
    0.0024374642
   -0.0024389317
   -0.0057075296
   -0.0052013169
   -0.0012498265
    0.0035353212
    0.0059864793
    0.0044768638
   2.0207374e-07
   -0.0044833814
   -0.0060046900
   -0.0035517552
    0.0012570277
    0.0052406678
    0.0057597786
    0.0024653082
   -0.0024668179
   -0.0057728339
   -0.0052608728
   -0.0012641462
    0.0035758658
    0.0060551844
    0.0045282810
   2.0207374e-07
   -0.0045349556
   -0.0060738151
   -0.0035926721
    0.0012715230
    0.0053011382
    0.0058262881
    0.0024937958
   -0.0024953491
   -0.0058396498
   -0.0053218084
   -0.0012787978
    0.0036173510
    0.0061254847
    0.0045808931
   2.0207374e-07
   -0.0045877301
   -0.0061445503
   -0.0036345429
    0.0012863565
    0.0053630204
    0.0058943514
    0.0025229494
   -0.0025245481
   -0.0059080305
   -0.0053841721
   -0.0012937931
    0.0036598101
    0.0061974366
    0.0046347422
   2.0207374e-07
   -0.0046417474
   -0.0062169524
   -0.0036774011
    0.0013015400
    0.0054263643
    0.0059640239
    0.0025527929
   -0.0025544383
   -0.0059780316
   -0.0054480149
   -0.0013091444
    0.0037032778
    0.0062710990
    0.0046898723
   2.0207374e-07
   -0.0046970518
   -0.0062910812
   -0.0037212822
    0.0013170863
    0.0054912225
    0.0060353631
    0.0025833508
   -0.0025850448
   -0.0060497114
   -0.0055133898
   -0.0013248643
    0.0037477903
    0.0063465335
    0.0047463298
   2.0207374e-07
   -0.0047536899
   -0.0063669990
   -0.0037662233
    0.0013330083
    0.0055576498
    0.0061084297
    0.0026146493
   -0.0026163936
   -0.0061231310
   -0.0055803529
   -0.0013409664
    0.0037933858
    0.0064238048
    0.0048041632
   2.0207374e-07
   -0.0048117106
   -0.0064447716
   -0.0038122631
    0.0013493200
    0.0056257039
    0.0061832872
    0.0026467155
   -0.0026485120
   -0.0061983545
   -0.0056489625
   -0.0013574648
    0.0038401044
    0.0065029810
    0.0048634234
   2.0207374e-07
   -0.0048711650
   -0.0065244676
   -0.0038594426
    0.0013660357
    0.0056954452
    0.0062600021
    0.0026795780
   -0.0026814287
   -0.0062754492
   -0.0057192803
   -0.0013743743
    0.0038879880
    0.0065841333
    0.0049241639
   2.0207374e-07
   -0.0049321070
   -0.0066061593
   -0.0039078045
    0.0013831708
    0.0057669375
    0.0063386446
    0.0027132670
   -0.0027151738
   -0.0063544859
   -0.0057913708
   -0.0013917104
    0.0039370809
    0.0066673366
    0.0049864408
   2.0207374e-07
   -0.0049945932
   -0.0066899227
   -0.0039573938
    0.0014007411
    0.0058402473
    0.0064192881
    0.0027478139
   -0.0027497791
   -0.0064355388
   -0.0058653019
   -0.0014094895
    0.0039874293
    0.0067526696
    0.0050503132
   2.0207374e-07
   -0.0050586830
   -0.0067758375
   -0.0040082580
    0.0014187634
    0.0059154449
    0.0065020101
    0.0027832519
   -0.0027852778
   -0.0065186861
   -0.0059411450
   -0.0014277288
    0.0040390820
    0.0068402153
    0.0051158432
   2.0207374e-07
   -0.0051244388
   -0.0068639878
   -0.0040604467
    0.0014372555
    0.0059926042
    0.0065868919
    0.0028196160
   -0.0028217049
   -0.0066040100
   -0.0060189753
   -0.0014464465
    0.0040920905
    0.0069300608
    0.0051830962
   2.0207374e-07
   -0.0051919266
   -0.0069544619
   -0.0041140125
    0.0014562360
    0.0060718029
    0.0066740193
    0.0028569430
   -0.0028590974
   -0.0066915972
   -0.0060988718
   -0.0014656614
    0.0041465088
    0.0070222979
    0.0052521409
   2.0207374e-07
   -0.0052612157
   -0.0070473529
   -0.0041690104
    0.0014757244
    0.0061531231
    0.0067634825
    0.0028952716
   -0.0028974942
   -0.0067815389
   -0.0061809181
   -0.0014853939
    0.0042023938
    0.0071170234
    0.0053230501
   2.0207374e-07
   -0.0053323792
   -0.0071427590
   -0.0042254989
    0.0014957414
    0.0062366510
    0.0068553768
    0.0029346427
   -0.0029369363
   -0.0068739313
   -0.0062652019
   -0.0015056650
    0.0042598058
    0.0072143395
    0.0053959002
   2.0207374e-07
   -0.0054054941
   -0.0072407838
   -0.0042835392
    0.0015163089
    0.0063224779
    0.0069498026
    0.0029750994
   -0.0029774670
   -0.0069688759
   -0.0063518162
   -0.0015264971
    0.0043188082
    0.0073143537
    0.0054707721
   2.0207374e-07
   -0.0054806419
   -0.0073415365
   -0.0043431962
    0.0015374498
    0.0064106999
    0.0070468661
    0.0030166872
   -0.0030191319
   -0.0070664801
   -0.0064408590
   -0.0015479139
    0.0043794679
    0.0074171800
    0.0055477510
   2.0207374e-07
   -0.0055579084
   -0.0074451327
   -0.0044045385
    0.0015591884
    0.0065014188
    0.0071466791
    0.0030594542
   -0.0030619793
   -0.0071668571
   -0.0065324337
   -0.0015699402
    0.0044418558
    0.0075229385
    0.0056269273
   2.0207374e-07
   -0.0056373848
   -0.0075516944
   -0.0044676384
    0.0015815505
    0.0065947420
    0.0072493604
    0.0031034514
   -0.0031060604
   -0.0072701269
   -0.0066266501
   -0.0015926025
    0.0045060468
    0.0076317567
    0.0057083963
   2.0207374e-07
   -0.0057191670
   -0.0076613508
   -0.0045325727
    0.0016045634
    0.0066907834
    0.0073550353
    0.0031487325
   -0.0031514291
   -0.0073764162
   -0.0067236240
   -0.0016159287
    0.0045721203
    0.0077437691
    0.0057922591
   2.0207374e-07
   -0.0058033569
   -0.0077742388
   -0.0045994224
    0.0016282557
    0.0067896635
    0.0074638367
    0.0031953547
   -0.0031981427
   -0.0074858595
   -0.0068234783
   -0.0016399485
    0.0046401602
    0.0078591185
    0.0058786227
   2.0207374e-07
   -0.0058900624
   -0.0078905032
   -0.0046682735
    0.0016526581
    0.0068915100
    0.0075759054
    0.0032433783
   -0.0032462620
   -0.0075985993
   -0.0069263432
   -0.0016646933
    0.0047102557
    0.0079779563
    0.0059676009
   2.0207374e-07
   -0.0059793981
   -0.0080102980
   -0.0047392175
    0.0016778030
    0.0069964584
    0.0076913908
    0.0032928675
   -0.0032958513
   -0.0077147868
   -0.0070323572
   -0.0016901962
    0.0047825014
    0.0081004431
    0.0060593140
   2.0207374e-07
   -0.0060714854
   -0.0081337863
   -0.0048123510
    0.0017037247
    0.0071046526
    0.0078104516
    0.0033438905
   -0.0033469791
   -0.0078345826
   -0.0071416668
   -0.0017164929
    0.0048569978
    0.0082267497
    0.0061538901
   2.0207374e-07
   -0.0061664534
   -0.0082611417
   -0.0048877772
    0.0017304599
    0.0072162456
    0.0079332564
    0.0033965196
   -0.0033997180
   -0.0079581574
   -0.0072544284
   -0.0017436209
    0.0049338516
    0.0083570576
    0.0062514655
   2.0207374e-07
   -0.0062644394
   -0.0083925488
   -0.0049656054
    0.0017580474
    0.0073314000
    0.0080599848
    0.0034508320
   -0.0034541455
   -0.0080856930
   -0.0073708080
   -0.0017716202
    0.0050131766
    0.0084915600
    0.0063521851
   2.0207374e-07
   -0.0063655897
   -0.0085282038
   -0.0050459524
    0.0017865287
    0.0074502892
    0.0081908277
    0.0035069097
   -0.0035103439
   -0.0082173828
   -0.0074909826
   -0.0018005335
    0.0050950939
    0.0086304626
    0.0064562034
   2.0207374e-07
   -0.0064700600
   -0.0086683164
   -0.0051289423
    0.0018159479
    0.0075730979
    0.0083259888
    0.0035648402
   -0.0035684011
   -0.0083534332
   -0.0076151408
   -0.0018304063
    0.0051797327
    0.0087739850
    0.0065636851
   2.0207374e-07
   -0.0065780166
   -0.0088131097
   -0.0052147078
    0.0018463521
    0.0077000230
    0.0084656856
    0.0036247168
   -0.0036284110
   -0.0084940645
   -0.0077434842
   -0.0018612872
    0.0052672310
    0.0089223617
    0.0066748062
   2.0207374e-07
   -0.0066896368
   -0.0089628224
   -0.0053033906
    0.0018777917
    0.0078312751
    0.0086101501
    0.0036866394
   -0.0036904736
   -0.0086395118
   -0.0078762279
   -0.0018932281
    0.0053577360
    0.0090758431
    0.0067897546
   2.0207374e-07
   -0.0068051104
   -0.0091177096
   -0.0053951419
    0.0019103204
    0.0079670793
    0.0087596308
    0.0037507145
   -0.0037546962
   -0.0087900271
   -0.0080136022
   -0.0019262845
    0.0054514056
    0.0092346972
    0.0069087315
   2.0207374e-07
   -0.0069246405
   -0.0092780441
   -0.0054901239
    0.0019439958
    0.0081076766
    0.0089143935
    0.0038170564
   -0.0038211935
   -0.0089458797
   -0.0081558537
   -0.0019605159
    0.0055484086
    0.0093992111
    0.0070319526
   2.0207374e-07
   -0.0070484446
   -0.0094441185
   -0.0055885103
    0.0019788796
    0.0082533253
    0.0090747232
    0.0038857876
   -0.0038900886
   -0.0091073588
   -0.0083032468
   -0.0019959861
    0.0056489262
    0.0095696930
    0.0071596491
   2.0207374e-07
   -0.0071767561
   -0.0096162466
   -0.0056904874
    0.0020150382
    0.0084043026
    0.0092409258
    0.0039570395
   -0.0039615134
   -0.0092747747
   -0.0084560655
   -0.0020327635
    0.0057531530
    0.0097464734
    0.0072920692
   2.0207374e-07
   -0.0073098258
   -0.0097947656
   -0.0057962555
    0.0020525426
    0.0085609064
    0.0094133299
    0.0040309533
   -0.0040356100
   -0.0094484607
   -0.0086146148
   -0.0020709218
    0.0058612980
    0.0099299081
    0.0074294800
   2.0207374e-07
   -0.0074479233
   -0.0099800382
   -0.0059060300
    0.0020914694
    0.0087234572
    0.0095922894
    0.0041076811
   -0.0041125311
   -0.0096287761
   -0.0087792233
   -0.0021105403
    0.0059735866
     0.010120380
    0.0075721691
   2.0207374e-07
   -0.0075913391
    -0.010172455
   -0.0060200429
    0.0021319011
    0.0088923003
    0.0097781853
    0.0041873868
   -0.0041924414
   -0.0098161076
   -0.0089502452
   -0.0021517043
    0.0060902614
     0.010318302
    0.0077204465
   2.0207374e-07
   -0.0077403863
    -0.010372437
   -0.0061385444
    0.0021739267
    0.0090678082
    0.0099714288
    0.0042702470
   -0.0042755185
    -0.010010873
   -0.0091280626
   -0.0021945062
    0.0062115846
     0.010524119
    0.0078746471
   2.0207374e-07
   -0.0078954034
    -0.010580440
   -0.0062618051
    0.0022176423
    0.0092503835
     0.010172464
    0.0043564528
   -0.0043619546
    -0.010213523
   -0.0093130889
   -0.0022390456
    0.0063378396
     0.010738315
    0.0080351331
   2.0207374e-07
   -0.0080567564
    -0.010796956
   -0.0063901174
    0.0022631520
    0.0094404620
     0.010381773
    0.0044462111
   -0.0044519575
    -0.010424548
   -0.0095057714
   -0.0022854306
    0.0064693335
     0.010961410
    0.0082022967
   2.0207374e-07
   -0.0082248418
    -0.011022519
   -0.0065237985
    0.0023105686
    0.0096385157
     0.010599876
    0.0045397460
   -0.0045457526
    -0.010644476
   -0.0097065954
   -0.0023337782
    0.0066063991
     0.011193973
    0.0083765636
   2.0207374e-07
   -0.0084000899
    -0.011257708
   -0.0066631924
    0.0023600144
    0.0098450575
     0.010827340
    0.0046373010
   -0.0046435848
    -0.010873885
   -0.0099160881
   -0.0023842158
    0.0067493983
     0.011436617
    0.0085583964
   2.0207374e-07
   -0.0085829685
    -0.011503151
   -0.0068086734
    0.0024116225
     0.010060645
     0.011064780
    0.0047391411
   -0.0047457205
    -0.011113399
    -0.010134823
   -0.0024368819
    0.0068987248
     0.011690014
    0.0087482986
   2.0207374e-07
   -0.0087739871
    -0.011759536
   -0.0069606490
    0.0024655380
     0.010285886
     0.011312868
    0.0048455548
   -0.0048524500
    -0.011363702
    -0.010363426
   -0.0024919275
    0.0070548083
     0.011954894
    0.0089468197
   2.0207374e-07
   -0.0089737016
    -0.012027610
   -0.0071195642
    0.0025219191
     0.010521442
     0.011572336
    0.0049568573
   -0.0049640904
    -0.011625540
    -0.010602579
   -0.0025495176
    0.0072181178
     0.012232055
    0.0091545601
   2.0207374e-07
   -0.0091827195
    -0.012308192
   -0.0072859054
    0.0025809390
     0.010768041
     0.011843986
    0.0050733935
   -0.0050809885
    -0.011899729
    -0.010853032
   -0.0026098327
    0.0073891671
     0.012522374
    0.0093721771
   2.0207374e-07
   -0.0094017065
    -0.012602176
   -0.0074602054
    0.0026427874
     0.011026477
     0.012128696
    0.0051955414
   -0.0052035248
    -0.012187163
    -0.011115603
   -0.0026730710
    0.0075685198
     0.012826808
    0.0096003924
   2.0207374e-07
   -0.0096313932
    -0.012910549
   -0.0076430496
    0.0027076724
     0.011297622
     0.012427430
    0.0053237163
   -0.0053321173
    -0.012488827
    -0.011391194
   -0.0027394503
    0.0077567955
     0.013146413
    0.0098399995
   2.0207374e-07
   -0.0098725834
    -0.013234392
   -0.0078350819
    0.0027758235
     0.011582438
     0.012741253
    0.0054583756
   -0.0054672263
    -0.012805804
    -0.011680798
   -0.0028092106
    0.0079546771
     0.013482353
     0.010091873
   2.0207374e-07
    -0.010126164
    -0.013574899
   -0.0080370128
    0.0028474936
     0.011881987
     0.013071335
    0.0056000242
   -0.0056093601
    -0.013139290
    -0.011985511
   -0.0028826169
    0.0081629190
     0.013835912
     0.010356980
   2.0207374e-07
    -0.010393113
    -0.013933390
   -0.0082496278
    0.0029229624
     0.012197441
     0.013418976
    0.0057492206
   -0.0057590810
    -0.013490610
    -0.012306549
   -0.0029599626
    0.0083823567
     0.014208513
     0.010636391
   2.0207374e-07
    -0.010674519
    -0.014311330
   -0.0084737981
    0.0030025403
     0.012530101
     0.013785613
    0.0059065847
   -0.0059170133
    -0.013861233
    -0.012645259
   -0.0030415738
    0.0086139181
     0.014601738
     0.010931297
   2.0207374e-07
    -0.010971587
    -0.014710344
   -0.0087104918
    0.0030865722
     0.012881415
     0.014172847
    0.0060728061
   -0.0060838516
    -0.014252795
    -0.013003141
   -0.0031278132
    0.0088586363
     0.015017348
     0.011243022
   2.0207374e-07
    -0.011285663
    -0.015132246
   -0.0089607886
    0.0031754427
     0.013252997
     0.014582465
    0.0062486542
   -0.0062603711
    -0.014667122
    -0.013381870
   -0.0032190860
    0.0091176655
     0.015457310
     0.011573048
   2.0207374e-07
    -0.011618251
    -0.015579064
   -0.0092258958
    0.0032695822
     0.013646653
     0.015016465
    0.0064349903
   -0.0064474394
    -0.015106259
    -0.013783323
   -0.0033158462
    0.0093922989
     0.015923829
     0.011923035
   2.0207374e-07
    -0.011971036
    -0.016053071
   -0.0095071681
    0.0033694737
     0.014064411
     0.015477091
    0.0066327815
   -0.0066460316
    -0.015572504
    -0.014209608
   -0.0034186039
    0.0096839903
     0.016419385
     0.012294851
   2.0207374e-07
    -0.012345916
    -0.016556828
   -0.0098061305
    0.0034756608
     0.014508554
     0.015966871
    0.0068431175
   -0.0068572461
    -0.016068445
    -0.014663103
   -0.0035279346
    0.0099943799
     0.016946775
     0.012690604
   2.0207374e-07
    -0.012745034
    -0.017093225
    -0.010124506
    0.0035887581
     0.014981662
     0.016488662
    0.0070672311
   -0.0070823258
    -0.016597014
    -0.015146499
   -0.0036444898
     0.010325325
     0.017509168
     0.013112682
   2.0207374e-07
    -0.013170819
    -0.017665542
    -0.010464249
    0.0037094629
     0.015486665
     0.017045709
    0.0073065216
   -0.0073226825
    -0.017161541
    -0.015662853
   -0.0037690100
     0.010678938
     0.018110170
     0.013563801
   2.0207374e-07
    -0.013626036
    -0.018277512
    -0.010827585
    0.0038385694
     0.016026901
     0.017641711
    0.0075625848
   -0.0075799261
    -0.017765823
    -0.016215656
   -0.0039023406
     0.011057629
     0.018753897
     0.014047067
   2.0207374e-07
    -0.014113847
    -0.018933403
    -0.011217061
    0.0039769865
     0.016606191
     0.018280901
    0.0078372482
   -0.0078559010
    -0.018414213
    -0.016808908
   -0.0040454510
     0.011464166
     0.019445074
     0.014566043
   2.0207374e-07
    -0.014637881
    -0.019638119
    -0.011635602
    0.0041257590
     0.017228926
     0.018968150
    0.0081326149
   -0.0081527304
    -0.019111723
    -0.017447217
   -0.0041994581
     0.011901735
     0.020189146
     0.015124837
   2.0207374e-07
    -0.015202329
    -0.020397324
    -0.012086588
    0.0042860941
     0.017900187
     0.019709091
    0.0084511174
   -0.0084728711
    -0.019864156
    -0.018135919
   -0.0043656558
     0.012374033
     0.020992429
     0.015728216
   2.0207374e-07
    -0.015812053
    -0.021217591
    -0.012573944
    0.0044593943
     0.018625875
     0.020510271
    0.0087955848
   -0.0088191813
    -0.020678263
    -0.018881227
   -0.0045455510
     0.012885363
     0.021862282
     0.016381738
   2.0207374e-07
    -0.016472730
    -0.022106595
    -0.013102254
    0.0046472985
     0.019412888
     0.021379348
    0.0091693270
   -0.0091950065
    -0.021561952
    -0.019690418
   -0.0047409100
     0.013440774
     0.022807338
     0.017091923
   2.0207374e-07
    -0.017191023
    -0.023073355
    -0.013676907
    0.0048517338
     0.020269343
     0.022325334
    0.0095762416
   -0.0096042880
    -0.022524542
    -0.020572074
   -0.0049538163
     0.014046222
     0.023837791
     0.017866475
   2.0207374e-07
    -0.017974814
    -0.024128538
    -0.014304281
    0.0050749822
     0.021204856
     0.023358911
     0.010020950
    -0.010051701
    -0.023577094
    -0.021536385
   -0.0051867451
     0.014708787
     0.024965763
     0.018714561
   2.0207374e-07
    -0.018833490
    -0.025284857
    -0.014991979
    0.0053197658
     0.022230902
     0.024492836
     0.010508974
    -0.010542836
    -0.024732836
    -0.022595547
   -0.0054426602
     0.015436953
     0.026205785
     0.019647173
   2.0207374e-07
    -0.019778321
    -0.026557583
    -0.015749141
    0.0055893585
     0.023361292
     0.025742467
     0.011046967
    -0.011084429
    -0.026007728
    -0.023764277
   -0.0057251410
     0.016240969
     0.027575427
     0.020677612
   2.0207374e-07
    -0.020822958
    -0.027965228
    -0.016586852
    0.0058877334
     0.024612795
     0.027126468
     0.011643017
    -0.011684679
    -0.027421195
    -0.025060505
   -0.0060385503
     0.017133339
     0.029096132
     0.021822122
   2.0207374e-07
    -0.021984097
    -0.029530445
    -0.017518689
    0.0062197596
     0.026005978
     0.028667741
     0.012307056
    -0.012353660
    -0.028997129
    -0.026506297
   -0.0063882618
     0.018129473
     0.030794351
     0.023100754
   2.0207374e-07
    -0.023282378
    -0.031281261
    -0.018561458
    0.0065914702
     0.027566343
     0.030394709
     0.013051424
    -0.013103893
    -0.030765251
    -0.028129126
   -0.0067809707
     0.019248587
     0.032703093
     0.024538552
   2.0207374e-07
    -0.024743624
    -0.033252767
    -0.019736224
    0.0070104321
     0.029325903
     0.032343084
     0.013891632
    -0.013951140
    -0.032762998
    -0.029963627
   -0.0072251261
     0.020514952
     0.034864091
     0.026167208
   2.0207374e-07
    -0.026400572
    -0.035489499
    -0.021069741
    0.0074862667
     0.031325404
     0.034558360
     0.014847466
    -0.014915517
    -0.035038211
    -0.032054106
   -0.0077315463
     0.021959678
     0.037330892
     0.028027426
   2.0207374e-07
    -0.028295360
    -0.038048836
    -0.022596522
    0.0080313976
     0.033617514
     0.037099411
     0.015944555
    -0.016023119
    -0.037653008
    -0.034458156
   -0.0083143113
     0.023623303
     0.040173347
     0.030172372
   2.0207374e-07
    -0.030483156
    -0.041005998
    -0.024361863
    0.0086621511
     0.036271536
     0.040043804
     0.017216713
    -0.017308410
    -0.040689545
    -0.037252052
   -0.0089920923
     0.025559652
     0.043484339
     0.032672834
   2.0207374e-07
    -0.033037622
    -0.044461558
    -0.026426414
    0.0094004195
     0.039380533
     0.043495850
     0.018709475
    -0.018817881
    -0.044258809
    -0.040538989
   -0.0097901895
     0.027841779
     0.047390120
     0.035625186
   2.0207374e-07
    -0.036059368
    -0.048553110
    -0.028873289
     0.010276253
     0.043072468
     0.047599226
     0.020485674
    -0.020615785
    -0.048514470
    -0.044462107
    -0.010743760
     0.030571381
     0.052066779
     0.039164098
   2.0207374e-07
    -0.039689519
    -0.053474032
    -0.031819526
     0.011332053
     0.047528251
     0.052557473
     0.022634501
    -0.022793529
    -0.053675591
    -0.049225894
    -0.011903137
     0.033894375
     0.057767523
     0.043483653
   2.0207374e-07
    -0.044132391
    -0.059504935
    -0.035435363
     0.012629639
     0.053012291
     0.058668799
     0.025286960
    -0.025485699
    -0.060065549
    -0.055132989
    -0.013343009
     0.038027855
     0.064870090
     0.048874172
   2.0207374e-07
    -0.049695314
    -0.067069119
    -0.039978337
     0.014262808
     0.059926951
     0.066388370
     0.028643612
    -0.028898987
    -0.068182524
    -0.062651110
    -0.015179176
     0.043309524
     0.073964031
     0.055790309
   2.0207374e-07
    -0.056862927
    -0.076836463
    -0.045857480
     0.016381076
     0.068916009
     0.076447205
     0.033027810
    -0.033367932
    -0.078836053
    -0.072543375
    -0.017601353
     0.050294958
     0.086023387
     0.064986492
   2.0207374e-07
    -0.066446589
    -0.089933584
    -0.053763914
     0.019238275
     0.081077675
     0.090098480
     0.038996658
    -0.039471855
    -0.093435334
    -0.086145239
    -0.020943345
     0.059967097
      0.10278119
     0.077812746
   2.0207374e-07
    -0.079915520
     -0.10841308
    -0.064964695
     0.023302741
     0.098451485
      0.10968509
     0.047598821
    -0.048308879
     -0.11467065
     -0.10602489
    -0.025851895
     0.074245016
      0.12764762
     0.096946995
   2.0207374e-07
     -0.10023306
     -0.13645094
    -0.082060625
     0.029544599
      0.12530192
      0.14015316
     0.061070133
    -0.062244186
     -0.14839733
     -0.13783232
    -0.033765680
     0.097446634
      0.16838622
      0.12856010
   2.0207374e-07
     -0.13440347
     -0.18405010
     -0.11136793
     0.040353671
      0.17229017
      0.19405819
     0.085176692
    -0.087478390
     -0.21022958
     -0.19690327
    -0.048662216
      0.14174063
      0.24731728
      0.19076654
   2.0207374e-07
     -0.20392257
     -0.28264836
     -0.17323891
     0.063634749
      0.27566434
      0.31534452
      0.14072659
     -0.14712287
     -0.36039361
     -0.34458065
    -0.087079599
      0.25985796
      0.46553842
      0.36961004
   2.0207374e-07
     -0.42241118
     -0.60878106
     -0.38978735
      0.15040968
      0.68916100
      0.84091863
      0.40458859
     -0.46238657
      -1.2613778
      -1.3783223
     -0.41362735
       1.5591486
       3.9570768
       5.9137586
       6.6666667
       5.9137586
       3.9570768
       1.5591486
     -0.41362735
      -1.3783223
      -1.2613778
     -0.46238657
      0.40458859
      0.84091863
      0.68916100
      0.15040968
     -0.38978735
     -0.60878106
     -0.42241118
   2.0207374e-07
      0.36961004
      0.46553842
      0.25985796
    -0.087079599
     -0.34458065
     -0.36039361
     -0.14712287
      0.14072659
      0.31534452
      0.27566434
     0.063634749
     -0.17323891
     -0.28264836
     -0.20392257
   2.0207374e-07
      0.19076654
      0.24731728
      0.14174063
    -0.048662216
     -0.19690327
     -0.21022958
    -0.087478390
     0.085176692
      0.19405819
      0.17229017
     0.040353671
     -0.11136793
     -0.18405010
     -0.13440347
   2.0207374e-07
      0.12856010
      0.16838622
     0.097446634
    -0.033765680
     -0.13783232
     -0.14839733
    -0.062244186
     0.061070133
      0.14015316
      0.12530192
     0.029544599
    -0.082060625
     -0.13645094
     -0.10023306
   2.0207374e-07
     0.096946995
      0.12764762
     0.074245016
    -0.025851895
     -0.10602489
     -0.11467065
    -0.048308879
     0.047598821
      0.10968509
     0.098451485
     0.023302741
    -0.064964695
     -0.10841308
    -0.079915520
   2.0207374e-07
     0.077812746
      0.10278119
     0.059967097
    -0.020943345
    -0.086145239
    -0.093435334
    -0.039471855
     0.038996658
     0.090098480
     0.081077675
     0.019238275
    -0.053763914
    -0.089933584
    -0.066446589
   2.0207374e-07
     0.064986492
     0.086023387
     0.050294958
    -0.017601353
    -0.072543375
    -0.078836053
    -0.033367932
     0.033027810
     0.076447205
     0.068916009
     0.016381076
    -0.045857480
    -0.076836463
    -0.056862927
   2.0207374e-07
     0.055790309
     0.073964031
     0.043309524
    -0.015179176
    -0.062651110
    -0.068182524
    -0.028898987
     0.028643612
     0.066388370
     0.059926951
     0.014262808
    -0.039978337
    -0.067069119
    -0.049695314
   2.0207374e-07
     0.048874172
     0.064870090
     0.038027855
    -0.013343009
    -0.055132989
    -0.060065549
    -0.025485699
     0.025286960
     0.058668799
     0.053012291
     0.012629639
    -0.035435363
    -0.059504935
    -0.044132391
   2.0207374e-07
     0.043483653
     0.057767523
     0.033894375
    -0.011903137
    -0.049225894
    -0.053675591
    -0.022793529
     0.022634501
     0.052557473
     0.047528251
     0.011332053
    -0.031819526
    -0.053474032
    -0.039689519
   2.0207374e-07
     0.039164098
     0.052066779
     0.030571381
    -0.010743760
    -0.044462107
    -0.048514470
    -0.020615785
     0.020485674
     0.047599226
     0.043072468
     0.010276253
    -0.028873289
    -0.048553110
    -0.036059368
   2.0207374e-07
     0.035625186
     0.047390120
     0.027841779
   -0.0097901895
    -0.040538989
    -0.044258809
    -0.018817881
     0.018709475
     0.043495850
     0.039380533
    0.0094004195
    -0.026426414
    -0.044461558
    -0.033037622
   2.0207374e-07
     0.032672834
     0.043484339
     0.025559652
   -0.0089920923
    -0.037252052
    -0.040689545
    -0.017308410
     0.017216713
     0.040043804
     0.036271536
    0.0086621511
    -0.024361863
    -0.041005998
    -0.030483156
   2.0207374e-07
     0.030172372
     0.040173347
     0.023623303
   -0.0083143113
    -0.034458156
    -0.037653008
    -0.016023119
     0.015944555
     0.037099411
     0.033617514
    0.0080313976
    -0.022596522
    -0.038048836
    -0.028295360
   2.0207374e-07
     0.028027426
     0.037330892
     0.021959678
   -0.0077315463
    -0.032054106
    -0.035038211
    -0.014915517
     0.014847466
     0.034558360
     0.031325404
    0.0074862667
    -0.021069741
    -0.035489499
    -0.026400572
   2.0207374e-07
     0.026167208
     0.034864091
     0.020514952
   -0.0072251261
    -0.029963627
    -0.032762998
    -0.013951140
     0.013891632
     0.032343084
     0.029325903
    0.0070104321
    -0.019736224
    -0.033252767
    -0.024743624
   2.0207374e-07
     0.024538552
     0.032703093
     0.019248587
   -0.0067809707
    -0.028129126
    -0.030765251
    -0.013103893
     0.013051424
     0.030394709
     0.027566343
    0.0065914702
    -0.018561458
    -0.031281261
    -0.023282378
   2.0207374e-07
     0.023100754
     0.030794351
     0.018129473
   -0.0063882618
    -0.026506297
    -0.028997129
    -0.012353660
     0.012307056
     0.028667741
     0.026005978
    0.0062197596
    -0.017518689
    -0.029530445
    -0.021984097
   2.0207374e-07
     0.021822122
     0.029096132
     0.017133339
   -0.0060385503
    -0.025060505
    -0.027421195
    -0.011684679
     0.011643017
     0.027126468
     0.024612795
    0.0058877334
    -0.016586852
    -0.027965228
    -0.020822958
   2.0207374e-07
     0.020677612
     0.027575427
     0.016240969
   -0.0057251410
    -0.023764277
    -0.026007728
    -0.011084429
     0.011046967
     0.025742467
     0.023361292
    0.0055893585
    -0.015749141
    -0.026557583
    -0.019778321
   2.0207374e-07
     0.019647173
     0.026205785
     0.015436953
   -0.0054426602
    -0.022595547
    -0.024732836
    -0.010542836
     0.010508974
     0.024492836
     0.022230902
    0.0053197658
    -0.014991979
    -0.025284857
    -0.018833490
   2.0207374e-07
     0.018714561
     0.024965763
     0.014708787
   -0.0051867451
    -0.021536385
    -0.023577094
    -0.010051701
     0.010020950
     0.023358911
     0.021204856
    0.0050749822
    -0.014304281
    -0.024128538
    -0.017974814
   2.0207374e-07
     0.017866475
     0.023837791
     0.014046222
   -0.0049538163
    -0.020572074
    -0.022524542
   -0.0096042880
    0.0095762416
     0.022325334
     0.020269343
    0.0048517338
    -0.013676907
    -0.023073355
    -0.017191023
   2.0207374e-07
     0.017091923
     0.022807338
     0.013440774
   -0.0047409100
    -0.019690418
    -0.021561952
   -0.0091950065
    0.0091693270
     0.021379348
     0.019412888
    0.0046472985
    -0.013102254
    -0.022106595
    -0.016472730
   2.0207374e-07
     0.016381738
     0.021862282
     0.012885363
   -0.0045455510
    -0.018881227
    -0.020678263
   -0.0088191813
    0.0087955848
     0.020510271
     0.018625875
    0.0044593943
    -0.012573944
    -0.021217591
    -0.015812053
   2.0207374e-07
     0.015728216
     0.020992429
     0.012374033
   -0.0043656558
    -0.018135919
    -0.019864156
   -0.0084728711
    0.0084511174
     0.019709091
     0.017900187
    0.0042860941
    -0.012086588
    -0.020397324
    -0.015202329
   2.0207374e-07
     0.015124837
     0.020189146
     0.011901735
   -0.0041994581
    -0.017447217
    -0.019111723
   -0.0081527304
    0.0081326149
     0.018968150
     0.017228926
    0.0041257590
    -0.011635602
    -0.019638119
    -0.014637881
   2.0207374e-07
     0.014566043
     0.019445074
     0.011464166
   -0.0040454510
    -0.016808908
    -0.018414213
   -0.0078559010
    0.0078372482
     0.018280901
     0.016606191
    0.0039769865
    -0.011217061
    -0.018933403
    -0.014113847
   2.0207374e-07
     0.014047067
     0.018753897
     0.011057629
   -0.0039023406
    -0.016215656
    -0.017765823
   -0.0075799261
    0.0075625848
     0.017641711
     0.016026901
    0.0038385694
    -0.010827585
    -0.018277512
    -0.013626036
   2.0207374e-07
     0.013563801
     0.018110170
     0.010678938
   -0.0037690100
    -0.015662853
    -0.017161541
   -0.0073226825
    0.0073065216
     0.017045709
     0.015486665
    0.0037094629
    -0.010464249
    -0.017665542
    -0.013170819
   2.0207374e-07
     0.013112682
     0.017509168
     0.010325325
   -0.0036444898
    -0.015146499
    -0.016597014
   -0.0070823258
    0.0070672311
     0.016488662
     0.014981662
    0.0035887581
    -0.010124506
    -0.017093225
    -0.012745034
   2.0207374e-07
     0.012690604
     0.016946775
    0.0099943799
   -0.0035279346
    -0.014663103
    -0.016068445
   -0.0068572461
    0.0068431175
     0.015966871
     0.014508554
    0.0034756608
   -0.0098061305
    -0.016556828
    -0.012345916
   2.0207374e-07
     0.012294851
     0.016419385
    0.0096839903
   -0.0034186039
    -0.014209608
    -0.015572504
   -0.0066460316
    0.0066327815
     0.015477091
     0.014064411
    0.0033694737
   -0.0095071681
    -0.016053071
    -0.011971036
   2.0207374e-07
     0.011923035
     0.015923829
    0.0093922989
   -0.0033158462
    -0.013783323
    -0.015106259
   -0.0064474394
    0.0064349903
     0.015016465
     0.013646653
    0.0032695822
   -0.0092258958
    -0.015579064
    -0.011618251
   2.0207374e-07
     0.011573048
     0.015457310
    0.0091176655
   -0.0032190860
    -0.013381870
    -0.014667122
   -0.0062603711
    0.0062486542
     0.014582465
     0.013252997
    0.0031754427
   -0.0089607886
    -0.015132246
    -0.011285663
   2.0207374e-07
     0.011243022
     0.015017348
    0.0088586363
   -0.0031278132
    -0.013003141
    -0.014252795
   -0.0060838516
    0.0060728061
     0.014172847
     0.012881415
    0.0030865722
   -0.0087104918
    -0.014710344
    -0.010971587
   2.0207374e-07
     0.010931297
     0.014601738
    0.0086139181
   -0.0030415738
    -0.012645259
    -0.013861233
   -0.0059170133
    0.0059065847
     0.013785613
     0.012530101
    0.0030025403
   -0.0084737981
    -0.014311330
    -0.010674519
   2.0207374e-07
     0.010636391
     0.014208513
    0.0083823567
   -0.0029599626
    -0.012306549
    -0.013490610
   -0.0057590810
    0.0057492206
     0.013418976
     0.012197441
    0.0029229624
   -0.0082496278
    -0.013933390
    -0.010393113
   2.0207374e-07
     0.010356980
     0.013835912
    0.0081629190
   -0.0028826169
    -0.011985511
    -0.013139290
   -0.0056093601
    0.0056000242
     0.013071335
     0.011881987
    0.0028474936
   -0.0080370128
    -0.013574899
    -0.010126164
   2.0207374e-07
     0.010091873
     0.013482353
    0.0079546771
   -0.0028092106
    -0.011680798
    -0.012805804
   -0.0054672263
    0.0054583756
     0.012741253
     0.011582438
    0.0027758235
   -0.0078350819
    -0.013234392
   -0.0098725834
   2.0207374e-07
    0.0098399995
     0.013146413
    0.0077567955
   -0.0027394503
    -0.011391194
    -0.012488827
   -0.0053321173
    0.0053237163
     0.012427430
     0.011297622
    0.0027076724
   -0.0076430496
    -0.012910549
   -0.0096313932
   2.0207374e-07
    0.0096003924
     0.012826808
    0.0075685198
   -0.0026730710
    -0.011115603
    -0.012187163
   -0.0052035248
    0.0051955414
     0.012128696
     0.011026477
    0.0026427874
   -0.0074602054
    -0.012602176
   -0.0094017065
   2.0207374e-07
    0.0093721771
     0.012522374
    0.0073891671
   -0.0026098327
    -0.010853032
    -0.011899729
   -0.0050809885
    0.0050733935
     0.011843986
     0.010768041
    0.0025809390
   -0.0072859054
    -0.012308192
   -0.0091827195
   2.0207374e-07
    0.0091545601
     0.012232055
    0.0072181178
   -0.0025495176
    -0.010602579
    -0.011625540
   -0.0049640904
    0.0049568573
     0.011572336
     0.010521442
    0.0025219191
   -0.0071195642
    -0.012027610
   -0.0089737016
   2.0207374e-07
    0.0089468197
     0.011954894
    0.0070548083
   -0.0024919275
    -0.010363426
    -0.011363702
   -0.0048524500
    0.0048455548
     0.011312868
     0.010285886
    0.0024655380
   -0.0069606490
    -0.011759536
   -0.0087739871
   2.0207374e-07
    0.0087482986
     0.011690014
    0.0068987248
   -0.0024368819
    -0.010134823
    -0.011113399
   -0.0047457205
    0.0047391411
     0.011064780
     0.010060645
    0.0024116225
   -0.0068086734
    -0.011503151
   -0.0085829685
   2.0207374e-07
    0.0085583964
     0.011436617
    0.0067493983
   -0.0023842158
   -0.0099160881
    -0.010873885
   -0.0046435848
    0.0046373010
     0.010827340
    0.0098450575
    0.0023600144
   -0.0066631924
    -0.011257708
   -0.0084000899
   2.0207374e-07
    0.0083765636
     0.011193973
    0.0066063991
   -0.0023337782
   -0.0097065954
    -0.010644476
   -0.0045457526
    0.0045397460
     0.010599876
    0.0096385157
    0.0023105686
   -0.0065237985
    -0.011022519
   -0.0082248418
   2.0207374e-07
    0.0082022967
     0.010961410
    0.0064693335
   -0.0022854306
   -0.0095057714
    -0.010424548
   -0.0044519575
    0.0044462111
     0.010381773
    0.0094404620
    0.0022631520
   -0.0063901174
    -0.010796956
   -0.0080567564
   2.0207374e-07
    0.0080351331
     0.010738315
    0.0063378396
   -0.0022390456
   -0.0093130889
    -0.010213523
   -0.0043619546
    0.0043564528
     0.010172464
    0.0092503835
    0.0022176423
   -0.0062618051
    -0.010580440
   -0.0078954034
   2.0207374e-07
    0.0078746471
     0.010524119
    0.0062115846
   -0.0021945062
   -0.0091280626
    -0.010010873
   -0.0042755185
    0.0042702470
    0.0099714288
    0.0090678082
    0.0021739267
   -0.0061385444
    -0.010372437
   -0.0077403863
   2.0207374e-07
    0.0077204465
     0.010318302
    0.0060902614
   -0.0021517043
   -0.0089502452
   -0.0098161076
   -0.0041924414
    0.0041873868
    0.0097781853
    0.0088923003
    0.0021319011
   -0.0060200429
    -0.010172455
   -0.0075913391
   2.0207374e-07
    0.0075721691
     0.010120380
    0.0059735866
   -0.0021105403
   -0.0087792233
   -0.0096287761
   -0.0041125311
    0.0041076811
    0.0095922894
    0.0087234572
    0.0020914694
   -0.0059060300
   -0.0099800382
   -0.0074479233
   2.0207374e-07
    0.0074294800
    0.0099299081
    0.0058612980
   -0.0020709218
   -0.0086146148
   -0.0094484607
   -0.0040356100
    0.0040309533
    0.0094133299
    0.0085609064
    0.0020525426
   -0.0057962555
   -0.0097947656
   -0.0073098258
   2.0207374e-07
    0.0072920692
    0.0097464734
    0.0057531530
   -0.0020327635
   -0.0084560655
   -0.0092747747
   -0.0039615134
    0.0039570395
    0.0092409258
    0.0084043026
    0.0020150382
   -0.0056904874
   -0.0096162466
   -0.0071767561
   2.0207374e-07
    0.0071596491
    0.0095696930
    0.0056489262
   -0.0019959861
   -0.0083032468
   -0.0091073588
   -0.0038900886
    0.0038857876
    0.0090747232
    0.0082533253
    0.0019788796
   -0.0055885103
   -0.0094441185
   -0.0070484446
   2.0207374e-07
    0.0070319526
    0.0093992111
    0.0055484086
   -0.0019605159
   -0.0081558537
   -0.0089458797
   -0.0038211935
    0.0038170564
    0.0089143935
    0.0081076766
    0.0019439958
   -0.0054901239
   -0.0092780441
   -0.0069246405
   2.0207374e-07
    0.0069087315
    0.0092346972
    0.0054514056
   -0.0019262845
   -0.0080136022
   -0.0087900271
   -0.0037546962
    0.0037507145
    0.0087596308
    0.0079670793
    0.0019103204
   -0.0053951419
   -0.0091177096
   -0.0068051104
   2.0207374e-07
    0.0067897546
    0.0090758431
    0.0053577360
   -0.0018932281
   -0.0078762279
   -0.0086395118
   -0.0036904736
    0.0036866394
    0.0086101501
    0.0078312751
    0.0018777917
   -0.0053033906
   -0.0089628224
   -0.0066896368
   2.0207374e-07
    0.0066748062
    0.0089223617
    0.0052672310
   -0.0018612872
   -0.0077434842
   -0.0084940645
   -0.0036284110
    0.0036247168
    0.0084656856
    0.0077000230
    0.0018463521
   -0.0052147078
   -0.0088131097
   -0.0065780166
   2.0207374e-07
    0.0065636851
    0.0087739850
    0.0051797327
   -0.0018304063
   -0.0076151408
   -0.0083534332
   -0.0035684011
    0.0035648402
    0.0083259888
    0.0075730979
    0.0018159479
   -0.0051289423
   -0.0086683164
   -0.0064700600
   2.0207374e-07
    0.0064562034
    0.0086304626
    0.0050950939
   -0.0018005335
   -0.0074909826
   -0.0082173828
   -0.0035103439
    0.0035069097
    0.0081908277
    0.0074502892
    0.0017865287
   -0.0050459524
   -0.0085282038
   -0.0063655897
   2.0207374e-07
    0.0063521851
    0.0084915600
    0.0050131766
   -0.0017716202
   -0.0073708080
   -0.0080856930
   -0.0034541455
    0.0034508320
    0.0080599848
    0.0073314000
    0.0017580474
   -0.0049656054
   -0.0083925488
   -0.0062644394
   2.0207374e-07
    0.0062514655
    0.0083570576
    0.0049338516
   -0.0017436209
   -0.0072544284
   -0.0079581574
   -0.0033997180
    0.0033965196
    0.0079332564
    0.0072162456
    0.0017304599
   -0.0048877772
   -0.0082611417
   -0.0061664534
   2.0207374e-07
    0.0061538901
    0.0082267497
    0.0048569978
   -0.0017164929
   -0.0071416668
   -0.0078345826
   -0.0033469791
    0.0033438905
    0.0078104516
    0.0071046526
    0.0017037247
   -0.0048123510
   -0.0081337863
   -0.0060714854
   2.0207374e-07
    0.0060593140
    0.0081004431
    0.0047825014
   -0.0016901962
   -0.0070323572
   -0.0077147868
   -0.0032958513
    0.0032928675
    0.0076913908
    0.0069964584
    0.0016778030
   -0.0047392175
   -0.0080102980
   -0.0059793981
   2.0207374e-07
    0.0059676009
    0.0079779563
    0.0047102557
   -0.0016646933
   -0.0069263432
   -0.0075985993
   -0.0032462620
    0.0032433783
    0.0075759054
    0.0068915100
    0.0016526581
   -0.0046682735
   -0.0078905032
   -0.0058900624
   2.0207374e-07
    0.0058786227
    0.0078591185
    0.0046401602
   -0.0016399485
   -0.0068234783
   -0.0074858595
   -0.0031981427
    0.0031953547
    0.0074638367
    0.0067896635
    0.0016282557
   -0.0045994224
   -0.0077742388
   -0.0058033569
   2.0207374e-07
    0.0057922591
    0.0077437691
    0.0045721203
   -0.0016159287
   -0.0067236240
   -0.0073764162
   -0.0031514291
    0.0031487325
    0.0073550353
    0.0066907834
    0.0016045634
   -0.0045325727
   -0.0076613508
   -0.0057191670
   2.0207374e-07
    0.0057083963
    0.0076317567
    0.0045060468
   -0.0015926025
   -0.0066266501
   -0.0072701269
   -0.0031060604
    0.0031034514
    0.0072493604
    0.0065947420
    0.0015815505
   -0.0044676384
   -0.0075516944
   -0.0056373848
   2.0207374e-07
    0.0056269273
    0.0075229385
    0.0044418558
   -0.0015699402
   -0.0065324337
   -0.0071668571
   -0.0030619793
    0.0030594542
    0.0071466791
    0.0065014188
    0.0015591884
   -0.0044045385
   -0.0074451327
   -0.0055579084
   2.0207374e-07
    0.0055477510
    0.0074171800
    0.0043794679
   -0.0015479139
   -0.0064408590
   -0.0070664801
   -0.0030191319
    0.0030166872
    0.0070468661
    0.0064106999
    0.0015374498
   -0.0043431962
   -0.0073415365
   -0.0054806419
   2.0207374e-07
    0.0054707721
    0.0073143537
    0.0043188082
   -0.0015264971
   -0.0063518162
   -0.0069688759
   -0.0029774670
    0.0029750994
    0.0069498026
    0.0063224779
    0.0015163089
   -0.0042835392
   -0.0072407838
   -0.0054054941
   2.0207374e-07
    0.0053959002
    0.0072143395
    0.0042598058
   -0.0015056650
   -0.0062652019
   -0.0068739313
   -0.0029369363
    0.0029346427
    0.0068553768
    0.0062366510
    0.0014957414
   -0.0042254989
   -0.0071427590
   -0.0053323792
   2.0207374e-07
    0.0053230501
    0.0071170234
    0.0042023938
   -0.0014853939
   -0.0061809181
   -0.0067815389
   -0.0028974942
    0.0028952716
    0.0067634825
    0.0061531231
    0.0014757244
   -0.0041690104
   -0.0070473529
   -0.0052612157
   2.0207374e-07
    0.0052521409
    0.0070222979
    0.0041465088
   -0.0014656614
   -0.0060988718
   -0.0066915972
   -0.0028590974
    0.0028569430
    0.0066740193
    0.0060718029
    0.0014562360
   -0.0041140125
   -0.0069544619
   -0.0051919266
   2.0207374e-07
    0.0051830962
    0.0069300608
    0.0040920905
   -0.0014464465
   -0.0060189753
   -0.0066040100
   -0.0028217049
    0.0028196160
    0.0065868919
    0.0059926042
    0.0014372555
   -0.0040604467
   -0.0068639878
   -0.0051244388
   2.0207374e-07
    0.0051158432
    0.0068402153
    0.0040390820
   -0.0014277288
   -0.0059411450
   -0.0065186861
   -0.0027852778
    0.0027832519
    0.0065020101
    0.0059154449
    0.0014187634
   -0.0040082580
   -0.0067758375
   -0.0050586830
   2.0207374e-07
    0.0050503132
    0.0067526696
    0.0039874293
   -0.0014094895
   -0.0058653019
   -0.0064355388
   -0.0027497791
    0.0027478139
    0.0064192881
    0.0058402473
    0.0014007411
   -0.0039573938
   -0.0066899227
   -0.0049945932
   2.0207374e-07
    0.0049864408
    0.0066673366
    0.0039370809
   -0.0013917104
   -0.0057913708
   -0.0063544859
   -0.0027151738
    0.0027132670
    0.0063386446
    0.0057669375
    0.0013831708
   -0.0039078045
   -0.0066061593
   -0.0049321070
   2.0207374e-07
    0.0049241639
    0.0065841333
    0.0038879880
   -0.0013743743
   -0.0057192803
   -0.0062754492
   -0.0026814287
    0.0026795780
    0.0062600021
    0.0056954452
    0.0013660357
   -0.0038594426
   -0.0065244676
   -0.0048711650
   2.0207374e-07
    0.0048634234
    0.0065029810
    0.0038401044
   -0.0013574648
   -0.0056489625
   -0.0061983545
   -0.0026485120
    0.0026467155
    0.0061832872
    0.0056257039
    0.0013493200
   -0.0038122631
   -0.0064447716
   -0.0048117106
   2.0207374e-07
    0.0048041632
    0.0064238048
    0.0037933858
   -0.0013409664
   -0.0055803529
   -0.0061231310
   -0.0026163936
    0.0026146493
    0.0061084297
    0.0055576498
    0.0013330083
   -0.0037662233
   -0.0063669990
   -0.0047536899
   2.0207374e-07
    0.0047463298
    0.0063465335
    0.0037477903
   -0.0013248643
   -0.0055133898
   -0.0060497114
   -0.0025850448
    0.0025833508
    0.0060353631
    0.0054912225
    0.0013170863
   -0.0037212822
   -0.0062910812
   -0.0046970518
   2.0207374e-07
    0.0046898723
    0.0062710990
    0.0037032778
   -0.0013091444
   -0.0054480149
   -0.0059780316
   -0.0025544383
    0.0025527929
    0.0059640239
    0.0054263643
    0.0013015400
   -0.0036774011
   -0.0062169524
   -0.0046417474
   2.0207374e-07
    0.0046347422
    0.0061974366
    0.0036598101
   -0.0012937931
   -0.0053841721
   -0.0059080305
   -0.0025245481
    0.0025229494
    0.0058943514
    0.0053630204
    0.0012863565
   -0.0036345429
   -0.0061445503
   -0.0045877301
   2.0207374e-07
    0.0045808931
    0.0061254847
    0.0036173510
   -0.0012787978
   -0.0053218084
   -0.0058396498
   -0.0024953491
    0.0024937958
    0.0058262881
    0.0053011382
    0.0012715230
   -0.0035926721
   -0.0060738151
   -0.0045349556
   2.0207374e-07
    0.0045282810
    0.0060551844
    0.0035758658
   -0.0012641462
   -0.0052608728
   -0.0057728339
   -0.0024668179
    0.0024653082
    0.0057597786
    0.0052406678
    0.0012570277
   -0.0035517552
   -0.0060046900
   -0.0044833814
   2.0207374e-07
    0.0044768638
    0.0059864793
    0.0035353212
   -0.0012498265
   -0.0052013169
   -0.0057075296
   -0.0024389317
    0.0024374642
    0.0056947705
    0.0051815614
    0.0012428592
   -0.0035117598
   -0.0059371206
   -0.0044329671
   2.0207374e-07
    0.0044266011
    0.0059193159
    0.0034956858
   -0.0012358277
   -0.0051430943
   -0.0056436863
   -0.0024116688
    0.0024102421
    0.0056312135
    0.0051237733
    0.0012290064
   -0.0034726552
   -0.0058710549
   -0.0043836739
   2.0207374e-07
    0.0043774546
    0.0058536428
    0.0034569291
   -0.0012221390
   -0.0050861608
   -0.0055812555
   -0.0023850087
    0.0023836215
    0.0055690596
    0.0050672600
    0.0012154589
   -0.0034344119
   -0.0058064434
   -0.0043354648
   2.0207374e-07
    0.0043293874
    0.0057894109
    0.0034190224
   -0.0012087503
   -0.0050304740
   -0.0055201907
   -0.0023589315
    0.0023575825
    0.0055082626
    0.0050119797
    0.0012022069
   -0.0033970017
   -0.0057432385
   -0.0042883046
   2.0207374e-07
    0.0042823644
    0.0057265733
    0.0033819380
   -0.0011956519
   -0.0049759935
   -0.0054604477
   -0.0023334183
    0.0023321063
    0.0054487788
    0.0049578925
    0.0011892406
   -0.0033603979
   -0.0056813948
   -0.0042421592
   2.0207374e-07
    0.0042363519
    0.0056650852
    0.0033456493
   -0.0011828343
   -0.0049226803
   -0.0054019840
   -0.0023084511
    0.0023071748
    0.0053905661
    0.0049049602
    0.0011765510
   -0.0033245745
   -0.0056208688
   -0.0041969964
   2.0207374e-07
    0.0041913177
    0.0056049035
    0.0033101311
   -0.0011702886
   -0.0048704975
   -0.0053447589
   -0.0022840125
    0.0022827708
    0.0053335840
    0.0048531461
    0.0011641293
   -0.0032895069
   -0.0055616188
   -0.0041527850
   2.0207374e-07
    0.0041472309
    0.0055459870
    0.0032753591
   -0.0011580063
   -0.0048194094
   -0.0052887336
   -0.0022600858
    0.0022588777
    0.0052777940
    0.0048024153
    0.0011519671
   -0.0032551713
   -0.0055036050
   -0.0041094954
   2.0207374e-07
    0.0041040620
    0.0054882962
    0.0032413100
   -0.0011459792
   -0.0047693820
   -0.0052338705
   -0.0022366553
    0.0022354797
    0.0052231591
    0.0047527341
    0.0011400564
   -0.0032215452
   -0.0054467889
   -0.0040670989
   2.0207374e-07
    0.0040617825
    0.0054317933
    0.0032079615
   -0.0011341995
   -0.0047203825
   -0.0051801340
   -0.0022137055
    0.0022125614
    0.0051696438
    0.0047040703
    0.0011283894
   -0.0031886068
   -0.0053911339
   -0.0040255683
   2.0207374e-07
    0.0040203653
    0.0053764419
    0.0031752922
   -0.0011226594
   -0.0046723797
   -0.0051274898
   -0.0021912218
    0.0021901083
    0.0051172139
    0.0046563929
    0.0011169587
   -0.0031563351
   -0.0053366048
   -0.0039848772
   2.0207374e-07
    0.0039797842
    0.0053222072
    0.0031432816
   -0.0011113519
   -0.0046253433
   -0.0050759047
   -0.0021691902
    0.0021681064
    0.0050658369
    0.0046096722
    0.0011057573
   -0.0031247101
   -0.0052831677
   -0.0039450005
   2.0207374e-07
