    1  7720.00000    4.9543864E-05    2.8989305E-03    3.0383262E-01    0.0000000E+00
    2  7720.10000    3.3874977E-05    2.8990812E-03    3.0383380E-01    0.0000000E+00
    3  7720.20000    2.4696982E-05    2.8992319E-03    3.0383499E-01    0.0000000E+00
    4  7720.30000    1.8820341E-05    2.8993827E-03    3.0383617E-01    0.0000000E+00
    5  7720.40000    1.4820262E-05    2.8995334E-03    3.0383735E-01    0.0000000E+00
    6  7720.50000    1.1976074E-05    2.8996842E-03    3.0383854E-01    0.0000000E+00
    7  7720.60000    9.8816774E-06    2.8998350E-03    3.0383972E-01    0.0000000E+00
    8  7720.70000    8.2950023E-06    2.8999858E-03    3.0384090E-01    0.0000000E+00
    9  7720.80000    7.0641318E-06    2.9001365E-03    3.0384209E-01    0.0000000E+00
   10  7720.90000    6.0912263E-06    2.9002873E-03    3.0384327E-01    0.0000000E+00
   11  7721.00000    5.3088105E-06    2.9004381E-03    3.0384445E-01    0.0000000E+00
   12  7721.10000    4.6713541E-06    2.9005889E-03    3.0384563E-01    0.0000000E+00
   13  7721.20000    4.1441965E-06    2.9007397E-03    3.0384682E-01    0.0000000E+00
   14  7721.30000    3.7041208E-06    2.9008905E-03    3.0384800E-01    0.0000000E+00
   15  7721.40000    3.3333245E-06    2.9010413E-03    3.0384918E-01    0.0000000E+00
   16  7721.50000    3.0184022E-06    2.9011921E-03    3.0385037E-01    0.0000000E+00
   17  7721.60000    2.7491201E-06    2.9013430E-03    3.0385155E-01    0.0000000E+00
   18  7721.70000    2.5175768E-06    2.9014938E-03    3.0385273E-01    0.0000000E+00
   19  7721.80000    2.3176178E-06    2.9016446E-03    3.0385391E-01    0.0000000E+00
   20  7721.90000    2.1444226E-06    2.9017955E-03    3.0385510E-01    0.0000000E+00
   21  7722.00000    1.9942128E-06    2.9019463E-03    3.0385628E-01    0.0000000E+00
   22  7722.10000    1.8634880E-06    2.9020972E-03    3.0385746E-01    0.0000000E+00
   23  7722.20000    1.7511343E-06    2.9022481E-03    3.0385865E-01    0.0000000E+00
   24  7722.30000    1.6549287E-06    2.9023989E-03    3.0385983E-01    0.0000000E+00
   25  7722.40000    1.5737959E-06    2.9025498E-03    3.0386101E-01    0.0000000E+00
   26  7722.50000    1.5072433E-06    2.9027007E-03    3.0386219E-01    0.0000000E+00
   27  7722.60000    1.4554374E-06    2.9028516E-03    3.0386338E-01    0.0000000E+00
   28  7722.70000    1.4194047E-06    2.9030024E-03    3.0386456E-01    0.0000000E+00
   29  7722.80000    1.4022646E-06    2.9031533E-03    3.0386574E-01    0.0000000E+00
   30  7722.90000    1.4063244E-06    2.9033042E-03    3.0386692E-01    0.0000000E+00
   31  7723.00000    1.4393914E-06    2.9034552E-03    3.0386811E-01    0.0000000E+00
   32  7723.10000    1.5156750E-06    2.9036061E-03    3.0386929E-01    0.0000000E+00
   33  7723.20000    1.6612230E-06    2.9037570E-03    3.0387047E-01    0.0000000E+00
   34  7723.30000    1.9358944E-06    2.9039079E-03    3.0387165E-01    0.0000000E+00
   35  7723.40000    2.5166071E-06    2.9040588E-03    3.0387284E-01    0.0000000E+00
   36  7723.50000    4.3893901E-06    2.9042098E-03    3.0387402E-01    0.0000000E+00
   37  7723.60000    4.8829398E-05    2.9043607E-03    3.0387520E-01    0.0000000E+00
   38  7723.70000    9.5282240E-06    2.9045117E-03    3.0387638E-01    0.0000000E+00
   39  7723.80000    2.2390489E-05    2.9046626E-03    3.0387757E-01    0.0000000E+00
   40  7723.90000    2.5751084E-04    2.9048136E-03    3.0387875E-01    0.0000000E+00
   41  7724.00000    5.0688828E-05    2.9049646E-03    3.0387993E-01    0.0000000E+00
   42  7724.10000    1.1297715E-05    2.9051155E-03    3.0388111E-01    0.0000000E+00
   43  7724.20000    5.1124111E-06    2.9052665E-03    3.0388229E-01    0.0000000E+00
   44  7724.30000    3.1127914E-06    2.9054175E-03    3.0388348E-01    0.0000000E+00
   45  7724.40000    1.7618565E-06    2.9055685E-03    3.0388466E-01    0.0000000E+00
   46  7724.50000    1.3641359E-06    2.9057195E-03    3.0388584E-01    0.0000000E+00
   47  7724.60000    1.2051732E-06    2.9058705E-03    3.0388702E-01    0.0000000E+00
   48  7724.70000    1.2361752E-06    2.9060215E-03    3.0388820E-01    0.0000000E+00
   49  7724.80000    1.5295691E-06    2.9061725E-03    3.0388939E-01    0.0000000E+00
   50  7724.90000    2.4548266E-06    2.9063235E-03    3.0389057E-01    0.0000000E+00
   51  7725.00000    6.6221575E-06    2.9064746E-03    3.0389175E-01    0.0000000E+00
   52  7725.10000    2.8585938E-05    2.9066256E-03    3.0389293E-01    0.0000000E+00
   53  7725.20000    4.9650829E-05    2.9067766E-03    3.0389411E-01    0.0000000E+00
   54  7725.30000    6.6593312E-06    2.9069277E-03    3.0389530E-01    0.0000000E+00
   55  7725.40000    2.5043100E-06    2.9070787E-03    3.0389648E-01    0.0000000E+00
   56  7725.50000    1.4032468E-06    2.9072298E-03    3.0389766E-01    0.0000000E+00
   57  7725.60000    1.0197316E-06    2.9073809E-03    3.0389884E-01    0.0000000E+00
   58  7725.70000    1.0207254E-06    2.9075319E-03    3.0390002E-01    0.0000000E+00
   59  7725.80000    2.0517753E-06    2.9076830E-03    3.0390120E-01    0.0000000E+00
   60  7725.90000    2.9598618E-05    2.9078341E-03    3.0390239E-01    0.0000000E+00
   61  7726.00000    2.3765965E-06    2.9079852E-03    3.0390357E-01    0.0000000E+00
   62  7726.10000    7.4717600E-07    2.9081363E-03    3.0390475E-01    0.0000000E+00
   63  7726.20000    4.2711927E-07    2.9082873E-03    3.0390593E-01    0.0000000E+00
   64  7726.30000    3.0343881E-07    2.9084385E-03    3.0390711E-01    0.0000000E+00
   65  7726.40000    2.3917773E-07    2.9085896E-03    3.0390829E-01    0.0000000E+00
   66  7726.50000    2.0025402E-07    2.9087407E-03    3.0390947E-01    0.0000000E+00
   67  7726.60000    1.7474869E-07    2.9088918E-03    3.0391066E-01    0.0000000E+00
   68  7726.70000    1.5791966E-07    2.9090429E-03    3.0391184E-01    0.0000000E+00
   69  7726.80000    1.4695792E-07    2.9091941E-03    3.0391302E-01    0.0000000E+00
   70  7726.90000    1.4133432E-07    2.9093452E-03    3.0391420E-01    0.0000000E+00
   71  7727.00000    1.4137694E-07    2.9094963E-03    3.0391538E-01    0.0000000E+00
   72  7727.10000    1.4885853E-07    2.9096475E-03    3.0391656E-01    0.0000000E+00
   73  7727.20000    1.6832976E-07    2.9097987E-03    3.0391774E-01    0.0000000E+00
   74  7727.30000    2.1135827E-07    2.9099498E-03    3.0391892E-01    0.0000000E+00
   75  7727.40000    3.1223225E-07    2.9101010E-03    3.0392011E-01    0.0000000E+00
   76  7727.50000    6.0944829E-07    2.9102522E-03    3.0392129E-01    0.0000000E+00
   77  7727.60000    2.1804226E-06    2.9104033E-03    3.0392247E-01    0.0000000E+00
   78  7727.70000    3.5586873E-05    2.9105545E-03    3.0392365E-01    0.0000000E+00
   79  7727.80000    2.0669011E-06    2.9107057E-03    3.0392483E-01    0.0000000E+00
   80  7727.90000    5.8238995E-07    2.9108569E-03    3.0392601E-01    0.0000000E+00
   81  7728.00000    1.3286081E-06    2.9110081E-03    3.0392719E-01    0.0000000E+00
   82  7728.10000    1.2675281E-06    2.9111593E-03    3.0392837E-01    0.0000000E+00
   83  7728.20000    1.2650393E-06    2.9113105E-03    3.0392955E-01    0.0000000E+00
   84  7728.30000    1.2880238E-06    2.9114618E-03    3.0393073E-01    0.0000000E+00
   85  7728.40000    1.3252470E-06    2.9116130E-03    3.0393192E-01    0.0000000E+00
   86  7728.50000    1.3714022E-06    2.9117642E-03    3.0393310E-01    0.0000000E+00
   87  7728.60000    1.4262711E-06    2.9119155E-03    3.0393428E-01    0.0000000E+00
   88  7728.70000    1.4898954E-06    2.9120667E-03    3.0393546E-01    0.0000000E+00
   89  7728.80000    1.5447734E-06    2.9122180E-03    3.0393664E-01    0.0000000E+00
   90  7728.90000    1.6219015E-06    2.9123692E-03    3.0393782E-01    0.0000000E+00
   91  7729.00000    1.7071351E-06    2.9125205E-03    3.0393900E-01    0.0000000E+00
   92  7729.10000    1.8016309E-06    2.9126718E-03    3.0394018E-01    0.0000000E+00
   93  7729.20000    1.9071678E-06    2.9128230E-03    3.0394136E-01    0.0000000E+00
   94  7729.30000    2.0266112E-06    2.9129743E-03    3.0394254E-01    0.0000000E+00
   95  7729.40000    2.1650110E-06    2.9131256E-03    3.0394372E-01    0.0000000E+00
   96  7729.50000    2.3325316E-06    2.9132769E-03    3.0394490E-01    0.0000000E+00
   97  7729.60000    2.5537238E-06    2.9134282E-03    3.0394608E-01    0.0000000E+00
   98  7729.70000    2.9055968E-06    2.9135795E-03    3.0394726E-01    0.0000000E+00
   99  7729.80000    3.7608683E-06    2.9137308E-03    3.0394844E-01    0.0000000E+00
  100  7729.90000    1.0117463E-05    2.9138821E-03    3.0394962E-01    0.0000000E+00
  101  7730.00000    1.6784041E-05    2.9140334E-03    3.0395080E-01    0.0000000E+00
  102  7730.10000    4.6608301E-06    2.9141848E-03    3.0395198E-01    0.0000000E+00
  103  7730.20000    3.9800195E-06    2.9143361E-03    3.0395316E-01    0.0000000E+00
  104  7730.30000    4.0117874E-06    2.9144874E-03    3.0395435E-01    0.0000000E+00
  105  7730.40000    4.2251139E-06    2.9146388E-03    3.0395553E-01    0.0000000E+00
  106  7730.50000    4.5306685E-06    2.9147901E-03    3.0395671E-01    0.0000000E+00
  107  7730.60000    4.9040272E-06    2.9149415E-03    3.0395789E-01    0.0000000E+00
  108  7730.70000    5.3455362E-06    2.9150929E-03    3.0395907E-01    0.0000000E+00
  109  7730.80000    5.8612818E-06    2.9152442E-03    3.0396025E-01    0.0000000E+00
  110  7730.90000    6.4653927E-06    2.9153956E-03    3.0396143E-01    0.0000000E+00
  111  7731.00000    7.1750719E-06    2.9155470E-03    3.0396261E-01    0.0000000E+00
  112  7731.10000    8.0155663E-06    2.9156984E-03    3.0396379E-01    0.0000000E+00
  113  7731.20000    9.0236420E-06    2.9158498E-03    3.0396497E-01    0.0000000E+00
  114  7731.30000    1.0261522E-05    2.9160012E-03    3.0396615E-01    0.0000000E+00
  115  7731.40000    1.1901109E-05    2.9161526E-03    3.0396733E-01    0.0000000E+00
  116  7731.50000    1.6061125E-05    2.9163040E-03    3.0396851E-01    0.0000000E+00
  117  7731.60000    1.7436023E-05    2.9164554E-03    3.0396969E-01    0.0000000E+00
  118  7731.70000    1.8633664E-05    2.9166068E-03    3.0397087E-01    0.0000000E+00
  119  7731.80000    2.2100788E-05    2.9167583E-03    3.0397205E-01    0.0000000E+00
  120  7731.90000    2.6886246E-05    2.9169097E-03    3.0397322E-01    0.0000000E+00
  121  7732.00000    3.3489417E-05    2.9170611E-03    3.0397440E-01    0.0000000E+00
  122  7732.10000    4.2897373E-05    2.9172126E-03    3.0397558E-01    0.0000000E+00
  123  7732.20000    5.6929179E-05    2.9173640E-03    3.0397676E-01    0.0000000E+00
  124  7732.30000    7.9180424E-05    2.9175155E-03    3.0397794E-01    0.0000000E+00
  125  7732.40000    1.1757328E-04    2.9176669E-03    3.0397912E-01    0.0000000E+00
  126  7732.50000    1.9249476E-04    2.9178184E-03    3.0398030E-01    0.0000000E+00
  127  7732.60000    3.7051375E-04    2.9179699E-03    3.0398148E-01    0.0000000E+00
  128  7732.70000    9.8232631E-04    2.9181214E-03    3.0398266E-01    0.0000000E+00
  129  7732.80000    6.5406681E-03    2.9182729E-03    3.0398384E-01    0.0000000E+00
  130  7732.90000    9.9083926E-03    2.9184244E-03    3.0398502E-01    0.0000000E+00
  131  7733.00000    1.1541990E-03    2.9185759E-03    3.0398620E-01    0.0000000E+00
  132  7733.10000    4.0881110E-04    2.9187274E-03    3.0398738E-01    0.0000000E+00
  133  7733.20000    2.0679205E-04    2.9188789E-03    3.0398856E-01    0.0000000E+00
  134  7733.30000    1.2479137E-04    2.9190304E-03    3.0398974E-01    0.0000000E+00
  135  7733.40000    8.4562773E-05    2.9191819E-03    3.0399092E-01    0.0000000E+00
  136  7733.50000    7.3741440E-05    2.9193334E-03    3.0399210E-01    0.0000000E+00
  137  7733.60000    5.4280450E-05    2.9194850E-03    3.0399328E-01    0.0000000E+00
  138  7733.70000    3.5964005E-05    2.9196365E-03    3.0399446E-01    0.0000000E+00
  139  7733.80000    2.8122671E-05    2.9197881E-03    3.0399563E-01    0.0000000E+00
  140  7733.90000    2.2835491E-05    2.9199396E-03    3.0399681E-01    0.0000000E+00
  141  7734.00000    1.8964351E-05    2.9200912E-03    3.0399799E-01    0.0000000E+00
  142  7734.10000    1.6018845E-05    2.9202427E-03    3.0399917E-01    0.0000000E+00
  143  7734.20000    1.3721588E-05    2.9203943E-03    3.0400035E-01    0.0000000E+00
  144  7734.30000    1.1893629E-05    2.9205459E-03    3.0400153E-01    0.0000000E+00
  145  7734.40000    1.0416098E-05    2.9206975E-03    3.0400271E-01    0.0000000E+00
  146  7734.50000    9.2069405E-06    2.9208491E-03    3.0400389E-01    0.0000000E+00
  147  7734.60000    8.2084622E-06    2.9210007E-03    3.0400507E-01    0.0000000E+00
  148  7734.70000    7.3803711E-06    2.9211523E-03    3.0400625E-01    0.0000000E+00
  149  7734.80000    6.6953874E-06    2.9213039E-03    3.0400742E-01    0.0000000E+00
  150  7734.90000    6.1456265E-06    2.9214555E-03    3.0400860E-01    0.0000000E+00
  151  7735.00000    5.7476573E-06    2.9216071E-03    3.0400978E-01    0.0000000E+00
  152  7735.10000    5.6076626E-06    2.9217587E-03    3.0401096E-01    0.0000000E+00
  153  7735.20000    6.3223437E-06    2.9219104E-03    3.0401214E-01    0.0000000E+00
  154  7735.30000    1.6422508E-05    2.9220620E-03    3.0401332E-01    0.0000000E+00
  155  7735.40000    1.9165091E-05    2.9222136E-03    3.0401450E-01    0.0000000E+00
  156  7735.50000    5.5761600E-06    2.9223653E-03    3.0401568E-01    0.0000000E+00
  157  7735.60000    4.1023030E-06    2.9225169E-03    3.0401685E-01    0.0000000E+00
  158  7735.70000    3.5703469E-06    2.9226686E-03    3.0401803E-01    0.0000000E+00
  159  7735.80000    3.2881356E-06    2.9228203E-03    3.0401921E-01    0.0000000E+00
  160  7735.90000    3.1470734E-06    2.9229719E-03    3.0402039E-01    0.0000000E+00
  161  7736.00000    3.1887671E-06    2.9231236E-03    3.0402157E-01    0.0000000E+00
  162  7736.10000    3.7634144E-06    2.9232753E-03    3.0402275E-01    0.0000000E+00
  163  7736.20000    8.4655152E-06    2.9234270E-03    3.0402393E-01    0.0000000E+00
  164  7736.30000    5.0739568E-05    2.9235787E-03    3.0402510E-01    0.0000000E+00
  165  7736.40000    4.8929020E-06    2.9237304E-03    3.0402628E-01    0.0000000E+00
  166  7736.50000    2.8822111E-06    2.9238821E-03    3.0402746E-01    0.0000000E+00
  167  7736.60000    2.3689549E-06    2.9240338E-03    3.0402864E-01    0.0000000E+00
  168  7736.70000    2.1507302E-06    2.9241855E-03    3.0402982E-01    0.0000000E+00
  169  7736.80000    2.0447032E-06    2.9243372E-03    3.0403100E-01    0.0000000E+00
  170  7736.90000    2.0102230E-06    2.9244890E-03    3.0403217E-01    0.0000000E+00
  171  7737.00000    2.0497712E-06    2.9246407E-03    3.0403335E-01    0.0000000E+00
  172  7737.10000    2.2010754E-06    2.9247924E-03    3.0403453E-01    0.0000000E+00
  173  7737.20000    2.5741979E-06    2.9249442E-03    3.0403571E-01    0.0000000E+00
  174  7737.30000    3.5171966E-06    2.9250959E-03    3.0403689E-01    0.0000000E+00
  175  7737.40000    6.5647494E-06    2.9252477E-03    3.0403806E-01    0.0000000E+00
  176  7737.50000    2.5874946E-05    2.9253995E-03    3.0403924E-01    0.0000000E+00
  177  7737.60000    9.4919371E-05    2.9255512E-03    3.0404042E-01    0.0000000E+00
  178  7737.70000    1.0235168E-05    2.9257030E-03    3.0404160E-01    0.0000000E+00
  179  7737.80000    3.5565595E-06    2.9258548E-03    3.0404278E-01    0.0000000E+00
  180  7737.90000    2.5000458E-06    2.9260066E-03    3.0404395E-01    0.0000000E+00
  181  7738.00000    2.2184641E-05    2.9261584E-03    3.0404513E-01    0.0000000E+00
  182  7738.10000    1.6473054E-06    2.9263102E-03    3.0404631E-01    0.0000000E+00
  183  7738.20000    7.3975893E-07    2.9264620E-03    3.0404749E-01    0.0000000E+00
  184  7738.30000    4.9395002E-07    2.9266138E-03    3.0404867E-01    0.0000000E+00
  185  7738.40000    3.7324026E-07    2.9267656E-03    3.0404984E-01    0.0000000E+00
  186  7738.50000    3.0250042E-07    2.9269175E-03    3.0405102E-01    0.0000000E+00
  187  7738.60000    2.5627025E-07    2.9270693E-03    3.0405220E-01    0.0000000E+00
  188  7738.70000    2.2449240E-07    2.9272211E-03    3.0405338E-01    0.0000000E+00
  189  7738.80000    2.0207193E-07    2.9273730E-03    3.0405455E-01    0.0000000E+00
  190  7738.90000    1.8614225E-07    2.9275248E-03    3.0405573E-01    0.0000000E+00
  191  7739.00000    1.7497884E-07    2.9276767E-03    3.0405691E-01    0.0000000E+00
  192  7739.10000    1.6748881E-07    2.9278285E-03    3.0405809E-01    0.0000000E+00
  193  7739.20000    1.6298067E-07    2.9279804E-03    3.0405927E-01    0.0000000E+00
  194  7739.30000    1.6102306E-07    2.9281323E-03    3.0406044E-01    0.0000000E+00
  195  7739.40000    1.6137099E-07    2.9282842E-03    3.0406162E-01    0.0000000E+00
  196  7739.50000    1.6392553E-07    2.9284360E-03    3.0406280E-01    0.0000000E+00
  197  7739.60000    1.6929864E-07    2.9285879E-03    3.0406397E-01    0.0000000E+00
  198  7739.70000    1.7652629E-07    2.9287398E-03    3.0406515E-01    0.0000000E+00
  199  7739.80000    1.8649804E-07    2.9288917E-03    3.0406633E-01    0.0000000E+00
  200  7739.90000    1.9975411E-07    2.9290436E-03    3.0406751E-01    0.0000000E+00
  201  7740.00000    2.1715778E-07    2.9291956E-03    3.0406868E-01    0.0000000E+00
  202  7740.10000    2.4007627E-07    2.9293475E-03    3.0406986E-01    0.0000000E+00
  203  7740.20000    2.6890691E-07    2.9294994E-03    3.0407104E-01    0.0000000E+00
  204  7740.30000    3.1121097E-07    2.9296513E-03    3.0407222E-01    0.0000000E+00
  205  7740.40000    3.7210459E-07    2.9298033E-03    3.0407339E-01    0.0000000E+00
  206  7740.50000    4.6577688E-07    2.9299552E-03    3.0407457E-01    0.0000000E+00
  207  7740.60000    6.2482631E-07    2.9301072E-03    3.0407575E-01    0.0000000E+00
  208  7740.70000    9.3944601E-07    2.9302591E-03    3.0407692E-01    0.0000000E+00
  209  7740.80000    1.7446647E-06    2.9304111E-03    3.0407810E-01    0.0000000E+00
  210  7740.90000    5.2225074E-06    2.9305631E-03    3.0407928E-01    0.0000000E+00
  211  7741.00000    6.7978953E-05    2.9307150E-03    3.0408046E-01    0.0000000E+00
  212  7741.10000    9.2410489E-06    2.9308670E-03    3.0408163E-01    0.0000000E+00
  213  7741.20000    4.5342876E-06    2.9310190E-03    3.0408281E-01    0.0000000E+00
  214  7741.30000    3.5637381E-06    2.9311710E-03    3.0408399E-01    0.0000000E+00
  215  7741.40000    3.3937819E-06    2.9313230E-03    3.0408516E-01    0.0000000E+00
  216  7741.50000    3.4852813E-06    2.9314750E-03    3.0408634E-01    0.0000000E+00
  217  7741.60000    3.7341689E-06    2.9316270E-03    3.0408752E-01    0.0000000E+00
  218  7741.70000    4.1445743E-06    2.9317790E-03    3.0408869E-01    0.0000000E+00
  219  7741.80000    4.7931213E-06    2.9319310E-03    3.0408987E-01    0.0000000E+00
  220  7741.90000    5.8836083E-06    2.9320831E-03    3.0409105E-01    0.0000000E+00
  221  7742.00000    7.9784419E-06    2.9322351E-03    3.0409222E-01    0.0000000E+00
  222  7742.10000    1.3055723E-05    2.9323871E-03    3.0409340E-01    0.0000000E+00
  223  7742.20000    3.2438101E-05    2.9325392E-03    3.0409458E-01    0.0000000E+00
  224  7742.30000    2.9358057E-04    2.9326912E-03    3.0409575E-01    0.0000000E+00
  225  7742.40000    9.6052912E-05    2.9328433E-03    3.0409693E-01    0.0000000E+00
  226  7742.50000    3.4032055E-05    2.9329953E-03    3.0409811E-01    0.0000000E+00
  227  7742.60000    4.8412408E-05    2.9331474E-03    3.0409928E-01    0.0000000E+00
  228  7742.70000    1.5015581E-05    2.9332995E-03    3.0410046E-01    0.0000000E+00
  229  7742.80000    3.8152180E-05    2.9334516E-03    3.0410164E-01    0.0000000E+00
  230  7742.90000    2.7133821E-05    2.9336037E-03    3.0410281E-01    0.0000000E+00
  231  7743.00000    9.8311649E-06    2.9337558E-03    3.0410399E-01    0.0000000E+00
  232  7743.10000    7.8479187E-06    2.9339079E-03    3.0410517E-01    0.0000000E+00
  233  7743.20000    7.4225610E-06    2.9340600E-03    3.0410634E-01    0.0000000E+00
  234  7743.30000    7.4507889E-06    2.9342121E-03    3.0410752E-01    0.0000000E+00
  235  7743.40000    7.6960247E-06    2.9343642E-03    3.0410869E-01    0.0000000E+00
  236  7743.50000    8.0892966E-06    2.9345163E-03    3.0410987E-01    0.0000000E+00
  237  7743.60000    8.5952258E-06    2.9346684E-03    3.0411105E-01    0.0000000E+00
  238  7743.70000    9.2133170E-06    2.9348206E-03    3.0411222E-01    0.0000000E+00
  239  7743.80000    9.9492435E-06    2.9349727E-03    3.0411340E-01    0.0000000E+00
  240  7743.90000    1.0817370E-05    2.9351249E-03    3.0411457E-01    0.0000000E+00
  241  7744.00000    1.1845427E-05    2.9352770E-03    3.0411575E-01    0.0000000E+00
  242  7744.10000    1.3067469E-05    2.9354292E-03    3.0411693E-01    0.0000000E+00
  243  7744.20000    1.4576195E-05    2.9355813E-03    3.0411810E-01    0.0000000E+00
  244  7744.30000    1.6748065E-05    2.9357335E-03    3.0411928E-01    0.0000000E+00
  245  7744.40000    2.8088627E-05    2.9358857E-03    3.0412045E-01    0.0000000E+00
  246  7744.50000    2.2550112E-05    2.9360379E-03    3.0412163E-01    0.0000000E+00
  247  7744.60000    2.3489550E-05    2.9361900E-03    3.0412281E-01    0.0000000E+00
  248  7744.70000    2.6709500E-05    2.9363422E-03    3.0412398E-01    0.0000000E+00
  249  7744.80000    3.0979895E-05    2.9364944E-03    3.0412516E-01    0.0000000E+00
  250  7744.90000    3.6481723E-05    2.9366466E-03    3.0412633E-01    0.0000000E+00
  251  7745.00000    4.3655001E-05    2.9367988E-03    3.0412751E-01    0.0000000E+00
  252  7745.10000    5.3198215E-05    2.9369511E-03    3.0412869E-01    0.0000000E+00
  253  7745.20000    6.6283257E-05    2.9371033E-03    3.0412986E-01    0.0000000E+00
  254  7745.30000    8.4909125E-05    2.9372555E-03    3.0413104E-01    0.0000000E+00
  255  7745.40000    1.1264862E-04    2.9374078E-03    3.0413221E-01    0.0000000E+00
  256  7745.50000    1.5661594E-04    2.9375600E-03    3.0413339E-01    0.0000000E+00
  257  7745.60000    2.3243554E-04    2.9377122E-03    3.0413456E-01    0.0000000E+00
  258  7745.70000    3.8026497E-04    2.9378645E-03    3.0413574E-01    0.0000000E+00
  259  7745.80000    7.3092787E-04    2.9380168E-03    3.0413692E-01    0.0000000E+00
  260  7745.90000    1.9309667E-03    2.9381690E-03    3.0413809E-01    0.0000000E+00
  261  7746.00000    1.2587016E-02    2.9383213E-03    3.0413927E-01    0.0000000E+00
  262  7746.10000    1.9447793E-02    2.9384736E-03    3.0414044E-01    0.0000000E+00
  263  7746.20000    2.2909284E-03    2.9386258E-03    3.0414162E-01    0.0000000E+00
  264  7746.30000    8.1109932E-04    2.9387781E-03    3.0414279E-01    0.0000000E+00
  265  7746.40000    4.0973558E-04    2.9389304E-03    3.0414397E-01    0.0000000E+00
  266  7746.50000    2.4635598E-04    2.9390827E-03    3.0414514E-01    0.0000000E+00
  267  7746.60000    1.6426034E-04    2.9392350E-03    3.0414632E-01    0.0000000E+00
  268  7746.70000    1.1729171E-04    2.9393873E-03    3.0414749E-01    0.0000000E+00
  269  7746.80000    8.7941214E-05    2.9395397E-03    3.0414867E-01    0.0000000E+00
  270  7746.90000    6.8389284E-05    2.9396920E-03    3.0414984E-01    0.0000000E+00
  271  7747.00000    5.4728255E-05    2.9398443E-03    3.0415102E-01    0.0000000E+00
  272  7747.10000    4.4800437E-05    2.9399967E-03    3.0415219E-01    0.0000000E+00
  273  7747.20000    3.7346713E-05    2.9401490E-03    3.0415337E-01    0.0000000E+00
  274  7747.30000    3.1643315E-05    2.9403013E-03    3.0415454E-01    0.0000000E+00
  275  7747.40000    2.7179076E-05    2.9404537E-03    3.0415572E-01    0.0000000E+00
  276  7747.50000    2.3631398E-05    2.9406061E-03    3.0415689E-01    0.0000000E+00
  277  7747.60000    2.0777987E-05    2.9407584E-03    3.0415807E-01    0.0000000E+00
  278  7747.70000    1.8467849E-05    2.9409108E-03    3.0415924E-01    0.0000000E+00
  279  7747.80000    1.6616225E-05    2.9410632E-03    3.0416042E-01    0.0000000E+00
  280  7747.90000    1.5187821E-05    2.9412156E-03    3.0416159E-01    0.0000000E+00
  281  7748.00000    1.4262605E-05    2.9413679E-03    3.0416277E-01    0.0000000E+00
  282  7748.10000    1.4308271E-05    2.9415203E-03    3.0416394E-01    0.0000000E+00
  283  7748.20000    1.8436300E-05    2.9416727E-03    3.0416512E-01    0.0000000E+00
  284  7748.30000    9.5999732E-05    2.9418252E-03    3.0416629E-01    0.0000000E+00
  285  7748.40000    2.6748796E-05    2.9419776E-03    3.0416747E-01    0.0000000E+00
  286  7748.50000    1.2860432E-05    2.9421300E-03    3.0416864E-01    0.0000000E+00
  287  7748.60000    1.1040340E-05    2.9422824E-03    3.0416982E-01    0.0000000E+00
  288  7748.70000    1.3791699E-05    2.9424348E-03    3.0417099E-01    0.0000000E+00
  289  7748.80000    9.9682701E-05    2.9425873E-03    3.0417217E-01    0.0000000E+00
  290  7748.90000    1.8374039E-05    2.9427397E-03    3.0417334E-01    0.0000000E+00
  291  7749.00000    8.9212396E-06    2.9428922E-03    3.0417452E-01    0.0000000E+00
  292  7749.10000    7.2063848E-06    2.9430446E-03    3.0417569E-01    0.0000000E+00
  293  7749.20000    6.5687244E-06    2.9431971E-03    3.0417687E-01    0.0000000E+00
  294  7749.30000    6.3378794E-06    2.9433495E-03    3.0417804E-01    0.0000000E+00
  295  7749.40000    6.4406895E-06    2.9435020E-03    3.0417921E-01    0.0000000E+00
  296  7749.50000    7.0593833E-06    2.9436545E-03    3.0418039E-01    0.0000000E+00
  297  7749.60000    8.9675705E-06    2.9438070E-03    3.0418156E-01    0.0000000E+00
  298  7749.70000    1.6431597E-05    2.9439595E-03    3.0418274E-01    0.0000000E+00
  299  7749.80000    9.4718509E-05    2.9441120E-03    3.0418391E-01    0.0000000E+00
  300  7749.90000    4.2691928E-05    2.9442645E-03    3.0418509E-01    0.0000000E+00
