    1  7720.00000    0.0000000E+00    4.9543864E-05
    2  7720.10000    0.0000000E+00    3.3874977E-05
    3  7720.20000    0.0000000E+00    2.4696982E-05
    4  7720.30000    0.0000000E+00    1.8820341E-05
    5  7720.40000    0.0000000E+00    1.4820262E-05
    6  7720.50000    0.0000000E+00    1.1976074E-05
    7  7720.60000    0.0000000E+00    9.8816774E-06
    8  7720.70000    0.0000000E+00    8.2950023E-06
    9  7720.80000    0.0000000E+00    7.0641318E-06
   10  7720.90000    0.0000000E+00    6.0912263E-06
   11  7721.00000    0.0000000E+00    5.3088105E-06
   12  7721.10000    0.0000000E+00    4.6713541E-06
   13  7721.20000    0.0000000E+00    4.1441965E-06
   14  7721.30000    0.0000000E+00    3.7041208E-06
   15  7721.40000    0.0000000E+00    3.3333245E-06
   16  7721.50000    0.0000000E+00    3.0184022E-06
   17  7721.60000    0.0000000E+00    2.7491201E-06
   18  7721.70000    0.0000000E+00    2.5175768E-06
   19  7721.80000    0.0000000E+00    2.3176178E-06
   20  7721.90000    0.0000000E+00    2.1444226E-06
   21  7722.00000    0.0000000E+00    1.9942128E-06
   22  7722.10000    0.0000000E+00    1.8634880E-06
   23  7722.20000    0.0000000E+00    1.7511343E-06
   24  7722.30000    0.0000000E+00    1.6549287E-06
   25  7722.40000    0.0000000E+00    1.5737959E-06
   26  7722.50000    0.0000000E+00    1.5072433E-06
   27  7722.60000    0.0000000E+00    1.4554374E-06
   28  7722.70000    0.0000000E+00    1.4194047E-06
   29  7722.80000    0.0000000E+00    1.4022646E-06
   30  7722.90000    0.0000000E+00    1.4063244E-06
   31  7723.00000    0.0000000E+00    1.4393914E-06
   32  7723.10000    0.0000000E+00    1.5156750E-06
   33  7723.20000    0.0000000E+00    1.6612230E-06
   34  7723.30000    0.0000000E+00    1.9358944E-06
   35  7723.40000    0.0000000E+00    2.5166071E-06
   36  7723.50000    0.0000000E+00    4.3893901E-06
   37  7723.60000    0.0000000E+00    4.8829398E-05
   38  7723.70000    0.0000000E+00    9.5282240E-06
   39  7723.80000    0.0000000E+00    2.2390489E-05
   40  7723.90000    0.0000000E+00    2.5751084E-04
   41  7724.00000    0.0000000E+00    5.0688828E-05
   42  7724.10000    0.0000000E+00    1.1297715E-05
   43  7724.20000    0.0000000E+00    5.1124111E-06
   44  7724.30000    0.0000000E+00    3.1127914E-06
   45  7724.40000    0.0000000E+00    1.7618565E-06
   46  7724.50000    0.0000000E+00    1.3641359E-06
   47  7724.60000    0.0000000E+00    1.2051732E-06
   48  7724.70000    0.0000000E+00    1.2361752E-06
   49  7724.80000    0.0000000E+00    1.5295691E-06
   50  7724.90000    0.0000000E+00    2.4548266E-06
   51  7725.00000    0.0000000E+00    6.6221575E-06
   52  7725.10000    0.0000000E+00    2.8585938E-05
   53  7725.20000    0.0000000E+00    4.9650829E-05
   54  7725.30000    0.0000000E+00    6.6593312E-06
   55  7725.40000    0.0000000E+00    2.5043100E-06
   56  7725.50000    0.0000000E+00    1.4032468E-06
   57  7725.60000    0.0000000E+00    1.0197316E-06
   58  7725.70000    0.0000000E+00    1.0207254E-06
   59  7725.80000    0.0000000E+00    2.0517753E-06
   60  7725.90000    0.0000000E+00    2.9598618E-05
   61  7726.00000    0.0000000E+00    2.3765965E-06
   62  7726.10000    0.0000000E+00    7.4717600E-07
   63  7726.20000    0.0000000E+00    4.2711927E-07
   64  7726.30000    0.0000000E+00    3.0343881E-07
   65  7726.40000    0.0000000E+00    2.3917773E-07
   66  7726.50000    0.0000000E+00    2.0025402E-07
   67  7726.60000    0.0000000E+00    1.7474869E-07
   68  7726.70000    0.0000000E+00    1.5791966E-07
   69  7726.80000    0.0000000E+00    1.4695792E-07
   70  7726.90000    0.0000000E+00    1.4133432E-07
   71  7727.00000    0.0000000E+00    1.4137694E-07
   72  7727.10000    0.0000000E+00    1.4885853E-07
   73  7727.20000    0.0000000E+00    1.6832976E-07
   74  7727.30000    0.0000000E+00    2.1135827E-07
   75  7727.40000    0.0000000E+00    3.1223225E-07
   76  7727.50000    0.0000000E+00    6.0944829E-07
   77  7727.60000    0.0000000E+00    2.1804226E-06
   78  7727.70000    0.0000000E+00    3.5586873E-05
   79  7727.80000    0.0000000E+00    2.0669011E-06
   80  7727.90000    0.0000000E+00    5.8238995E-07
   81  7728.00000    0.0000000E+00    1.3286081E-06
   82  7728.10000    0.0000000E+00    1.2675281E-06
   83  7728.20000    0.0000000E+00    1.2650393E-06
   84  7728.30000    0.0000000E+00    1.2880238E-06
   85  7728.40000    0.0000000E+00    1.3252470E-06
   86  7728.50000    0.0000000E+00    1.3714022E-06
   87  7728.60000    0.0000000E+00    1.4262711E-06
   88  7728.70000    0.0000000E+00    1.4898954E-06
   89  7728.80000    0.0000000E+00    1.5447734E-06
   90  7728.90000    0.0000000E+00    1.6219015E-06
   91  7729.00000    0.0000000E+00    1.7071351E-06
   92  7729.10000    0.0000000E+00    1.8016309E-06
   93  7729.20000    0.0000000E+00    1.9071678E-06
   94  7729.30000    0.0000000E+00    2.0266112E-06
   95  7729.40000    0.0000000E+00    2.1650110E-06
   96  7729.50000    0.0000000E+00    2.3325316E-06
   97  7729.60000    0.0000000E+00    2.5537238E-06
   98  7729.70000    0.0000000E+00    2.9055968E-06
   99  7729.80000    0.0000000E+00    3.7608683E-06
  100  7729.90000    0.0000000E+00    1.0117463E-05
  101  7730.00000    0.0000000E+00    1.6784041E-05
  102  7730.10000    0.0000000E+00    4.6608301E-06
  103  7730.20000    0.0000000E+00    3.9800195E-06
  104  7730.30000    0.0000000E+00    4.0117874E-06
  105  7730.40000    0.0000000E+00    4.2251139E-06
  106  7730.50000    0.0000000E+00    4.5306685E-06
  107  7730.60000    0.0000000E+00    4.9040272E-06
  108  7730.70000    0.0000000E+00    5.3455362E-06
  109  7730.80000    0.0000000E+00    5.8612818E-06
  110  7730.90000    0.0000000E+00    6.4653927E-06
  111  7731.00000    0.0000000E+00    7.1750719E-06
  112  7731.10000    0.0000000E+00    8.0155663E-06
  113  7731.20000    0.0000000E+00    9.0236420E-06
  114  7731.30000    0.0000000E+00    1.0261522E-05
  115  7731.40000    0.0000000E+00    1.1901109E-05
  116  7731.50000    0.0000000E+00    1.6061125E-05
  117  7731.60000    0.0000000E+00    1.7436023E-05
  118  7731.70000    0.0000000E+00    1.8633664E-05
  119  7731.80000    0.0000000E+00    2.2100788E-05
  120  7731.90000    0.0000000E+00    2.6886246E-05
  121  7732.00000    0.0000000E+00    3.3489417E-05
  122  7732.10000    0.0000000E+00    4.2897373E-05
  123  7732.20000    0.0000000E+00    5.6929179E-05
  124  7732.30000    0.0000000E+00    7.9180424E-05
  125  7732.40000    0.0000000E+00    1.1757328E-04
  126  7732.50000    0.0000000E+00    1.9249476E-04
  127  7732.60000    0.0000000E+00    3.7051375E-04
  128  7732.70000    0.0000000E+00    9.8232631E-04
  129  7732.80000    0.0000000E+00    6.5406681E-03
  130  7732.90000    0.0000000E+00    9.9083926E-03
  131  7733.00000    0.0000000E+00    1.1541990E-03
  132  7733.10000    0.0000000E+00    4.0881110E-04
  133  7733.20000    0.0000000E+00    2.0679205E-04
  134  7733.30000    0.0000000E+00    1.2479137E-04
  135  7733.40000    0.0000000E+00    8.4562773E-05
  136  7733.50000    0.0000000E+00    7.3741440E-05
  137  7733.60000    0.0000000E+00    5.4280450E-05
  138  7733.70000    0.0000000E+00    3.5964005E-05
  139  7733.80000    0.0000000E+00    2.8122671E-05
  140  7733.90000    0.0000000E+00    2.2835491E-05
  141  7734.00000    0.0000000E+00    1.8964351E-05
  142  7734.10000    0.0000000E+00    1.6018845E-05
  143  7734.20000    0.0000000E+00    1.3721588E-05
  144  7734.30000    0.0000000E+00    1.1893629E-05
  145  7734.40000    0.0000000E+00    1.0416098E-05
  146  7734.50000    0.0000000E+00    9.2069405E-06
  147  7734.60000    0.0000000E+00    8.2084622E-06
  148  7734.70000    0.0000000E+00    7.3803711E-06
  149  7734.80000    0.0000000E+00    6.6953874E-06
  150  7734.90000    0.0000000E+00    6.1456265E-06
  151  7735.00000    0.0000000E+00    5.7476573E-06
  152  7735.10000    0.0000000E+00    5.6076626E-06
  153  7735.20000    0.0000000E+00    6.3223437E-06
  154  7735.30000    0.0000000E+00    1.6422508E-05
  155  7735.40000    0.0000000E+00    1.9165091E-05
  156  7735.50000    0.0000000E+00    5.5761600E-06
  157  7735.60000    0.0000000E+00    4.1023030E-06
  158  7735.70000    0.0000000E+00    3.5703469E-06
  159  7735.80000    0.0000000E+00    3.2881356E-06
  160  7735.90000    0.0000000E+00    3.1470734E-06
  161  7736.00000    0.0000000E+00    3.1887671E-06
  162  7736.10000    0.0000000E+00    3.7634144E-06
  163  7736.20000    0.0000000E+00    8.4655152E-06
  164  7736.30000    0.0000000E+00    5.0739568E-05
  165  7736.40000    0.0000000E+00    4.8929020E-06
  166  7736.50000    0.0000000E+00    2.8822111E-06
  167  7736.60000    0.0000000E+00    2.3689549E-06
  168  7736.70000    0.0000000E+00    2.1507302E-06
  169  7736.80000    0.0000000E+00    2.0447032E-06
  170  7736.90000    0.0000000E+00    2.0102230E-06
  171  7737.00000    0.0000000E+00    2.0497712E-06
  172  7737.10000    0.0000000E+00    2.2010754E-06
  173  7737.20000    0.0000000E+00    2.5741979E-06
  174  7737.30000    0.0000000E+00    3.5171966E-06
  175  7737.40000    0.0000000E+00    6.5647494E-06
  176  7737.50000    0.0000000E+00    2.5874946E-05
  177  7737.60000    0.0000000E+00    9.4919371E-05
  178  7737.70000    0.0000000E+00    1.0235168E-05
  179  7737.80000    0.0000000E+00    3.5565595E-06
  180  7737.90000    0.0000000E+00    2.5000458E-06
  181  7738.00000    0.0000000E+00    2.2184641E-05
  182  7738.10000    0.0000000E+00    1.6473054E-06
  183  7738.20000    0.0000000E+00    7.3975893E-07
  184  7738.30000    0.0000000E+00    4.9395002E-07
  185  7738.40000    0.0000000E+00    3.7324026E-07
  186  7738.50000    0.0000000E+00    3.0250042E-07
  187  7738.60000    0.0000000E+00    2.5627025E-07
  188  7738.70000    0.0000000E+00    2.2449240E-07
  189  7738.80000    0.0000000E+00    2.0207193E-07
  190  7738.90000    0.0000000E+00    1.8614225E-07
  191  7739.00000    0.0000000E+00    1.7497884E-07
  192  7739.10000    0.0000000E+00    1.6748881E-07
  193  7739.20000    0.0000000E+00    1.6298067E-07
  194  7739.30000    0.0000000E+00    1.6102306E-07
  195  7739.40000    0.0000000E+00    1.6137099E-07
  196  7739.50000    0.0000000E+00    1.6392553E-07
  197  7739.60000    0.0000000E+00    1.6929864E-07
  198  7739.70000    0.0000000E+00    1.7652629E-07
  199  7739.80000    0.0000000E+00    1.8649804E-07
  200  7739.90000    0.0000000E+00    1.9975411E-07
  201  7740.00000    0.0000000E+00    2.1715778E-07
  202  7740.10000    0.0000000E+00    2.4007627E-07
  203  7740.20000    0.0000000E+00    2.6890691E-07
  204  7740.30000    0.0000000E+00    3.1121097E-07
  205  7740.40000    0.0000000E+00    3.7210459E-07
  206  7740.50000    0.0000000E+00    4.6577688E-07
  207  7740.60000    0.0000000E+00    6.2482631E-07
  208  7740.70000    0.0000000E+00    9.3944601E-07
  209  7740.80000    0.0000000E+00    1.7446647E-06
  210  7740.90000    0.0000000E+00    5.2225074E-06
  211  7741.00000    0.0000000E+00    6.7978953E-05
  212  7741.10000    0.0000000E+00    9.2410489E-06
  213  7741.20000    0.0000000E+00    4.5342876E-06
  214  7741.30000    0.0000000E+00    3.5637381E-06
  215  7741.40000    0.0000000E+00    3.3937819E-06
  216  7741.50000    0.0000000E+00    3.4852813E-06
  217  7741.60000    0.0000000E+00    3.7341689E-06
  218  7741.70000    0.0000000E+00    4.1445743E-06
  219  7741.80000    0.0000000E+00    4.7931213E-06
  220  7741.90000    0.0000000E+00    5.8836083E-06
  221  7742.00000    0.0000000E+00    7.9784419E-06
  222  7742.10000    0.0000000E+00    1.3055723E-05
  223  7742.20000    0.0000000E+00    3.2438101E-05
  224  7742.30000    0.0000000E+00    2.9358057E-04
  225  7742.40000    0.0000000E+00    9.6052912E-05
  226  7742.50000    0.0000000E+00    3.4032055E-05
  227  7742.60000    0.0000000E+00    4.8412408E-05
  228  7742.70000    0.0000000E+00    1.5015581E-05
  229  7742.80000    0.0000000E+00    3.8152180E-05
  230  7742.90000    0.0000000E+00    2.7133821E-05
  231  7743.00000    0.0000000E+00    9.8311649E-06
  232  7743.10000    0.0000000E+00    7.8479187E-06
  233  7743.20000    0.0000000E+00    7.4225610E-06
  234  7743.30000    0.0000000E+00    7.4507889E-06
  235  7743.40000    0.0000000E+00    7.6960247E-06
  236  7743.50000    0.0000000E+00    8.0892966E-06
  237  7743.60000    0.0000000E+00    8.5952258E-06
  238  7743.70000    0.0000000E+00    9.2133170E-06
  239  7743.80000    0.0000000E+00    9.9492435E-06
  240  7743.90000    0.0000000E+00    1.0817370E-05
  241  7744.00000    0.0000000E+00    1.1845427E-05
  242  7744.10000    0.0000000E+00    1.3067469E-05
  243  7744.20000    0.0000000E+00    1.4576195E-05
  244  7744.30000    0.0000000E+00    1.6748065E-05
  245  7744.40000    0.0000000E+00    2.8088627E-05
  246  7744.50000    0.0000000E+00    2.2550112E-05
  247  7744.60000    0.0000000E+00    2.3489550E-05
  248  7744.70000    0.0000000E+00    2.6709500E-05
  249  7744.80000    0.0000000E+00    3.0979895E-05
  250  7744.90000    0.0000000E+00    3.6481723E-05
  251  7745.00000    0.0000000E+00    4.3655001E-05
  252  7745.10000    0.0000000E+00    5.3198215E-05
  253  7745.20000    0.0000000E+00    6.6283257E-05
  254  7745.30000    0.0000000E+00    8.4909125E-05
  255  7745.40000    0.0000000E+00    1.1264862E-04
  256  7745.50000    0.0000000E+00    1.5661594E-04
  257  7745.60000    0.0000000E+00    2.3243554E-04
  258  7745.70000    0.0000000E+00    3.8026497E-04
  259  7745.80000    0.0000000E+00    7.3092787E-04
  260  7745.90000    0.0000000E+00    1.9309667E-03
  261  7746.00000    0.0000000E+00    1.2587016E-02
  262  7746.10000    0.0000000E+00    1.9447793E-02
  263  7746.20000    0.0000000E+00    2.2909284E-03
  264  7746.30000    0.0000000E+00    8.1109932E-04
  265  7746.40000    0.0000000E+00    4.0973558E-04
  266  7746.50000    0.0000000E+00    2.4635598E-04
  267  7746.60000    0.0000000E+00    1.6426034E-04
  268  7746.70000    0.0000000E+00    1.1729171E-04
  269  7746.80000    0.0000000E+00    8.7941214E-05
  270  7746.90000    0.0000000E+00    6.8389284E-05
  271  7747.00000    0.0000000E+00    5.4728255E-05
  272  7747.10000    0.0000000E+00    4.4800437E-05
  273  7747.20000    0.0000000E+00    3.7346713E-05
  274  7747.30000    0.0000000E+00    3.1643315E-05
  275  7747.40000    0.0000000E+00    2.7179076E-05
  276  7747.50000    0.0000000E+00    2.3631398E-05
  277  7747.60000    0.0000000E+00    2.0777987E-05
  278  7747.70000    0.0000000E+00    1.8467849E-05
  279  7747.80000    0.0000000E+00    1.6616225E-05
  280  7747.90000    0.0000000E+00    1.5187821E-05
  281  7748.00000    0.0000000E+00    1.4262605E-05
  282  7748.10000    0.0000000E+00    1.4308271E-05
  283  7748.20000    0.0000000E+00    1.8436300E-05
  284  7748.30000    0.0000000E+00    9.5999732E-05
  285  7748.40000    0.0000000E+00    2.6748796E-05
  286  7748.50000    0.0000000E+00    1.2860432E-05
  287  7748.60000    0.0000000E+00    1.1040340E-05
  288  7748.70000    0.0000000E+00    1.3791699E-05
  289  7748.80000    0.0000000E+00    9.9682701E-05
  290  7748.90000    0.0000000E+00    1.8374039E-05
  291  7749.00000    0.0000000E+00    8.9212396E-06
  292  7749.10000    0.0000000E+00    7.2063848E-06
  293  7749.20000    0.0000000E+00    6.5687244E-06
  294  7749.30000    0.0000000E+00    6.3378794E-06
  295  7749.40000    0.0000000E+00    6.4406895E-06
  296  7749.50000    0.0000000E+00    7.0593833E-06
  297  7749.60000    0.0000000E+00    8.9675705E-06
  298  7749.70000    0.0000000E+00    1.6431597E-05
  299  7749.80000    0.0000000E+00    9.4718509E-05
  300  7749.90000    0.0000000E+00    4.2691928E-05
