           1  2.50000003725290298E-002  1.98943681829361020E-003  2.46855805786985554E-012
           2  2.78239995241165161E-002  2.21416353042484370E-003  7.13529026863083867E-012
           3  3.09679992496967316E-002  2.46435507912767067E-003  2.01920071068050005E-011
           4  3.44659984111785889E-002  2.74271700786824207E-003  5.59057753477982551E-011
           5  3.83599996566772461E-002  3.05259178118179623E-003  1.51527455015041818E-010
           6  4.26939986646175385E-002  3.39748046391633030E-003  4.01968212409704817E-010
           7  4.75170016288757324E-002  3.78128284507060763E-003  1.04351767232634920E-009
           8  5.28860017657279968E-002  4.20853430069115762E-003  2.65187588971151150E-009
           9  5.88609986007213593E-002  4.68400944131497007E-003  6.59516455959731674E-009
          10  6.55099973082542419E-002  5.21311994677271014E-003  1.60510201534705966E-008
          11  7.29120001196861267E-002  5.80215261488245624E-003  3.82415803896995544E-008
          12  8.11479985713958740E-002  6.45755254732585746E-003  8.91517930976634481E-008
          13  9.03159976005554199E-002  7.18711872920207735E-003  2.03446616372696950E-007
          14  0.10051900148391724       7.99904798041349563E-003  4.54367513903918187E-007
          15  0.11187600344419479       8.90280948075475483E-003  9.93264924784562689E-007
          16  0.12451499700546265       9.90858863124596291E-003  2.12498189284971078E-006
          17  0.13858200609683990       1.10280056469516247E-002  4.44949667174348298E-006
          18  0.15423899888992310       1.22739495454383101E-002  9.11891294159387713E-006
          19  0.17166300117969513       1.36605075918691705E-002  1.82896548782501360E-005
          20  0.19105699658393860       1.52038327093125952E-002  3.59049576384533727E-005
          21  0.21264199912548065       1.69215126348813659E-002  6.89865162296526190E-005
          22  0.23666599392890930       1.88332813977712052E-002  1.29729862770804646E-004
          23  0.26340198516845703       2.09608639798890203E-002  2.38757442049465125E-004
          24  0.29315999150276184       2.33289308822212903E-002  4.30080953102072040E-004
          25  0.32627999782562256       2.59645372429803470E-002  7.58238762532175911E-004
          26  0.36314201354980469       2.88979232503977258E-002  1.30835377747900322E-003
          27  0.40416800975799561       3.21626682962991989E-002  2.20954740809855719E-003
          28  0.44982901215553284       3.57962554153486642E-002  3.65211077822114993E-003
          29  0.50064897537231445       3.98403795921982093E-002  5.90810375994774931E-003
          30  0.55720901489257813       4.43412845277596709E-002  9.35426611662392750E-003
          31  0.62015998363494873       4.93507634516455046E-002  1.44956225136842268E-002
          32  0.69022202491760254       5.49261235482669044E-002  2.19848760118988400E-002
          33  0.76819998025894165       6.11314120706534930E-002  3.26343412417322565E-002
          34  0.85498797893524170       6.80377815658465002E-002  4.74120305359913563E-002
          35  0.95158100128173828       7.57244100531619252E-002  6.74162123004218850E-002
          36   1.0590850114822388       8.42793073659675179E-002  9.38209922125778223E-002
          37   1.1787350177764893       9.38007523373207003E-002  0.12779056136952321     
          38   1.3119029998779297       0.10439792364382934       0.17035704576203312     
          39   1.4601149559020996       0.11619225635711197       0.22227107544586719     
          40   1.6250720024108887       0.12931912103196871       0.28383662960897321     
          41   1.8086650371551514       0.14392899053036445       0.35474470270338188     
          42   2.0129990577697754       0.16018937524169377       0.43393556798240868     
          43   2.2404179573059082       0.17828679624854113       0.51951337920655316     
          44   2.4935300350189209       0.19842881541068408       0.60873799583054500     
          45   2.7752370834350586       0.22084635004031219       0.69811349268568934     
          46   3.0887689590454102       0.24579642395044254       0.78358040578828303     
          47   3.4377241134643555       0.27356539282202796       0.86080232431691783     
          48   3.8261001110076904       0.30447137271566171       0.92551859182924068     
          49   4.2583551406860352       0.33886913504048294       0.97393301470485338     
          50   4.7394428253173828       0.37715287657533986        1.0030787775939660     
          51   5.2748818397521973       0.41976175951111661        1.0111209025251766     
          52   5.8708119392395020       0.46718437004644137       0.99754665500561512     
          53   6.5340681076049805       0.51996461891221946       0.96321980906635718     
          54   7.2722549438476563       0.57870766086891412       0.91028982336183295     
          55   8.0938386917114258       0.64408721818715631       0.84196888568794603     
          56   9.0082406997680664       0.71685301796484102       0.76220972928810604     
          57   10.025947570800781       0.79783955753656233       0.67532838417818220     
          58   11.158631324768066       0.88797566673845119       0.58562218734393467     
          59   12.419279098510742       0.98829482908292121       0.49702950062949613     
          60   13.822347640991211        1.0999474760991750       0.41286583546521960     
          61   15.383930206298828        1.2242142682565900       0.33565852535111967     
          62   17.121931076049805        1.3625199830160306       0.26708443668856519     
          63   19.056282043457031        1.5164507420847555       0.20799916938198015     
          64   21.209169387817383        1.6877720734722221       0.15853915700819365     
          65   23.605276107788086        1.8784481878017449       0.11826976496290456     
          66   26.272085189819336        2.0906661116455614       8.63521001652959308E-002
          67   29.240177154541016        2.3268593655139567       6.17069611267381593E-002
          68   32.543590545654297        2.5897366506497765       4.31576162163508012E-002
          69   36.220203399658203        2.8823122054247379       2.95422106151956403E-002
          70   40.312187194824219        3.2079419294510405       1.97920323929365559E-002
          71   44.866462707519531        3.5703596594749580       1.29777647227703359E-002
          72   49.935253143310547        3.9737211861514892       8.32859331567367342E-003
          73   55.576694488525391        4.4226528242784564       5.23124861683409506E-003
          74   61.855480194091797        4.9223027151062695       3.21588921906410582E-003
          75   68.843612670898438        5.4784006284386635       1.93490153455876264E-003
          76   76.621223449707031        6.0973232288847603       1.13940712136739036E-003
          77   85.277519226074219        6.7861693597219270       6.56690652765109899E-004
          78   94.911758422851563        7.5528377552703292       3.70428918307815760E-004
          79   105.63442230224609        8.4061202350296096       2.04508383594110334E-004
          80   117.56848144531250        9.3558024869146319       1.10504356258833385E-004
          81   130.85079956054688        10.412775778793922       5.84399196397653416E-005
          82   145.63368225097656        11.589160205458672       3.02483736223478622E-005
          83   162.08665466308594        12.898446149429567       1.53234537892093331E-005
          84   180.39842224121094        14.355650312833816       7.59754124009096392E-006
          85   200.77894592285156        15.977480856201087       3.68681900582526570E-006
          86   223.46197509765625        17.782538964935007       1.75102543243014702E-006
          87   248.70762634277344        19.791524058552238       8.13945104311420855E-007
          88   276.80538940429688        22.027472999085401       3.70305425320648941E-007
          89   308.07751464843750        24.516029655882313       1.64887203197920929E-007
          90   342.88259887695313        27.285730255731327       7.18581505970746450E-008
          91   381.61981201171875        30.368339731732448       3.06497546826310131E-008
          92   424.73333740234375        33.799205071750400       1.27950001564188792E-008
          93   472.71765136718750        37.617675450939572       5.22775708096036865E-009
          94   526.12298583984375        41.867536935339196       2.09051206049448208E-009
          95   585.56176757812500        46.597524897843066       8.18186308078565778E-010
          96   651.71569824218750        51.861887432915097       3.13410489933700199E-010
          97   725.34338378906250        57.720992484515527       1.17499736970731485E-010
          98   807.28912353515625        64.242027257471932       4.31144212121933142E-011
          99   898.49267578125000        71.499775341224804       1.54835441544820265E-011
         100   1000.0000000000000        79.577471545947674       5.44227005764088989E-012
