    WLVAC         C0           C1           C2           BETA         RHO
 3.25000e+03  4.48405e-01  1.00156e-03  7.02929e-06  8.63064e-01  3.09057e-02
 3.25100e+03  4.21458e-01  1.11922e-03  7.55103e-06  8.61932e-01  3.08997e-02
 3.25200e+03  3.88495e-01  1.20635e-03  5.40408e-06  8.60802e-01  3.08936e-02
 3.25300e+03  3.58852e-01  1.32161e-03  4.86074e-06  8.59675e-01  3.08877e-02
 3.25400e+03  3.47710e-01  1.48456e-03  8.57278e-06  8.58548e-01  3.08816e-02
 3.25500e+03  3.72008e-01  1.21103e-03  7.90123e-06  8.57424e-01  3.08756e-02
 3.25600e+03  3.69275e-01  1.16831e-03  6.38568e-06  8.56301e-01  3.08697e-02
 3.25700e+03  3.47499e-01  1.24411e-03  6.31641e-06  8.55181e-01  3.08636e-02
 3.25800e+03  3.21581e-01  1.30276e-03  5.20179e-06  8.54061e-01  3.08576e-02
 3.25900e+03  2.96921e-01  1.34826e-03  4.72090e-06  8.52945e-01  3.08516e-02
