usa pressure/temperature
46
  1.0000E+02  2.8900E-04  2.5800E-04  4.0740E-04  2.4800E-04  4.2300E-04  3.2000E-04
  9.5000E+01  6.8800E-04  6.2500E-04  8.7700E-04  6.0600E-04  9.0700E-04  7.6000E-04
  9.0000E+01  1.7200E-03  1.6400E-03  1.9800E-03  1.6100E-03  2.0220E-03  1.8400E-03
  8.5000E+01  4.4000E-03  4.4800E-03  4.5600E-03  4.5100E-03  4.5000E-03  4.4600E-03
  8.0000E+01  1.1000E-02  1.2000E-02  1.0300E-02  1.2500E-02  9.6600E-03  1.0500E-02
  7.5000E+01  2.6000E-02  3.0000E-02  2.2200E-02  3.2000E-02  2.0000E-02  2.4000E-02
  7.0000E+01  5.8000E-02  6.7000E-02  4.7000E-02  7.1000E-02  4.0000E-02  5.2200E-02
  6.5000E+01  1.2100E-01  1.3900E-01  9.5000E-02  1.4700E-01  7.9000E-02  1.0900E-01
  6.0000E+01  2.3900E-01  2.7200E-01  1.8800E-01  2.8800E-01  1.5500E-01  2.1900E-01
  5.5000E+01  4.5600E-01  5.1500E-01  3.6200E-01  5.3700E-01  2.9900E-01  4.2500E-01
  5.0000E+01  8.5400E-01  9.5100E-01  6.8300E-01  9.8700E-01  5.7190E-01  7.9780E-01
  4.7500E+01  1.1600E+00  1.2900E+00  9.4000E-01  1.3400E+00  7.9000E-01  1.0900E+00
  4.5000E+01  1.5900E+00  1.7600E+00  1.2900E+00  1.8200E+00  1.1130E+00  1.4910E+00
  4.2500E+01  2.2000E+00  2.4100E+00  1.8000E+00  2.4800E+00  1.5700E+00  2.0600E+00
  4.0000E+01  3.0500E+00  3.3300E+00  2.5300E+00  3.4000E+00  2.2430E+00  2.8710E+00
  3.7500E+01  4.2600E+00  4.6400E+00  3.6000E+00  4.7200E+00  3.2300E+00  4.1500E+00
  3.5000E+01  6.0000E+00  6.5200E+00  5.1800E+00  6.6100E+00  4.7010E+00  5.7460E+00
  3.2500E+01  8.5200E+00  9.3000E+00  7.5600E+00  9.4000E+00  6.9100E+00  8.0100E+00
  3.0000E+01  1.2200E+01  1.3200E+01  1.1100E+01  1.3400E+01  1.0200E+01  1.1970E+01
  2.7500E+01  1.7630E+01  1.9070E+01  1.6460E+01  1.9230E+01  1.5130E+01  1.7430E+01
  2.5000E+01  2.5700E+01  2.7700E+01  2.4400E+01  2.7800E+01  2.2560E+01  2.5490E+01
  2.4000E+01  3.0000E+01  3.2200E+01  2.8600E+01  3.2280E+01  2.6490E+01  2.9720E+01
  2.3000E+01  3.5000E+01  3.7600E+01  3.3400E+01  3.7500E+01  3.1090E+01  3.4670E+01
  2.2000E+01  4.0900E+01  4.3700E+01  3.9100E+01  4.3600E+01  3.6470E+01  4.0470E+01
  2.1000E+01  4.8000E+01  5.1000E+01  4.5800E+01  5.0700E+01  4.2770E+01  4.7290E+01
  2.0000E+01  5.6500E+01  5.9500E+01  5.3700E+01  5.9000E+01  5.0140E+01  5.5290E+01
  1.9000E+01  6.6600E+01  6.9500E+01  6.2800E+01  6.8600E+01  5.8750E+01  6.4670E+01
  1.8000E+01  7.8900E+01  8.1200E+01  7.3600E+01  7.9800E+01  6.8820E+01  7.5650E+01
  1.7000E+01  9.3700E+01  9.5000E+01  8.6100E+01  9.2800E+01  8.0580E+01  8.8500E+01
  1.6000E+01  1.1100E+02  1.1100E+02  1.0070E+02  1.0800E+02  9.4310E+01  1.0350E+02
  1.5000E+01  1.3200E+02  1.3000E+02  1.1780E+02  1.2600E+02  1.1030E+02  1.2110E+02
  1.4000E+01  1.5600E+02  1.5300E+02  1.3780E+02  1.4600E+02  1.2910E+02  1.4170E+02
  1.3000E+01  1.8200E+02  1.7900E+02  1.6110E+02  1.7000E+02  1.5100E+02  1.6580E+02
  1.2000E+01  2.1300E+02  2.0900E+02  1.8820E+02  1.9770E+02  1.7660E+02  1.9400E+02
  1.1000E+01  2.4700E+02  2.4300E+02  2.1990E+02  2.3000E+02  2.0670E+02  2.2700E+02
  1.0000E+01  2.8600E+02  2.8100E+02  2.5680E+02  2.6770E+02  2.4180E+02  2.6500E+02
  9.0000E+00  3.2900E+02  3.2400E+02  2.9930E+02  3.1080E+02  2.8290E+02  3.0800E+02
  8.0000E+00  3.7800E+02  3.7200E+02  3.4730E+02  3.5900E+02  3.3080E+02  3.5650E+02
  7.0000E+00  4.3200E+02  4.2600E+02  4.0160E+02  4.1300E+02  3.8530E+02  4.1110E+02
  6.0000E+00  4.9200E+02  4.8700E+02  4.6270E+02  4.7400E+02  4.4670E+02  4.7220E+02
  5.0000E+00  5.5900E+02  5.5400E+02  5.3130E+02  5.4100E+02  5.1580E+02  5.4050E+02
  4.0000E+00  6.3300E+02  6.2800E+02  6.0810E+02  6.1600E+02  5.9320E+02  6.1660E+02
  3.0000E+00  7.1500E+02  7.1000E+02  6.9380E+02  7.0000E+02  6.7980E+02  7.0120E+02
  2.0000E+00  8.0500E+02  8.0200E+02  7.8970E+02  7.9290E+02  7.7750E+02  7.9500E+02
  1.0000E+00  9.0400E+02  9.0200E+02  8.9730E+02  8.9600E+02  8.8780E+02  8.9880E+02
  0.0000E+00  1.0130E+03  1.0130E+03  1.0180E+03  1.0100E+03  1.0130E+03  1.0130E+03
  1.0000E+02  1.9070E+02  1.9050E+02  2.1860E+02  1.9040E+02  2.1850E+02  1.9510E+02
  9.5000E+01  1.8430E+02  1.7830E+02  2.0830E+02  1.7680E+02  2.1100E+02  1.8840E+02
  9.0000E+01  1.7700E+02  1.6500E+02  1.9950E+02  1.6160E+02  2.0230E+02  1.8690E+02
  8.5000E+01  1.7710E+02  1.6510E+02  1.9980E+02  1.6170E+02  2.1310E+02  1.8890E+02
  8.0000E+01  1.8480E+02  1.7410E+02  2.1010E+02  1.7060E+02  2.2390E+02  1.9860E+02
  7.5000E+01  2.0180E+02  1.9610E+02  2.2040E+02  1.9360E+02  2.3470E+02  2.0840E+02
  7.0000E+01  2.1890E+02  2.1810E+02  2.3070E+02  2.1660E+02  2.4540E+02  2.1960E+02
  6.5000E+01  2.3600E+02  2.4010E+02  2.4090E+02  2.3970E+02  2.4840E+02  2.3330E+02
  6.0000E+01  2.5310E+02  2.5710E+02  2.5080E+02  2.6270E+02  2.5090E+02  2.4700E+02
  5.5000E+01  2.6340E+02  2.6930E+02  2.6060E+02  2.7400E+02  2.5910E+02  2.6080E+02
  5.0000E+01  2.7020E+02  2.7570E+02  2.6570E+02  2.7720E+02  2.5930E+02  2.7070E+02
  4.7500E+01  2.6960E+02  2.7520E+02  2.6510E+02  2.7620E+02  2.5320E+02  2.7060E+02
  4.5000E+01  2.6480E+02  2.6990E+02  2.5850E+02  2.7360E+02  2.4700E+02  2.6420E+02
  4.2500E+01  2.5940E+02  2.6370E+02  2.5080E+02  2.6950E+02  2.4080E+02  2.5730E+02
  4.0000E+01  2.5400E+02  2.5750E+02  2.4320E+02  2.6210E+02  2.3470E+02  2.5040E+02
  3.7500E+01  2.4850E+02  2.5130E+02  2.3550E+02  2.5460E+02  2.2850E+02  2.4290E+02
  3.5000E+01  2.4310E+02  2.4520E+02  2.2790E+02  2.4720E+02  2.2230E+02  2.3650E+02
  3.2500E+01  2.3770E+02  2.3900E+02  2.2040E+02  2.4000E+02  2.1850E+02  2.3000E+02
  3.0000E+01  2.3230E+02  2.3370E+02  2.1740E+02  2.3510E+02  2.1600E+02  2.2650E+02
  2.7500E+01  2.2700E+02  2.2845E+02  2.1550E+02  2.3100E+02  2.1360E+02  2.2400E+02
  2.5000E+01  2.2140E+02  2.2510E+02  2.1520E+02  2.2810E+02  2.1120E+02  2.2160E+02
  2.4000E+01  2.1920E+02  2.2390E+02  2.1520E+02  2.2660E+02  2.1180E+02  2.2060E+02
  2.3000E+01  2.1700E+02  2.2280E+02  2.1520E+02  2.2520E+02  2.1240E+02  2.1960E+02
  2.2000E+01  2.1460E+02  2.2160E+02  2.1520E+02  2.2520E+02  2.1300E+02  2.1860E+02
  2.1000E+01  2.1070E+02  2.2040E+02  2.1520E+02  2.2520E+02  2.1360E+02  2.1760E+02
  2.0000E+01  2.0670E+02  2.1920E+02  2.1520E+02  2.2520E+02  2.1420E+02  2.1670E+02
  1.9000E+01  2.0270E+02  2.1790E+02  2.1520E+02  2.2520E+02  2.1480E+02  2.1670E+02
  1.8000E+01  1.9880E+02  2.1680E+02  2.1570E+02  2.2520E+02  2.1540E+02  2.1670E+02
  1.7000E+01  1.9480E+02  2.1570E+02  2.1620E+02  2.2520E+02  2.1600E+02  2.1670E+02
  1.6000E+01  1.9700E+02  2.1570E+02  2.1670E+02  2.2520E+02  2.1660E+02  2.1670E+02
  1.5000E+01  2.0370E+02  2.1570E+02  2.1720E+02  2.2520E+02  2.1720E+02  2.1670E+02
  1.4000E+01  2.1030E+02  2.1570E+02  2.1770E+02  2.2520E+02  2.1720E+02  2.1670E+02
  1.3000E+01  2.1700E+02  2.1580E+02  2.1820E+02  2.2520E+02  2.1720E+02  2.1670E+02
  1.2000E+01  2.2360E+02  2.2230E+02  2.1870E+02  2.2520E+02  2.1720E+02  2.1670E+02
  1.1000E+01  2.3010E+02  2.2880E+02  2.1920E+02  2.2520E+02  2.1720E+02  2.1680E+02
  1.0000E+01  2.3700E+02  2.3530E+02  2.1970E+02  2.2520E+02  2.1720E+02  2.2330E+02
  9.0000E+00  2.4360E+02  2.4170E+02  2.2570E+02  2.3220E+02  2.1720E+02  2.2970E+02
  8.0000E+00  2.5030E+02  2.4820E+02  2.3170E+02  2.3920E+02  2.2060E+02  2.3620E+02
  7.0000E+00  2.5700E+02  2.5470E+02  2.3770E+02  2.4610E+02  2.2730E+02  2.4270E+02
  6.0000E+00  2.6360E+02  2.6120E+02  2.4370E+02  2.5310E+02  2.3410E+02  2.4920E+02
  5.0000E+00  2.7030E+02  2.6720E+02  2.4970E+02  2.6010E+02  2.4090E+02  2.5570E+02
  4.0000E+00  2.7700E+02  2.7320E+02  2.5570E+02  2.6550E+02  2.4770E+02  2.6220E+02
  3.0000E+00  2.8370E+02  2.7920E+02  2.6170E+02  2.7090E+02  2.5270E+02  2.6870E+02
  2.0000E+00  2.8770E+02  2.8520E+02  2.6520E+02  2.7630E+02  2.5590E+02  2.7520E+02
  1.0000E+00  2.9370E+02  2.8970E+02  2.6870E+02  2.8170E+02  2.5910E+02  2.8170E+02
  0.0000E+00  2.9970E+02  2.9420E+02  2.7220E+02  2.8720E+02  2.5720E+02  2.8820E+02

